160 194
1 2 3 4 5 6 7 8 9 10 11 12 13 14 15 16 17 18 19 20 21 22 23 24 25 26 27 28 29 30 31 32 33 34 35 36 37 38 39 40 41 42 43 44 45 46 47 48 49 50 51 52 53 54 55 56 57 58 59 60 61 62 63 64 65 66 67 68 69 70 71 72 73 74 75 76 77 78 79 80 81 82 83 84 85 86 87 88 89 90 91 92 93 94 95 96 97 98 99 100 101 102 103 104 105 106 107 108 109 110 111 112 113 114 115 116 117 118 119 120 121 122 123 124 125 126 127 128 129 130 131 132 133 134 135 136 137 138 139 140 141 142 143 144 145 146 147 148 149 150 151 152 153 154 155 156 157 158 159 160 
2 7 8 9 10 11 12 16 19 22 23 1 24 25 26 27 28 29 30 31 32 33 34 37 40 41 3 44 45 4 48 49 5 6 50 51 52 53 54 55 56 57 58 59 60 61 62 63 64 67 68 13 71 72 14 15 75 76 17 18 79 80 20 21 81 82 83 84 85 86 87 88 89 90 91 92 93 94 95 96 99 100 35 36 103 104 38 39 107 108 42 43 110 111 46 47 112 113 114 115 116 117 118 119 120 121 122 123 124 125 126 129 130 65 66 132 133 69 70 135 136 73 74 137 77 78 138 139 140 141 142 143 144 145 146 147 148 150 151 97 98 152 101 102 153 105 106 109 154 155 156 157 158 159 127 128 131 134 160 149 
3 26 1 13 14 15 16 34 51 54 27 56 4 5 6 7 35 36 37 38 39 40 41 60 64 2 11 82 52 84 86 55 88 8 17 18 19 20 21 22 23 65 66 67 68 69 70 71 72 92 9 29 96 10 32 12 113 83 115 24 117 87 119 25 42 43 44 45 46 47 48 49 97 98 99 100 101 102 103 104 123 28 58 30 126 31 62 33 139 114 141 50 142 118 144 53 73 74 75 76 77 78 79 80 127 128 129 130 131 132 133 147 57 90 59 148 61 94 63 154 140 156 81 143 157 85 105 106 107 108 109 110 111 149 150 151 152 158 89 121 91 93 124 95 155 160 112 116 134 135 136 137 159 120 145 122 125 138 153 146 
4 9 13 1 17 18 19 24 2 28 29 30 3 35 36 37 5 6 7 42 43 44 45 8 50 51 52 10 11 12 57 58 59 60 14 15 16 65 66 67 68 20 21 22 23 73 74 75 76 25 26 27 81 82 83 84 31 32 33 34 89 90 91 92 38 39 40 41 97 98 99 100 46 47 48 49 105 106 107 108 53 54 55 56 112 113 114 115 61 62 63 64 120 121 122 123 69 70 71 72 127 128 129 130 77 78 79 80 134 135 136 85 86 87 88 138 139 140 141 93 94 95 96 145 146 147 101 102 103 104 149 150 151 109 110 111 153 116 117 118 119 154 155 156 124 125 126 158 131 132 133 159 137 142 143 144 160 148 152 157 
5 10 14 17 20 21 22 25 28 31 32 33 35 38 39 40 42 43 44 46 47 48 49 50 53 54 55 57 58 59 61 62 63 64 65 66 67 69 70 71 72 73 74 75 76 77 78 79 80 81 82 83 85 86 87 88 89 90 91 92 93 94 95 96 97 98 99 100 101 102 103 104 105 106 107 108 1 109 110 111 112 113 114 115 116 117 118 119 120 121 122 123 2 124 125 126 127 128 129 130 3 131 132 133 4 134 135 136 6 7 137 138 139 140 141 8 142 143 144 9 145 146 147 11 12 148 13 149 150 151 15 16 152 18 19 153 23 24 154 155 156 26 27 157 29 30 158 34 36 37 159 41 45 51 52 160 56 60 68 84 
6 34 41 18 21 7 23 26 60 64 2 11 68 72 3 15 43 19 45 47 22 49 1 51 54 27 56 92 9 29 96 10 32 12 100 13 36 104 14 39 16 74 44 76 4 78 48 80 5 82 52 84 86 55 88 8 123 28 58 30 126 31 62 33 130 35 66 37 133 38 70 40 106 75 108 17 109 79 111 20 113 83 115 24 117 87 119 25 147 57 90 59 148 61 94 63 151 65 98 67 152 69 102 71 134 107 136 42 110 137 46 139 114 141 50 142 118 144 53 158 89 121 91 93 124 95 159 97 128 99 101 131 103 135 153 73 77 154 140 156 81 143 157 85 120 145 122 125 127 149 129 132 105 155 160 112 116 146 150 138 
7 12 16 19 22 23 1 27 30 33 34 2 37 40 41 3 44 45 4 48 49 5 6 52 55 56 8 59 60 9 63 64 10 11 67 68 13 71 72 14 15 75 76 17 18 79 80 20 21 83 84 24 87 88 25 26 91 92 28 29 95 96 31 32 99 100 35 36 103 104 38 39 107 108 42 43 110 111 46 47 114 115 50 51 118 119 53 54 122 123 57 58 125 126 61 62 129 130 65 66 132 133 69 70 135 136 73 74 137 77 78 140 141 81 82 143 144 85 86 146 147 89 90 148 93 94 150 151 97 98 152 101 102 153 105 106 109 155 156 112 113 157 116 117 158 120 121 124 159 127 128 131 134 160 138 139 142 145 149 154 
8 41 2 24 25 26 27 6 68 72 3 15 9 10 11 12 50 51 52 53 54 55 56 18 21 7 23 100 13 36 104 14 39 16 28 29 30 31 32 33 34 81 82 83 84 85 86 87 88 43 19 45 47 22 49 1 130 35 66 37 133 38 70 40 57 58 59 60 61 62 63 64 112 113 114 115 116 117 118 119 74 44 76 4 78 48 80 5 151 65 98 67 152 69 102 71 89 90 91 92 93 94 95 96 138 139 140 141 142 143 144 106 75 108 17 109 79 111 20 159 97 128 99 101 131 103 120 121 122 123 124 125 126 154 155 156 157 134 107 136 42 110 137 46 127 149 129 132 145 146 147 148 160 135 153 73 77 150 158 105 
9 19 24 2 28 29 30 37 7 44 45 4 8 50 51 52 10 11 12 57 58 59 60 16 67 68 13 22 23 1 75 76 17 18 25 26 27 81 82 83 84 31 32 33 34 89 90 91 92 40 41 3 99 100 35 36 48 49 5 6 107 108 42 43 53 54 55 56 112 113 114 115 61 62 63 64 120 121 122 123 71 72 14 15 129 130 65 66 79 80 20 21 135 136 73 74 85 86 87 88 138 139 140 141 93 94 95 96 145 146 147 103 104 38 39 150 151 97 98 110 111 46 47 153 105 106 116 117 118 119 154 155 156 124 125 126 158 132 133 69 70 159 127 128 137 77 78 134 142 143 144 160 148 152 101 102 149 109 157 131 
10 22 25 28 31 32 33 40 44 48 49 5 50 53 54 55 57 58 59 61 62 63 64 67 71 72 14 75 76 17 79 80 20 21 81 82 83 85 86 87 88 89 90 91 92 93 94 95 96 99 100 35 103 104 38 39 107 108 42 43 110 111 46 47 112 113 114 115 116 117 118 119 120 121 122 123 2 124 125 126 129 130 65 66 132 133 69 70 135 136 73 74 7 137 77 78 138 139 140 141 8 142 143 144 9 145 146 147 11 12 148 150 151 97 98 16 152 101 102 19 153 105 106 23 1 109 24 154 155 156 26 27 157 29 30 158 34 37 159 127 128 41 3 131 45 4 134 6 51 52 160 56 60 68 13 149 15 18 84 36 
11 6 56 29 32 12 34 41 18 21 7 23 84 88 8 26 58 30 60 62 33 64 2 68 72 3 15 43 19 45 47 22 49 1 115 24 51 119 25 54 27 90 59 92 9 94 63 96 10 100 13 36 104 14 39 16 74 44 76 4 78 48 80 5 141 50 82 52 144 53 86 55 121 91 123 28 124 95 126 31 130 35 66 37 133 38 70 40 106 75 108 17 109 79 111 20 156 81 113 83 157 85 117 87 145 122 147 57 125 148 61 151 65 98 67 152 69 102 71 134 107 136 42 110 137 46 160 112 139 114 116 142 118 146 158 89 93 159 97 128 99 101 131 103 135 153 73 77 138 154 140 143 120 127 149 129 132 105 155 150 
12 1 27 30 33 34 2 3 4 5 6 7 52 55 56 8 59 60 9 63 64 10 11 13 14 15 16 17 18 19 20 21 22 23 83 84 24 87 88 25 26 91 92 28 29 95 96 31 32 35 36 37 38 39 40 41 42 43 44 45 46 47 48 49 114 115 50 51 118 119 53 54 122 123 57 58 125 126 61 62 65 66 67 68 69 70 71 72 73 74 75 76 77 78 79 80 140 141 81 82 143 144 85 86 146 147 89 90 148 93 94 97 98 99 100 101 102 103 104 105 106 107 108 109 110 111 155 156 112 113 157 116 117 158 120 121 124 127 128 129 130 131 132 133 134 135 136 137 160 138 139 142 145 149 150 151 152 153 154 159 
13 51 4 3 35 36 37 60 26 82 52 84 1 17 18 19 14 15 16 65 66 67 68 34 92 9 29 54 27 56 113 83 115 24 5 6 7 42 43 44 45 38 39 40 41 97 98 99 100 64 2 11 123 28 58 30 86 55 88 8 139 114 141 50 20 21 22 23 73 74 75 76 69 70 71 72 127 128 129 130 96 10 32 12 147 57 90 59 117 87 119 25 154 140 156 81 46 47 48 49 105 106 107 108 101 102 103 104 149 150 151 126 31 62 33 158 89 121 91 142 118 144 53 155 160 112 77 78 79 80 134 135 136 131 132 133 159 148 61 94 63 120 145 122 143 157 85 138 109 110 111 153 152 93 124 95 146 116 137 125 
14 54 5 35 38 39 40 64 82 86 55 88 17 20 21 22 65 66 67 69 70 71 72 92 96 10 32 113 83 115 117 87 119 25 42 43 44 46 47 48 49 97 98 99 100 101 102 103 104 123 28 58 126 31 62 33 139 114 141 50 142 118 144 53 73 74 75 76 77 78 79 80 127 128 129 130 3 131 132 133 147 57 90 59 148 61 94 63 154 140 156 81 26 143 157 85 105 106 107 108 1 109 110 111 13 149 150 151 15 16 152 158 89 121 91 34 93 124 95 51 155 160 112 27 56 116 4 134 135 136 6 7 137 36 37 159 41 60 120 145 122 2 11 125 52 84 138 8 18 19 153 23 68 9 29 146 12 24 45 30 
15 8 23 36 39 16 41 2 24 25 26 27 45 49 1 6 66 37 68 70 40 72 3 9 10 11 12 50 51 52 53 54 55 56 76 4 18 80 5 21 7 98 67 100 13 102 71 104 14 28 29 30 31 32 33 34 81 82 83 84 85 86 87 88 108 17 43 19 111 20 47 22 128 99 130 35 131 103 133 38 57 58 59 60 61 62 63 64 112 113 114 115 116 117 118 119 136 42 74 44 137 46 78 48 149 129 151 65 132 152 69 89 90 91 92 93 94 95 96 138 139 140 141 142 143 144 153 73 106 75 77 109 79 150 159 97 101 120 121 122 123 124 125 126 154 155 156 157 105 134 107 110 127 145 146 147 148 160 135 158 
16 56 7 37 40 41 3 11 84 88 8 26 19 22 23 1 67 68 13 71 72 14 15 29 32 12 34 115 24 51 119 25 54 27 44 45 4 48 49 5 6 99 100 35 36 103 104 38 39 58 30 60 62 33 64 2 141 50 82 52 144 53 86 55 75 76 17 18 79 80 20 21 129 130 65 66 132 133 69 70 90 59 92 9 94 63 96 10 156 81 113 83 157 85 117 87 107 108 42 43 110 111 46 47 150 151 97 98 152 101 102 121 91 123 28 124 95 126 31 160 112 139 114 116 142 118 135 136 73 74 137 77 78 159 127 128 131 145 122 147 57 125 148 61 138 154 140 143 153 105 106 109 149 146 158 89 93 155 134 120 
17 28 35 5 42 43 44 50 10 57 58 59 14 65 66 67 20 21 22 73 74 75 76 25 81 82 83 31 32 33 89 90 91 92 38 39 40 97 98 99 100 46 47 48 49 105 106 107 108 53 54 55 112 113 114 115 61 62 63 64 120 121 122 123 69 70 71 72 127 128 129 130 77 78 79 80 4 134 135 136 85 86 87 88 138 139 140 141 93 94 95 96 9 145 146 147 101 102 103 104 13 149 150 151 1 109 110 111 18 19 153 116 117 118 119 24 154 155 156 2 124 125 126 29 30 158 3 131 132 133 36 37 159 6 7 137 45 8 142 143 144 51 52 160 11 12 148 60 15 16 152 68 23 26 27 157 84 34 41 56 
18 60 68 6 43 19 45 51 34 92 9 29 41 100 13 36 21 7 23 74 44 76 4 26 82 52 84 64 2 11 123 28 58 30 72 3 15 130 35 66 37 47 22 49 1 106 75 108 17 54 27 56 113 83 115 24 96 10 32 12 147 57 90 59 104 14 39 16 151 65 98 67 78 48 80 5 134 107 136 42 86 55 88 8 139 114 141 50 126 31 62 33 158 89 121 91 133 38 70 40 159 97 128 99 109 79 111 20 135 153 73 117 87 119 25 154 140 156 81 148 61 94 63 120 145 122 152 69 102 71 127 149 129 110 137 46 105 142 118 144 53 155 160 112 93 124 95 146 101 131 103 150 77 143 157 85 138 125 132 116 
19 30 37 7 44 45 4 52 12 59 60 9 16 67 68 13 22 23 1 75 76 17 18 27 83 84 24 33 34 2 91 92 28 29 40 41 3 99 100 35 36 48 49 5 6 107 108 42 43 55 56 8 114 115 50 51 63 64 10 11 122 123 57 58 71 72 14 15 129 130 65 66 79 80 20 21 135 136 73 74 87 88 25 26 140 141 81 82 95 96 31 32 146 147 89 90 103 104 38 39 150 151 97 98 110 111 46 47 153 105 106 118 119 53 54 155 156 112 113 125 126 61 62 158 120 121 132 133 69 70 159 127 128 137 77 78 134 143 144 85 86 160 138 139 148 93 94 145 152 101 102 149 109 157 116 117 154 124 131 142 
20 31 38 42 46 47 48 53 57 61 62 63 65 69 70 71 73 74 75 77 78 79 80 81 85 86 87 89 90 91 93 94 95 96 97 98 99 101 102 103 104 105 106 107 108 1 109 110 111 112 113 114 116 117 118 119 120 121 122 123 2 124 125 126 127 128 129 130 3 131 132 133 4 134 135 136 5 6 7 137 138 139 140 141 8 142 143 144 9 145 146 147 10 11 12 148 13 149 150 151 14 15 16 152 17 18 19 153 21 22 23 24 154 155 156 25 26 27 157 28 29 30 158 32 33 34 35 36 37 159 39 40 41 43 44 45 49 50 51 52 160 54 55 56 58 59 60 64 66 67 68 72 76 82 83 84 88 92 100 115 
21 64 72 43 47 22 49 54 92 96 10 32 100 104 14 39 74 44 76 78 48 80 5 82 86 55 88 123 28 58 126 31 62 33 130 35 66 133 38 70 40 106 75 108 17 109 79 111 20 113 83 115 117 87 119 25 147 57 90 59 148 61 94 63 151 65 98 67 152 69 102 71 134 107 136 42 6 110 137 46 139 114 141 50 142 118 144 53 158 89 121 91 34 93 124 95 159 97 128 99 41 101 131 103 18 135 153 73 7 23 77 154 140 156 81 26 143 157 85 60 120 145 122 2 11 125 68 127 149 129 3 15 132 19 45 105 1 51 155 160 112 27 56 116 9 29 146 12 13 36 150 16 4 52 84 138 8 30 37 24 
22 33 40 44 48 49 5 55 59 63 64 10 67 71 72 14 75 76 17 79 80 20 21 83 87 88 25 91 92 28 95 96 31 32 99 100 35 103 104 38 39 107 108 42 43 110 111 46 47 114 115 50 118 119 53 54 122 123 57 58 125 126 61 62 129 130 65 66 132 133 69 70 135 136 73 74 7 137 77 78 140 141 81 82 143 144 85 86 146 147 89 90 12 148 93 94 150 151 97 98 16 152 101 102 19 153 105 106 23 1 109 155 156 112 113 27 157 116 117 30 158 120 121 34 2 124 37 159 127 128 41 3 131 45 4 134 6 52 160 138 139 56 8 142 60 9 145 11 68 13 149 15 18 84 24 154 26 29 36 51 
23 11 15 45 49 1 6 56 29 32 12 34 36 39 16 41 76 4 18 80 5 21 7 84 88 8 26 58 30 60 62 33 64 2 66 37 68 70 40 72 3 108 17 43 19 111 20 47 22 115 24 51 119 25 54 27 90 59 92 9 94 63 96 10 98 67 100 13 102 71 104 14 136 42 74 44 137 46 78 48 141 50 82 52 144 53 86 55 121 91 123 28 124 95 126 31 128 99 130 35 131 103 133 38 153 73 106 75 77 109 79 156 81 113 83 157 85 117 87 145 122 147 57 125 148 61 149 129 151 65 132 152 69 105 134 107 110 160 112 139 114 116 142 118 146 158 89 93 150 159 97 101 135 138 154 140 143 120 127 155 
24 68 9 8 50 51 52 18 41 100 13 36 2 28 29 30 25 26 27 81 82 83 84 6 43 19 45 72 3 15 130 35 66 37 10 11 12 57 58 59 60 53 54 55 56 112 113 114 115 21 7 23 74 44 76 4 104 14 39 16 151 65 98 67 31 32 33 34 89 90 91 92 85 86 87 88 138 139 140 141 47 22 49 1 106 75 108 17 133 38 70 40 159 97 128 99 61 62 63 64 120 121 122 123 116 117 118 119 154 155 156 78 48 80 5 134 107 136 42 152 69 102 71 127 149 129 93 94 95 96 145 146 147 142 143 144 160 109 79 111 20 135 153 73 101 131 103 150 124 125 126 158 157 110 137 46 105 132 148 77 
25 72 10 50 53 54 55 21 100 104 14 39 28 31 32 33 81 82 83 85 86 87 88 43 47 22 49 130 35 66 133 38 70 40 57 58 59 61 62 63 64 112 113 114 115 116 117 118 119 74 44 76 78 48 80 5 151 65 98 67 152 69 102 71 89 90 91 92 93 94 95 96 138 139 140 141 8 142 143 144 106 75 108 17 109 79 111 20 159 97 128 99 41 101 131 103 120 121 122 123 2 124 125 126 24 154 155 156 26 27 157 134 107 136 42 6 110 137 46 68 127 149 129 3 15 132 9 145 146 147 11 12 148 51 52 160 56 18 135 153 73 7 23 77 13 36 150 16 29 30 158 34 84 19 45 105 1 37 60 4 
26 16 34 51 54 27 56 7 37 40 41 3 60 64 2 11 82 52 84 86 55 88 8 19 22 23 1 67 68 13 71 72 14 15 92 9 29 96 10 32 12 113 83 115 24 117 87 119 25 44 45 4 48 49 5 6 99 100 35 36 103 104 38 39 123 28 58 30 126 31 62 33 139 114 141 50 142 118 144 53 75 76 17 18 79 80 20 21 129 130 65 66 132 133 69 70 147 57 90 59 148 61 94 63 154 140 156 81 143 157 85 107 108 42 43 110 111 46 47 150 151 97 98 152 101 102 158 89 121 91 93 124 95 155 160 112 116 135 136 73 74 137 77 78 159 127 128 131 120 145 122 125 138 153 105 106 109 149 146 134 
27 15 12 52 55 56 8 23 36 39 16 41 30 33 34 2 83 84 24 87 88 25 26 45 49 1 6 66 37 68 70 40 72 3 59 60 9 63 64 10 11 114 115 50 51 118 119 53 54 76 4 18 80 5 21 7 98 67 100 13 102 71 104 14 91 92 28 29 95 96 31 32 140 141 81 82 143 144 85 86 108 17 43 19 111 20 47 22 128 99 130 35 131 103 133 38 122 123 57 58 125 126 61 62 155 156 112 113 157 116 117 136 42 74 44 137 46 78 48 149 129 151 65 132 152 69 146 147 89 90 148 93 94 160 138 139 142 153 73 106 75 77 109 79 150 159 97 101 158 120 121 124 154 105 134 107 110 127 145 135 
28 44 50 10 57 58 59 67 22 75 76 17 25 81 82 83 31 32 33 89 90 91 92 40 99 100 35 48 49 5 107 108 42 43 53 54 55 112 113 114 115 61 62 63 64 120 121 122 123 71 72 14 129 130 65 66 79 80 20 21 135 136 73 74 85 86 87 88 138 139 140 141 93 94 95 96 9 145 146 147 103 104 38 39 150 151 97 98 110 111 46 47 19 153 105 106 116 117 118 119 24 154 155 156 2 124 125 126 29 30 158 132 133 69 70 37 159 127 128 7 137 77 78 45 4 134 8 142 143 144 51 52 160 11 12 148 60 16 152 101 102 68 13 149 23 1 109 18 26 27 157 84 34 41 3 131 36 6 56 15 
29 18 84 11 58 30 60 68 6 43 19 45 56 115 24 51 32 12 34 90 59 92 9 41 100 13 36 21 7 23 74 44 76 4 88 8 26 141 50 82 52 62 33 64 2 121 91 123 28 72 3 15 130 35 66 37 47 22 49 1 106 75 108 17 119 25 54 27 156 81 113 83 94 63 96 10 145 122 147 57 104 14 39 16 151 65 98 67 78 48 80 5 134 107 136 42 144 53 86 55 160 112 139 114 124 95 126 31 146 158 89 133 38 70 40 159 97 128 99 109 79 111 20 135 153 73 157 85 117 87 138 154 140 125 148 61 120 152 69 102 71 127 149 129 110 137 46 105 116 142 118 155 93 101 131 103 150 77 143 132 
30 4 52 12 59 60 9 13 1 17 18 19 27 83 84 24 33 34 2 91 92 28 29 3 35 36 37 5 6 7 42 43 44 45 55 56 8 114 115 50 51 63 64 10 11 122 123 57 58 14 15 16 65 66 67 68 20 21 22 23 73 74 75 76 87 88 25 26 140 141 81 82 95 96 31 32 146 147 89 90 38 39 40 41 97 98 99 100 46 47 48 49 105 106 107 108 118 119 53 54 155 156 112 113 125 126 61 62 158 120 121 69 70 71 72 127 128 129 130 77 78 79 80 134 135 136 143 144 85 86 160 138 139 148 93 94 145 101 102 103 104 149 150 151 109 110 111 153 157 116 117 154 124 131 132 133 159 137 142 152 
31 48 53 57 61 62 63 71 75 79 80 20 81 85 86 87 89 90 91 93 94 95 96 99 103 104 38 107 108 42 110 111 46 47 112 113 114 116 117 118 119 120 121 122 123 2 124 125 126 129 130 65 132 133 69 70 135 136 73 74 7 137 77 78 138 139 140 141 8 142 143 144 9 145 146 147 10 11 12 148 150 151 97 98 16 152 101 102 19 153 105 106 22 23 1 109 24 154 155 156 25 26 27 157 28 29 30 158 32 33 34 37 159 127 128 40 41 3 131 44 45 4 134 49 5 6 50 51 52 160 54 55 56 58 59 60 64 67 68 13 149 72 14 15 76 17 18 21 82 83 84 88 92 100 35 36 39 43 115 66 
32 21 88 58 62 33 64 72 43 47 22 49 115 119 25 54 90 59 92 94 63 96 10 100 104 14 39 74 44 76 78 48 80 5 141 50 82 144 53 86 55 121 91 123 28 124 95 126 31 130 35 66 133 38 70 40 106 75 108 17 109 79 111 20 156 81 113 83 157 85 117 87 145 122 147 57 11 125 148 61 151 65 98 67 152 69 102 71 134 107 136 42 6 110 137 46 160 112 139 114 56 116 142 118 29 146 158 89 12 34 93 159 97 128 99 41 101 131 103 18 135 153 73 7 23 77 84 138 154 140 8 26 143 30 60 120 2 68 127 149 129 3 15 132 19 45 105 1 24 51 155 27 9 13 36 150 16 4 52 37 
33 5 55 59 63 64 10 14 17 20 21 22 83 87 88 25 91 92 28 95 96 31 32 35 38 39 40 42 43 44 46 47 48 49 114 115 50 118 119 53 54 122 123 57 58 125 126 61 62 65 66 67 69 70 71 72 73 74 75 76 77 78 79 80 140 141 81 82 143 144 85 86 146 147 89 90 12 148 93 94 97 98 99 100 101 102 103 104 105 106 107 108 1 109 110 111 155 156 112 113 27 157 116 117 30 158 120 121 34 2 124 127 128 129 130 3 131 132 133 4 134 135 136 6 7 137 52 160 138 139 56 8 142 60 9 145 11 13 149 150 151 15 16 152 18 19 153 23 84 24 154 26 29 36 37 159 41 45 51 68 
34 23 26 60 64 2 11 15 45 49 1 6 51 54 27 56 92 9 29 96 10 32 12 36 39 16 41 76 4 18 80 5 21 7 82 52 84 86 55 88 8 123 28 58 30 126 31 62 33 66 37 68 70 40 72 3 108 17 43 19 111 20 47 22 113 83 115 24 117 87 119 25 147 57 90 59 148 61 94 63 98 67 100 13 102 71 104 14 136 42 74 44 137 46 78 48 139 114 141 50 142 118 144 53 158 89 121 91 93 124 95 128 99 130 35 131 103 133 38 153 73 106 75 77 109 79 154 140 156 81 143 157 85 120 145 122 125 149 129 151 65 132 152 69 105 134 107 110 155 160 112 116 146 150 159 97 101 135 138 127 
35 82 17 14 65 66 67 92 54 113 83 115 5 42 43 44 38 39 40 97 98 99 100 64 123 28 58 86 55 88 139 114 141 50 20 21 22 73 74 75 76 69 70 71 72 127 128 129 130 96 10 32 147 57 90 59 117 87 119 25 154 140 156 81 46 47 48 49 105 106 107 108 101 102 103 104 13 149 150 151 126 31 62 33 158 89 121 91 142 118 144 53 51 155 160 112 77 78 79 80 4 134 135 136 3 131 132 133 36 37 159 148 61 94 63 60 120 145 122 26 143 157 85 52 84 138 1 109 110 111 18 19 153 15 16 152 68 34 93 124 95 9 29 146 27 56 116 24 6 7 137 45 41 2 11 125 30 8 23 12 
36 24 45 15 66 37 68 9 8 50 51 52 23 76 4 18 39 16 41 98 67 100 13 2 28 29 30 25 26 27 81 82 83 84 49 1 6 108 17 43 19 70 40 72 3 128 99 130 35 10 11 12 57 58 59 60 53 54 55 56 112 113 114 115 80 5 21 7 136 42 74 44 102 71 104 14 149 129 151 65 31 32 33 34 89 90 91 92 85 86 87 88 138 139 140 141 111 20 47 22 153 73 106 75 131 103 133 38 150 159 97 61 62 63 64 120 121 122 123 116 117 118 119 154 155 156 137 46 78 48 105 134 107 132 152 69 127 93 94 95 96 145 146 147 142 143 144 160 77 109 79 135 101 124 125 126 158 157 110 148 
37 84 19 16 67 68 13 29 56 115 24 51 7 44 45 4 40 41 3 99 100 35 36 11 58 30 60 88 8 26 141 50 82 52 22 23 1 75 76 17 18 71 72 14 15 129 130 65 66 32 12 34 90 59 92 9 119 25 54 27 156 81 113 83 48 49 5 6 107 108 42 43 103 104 38 39 150 151 97 98 62 33 64 2 121 91 123 28 144 53 86 55 160 112 139 114 79 80 20 21 135 136 73 74 132 133 69 70 159 127 128 94 63 96 10 145 122 147 57 157 85 117 87 138 154 140 110 111 46 47 153 105 106 152 101 102 149 124 95 126 31 146 158 89 116 142 118 155 137 77 78 134 131 125 148 61 120 143 109 93 
38 86 20 65 69 70 71 96 113 117 87 119 42 46 47 48 97 98 99 101 102 103 104 123 126 31 62 139 114 141 142 118 144 53 73 74 75 77 78 79 80 127 128 129 130 3 131 132 133 147 57 90 148 61 94 63 154 140 156 81 26 143 157 85 105 106 107 108 1 109 110 111 13 149 150 151 14 15 16 152 158 89 121 91 34 93 124 95 51 155 160 112 54 27 56 116 4 134 135 136 5 6 7 137 35 36 37 159 39 40 41 60 120 145 122 64 2 11 125 82 52 84 138 55 88 8 17 18 19 153 21 22 23 66 67 68 72 92 9 29 146 10 32 12 83 115 24 25 43 44 45 49 100 28 58 30 33 50 76 59 
39 25 49 66 70 40 72 10 50 53 54 55 76 80 5 21 98 67 100 102 71 104 14 28 31 32 33 81 82 83 85 86 87 88 108 17 43 111 20 47 22 128 99 130 35 131 103 133 38 57 58 59 61 62 63 64 112 113 114 115 116 117 118 119 136 42 74 44 137 46 78 48 149 129 151 65 15 132 152 69 89 90 91 92 93 94 95 96 138 139 140 141 8 142 143 144 153 73 106 75 23 77 109 79 36 150 159 97 16 41 101 120 121 122 123 2 124 125 126 24 154 155 156 26 27 157 45 105 134 107 1 6 110 37 68 127 3 9 145 146 147 11 12 148 51 52 160 56 4 18 135 7 13 29 30 158 34 84 19 60 
40 88 22 67 71 72 14 32 115 119 25 54 44 48 49 5 99 100 35 103 104 38 39 58 62 33 64 141 50 82 144 53 86 55 75 76 17 79 80 20 21 129 130 65 66 132 133 69 70 90 59 92 94 63 96 10 156 81 113 83 157 85 117 87 107 108 42 43 110 111 46 47 150 151 97 98 16 152 101 102 121 91 123 28 124 95 126 31 160 112 139 114 56 116 142 118 135 136 73 74 7 137 77 78 37 159 127 128 41 3 131 145 122 147 57 11 125 148 61 84 138 154 140 8 26 143 19 153 105 106 23 1 109 68 13 149 15 29 146 158 89 12 34 93 24 51 155 27 45 4 134 6 36 30 60 120 2 52 18 9 
41 27 6 68 72 3 15 12 52 55 56 8 18 21 7 23 100 13 36 104 14 39 16 30 33 34 2 83 84 24 87 88 25 26 43 19 45 47 22 49 1 130 35 66 37 133 38 70 40 59 60 9 63 64 10 11 114 115 50 51 118 119 53 54 74 44 76 4 78 48 80 5 151 65 98 67 152 69 102 71 91 92 28 29 95 96 31 32 140 141 81 82 143 144 85 86 106 75 108 17 109 79 111 20 159 97 128 99 101 131 103 122 123 57 58 125 126 61 62 155 156 112 113 157 116 117 134 107 136 42 110 137 46 127 149 129 132 146 147 89 90 148 93 94 160 138 139 142 135 153 73 77 150 158 120 121 124 154 105 145 
42 57 65 20 73 74 75 81 31 89 90 91 38 97 98 99 46 47 48 105 106 107 108 53 112 113 114 61 62 63 120 121 122 123 69 70 71 127 128 129 130 77 78 79 80 4 134 135 136 85 86 87 138 139 140 141 93 94 95 96 9 145 146 147 101 102 103 104 13 149 150 151 1 109 110 111 17 18 19 153 116 117 118 119 24 154 155 156 2 124 125 126 28 29 30 158 3 131 132 133 35 36 37 159 5 6 7 137 43 44 45 8 142 143 144 50 51 52 160 10 11 12 148 58 59 60 14 15 16 152 66 67 68 21 22 23 76 25 26 27 157 82 83 84 32 33 34 92 39 40 41 100 49 54 55 56 115 64 72 88 
43 92 100 21 74 44 76 82 64 123 28 58 72 130 35 66 47 22 49 106 75 108 17 54 113 83 115 96 10 32 147 57 90 59 104 14 39 151 65 98 67 78 48 80 5 134 107 136 42 86 55 88 139 114 141 50 126 31 62 33 158 89 121 91 133 38 70 40 159 97 128 99 109 79 111 20 18 135 153 73 117 87 119 25 154 140 156 81 148 61 94 63 60 120 145 122 152 69 102 71 68 127 149 129 6 110 137 46 19 45 105 142 118 144 53 51 155 160 112 34 93 124 95 9 29 146 41 101 131 103 13 36 150 7 23 77 4 26 143 157 85 52 84 138 2 11 125 30 3 15 132 37 1 27 56 116 24 12 16 8 
44 59 67 22 75 76 17 83 33 91 92 28 40 99 100 35 48 49 5 107 108 42 43 55 114 115 50 63 64 10 122 123 57 58 71 72 14 129 130 65 66 79 80 20 21 135 136 73 74 87 88 25 140 141 81 82 95 96 31 32 146 147 89 90 103 104 38 39 150 151 97 98 110 111 46 47 19 153 105 106 118 119 53 54 155 156 112 113 125 126 61 62 30 158 120 121 132 133 69 70 37 159 127 128 7 137 77 78 45 4 134 143 144 85 86 52 160 138 139 12 148 93 94 60 9 145 16 152 101 102 68 13 149 23 1 109 18 27 157 116 117 84 24 154 34 2 124 29 41 3 131 36 6 56 8 142 51 11 15 26 
45 29 36 23 76 4 18 84 11 58 30 60 15 66 37 68 49 1 6 108 17 43 19 56 115 24 51 32 12 34 90 59 92 9 39 16 41 98 67 100 13 80 5 21 7 136 42 74 44 88 8 26 141 50 82 52 62 33 64 2 121 91 123 28 70 40 72 3 128 99 130 35 111 20 47 22 153 73 106 75 119 25 54 27 156 81 113 83 94 63 96 10 145 122 147 57 102 71 104 14 149 129 151 65 137 46 78 48 105 134 107 144 53 86 55 160 112 139 114 124 95 126 31 146 158 89 131 103 133 38 150 159 97 77 109 79 135 157 85 117 87 138 154 140 125 148 61 120 132 152 69 127 110 116 142 118 155 93 101 143 
46 61 69 73 77 78 79 85 89 93 94 95 97 101 102 103 105 106 107 1 109 110 111 112 116 117 118 120 121 122 2 124 125 126 127 128 129 3 131 132 133 4 134 135 136 5 6 7 137 138 139 140 8 142 143 144 9 145 146 147 10 11 12 148 13 149 150 151 14 15 16 152 17 18 19 153 20 21 22 23 24 154 155 156 25 26 27 157 28 29 30 158 31 32 33 34 35 36 37 159 38 39 40 41 42 43 44 45 47 48 49 50 51 52 160 53 54 55 56 57 58 59 60 62 63 64 65 66 67 68 70 71 72 74 75 76 80 81 82 83 84 86 87 88 90 91 92 96 98 99 100 104 108 113 114 115 119 123 130 141 
47 96 104 74 78 48 80 86 123 126 31 62 130 133 38 70 106 75 108 109 79 111 20 113 117 87 119 147 57 90 148 61 94 63 151 65 98 152 69 102 71 134 107 136 42 6 110 137 46 139 114 141 142 118 144 53 158 89 121 91 34 93 124 95 159 97 128 99 41 101 131 103 18 135 153 73 21 7 23 77 154 140 156 81 26 143 157 85 60 120 145 122 64 2 11 125 68 127 149 129 72 3 15 132 43 19 45 105 22 49 1 51 155 160 112 54 27 56 116 92 9 29 146 10 32 12 100 13 36 150 14 39 16 44 76 4 5 82 52 84 138 55 88 8 28 58 30 33 35 66 37 40 17 83 115 24 25 59 67 50 
48 63 71 75 79 80 20 87 91 95 96 31 99 103 104 38 107 108 42 110 111 46 47 114 118 119 53 122 123 57 125 126 61 62 129 130 65 132 133 69 70 135 136 73 74 7 137 77 78 140 141 81 143 144 85 86 146 147 89 90 12 148 93 94 150 151 97 98 16 152 101 102 19 153 105 106 22 23 1 109 155 156 112 113 27 157 116 117 30 158 120 121 33 34 2 124 37 159 127 128 40 41 3 131 44 45 4 134 49 5 6 52 160 138 139 55 56 8 142 59 60 9 145 64 10 11 67 68 13 149 72 14 15 76 17 18 21 83 84 24 154 88 25 26 92 28 29 32 100 35 36 39 43 115 50 51 54 58 66 82 
49 32 39 76 80 5 21 88 58 62 33 64 66 70 40 72 108 17 43 111 20 47 22 115 119 25 54 90 59 92 94 63 96 10 98 67 100 102 71 104 14 136 42 74 44 137 46 78 48 141 50 82 144 53 86 55 121 91 123 28 124 95 126 31 128 99 130 35 131 103 133 38 153 73 106 75 23 77 109 79 156 81 113 83 157 85 117 87 145 122 147 57 11 125 148 61 149 129 151 65 15 132 152 69 45 105 134 107 1 6 110 160 112 139 114 56 116 142 118 29 146 158 89 12 34 93 36 150 159 97 16 41 101 4 18 135 7 84 138 154 140 8 26 143 30 60 120 2 37 68 127 3 19 24 51 155 27 9 13 52 
50 100 28 25 81 82 83 43 72 130 35 66 10 57 58 59 53 54 55 112 113 114 115 21 74 44 76 104 14 39 151 65 98 67 31 32 33 89 90 91 92 85 86 87 88 138 139 140 141 47 22 49 106 75 108 17 133 38 70 40 159 97 128 99 61 62 63 64 120 121 122 123 116 117 118 119 24 154 155 156 78 48 80 5 134 107 136 42 152 69 102 71 68 127 149 129 93 94 95 96 9 145 146 147 8 142 143 144 51 52 160 109 79 111 20 18 135 153 73 41 101 131 103 13 36 150 2 124 125 126 29 30 158 26 27 157 84 6 110 137 46 19 45 105 3 15 132 37 11 12 148 60 56 7 23 77 4 16 34 1 
51 37 60 26 82 52 84 19 16 67 68 13 34 92 9 29 54 27 56 113 83 115 24 7 44 45 4 40 41 3 99 100 35 36 64 2 11 123 28 58 30 86 55 88 8 139 114 141 50 22 23 1 75 76 17 18 71 72 14 15 129 130 65 66 96 10 32 12 147 57 90 59 117 87 119 25 154 140 156 81 48 49 5 6 107 108 42 43 103 104 38 39 150 151 97 98 126 31 62 33 158 89 121 91 142 118 144 53 155 160 112 79 80 20 21 135 136 73 74 132 133 69 70 159 127 128 148 61 94 63 120 145 122 143 157 85 138 110 111 46 47 153 105 106 152 101 102 149 93 124 95 146 116 137 77 78 134 131 125 109 
52 36 30 27 83 84 24 45 15 66 37 68 12 59 60 9 55 56 8 114 115 50 51 23 76 4 18 39 16 41 98 67 100 13 33 34 2 91 92 28 29 87 88 25 26 140 141 81 82 49 1 6 108 17 43 19 70 40 72 3 128 99 130 35 63 64 10 11 122 123 57 58 118 119 53 54 155 156 112 113 80 5 21 7 136 42 74 44 102 71 104 14 149 129 151 65 95 96 31 32 146 147 89 90 143 144 85 86 160 138 139 111 20 47 22 153 73 106 75 131 103 133 38 150 159 97 125 126 61 62 158 120 121 157 116 117 154 137 46 78 48 105 134 107 132 152 69 127 148 93 94 145 142 77 109 79 135 101 124 110 
53 104 31 81 85 86 87 47 130 133 38 70 57 61 62 63 112 113 114 116 117 118 119 74 78 48 80 151 65 98 152 69 102 71 89 90 91 93 94 95 96 138 139 140 141 8 142 143 144 106 75 108 109 79 111 20 159 97 128 99 41 101 131 103 120 121 122 123 2 124 125 126 24 154 155 156 25 26 27 157 134 107 136 42 6 110 137 46 68 127 149 129 72 3 15 132 9 145 146 147 10 11 12 148 50 51 52 160 54 55 56 18 135 153 73 21 7 23 77 100 13 36 150 14 39 16 28 29 30 158 32 33 34 82 83 84 88 43 19 45 105 22 49 1 35 66 37 40 58 59 60 64 115 44 76 4 5 67 92 17 
54 40 64 82 86 55 88 22 67 71 72 14 92 96 10 32 113 83 115 117 87 119 25 44 48 49 5 99 100 35 103 104 38 39 123 28 58 126 31 62 33 139 114 141 50 142 118 144 53 75 76 17 79 80 20 21 129 130 65 66 132 133 69 70 147 57 90 59 148 61 94 63 154 140 156 81 26 143 157 85 107 108 42 43 110 111 46 47 150 151 97 98 16 152 101 102 158 89 121 91 34 93 124 95 51 155 160 112 27 56 116 135 136 73 74 7 137 77 78 37 159 127 128 41 3 131 60 120 145 122 2 11 125 52 84 138 8 19 153 105 106 23 1 109 68 13 149 15 9 29 146 12 24 45 4 134 6 36 30 18 
55 39 33 83 87 88 25 49 66 70 40 72 59 63 64 10 114 115 50 118 119 53 54 76 80 5 21 98 67 100 102 71 104 14 91 92 28 95 96 31 32 140 141 81 82 143 144 85 86 108 17 43 111 20 47 22 128 99 130 35 131 103 133 38 122 123 57 58 125 126 61 62 155 156 112 113 27 157 116 117 136 42 74 44 137 46 78 48 149 129 151 65 15 132 152 69 146 147 89 90 12 148 93 94 52 160 138 139 56 8 142 153 73 106 75 23 77 109 79 36 150 159 97 16 41 101 30 158 120 121 34 2 124 84 24 154 26 45 105 134 107 1 6 110 37 68 127 3 60 9 145 11 51 4 18 135 7 13 29 19 
56 3 11 84 88 8 26 1 13 14 15 16 29 32 12 34 115 24 51 119 25 54 27 4 5 6 7 35 36 37 38 39 40 41 58 30 60 62 33 64 2 141 50 82 52 144 53 86 55 17 18 19 20 21 22 23 65 66 67 68 69 70 71 72 90 59 92 9 94 63 96 10 156 81 113 83 157 85 117 87 42 43 44 45 46 47 48 49 97 98 99 100 101 102 103 104 121 91 123 28 124 95 126 31 160 112 139 114 116 142 118 73 74 75 76 77 78 79 80 127 128 129 130 131 132 133 145 122 147 57 125 148 61 138 154 140 143 105 106 107 108 109 110 111 149 150 151 152 146 158 89 93 155 134 135 136 137 159 120 153 
57 75 81 31 89 90 91 99 48 107 108 42 53 112 113 114 61 62 63 120 121 122 123 71 129 130 65 79 80 20 135 136 73 74 85 86 87 138 139 140 141 93 94 95 96 9 145 146 147 103 104 38 150 151 97 98 110 111 46 47 19 153 105 106 116 117 118 119 24 154 155 156 2 124 125 126 28 29 30 158 132 133 69 70 37 159 127 128 7 137 77 78 44 45 4 134 8 142 143 144 50 51 52 160 10 11 12 148 58 59 60 16 152 101 102 67 68 13 149 22 23 1 109 76 17 18 25 26 27 157 82 83 84 32 33 34 92 40 41 3 131 100 35 36 49 5 6 43 54 55 56 115 64 72 14 15 66 21 88 39 
58 43 115 32 90 59 92 100 21 74 44 76 88 141 50 82 62 33 64 121 91 123 28 72 130 35 66 47 22 49 106 75 108 17 119 25 54 156 81 113 83 94 63 96 10 145 122 147 57 104 14 39 151 65 98 67 78 48 80 5 134 107 136 42 144 53 86 55 160 112 139 114 124 95 126 31 29 146 158 89 133 38 70 40 159 97 128 99 109 79 111 20 18 135 153 73 157 85 117 87 84 138 154 140 11 125 148 61 30 60 120 152 69 102 71 68 127 149 129 6 110 137 46 19 45 105 56 116 142 118 24 51 155 12 34 93 9 41 101 131 103 13 36 150 7 23 77 4 8 26 143 52 2 3 15 132 37 1 27 16 
59 17 83 33 91 92 28 35 5 42 43 44 55 114 115 50 63 64 10 122 123 57 58 14 65 66 67 20 21 22 73 74 75 76 87 88 25 140 141 81 82 95 96 31 32 146 147 89 90 38 39 40 97 98 99 100 46 47 48 49 105 106 107 108 118 119 53 54 155 156 112 113 125 126 61 62 30 158 120 121 69 70 71 72 127 128 129 130 77 78 79 80 4 134 135 136 143 144 85 86 52 160 138 139 12 148 93 94 60 9 145 101 102 103 104 13 149 150 151 1 109 110 111 18 19 153 27 157 116 117 84 24 154 34 2 124 29 3 131 132 133 36 37 159 6 7 137 45 56 8 142 51 11 15 16 152 68 23 26 41 
60 45 51 34 92 9 29 36 23 76 4 18 26 82 52 84 64 2 11 123 28 58 30 15 66 37 68 49 1 6 108 17 43 19 54 27 56 113 83 115 24 96 10 32 12 147 57 90 59 39 16 41 98 67 100 13 80 5 21 7 136 42 74 44 86 55 88 8 139 114 141 50 126 31 62 33 158 89 121 91 70 40 72 3 128 99 130 35 111 20 47 22 153 73 106 75 117 87 119 25 154 140 156 81 148 61 94 63 120 145 122 102 71 104 14 149 129 151 65 137 46 78 48 105 134 107 142 118 144 53 155 160 112 93 124 95 146 131 103 133 38 150 159 97 77 109 79 135 143 157 85 138 125 132 152 69 127 110 116 101 
61 79 85 89 93 94 95 103 107 110 111 46 112 116 117 118 120 121 122 2 124 125 126 129 132 133 69 135 136 73 7 137 77 78 138 139 140 8 142 143 144 9 145 146 147 10 11 12 148 150 151 97 16 152 101 102 19 153 105 106 22 23 1 109 24 154 155 156 25 26 27 157 28 29 30 158 31 32 33 34 37 159 127 128 40 41 3 131 44 45 4 134 48 49 5 6 50 51 52 160 53 54 55 56 57 58 59 60 62 63 64 67 68 13 149 71 72 14 15 75 76 17 18 80 20 21 81 82 83 84 86 87 88 90 91 92 96 99 100 35 36 104 38 39 108 42 43 47 113 114 115 119 123 130 65 66 70 74 141 98 
62 47 119 90 94 63 96 104 74 78 48 80 141 144 53 86 121 91 123 124 95 126 31 130 133 38 70 106 75 108 109 79 111 20 156 81 113 157 85 117 87 145 122 147 57 11 125 148 61 151 65 98 152 69 102 71 134 107 136 42 6 110 137 46 160 112 139 114 56 116 142 118 29 146 158 89 32 12 34 93 159 97 128 99 41 101 131 103 18 135 153 73 21 7 23 77 84 138 154 140 88 8 26 143 58 30 60 120 33 64 2 68 127 149 129 72 3 15 132 43 19 45 105 22 49 1 115 24 51 155 25 54 27 59 92 9 10 100 13 36 150 14 39 16 44 76 4 5 50 82 52 55 28 35 66 37 40 17 83 67 
63 20 87 91 95 96 31 38 42 46 47 48 114 118 119 53 122 123 57 125 126 61 62 65 69 70 71 73 74 75 77 78 79 80 140 141 81 143 144 85 86 146 147 89 90 12 148 93 94 97 98 99 101 102 103 104 105 106 107 108 1 109 110 111 155 156 112 113 27 157 116 117 30 158 120 121 33 34 2 124 127 128 129 130 3 131 132 133 4 134 135 136 5 6 7 137 52 160 138 139 55 56 8 142 59 60 9 145 64 10 11 13 149 150 151 14 15 16 152 17 18 19 153 21 22 23 83 84 24 154 88 25 26 92 28 29 32 35 36 37 159 39 40 41 43 44 45 49 115 50 51 54 58 66 67 68 72 76 82 100 
64 49 54 92 96 10 32 39 76 80 5 21 82 86 55 88 123 28 58 126 31 62 33 66 70 40 72 108 17 43 111 20 47 22 113 83 115 117 87 119 25 147 57 90 59 148 61 94 63 98 67 100 102 71 104 14 136 42 74 44 137 46 78 48 139 114 141 50 142 118 144 53 158 89 121 91 34 93 124 95 128 99 130 35 131 103 133 38 153 73 106 75 23 77 109 79 154 140 156 81 26 143 157 85 60 120 145 122 2 11 125 149 129 151 65 15 132 152 69 45 105 134 107 1 6 110 51 155 160 112 27 56 116 9 29 146 12 36 150 159 97 16 41 101 4 18 135 7 52 84 138 8 30 37 68 127 3 19 24 13 
65 113 42 38 97 98 99 123 86 139 114 141 20 73 74 75 69 70 71 127 128 129 130 96 147 57 90 117 87 119 154 140 156 81 46 47 48 105 106 107 108 101 102 103 104 13 149 150 151 126 31 62 158 89 121 91 142 118 144 53 51 155 160 112 77 78 79 80 4 134 135 136 3 131 132 133 35 36 37 159 148 61 94 63 60 120 145 122 26 143 157 85 82 52 84 138 1 109 110 111 17 18 19 153 14 15 16 152 66 67 68 34 93 124 95 92 9 29 146 54 27 56 116 83 115 24 5 6 7 137 43 44 45 39 40 41 100 64 2 11 125 28 58 30 55 88 8 50 21 22 23 76 72 10 32 12 59 25 49 33 
66 50 76 39 98 67 100 28 25 81 82 83 49 108 17 43 70 40 72 128 99 130 35 10 57 58 59 53 54 55 112 113 114 115 80 5 21 136 42 74 44 102 71 104 14 149 129 151 65 31 32 33 89 90 91 92 85 86 87 88 138 139 140 141 111 20 47 22 153 73 106 75 131 103 133 38 36 150 159 97 61 62 63 64 120 121 122 123 116 117 118 119 24 154 155 156 137 46 78 48 45 105 134 107 15 132 152 69 37 68 127 93 94 95 96 9 145 146 147 8 142 143 144 51 52 160 23 77 109 79 4 18 135 16 41 101 13 2 124 125 126 29 30 158 26 27 157 84 1 6 110 19 3 11 12 148 60 56 7 34 
67 115 44 40 99 100 35 58 88 141 50 82 22 75 76 17 71 72 14 129 130 65 66 32 90 59 92 119 25 54 156 81 113 83 48 49 5 107 108 42 43 103 104 38 39 150 151 97 98 62 33 64 121 91 123 28 144 53 86 55 160 112 139 114 79 80 20 21 135 136 73 74 132 133 69 70 37 159 127 128 94 63 96 10 145 122 147 57 157 85 117 87 84 138 154 140 110 111 46 47 19 153 105 106 16 152 101 102 68 13 149 124 95 126 31 29 146 158 89 56 116 142 118 24 51 155 7 137 77 78 45 4 134 41 3 131 36 11 125 148 61 30 60 120 8 26 143 52 23 1 109 18 15 12 34 93 9 27 6 2 
68 52 18 41 100 13 36 30 27 83 84 24 6 43 19 45 72 3 15 130 35 66 37 12 59 60 9 55 56 8 114 115 50 51 21 7 23 74 44 76 4 104 14 39 16 151 65 98 67 33 34 2 91 92 28 29 87 88 25 26 140 141 81 82 47 22 49 1 106 75 108 17 133 38 70 40 159 97 128 99 63 64 10 11 122 123 57 58 118 119 53 54 155 156 112 113 78 48 80 5 134 107 136 42 152 69 102 71 127 149 129 95 96 31 32 146 147 89 90 143 144 85 86 160 138 139 109 79 111 20 135 153 73 101 131 103 150 125 126 61 62 158 120 121 157 116 117 154 110 137 46 105 132 148 93 94 145 142 77 124 
69 117 46 97 101 102 103 126 139 142 118 144 73 77 78 79 127 128 129 3 131 132 133 147 148 61 94 154 140 156 26 143 157 85 105 106 107 1 109 110 111 13 149 150 151 14 15 16 152 158 89 121 34 93 124 95 51 155 160 112 54 27 56 116 4 134 135 136 5 6 7 137 35 36 37 159 38 39 40 41 60 120 145 122 64 2 11 125 82 52 84 138 86 55 88 8 17 18 19 153 20 21 22 23 65 66 67 68 70 71 72 92 9 29 146 96 10 32 12 113 83 115 24 87 119 25 42 43 44 45 47 48 49 98 99 100 104 123 28 58 30 31 62 33 114 141 50 53 74 75 76 80 130 57 90 59 63 81 108 91 
70 53 80 98 102 71 104 31 81 85 86 87 108 111 20 47 128 99 130 131 103 133 38 57 61 62 63 112 113 114 116 117 118 119 136 42 74 137 46 78 48 149 129 151 65 15 132 152 69 89 90 91 93 94 95 96 138 139 140 141 8 142 143 144 153 73 106 75 23 77 109 79 36 150 159 97 39 16 41 101 120 121 122 123 2 124 125 126 24 154 155 156 25 26 27 157 45 105 134 107 49 1 6 110 66 37 68 127 40 72 3 9 145 146 147 10 11 12 148 50 51 52 160 54 55 56 76 4 18 135 5 21 7 67 100 13 14 28 29 30 158 32 33 34 82 83 84 88 17 43 19 22 35 58 59 60 64 115 44 92 
71 119 48 99 103 104 38 62 141 144 53 86 75 79 80 20 129 130 65 132 133 69 70 90 94 63 96 156 81 113 157 85 117 87 107 108 42 110 111 46 47 150 151 97 98 16 152 101 102 121 91 123 124 95 126 31 160 112 139 114 56 116 142 118 135 136 73 74 7 137 77 78 37 159 127 128 40 41 3 131 145 122 147 57 11 125 148 61 84 138 154 140 88 8 26 143 19 153 105 106 22 23 1 109 67 68 13 149 72 14 15 29 146 158 89 32 12 34 93 115 24 51 155 25 54 27 44 45 4 134 49 5 6 100 35 36 39 58 30 60 120 33 64 2 50 82 52 55 76 17 18 21 66 59 92 9 10 83 43 28 
72 55 21 100 104 14 39 33 83 87 88 25 43 47 22 49 130 35 66 133 38 70 40 59 63 64 10 114 115 50 118 119 53 54 74 44 76 78 48 80 5 151 65 98 67 152 69 102 71 91 92 28 95 96 31 32 140 141 81 82 143 144 85 86 106 75 108 17 109 79 111 20 159 97 128 99 41 101 131 103 122 123 57 58 125 126 61 62 155 156 112 113 27 157 116 117 134 107 136 42 6 110 137 46 68 127 149 129 3 15 132 146 147 89 90 12 148 93 94 52 160 138 139 56 8 142 18 135 153 73 7 23 77 13 36 150 16 30 158 120 121 34 2 124 84 24 154 26 19 45 105 1 37 60 9 145 11 51 4 29 
73 89 97 46 105 106 107 112 61 120 121 122 69 127 128 129 77 78 79 4 134 135 136 85 138 139 140 93 94 95 9 145 146 147 101 102 103 13 149 150 151 1 109 110 111 17 18 19 153 116 117 118 24 154 155 156 2 124 125 126 28 29 30 158 3 131 132 133 35 36 37 159 5 6 7 137 42 43 44 45 8 142 143 144 50 51 52 160 10 11 12 148 57 58 59 60 14 15 16 152 65 66 67 68 20 21 22 23 74 75 76 25 26 27 157 81 82 83 84 31 32 33 34 90 91 92 38 39 40 41 98 99 100 47 48 49 108 53 54 55 56 113 114 115 62 63 64 123 70 71 72 130 80 86 87 88 141 96 104 119 
74 123 130 47 106 75 108 113 96 147 57 90 104 151 65 98 78 48 80 134 107 136 42 86 139 114 141 126 31 62 158 89 121 91 133 38 70 159 97 128 99 109 79 111 20 18 135 153 73 117 87 119 154 140 156 81 148 61 94 63 60 120 145 122 152 69 102 71 68 127 149 129 6 110 137 46 43 19 45 105 142 118 144 53 51 155 160 112 34 93 124 95 92 9 29 146 41 101 131 103 100 13 36 150 21 7 23 77 44 76 4 26 143 157 85 82 52 84 138 64 2 11 125 28 58 30 72 3 15 132 35 66 37 22 49 1 17 54 27 56 116 83 115 24 10 32 12 59 14 39 16 67 5 55 88 8 50 33 40 25 
75 91 99 48 107 108 42 114 63 122 123 57 71 129 130 65 79 80 20 135 136 73 74 87 140 141 81 95 96 31 146 147 89 90 103 104 38 150 151 97 98 110 111 46 47 19 153 105 106 118 119 53 155 156 112 113 125 126 61 62 30 158 120 121 132 133 69 70 37 159 127 128 7 137 77 78 44 45 4 134 143 144 85 86 52 160 138 139 12 148 93 94 59 60 9 145 16 152 101 102 67 68 13 149 22 23 1 109 76 17 18 27 157 116 117 83 84 24 154 33 34 2 124 92 28 29 40 41 3 131 100 35 36 49 5 6 43 55 56 8 142 115 50 51 64 10 11 58 72 14 15 66 21 88 25 26 82 32 39 54 
76 58 66 49 108 17 43 115 32 90 59 92 39 98 67 100 80 5 21 136 42 74 44 88 141 50 82 62 33 64 121 91 123 28 70 40 72 128 99 130 35 111 20 47 22 153 73 106 75 119 25 54 156 81 113 83 94 63 96 10 145 122 147 57 102 71 104 14 149 129 151 65 137 46 78 48 45 105 134 107 144 53 86 55 160 112 139 114 124 95 126 31 29 146 158 89 131 103 133 38 36 150 159 97 23 77 109 79 4 18 135 157 85 117 87 84 138 154 140 11 125 148 61 30 60 120 15 132 152 69 37 68 127 1 6 110 19 56 116 142 118 24 51 155 12 34 93 9 16 41 101 13 7 8 26 143 52 2 3 27 
77 93 101 105 1 109 110 116 120 2 124 125 127 3 131 132 4 134 135 5 6 7 137 138 8 142 143 9 145 146 10 11 12 148 13 149 150 14 15 16 152 17 18 19 153 20 21 22 23 24 154 155 25 26 27 157 28 29 30 158 31 32 33 34 35 36 37 159 38 39 40 41 42 43 44 45 46 47 48 49 50 51 52 160 53 54 55 56 57 58 59 60 61 62 63 64 65 66 67 68 69 70 71 72 73 74 75 76 78 79 80 81 82 83 84 85 86 87 88 89 90 91 92 94 95 96 97 98 99 100 102 103 104 106 107 108 111 112 113 114 115 117 118 119 121 122 123 126 128 129 130 133 136 139 140 141 144 147 151 156 
78 126 133 106 109 79 111 117 147 148 61 94 151 152 69 102 134 107 136 6 110 137 46 139 142 118 144 158 89 121 34 93 124 95 159 97 128 41 101 131 103 18 135 153 73 21 7 23 77 154 140 156 26 143 157 85 60 120 145 122 64 2 11 125 68 127 149 129 72 3 15 132 43 19 45 105 47 22 49 1 51 155 160 112 54 27 56 116 92 9 29 146 96 10 32 12 100 13 36 150 104 14 39 16 74 44 76 4 48 80 5 82 52 84 138 86 55 88 8 123 28 58 30 31 62 33 130 35 66 37 38 70 40 75 108 17 20 113 83 115 24 87 119 25 57 90 59 63 65 98 67 71 42 114 141 50 53 91 99 81 
79 95 103 107 110 111 46 118 122 125 126 61 129 132 133 69 135 136 73 7 137 77 78 140 143 144 85 146 147 89 12 148 93 94 150 151 97 16 152 101 102 19 153 105 106 22 23 1 109 155 156 112 27 157 116 117 30 158 120 121 33 34 2 124 37 159 127 128 40 41 3 131 44 45 4 134 48 49 5 6 52 160 138 139 55 56 8 142 59 60 9 145 63 64 10 11 67 68 13 149 71 72 14 15 75 76 17 18 80 20 21 83 84 24 154 87 88 25 26 91 92 28 29 96 31 32 99 100 35 36 104 38 39 108 42 43 47 114 115 50 51 119 53 54 123 57 58 62 130 65 66 70 74 141 81 82 86 90 98 113 
80 62 70 108 111 20 47 119 90 94 63 96 98 102 71 104 136 42 74 137 46 78 48 141 144 53 86 121 91 123 124 95 126 31 128 99 130 131 103 133 38 153 73 106 75 23 77 109 79 156 81 113 157 85 117 87 145 122 147 57 11 125 148 61 149 129 151 65 15 132 152 69 45 105 134 107 49 1 6 110 160 112 139 114 56 116 142 118 29 146 158 89 32 12 34 93 36 150 159 97 39 16 41 101 76 4 18 135 5 21 7 84 138 154 140 88 8 26 143 58 30 60 120 33 64 2 66 37 68 127 40 72 3 17 43 19 22 115 24 51 155 25 54 27 59 92 9 10 67 100 13 14 44 50 82 52 55 28 35 83 
81 130 57 53 112 113 114 74 104 151 65 98 31 89 90 91 85 86 87 138 139 140 141 47 106 75 108 133 38 70 159 97 128 99 61 62 63 120 121 122 123 116 117 118 119 24 154 155 156 78 48 80 134 107 136 42 152 69 102 71 68 127 149 129 93 94 95 96 9 145 146 147 8 142 143 144 50 51 52 160 109 79 111 20 18 135 153 73 41 101 131 103 100 13 36 150 2 124 125 126 28 29 30 158 25 26 27 157 82 83 84 6 110 137 46 43 19 45 105 72 3 15 132 35 66 37 10 11 12 148 58 59 60 54 55 56 115 21 7 23 77 44 76 4 14 39 16 67 32 33 34 92 88 22 49 1 17 40 64 5 
82 67 92 54 113 83 115 44 40 99 100 35 64 123 28 58 86 55 88 139 114 141 50 22 75 76 17 71 72 14 129 130 65 66 96 10 32 147 57 90 59 117 87 119 25 154 140 156 81 48 49 5 107 108 42 43 103 104 38 39 150 151 97 98 126 31 62 33 158 89 121 91 142 118 144 53 51 155 160 112 79 80 20 21 135 136 73 74 132 133 69 70 37 159 127 128 148 61 94 63 60 120 145 122 26 143 157 85 52 84 138 110 111 46 47 19 153 105 106 16 152 101 102 68 13 149 34 93 124 95 9 29 146 27 56 116 24 7 137 77 78 45 4 134 41 3 131 36 2 11 125 30 8 23 1 109 18 15 12 6 
83 66 59 55 114 115 50 76 39 98 67 100 33 91 92 28 87 88 25 140 141 81 82 49 108 17 43 70 40 72 128 99 130 35 63 64 10 122 123 57 58 118 119 53 54 155 156 112 113 80 5 21 136 42 74 44 102 71 104 14 149 129 151 65 95 96 31 32 146 147 89 90 143 144 85 86 52 160 138 139 111 20 47 22 153 73 106 75 131 103 133 38 36 150 159 97 125 126 61 62 30 158 120 121 27 157 116 117 84 24 154 137 46 78 48 45 105 134 107 15 132 152 69 37 68 127 12 148 93 94 60 9 145 56 8 142 51 23 77 109 79 4 18 135 16 41 101 13 34 2 124 29 26 1 6 110 19 3 11 7 
84 13 29 56 115 24 51 4 3 35 36 37 11 58 30 60 88 8 26 141 50 82 52 1 17 18 19 14 15 16 65 66 67 68 32 12 34 90 59 92 9 119 25 54 27 156 81 113 83 5 6 7 42 43 44 45 38 39 40 41 97 98 99 100 62 33 64 2 121 91 123 28 144 53 86 55 160 112 139 114 20 21 22 23 73 74 75 76 69 70 71 72 127 128 129 130 94 63 96 10 145 122 147 57 157 85 117 87 138 154 140 46 47 48 49 105 106 107 108 101 102 103 104 149 150 151 124 95 126 31 146 158 89 116 142 118 155 77 78 79 80 134 135 136 131 132 133 159 125 148 61 120 143 109 110 111 153 152 93 137 
85 133 61 112 116 117 118 78 151 152 69 102 89 93 94 95 138 139 140 8 142 143 144 106 109 79 111 159 97 128 41 101 131 103 120 121 122 2 124 125 126 24 154 155 156 25 26 27 157 134 107 136 6 110 137 46 68 127 149 129 72 3 15 132 9 145 146 147 10 11 12 148 50 51 52 160 53 54 55 56 18 135 153 73 21 7 23 77 100 13 36 150 104 14 39 16 28 29 30 158 31 32 33 34 81 82 83 84 86 87 88 43 19 45 105 47 22 49 1 130 35 66 37 38 70 40 57 58 59 60 62 63 64 113 114 115 119 74 44 76 4 48 80 5 65 98 67 71 90 91 92 96 141 75 108 17 20 99 123 42 
86 71 96 113 117 87 119 48 99 103 104 38 123 126 31 62 139 114 141 142 118 144 53 75 79 80 20 129 130 65 132 133 69 70 147 57 90 148 61 94 63 154 140 156 81 26 143 157 85 107 108 42 110 111 46 47 150 151 97 98 16 152 101 102 158 89 121 91 34 93 124 95 51 155 160 112 54 27 56 116 135 136 73 74 7 137 77 78 37 159 127 128 40 41 3 131 60 120 145 122 64 2 11 125 82 52 84 138 55 88 8 19 153 105 106 22 23 1 109 67 68 13 149 72 14 15 92 9 29 146 10 32 12 83 115 24 25 44 45 4 134 49 5 6 100 35 36 39 28 58 30 33 50 76 17 18 21 66 59 43 
87 70 63 114 118 119 53 80 98 102 71 104 91 95 96 31 140 141 81 143 144 85 86 108 111 20 47 128 99 130 131 103 133 38 122 123 57 125 126 61 62 155 156 112 113 27 157 116 117 136 42 74 137 46 78 48 149 129 151 65 15 132 152 69 146 147 89 90 12 148 93 94 52 160 138 139 55 56 8 142 153 73 106 75 23 77 109 79 36 150 159 97 39 16 41 101 30 158 120 121 33 34 2 124 83 84 24 154 88 25 26 45 105 134 107 49 1 6 110 66 37 68 127 40 72 3 59 60 9 145 64 10 11 115 50 51 54 76 4 18 135 5 21 7 67 100 13 14 92 28 29 32 82 17 43 19 22 35 58 44 
88 14 32 115 119 25 54 5 35 38 39 40 58 62 33 64 141 50 82 144 53 86 55 17 20 21 22 65 66 67 69 70 71 72 90 59 92 94 63 96 10 156 81 113 83 157 85 117 87 42 43 44 46 47 48 49 97 98 99 100 101 102 103 104 121 91 123 28 124 95 126 31 160 112 139 114 56 116 142 118 73 74 75 76 77 78 79 80 127 128 129 130 3 131 132 133 145 122 147 57 11 125 148 61 84 138 154 140 8 26 143 105 106 107 108 1 109 110 111 13 149 150 151 15 16 152 29 146 158 89 12 34 93 24 51 155 27 4 134 135 136 6 7 137 36 37 159 41 30 60 120 2 52 18 19 153 23 68 9 45 
89 107 112 61 120 121 122 129 79 135 136 73 85 138 139 140 93 94 95 9 145 146 147 103 150 151 97 110 111 46 19 153 105 106 116 117 118 24 154 155 156 2 124 125 126 28 29 30 158 132 133 69 37 159 127 128 7 137 77 78 44 45 4 134 8 142 143 144 50 51 52 160 10 11 12 148 57 58 59 60 16 152 101 102 67 68 13 149 22 23 1 109 75 76 17 18 25 26 27 157 81 82 83 84 31 32 33 34 90 91 92 40 41 3 131 99 100 35 36 48 49 5 6 108 42 43 53 54 55 56 113 114 115 62 63 64 123 71 72 14 15 130 65 66 80 20 21 74 86 87 88 141 96 104 38 39 98 47 119 70 
90 74 141 62 121 91 123 130 47 106 75 108 119 156 81 113 94 63 96 145 122 147 57 104 151 65 98 78 48 80 134 107 136 42 144 53 86 160 112 139 114 124 95 126 31 29 146 158 89 133 38 70 159 97 128 99 109 79 111 20 18 135 153 73 157 85 117 87 84 138 154 140 11 125 148 61 58 30 60 120 152 69 102 71 68 127 149 129 6 110 137 46 43 19 45 105 56 116 142 118 115 24 51 155 32 12 34 93 59 92 9 41 101 131 103 100 13 36 150 21 7 23 77 44 76 4 88 8 26 143 50 82 52 33 64 2 28 72 3 15 132 35 66 37 22 49 1 17 25 54 27 83 10 14 39 16 67 5 55 40 
91 42 114 63 122 123 57 65 20 73 74 75 87 140 141 81 95 96 31 146 147 89 90 38 97 98 99 46 47 48 105 106 107 108 118 119 53 155 156 112 113 125 126 61 62 30 158 120 121 69 70 71 127 128 129 130 77 78 79 80 4 134 135 136 143 144 85 86 52 160 138 139 12 148 93 94 59 60 9 145 101 102 103 104 13 149 150 151 1 109 110 111 17 18 19 153 27 157 116 117 83 84 24 154 33 34 2 124 92 28 29 3 131 132 133 35 36 37 159 5 6 7 137 43 44 45 55 56 8 142 115 50 51 64 10 11 58 14 15 16 152 66 67 68 21 22 23 76 88 25 26 82 32 39 40 41 100 49 54 72 
92 76 82 64 123 28 58 66 49 108 17 43 54 113 83 115 96 10 32 147 57 90 59 39 98 67 100 80 5 21 136 42 74 44 86 55 88 139 114 141 50 126 31 62 33 158 89 121 91 70 40 72 128 99 130 35 111 20 47 22 153 73 106 75 117 87 119 25 154 140 156 81 148 61 94 63 60 120 145 122 102 71 104 14 149 129 151 65 137 46 78 48 45 105 134 107 142 118 144 53 51 155 160 112 34 93 124 95 9 29 146 131 103 133 38 36 150 159 97 23 77 109 79 4 18 135 26 143 157 85 52 84 138 2 11 125 30 15 132 152 69 37 68 127 1 6 110 19 27 56 116 24 12 16 41 101 13 7 8 3 
93 110 116 120 2 124 125 132 135 7 137 77 138 8 142 143 9 145 146 10 11 12 148 150 16 152 101 19 153 105 22 23 1 109 24 154 155 25 26 27 157 28 29 30 158 31 32 33 34 37 159 127 40 41 3 131 44 45 4 134 48 49 5 6 50 51 52 160 53 54 55 56 57 58 59 60 61 62 63 64 67 68 13 149 71 72 14 15 75 76 17 18 79 80 20 21 81 82 83 84 85 86 87 88 89 90 91 92 94 95 96 99 100 35 36 103 104 38 39 107 108 42 43 111 46 47 112 113 114 115 117 118 119 121 122 123 126 129 130 65 66 133 69 70 136 73 74 78 139 140 141 144 147 151 97 98 102 106 156 128 
94 78 144 121 124 95 126 133 106 109 79 111 156 157 85 117 145 122 147 11 125 148 61 151 152 69 102 134 107 136 6 110 137 46 160 112 139 56 116 142 118 29 146 158 89 32 12 34 93 159 97 128 41 101 131 103 18 135 153 73 21 7 23 77 84 138 154 140 88 8 26 143 58 30 60 120 62 33 64 2 68 127 149 129 72 3 15 132 43 19 45 105 47 22 49 1 115 24 51 155 119 25 54 27 90 59 92 9 63 96 10 100 13 36 150 104 14 39 16 74 44 76 4 48 80 5 141 50 82 52 53 86 55 91 123 28 31 130 35 66 37 38 70 40 75 108 17 20 81 113 83 87 57 65 98 67 71 42 114 99 
95 46 118 122 125 126 61 69 73 77 78 79 140 143 144 85 146 147 89 12 148 93 94 97 101 102 103 105 106 107 1 109 110 111 155 156 112 27 157 116 117 30 158 120 121 33 34 2 124 127 128 129 3 131 132 133 4 134 135 136 5 6 7 137 52 160 138 139 55 56 8 142 59 60 9 145 63 64 10 11 13 149 150 151 14 15 16 152 17 18 19 153 20 21 22 23 83 84 24 154 87 88 25 26 91 92 28 29 96 31 32 35 36 37 159 38 39 40 41 42 43 44 45 47 48 49 114 115 50 51 119 53 54 123 57 58 62 65 66 67 68 70 71 72 74 75 76 80 141 81 82 86 90 98 99 100 104 108 113 130 
96 80 86 123 126 31 62 70 108 111 20 47 113 117 87 119 147 57 90 148 61 94 63 98 102 71 104 136 42 74 137 46 78 48 139 114 141 142 118 144 53 158 89 121 91 34 93 124 95 128 99 130 131 103 133 38 153 73 106 75 23 77 109 79 154 140 156 81 26 143 157 85 60 120 145 122 64 2 11 125 149 129 151 65 15 132 152 69 45 105 134 107 49 1 6 110 51 155 160 112 54 27 56 116 92 9 29 146 10 32 12 36 150 159 97 39 16 41 101 76 4 18 135 5 21 7 82 52 84 138 55 88 8 28 58 30 33 66 37 68 127 40 72 3 17 43 19 22 83 115 24 25 59 67 100 13 14 44 50 35 
97 139 73 69 127 128 129 147 117 154 140 156 46 105 106 107 101 102 103 13 149 150 151 126 158 89 121 142 118 144 51 155 160 112 77 78 79 4 134 135 136 3 131 132 133 35 36 37 159 148 61 94 60 120 145 122 26 143 157 85 82 52 84 138 1 109 110 111 17 18 19 153 14 15 16 152 65 66 67 68 34 93 124 95 92 9 29 146 54 27 56 116 113 83 115 24 5 6 7 137 42 43 44 45 38 39 40 41 98 99 100 64 2 11 125 123 28 58 30 86 55 88 8 114 141 50 20 21 22 23 74 75 76 70 71 72 130 96 10 32 12 57 90 59 87 119 25 81 47 48 49 108 104 31 62 33 91 53 80 63 
98 81 108 70 128 99 130 57 53 112 113 114 80 136 42 74 102 71 104 149 129 151 65 31 89 90 91 85 86 87 138 139 140 141 111 20 47 153 73 106 75 131 103 133 38 36 150 159 97 61 62 63 120 121 122 123 116 117 118 119 24 154 155 156 137 46 78 48 45 105 134 107 15 132 152 69 66 37 68 127 93 94 95 96 9 145 146 147 8 142 143 144 50 51 52 160 23 77 109 79 76 4 18 135 39 16 41 101 67 100 13 2 124 125 126 28 29 30 158 25 26 27 157 82 83 84 49 1 6 110 17 43 19 40 72 3 35 10 11 12 148 58 59 60 54 55 56 115 5 21 7 44 14 32 33 34 92 88 22 64 
99 141 75 71 129 130 65 90 119 156 81 113 48 107 108 42 103 104 38 150 151 97 98 62 121 91 123 144 53 86 160 112 139 114 79 80 20 135 136 73 74 132 133 69 70 37 159 127 128 94 63 96 145 122 147 57 157 85 117 87 84 138 154 140 110 111 46 47 19 153 105 106 16 152 101 102 67 68 13 149 124 95 126 31 29 146 158 89 56 116 142 118 115 24 51 155 7 137 77 78 44 45 4 134 40 41 3 131 100 35 36 11 125 148 61 58 30 60 120 88 8 26 143 50 82 52 22 23 1 109 76 17 18 72 14 15 66 32 12 34 93 59 92 9 25 54 27 83 49 5 6 43 39 33 64 2 28 55 21 10 
100 83 43 72 130 35 66 59 55 114 115 50 21 74 44 76 104 14 39 151 65 98 67 33 91 92 28 87 88 25 140 141 81 82 47 22 49 106 75 108 17 133 38 70 40 159 97 128 99 63 64 10 122 123 57 58 118 119 53 54 155 156 112 113 78 48 80 5 134 107 136 42 152 69 102 71 68 127 149 129 95 96 31 32 146 147 89 90 143 144 85 86 52 160 138 139 109 79 111 20 18 135 153 73 41 101 131 103 13 36 150 125 126 61 62 30 158 120 121 27 157 116 117 84 24 154 6 110 137 46 19 45 105 3 15 132 37 12 148 93 94 60 9 145 56 8 142 51 7 23 77 4 16 34 2 124 29 26 1 11 
101 142 77 127 3 131 132 148 154 26 143 157 105 1 109 110 13 149 150 14 15 16 152 158 34 93 124 51 155 160 54 27 56 116 4 134 135 5 6 7 137 35 36 37 159 38 39 40 41 60 120 145 64 2 11 125 82 52 84 138 86 55 88 8 17 18 19 153 20 21 22 23 65 66 67 68 69 70 71 72 92 9 29 146 96 10 32 12 113 83 115 24 117 87 119 25 42 43 44 45 46 47 48 49 97 98 99 100 102 103 104 123 28 58 30 126 31 62 33 139 114 141 50 118 144 53 73 74 75 76 78 79 80 128 129 130 133 147 57 90 59 61 94 63 140 156 81 85 106 107 108 111 151 89 121 91 95 112 136 122 
102 85 111 128 131 103 133 61 112 116 117 118 136 137 46 78 149 129 151 15 132 152 69 89 93 94 95 138 139 140 8 142 143 144 153 73 106 23 77 109 79 36 150 159 97 39 16 41 101 120 121 122 2 124 125 126 24 154 155 156 25 26 27 157 45 105 134 107 49 1 6 110 66 37 68 127 70 40 72 3 9 145 146 147 10 11 12 148 50 51 52 160 53 54 55 56 76 4 18 135 80 5 21 7 98 67 100 13 71 104 14 28 29 30 158 31 32 33 34 81 82 83 84 86 87 88 108 17 43 19 20 47 22 99 130 35 38 57 58 59 60 62 63 64 113 114 115 119 42 74 44 48 65 90 91 92 96 141 75 123 
103 144 79 129 132 133 69 94 156 157 85 117 107 110 111 46 150 151 97 16 152 101 102 121 124 95 126 160 112 139 56 116 142 118 135 136 73 7 137 77 78 37 159 127 128 40 41 3 131 145 122 147 11 125 148 61 84 138 154 140 88 8 26 143 19 153 105 106 22 23 1 109 67 68 13 149 71 72 14 15 29 146 158 89 32 12 34 93 115 24 51 155 119 25 54 27 44 45 4 134 48 49 5 6 99 100 35 36 104 38 39 58 30 60 120 62 33 64 2 141 50 82 52 53 86 55 75 76 17 18 80 20 21 130 65 66 70 90 59 92 9 63 96 10 81 113 83 87 108 42 43 47 98 91 123 28 31 114 74 57 
104 87 47 130 133 38 70 63 114 118 119 53 74 78 48 80 151 65 98 152 69 102 71 91 95 96 31 140 141 81 143 144 85 86 106 75 108 109 79 111 20 159 97 128 99 41 101 131 103 122 123 57 125 126 61 62 155 156 112 113 27 157 116 117 134 107 136 42 6 110 137 46 68 127 149 129 72 3 15 132 146 147 89 90 12 148 93 94 52 160 138 139 55 56 8 142 18 135 153 73 21 7 23 77 100 13 36 150 14 39 16 30 158 120 121 33 34 2 124 83 84 24 154 88 25 26 43 19 45 105 22 49 1 35 66 37 40 59 60 9 145 64 10 11 115 50 51 54 44 76 4 5 67 92 28 29 32 82 17 58 
105 120 127 77 4 134 135 138 93 9 145 146 101 13 149 150 1 109 110 17 18 19 153 116 24 154 155 2 124 125 28 29 30 158 3 131 132 35 36 37 159 5 6 7 137 42 43 44 45 8 142 143 50 51 52 160 10 11 12 148 57 58 59 60 14 15 16 152 65 66 67 68 20 21 22 23 73 74 75 76 25 26 27 157 81 82 83 84 31 32 33 34 89 90 91 92 38 39 40 41 97 98 99 100 46 47 48 49 106 107 108 53 54 55 56 112 113 114 115 61 62 63 64 121 122 123 69 70 71 72 128 129 130 78 79 80 136 85 86 87 88 139 140 141 94 95 96 147 102 103 104 151 111 117 118 119 156 126 133 144 
106 147 151 78 134 107 136 139 126 158 89 121 133 159 97 128 109 79 111 18 135 153 73 117 154 140 156 148 61 94 60 120 145 122 152 69 102 68 127 149 129 6 110 137 46 43 19 45 105 142 118 144 51 155 160 112 34 93 124 95 92 9 29 146 41 101 131 103 100 13 36 150 21 7 23 77 74 44 76 4 26 143 157 85 82 52 84 138 64 2 11 125 123 28 58 30 72 3 15 132 130 35 66 37 47 22 49 1 75 108 17 54 27 56 116 113 83 115 24 96 10 32 12 57 90 59 104 14 39 16 65 98 67 48 80 5 42 86 55 88 8 114 141 50 31 62 33 91 38 70 40 99 20 87 119 25 81 63 71 53 
107 122 129 79 135 136 73 140 95 146 147 89 103 150 151 97 110 111 46 19 153 105 106 118 155 156 112 125 126 61 30 158 120 121 132 133 69 37 159 127 128 7 137 77 78 44 45 4 134 143 144 85 52 160 138 139 12 148 93 94 59 60 9 145 16 152 101 102 67 68 13 149 22 23 1 109 75 76 17 18 27 157 116 117 83 84 24 154 33 34 2 124 91 92 28 29 40 41 3 131 99 100 35 36 48 49 5 6 108 42 43 55 56 8 142 114 115 50 51 63 64 10 11 123 57 58 71 72 14 15 130 65 66 80 20 21 74 87 88 25 26 141 81 82 96 31 32 90 104 38 39 98 47 119 53 54 113 62 70 86 
108 90 98 80 136 42 74 141 62 121 91 123 70 128 99 130 111 20 47 153 73 106 75 119 156 81 113 94 63 96 145 122 147 57 102 71 104 149 129 151 65 137 46 78 48 45 105 134 107 144 53 86 160 112 139 114 124 95 126 31 29 146 158 89 131 103 133 38 36 150 159 97 23 77 109 79 76 4 18 135 157 85 117 87 84 138 154 140 11 125 148 61 58 30 60 120 15 132 152 69 66 37 68 127 49 1 6 110 17 43 19 56 116 142 118 115 24 51 155 32 12 34 93 59 92 9 39 16 41 101 67 100 13 5 21 7 44 88 8 26 143 50 82 52 33 64 2 28 40 72 3 35 22 25 54 27 83 10 14 55 
109 148 152 134 6 110 137 142 158 34 93 124 159 41 101 131 18 135 153 21 7 23 77 154 26 143 157 60 120 145 64 2 11 125 68 127 149 72 3 15 132 43 19 45 105 47 22 49 1 51 155 160 54 27 56 116 92 9 29 146 96 10 32 12 100 13 36 150 104 14 39 16 74 44 76 4 78 48 80 5 82 52 84 138 86 55 88 8 123 28 58 30 126 31 62 33 130 35 66 37 133 38 70 40 106 75 108 17 79 111 20 113 83 115 24 117 87 119 25 147 57 90 59 61 94 63 151 65 98 67 69 102 71 107 136 42 46 139 114 141 50 118 144 53 89 121 91 95 97 128 99 103 73 140 156 81 85 122 129 112 
110 125 132 135 7 137 77 143 146 12 148 93 150 16 152 101 19 153 105 22 23 1 109 155 27 157 116 30 158 120 33 34 2 124 37 159 127 40 41 3 131 44 45 4 134 48 49 5 6 52 160 138 55 56 8 142 59 60 9 145 63 64 10 11 67 68 13 149 71 72 14 15 75 76 17 18 79 80 20 21 83 84 24 154 87 88 25 26 91 92 28 29 95 96 31 32 99 100 35 36 103 104 38 39 107 108 42 43 111 46 47 114 115 50 51 118 119 53 54 122 123 57 58 126 61 62 129 130 65 66 133 69 70 136 73 74 78 140 141 81 82 144 85 86 147 89 90 94 151 97 98 102 106 156 112 113 117 121 128 139 
111 94 102 136 137 46 78 144 121 124 95 126 128 131 103 133 153 73 106 23 77 109 79 156 157 85 117 145 122 147 11 125 148 61 149 129 151 15 132 152 69 45 105 134 107 49 1 6 110 160 112 139 56 116 142 118 29 146 158 89 32 12 34 93 36 150 159 97 39 16 41 101 76 4 18 135 80 5 21 7 84 138 154 140 88 8 26 143 58 30 60 120 62 33 64 2 66 37 68 127 70 40 72 3 108 17 43 19 20 47 22 115 24 51 155 119 25 54 27 90 59 92 9 63 96 10 98 67 100 13 71 104 14 42 74 44 48 141 50 82 52 53 86 55 91 123 28 31 99 130 35 38 75 81 113 83 87 57 65 114 
112 151 89 85 138 139 140 106 133 159 97 128 61 120 121 122 116 117 118 24 154 155 156 78 134 107 136 152 69 102 68 127 149 129 93 94 95 9 145 146 147 8 142 143 144 50 51 52 160 109 79 111 18 135 153 73 41 101 131 103 100 13 36 150 2 124 125 126 28 29 30 158 25 26 27 157 81 82 83 84 6 110 137 46 43 19 45 105 72 3 15 132 130 35 66 37 10 11 12 148 57 58 59 60 53 54 55 56 113 114 115 21 7 23 77 74 44 76 4 104 14 39 16 65 98 67 31 32 33 34 90 91 92 86 87 88 141 47 22 49 1 75 108 17 38 70 40 99 62 63 64 123 119 48 80 5 42 71 96 20 
113 99 123 86 139 114 141 75 71 129 130 65 96 147 57 90 117 87 119 154 140 156 81 48 107 108 42 103 104 38 150 151 97 98 126 31 62 158 89 121 91 142 118 144 53 51 155 160 112 79 80 20 135 136 73 74 132 133 69 70 37 159 127 128 148 61 94 63 60 120 145 122 26 143 157 85 82 52 84 138 110 111 46 47 19 153 105 106 16 152 101 102 67 68 13 149 34 93 124 95 92 9 29 146 54 27 56 116 83 115 24 7 137 77 78 44 45 4 134 40 41 3 131 100 35 36 64 2 11 125 28 58 30 55 88 8 50 22 23 1 109 76 17 18 72 14 15 66 10 32 12 59 25 49 5 6 43 39 33 21 
114 98 91 87 140 141 81 108 70 128 99 130 63 122 123 57 118 119 53 155 156 112 113 80 136 42 74 102 71 104 149 129 151 65 95 96 31 146 147 89 90 143 144 85 86 52 160 138 139 111 20 47 153 73 106 75 131 103 133 38 36 150 159 97 125 126 61 62 30 158 120 121 27 157 116 117 83 84 24 154 137 46 78 48 45 105 134 107 15 132 152 69 66 37 68 127 12 148 93 94 59 60 9 145 55 56 8 142 115 50 51 23 77 109 79 76 4 18 135 39 16 41 101 67 100 13 33 34 2 124 92 28 29 88 25 26 82 49 1 6 110 17 43 19 40 72 3 35 64 10 11 58 54 5 21 7 44 14 32 22 
115 35 58 88 141 50 82 17 14 65 66 67 32 90 59 92 119 25 54 156 81 113 83 5 42 43 44 38 39 40 97 98 99 100 62 33 64 121 91 123 28 144 53 86 55 160 112 139 114 20 21 22 73 74 75 76 69 70 71 72 127 128 129 130 94 63 96 10 145 122 147 57 157 85 117 87 84 138 154 140 46 47 48 49 105 106 107 108 101 102 103 104 13 149 150 151 124 95 126 31 29 146 158 89 56 116 142 118 24 51 155 77 78 79 80 4 134 135 136 3 131 132 133 36 37 159 11 125 148 61 30 60 120 8 26 143 52 1 109 110 111 18 19 153 15 16 152 68 12 34 93 9 27 6 7 137 45 41 2 23 
116 152 93 138 8 142 143 109 159 41 101 131 120 2 124 125 24 154 155 25 26 27 157 134 6 110 137 68 127 149 72 3 15 132 9 145 146 10 11 12 148 50 51 52 160 53 54 55 56 18 135 153 21 7 23 77 100 13 36 150 104 14 39 16 28 29 30 158 31 32 33 34 81 82 83 84 85 86 87 88 43 19 45 105 47 22 49 1 130 35 66 37 133 38 70 40 57 58 59 60 61 62 63 64 112 113 114 115 117 118 119 74 44 76 4 78 48 80 5 151 65 98 67 69 102 71 89 90 91 92 94 95 96 139 140 141 144 106 75 108 17 79 111 20 97 128 99 103 121 122 123 126 156 107 136 42 46 129 147 73 
117 103 126 139 142 118 144 79 129 132 133 69 147 148 61 94 154 140 156 26 143 157 85 107 110 111 46 150 151 97 16 152 101 102 158 89 121 34 93 124 95 51 155 160 112 54 27 56 116 135 136 73 7 137 77 78 37 159 127 128 40 41 3 131 60 120 145 122 64 2 11 125 82 52 84 138 86 55 88 8 19 153 105 106 22 23 1 109 67 68 13 149 71 72 14 15 92 9 29 146 96 10 32 12 113 83 115 24 87 119 25 44 45 4 134 48 49 5 6 99 100 35 36 104 38 39 123 28 58 30 31 62 33 114 141 50 53 75 76 17 18 80 20 21 130 65 66 70 57 90 59 63 81 108 42 43 47 98 91 74 
118 102 95 140 143 144 85 111 128 131 103 133 122 125 126 61 155 156 112 27 157 116 117 136 137 46 78 149 129 151 15 132 152 69 146 147 89 12 148 93 94 52 160 138 139 55 56 8 142 153 73 106 23 77 109 79 36 150 159 97 39 16 41 101 30 158 120 121 33 34 2 124 83 84 24 154 87 88 25 26 45 105 134 107 49 1 6 110 66 37 68 127 70 40 72 3 59 60 9 145 63 64 10 11 114 115 50 51 119 53 54 76 4 18 135 80 5 21 7 98 67 100 13 71 104 14 91 92 28 29 96 31 32 141 81 82 86 108 17 43 19 20 47 22 99 130 35 38 123 57 58 62 113 42 74 44 48 65 90 75 
119 38 62 141 144 53 86 20 65 69 70 71 90 94 63 96 156 81 113 157 85 117 87 42 46 47 48 97 98 99 101 102 103 104 121 91 123 124 95 126 31 160 112 139 114 56 116 142 118 73 74 75 77 78 79 80 127 128 129 130 3 131 132 133 145 122 147 57 11 125 148 61 84 138 154 140 88 8 26 143 105 106 107 108 1 109 110 111 13 149 150 151 14 15 16 152 29 146 158 89 32 12 34 93 115 24 51 155 25 54 27 4 134 135 136 5 6 7 137 35 36 37 159 39 40 41 58 30 60 120 33 64 2 50 82 52 55 17 18 19 153 21 22 23 66 67 68 72 59 92 9 10 83 43 44 45 49 100 28 76 
120 135 138 93 9 145 146 150 110 19 153 105 116 24 154 155 2 124 125 28 29 30 158 132 37 159 127 7 137 77 44 45 4 134 8 142 143 50 51 52 160 10 11 12 148 57 58 59 60 16 152 101 67 68 13 149 22 23 1 109 75 76 17 18 25 26 27 157 81 82 83 84 31 32 33 34 89 90 91 92 40 41 3 131 99 100 35 36 48 49 5 6 107 108 42 43 53 54 55 56 112 113 114 115 61 62 63 64 121 122 123 71 72 14 15 129 130 65 66 79 80 20 21 136 73 74 85 86 87 88 139 140 141 94 95 96 147 103 104 38 39 151 97 98 111 46 47 106 117 118 119 156 126 133 69 70 128 78 144 102 
121 106 156 94 145 122 147 151 78 134 107 136 144 160 112 139 124 95 126 29 146 158 89 133 159 97 128 109 79 111 18 135 153 73 157 85 117 84 138 154 140 11 125 148 61 58 30 60 120 152 69 102 68 127 149 129 6 110 137 46 43 19 45 105 56 116 142 118 115 24 51 155 32 12 34 93 90 59 92 9 41 101 131 103 100 13 36 150 21 7 23 77 74 44 76 4 88 8 26 143 141 50 82 52 62 33 64 2 91 123 28 72 3 15 132 130 35 66 37 47 22 49 1 75 108 17 119 25 54 27 81 113 83 63 96 10 57 104 14 39 16 65 98 67 48 80 5 42 53 86 55 114 31 38 70 40 99 20 87 71 
122 73 140 95 146 147 89 97 46 105 106 107 118 155 156 112 125 126 61 30 158 120 121 69 127 128 129 77 78 79 4 134 135 136 143 144 85 52 160 138 139 12 148 93 94 59 60 9 145 101 102 103 13 149 150 151 1 109 110 111 17 18 19 153 27 157 116 117 83 84 24 154 33 34 2 124 91 92 28 29 3 131 132 133 35 36 37 159 5 6 7 137 42 43 44 45 55 56 8 142 114 115 50 51 63 64 10 11 123 57 58 14 15 16 152 65 66 67 68 20 21 22 23 74 75 76 87 88 25 26 141 81 82 96 31 32 90 38 39 40 41 98 99 100 47 48 49 108 119 53 54 113 62 70 71 72 130 80 86 104 
123 108 113 96 147 57 90 98 80 136 42 74 86 139 114 141 126 31 62 158 89 121 91 70 128 99 130 111 20 47 153 73 106 75 117 87 119 154 140 156 81 148 61 94 63 60 120 145 122 102 71 104 149 129 151 65 137 46 78 48 45 105 134 107 142 118 144 53 51 155 160 112 34 93 124 95 92 9 29 146 131 103 133 38 36 150 159 97 23 77 109 79 76 4 18 135 26 143 157 85 82 52 84 138 64 2 11 125 28 58 30 15 132 152 69 66 37 68 127 49 1 6 110 17 43 19 54 27 56 116 83 115 24 10 32 12 59 39 16 41 101 67 100 13 5 21 7 44 55 88 8 50 33 40 72 3 35 22 25 14 
124 109 157 145 11 125 148 152 134 6 110 137 160 56 116 142 29 146 158 32 12 34 93 159 41 101 131 18 135 153 21 7 23 77 84 138 154 88 8 26 143 58 30 60 120 62 33 64 2 68 127 149 72 3 15 132 43 19 45 105 47 22 49 1 115 24 51 155 119 25 54 27 90 59 92 9 94 63 96 10 100 13 36 150 104 14 39 16 74 44 76 4 78 48 80 5 141 50 82 52 144 53 86 55 121 91 123 28 95 126 31 130 35 66 37 133 38 70 40 106 75 108 17 79 111 20 156 81 113 83 85 117 87 122 147 57 61 151 65 98 67 69 102 71 107 136 42 46 112 139 114 118 89 97 128 99 103 73 140 129 
125 77 143 146 12 148 93 101 105 1 109 110 155 27 157 116 30 158 120 33 34 2 124 127 3 131 132 4 134 135 5 6 7 137 52 160 138 55 56 8 142 59 60 9 145 63 64 10 11 13 149 150 14 15 16 152 17 18 19 153 20 21 22 23 83 84 24 154 87 88 25 26 91 92 28 29 95 96 31 32 35 36 37 159 38 39 40 41 42 43 44 45 46 47 48 49 114 115 50 51 118 119 53 54 122 123 57 58 126 61 62 65 66 67 68 69 70 71 72 73 74 75 76 78 79 80 140 141 81 82 144 85 86 147 89 90 94 97 98 99 100 102 103 104 106 107 108 111 156 112 113 117 121 128 129 130 133 136 139 151 
126 111 117 147 148 61 94 102 136 137 46 78 139 142 118 144 158 89 121 34 93 124 95 128 131 103 133 153 73 106 23 77 109 79 154 140 156 26 143 157 85 60 120 145 122 64 2 11 125 149 129 151 15 132 152 69 45 105 134 107 49 1 6 110 51 155 160 112 54 27 56 116 92 9 29 146 96 10 32 12 36 150 159 97 39 16 41 101 76 4 18 135 80 5 21 7 82 52 84 138 86 55 88 8 123 28 58 30 31 62 33 66 37 68 127 70 40 72 3 108 17 43 19 20 47 22 113 83 115 24 87 119 25 57 90 59 63 98 67 100 13 71 104 14 42 74 44 48 114 141 50 53 91 99 130 35 38 75 81 65 
127 154 105 101 13 149 150 158 142 51 155 160 77 4 134 135 3 131 132 35 36 37 159 148 60 120 145 26 143 157 82 52 84 138 1 109 110 17 18 19 153 14 15 16 152 65 66 67 68 34 93 124 92 9 29 146 54 27 56 116 113 83 115 24 5 6 7 137 42 43 44 45 38 39 40 41 97 98 99 100 64 2 11 125 123 28 58 30 86 55 88 8 139 114 141 50 20 21 22 23 73 74 75 76 69 70 71 72 128 129 130 96 10 32 12 147 57 90 59 117 87 119 25 140 156 81 46 47 48 49 106 107 108 102 103 104 151 126 31 62 33 89 121 91 118 144 53 112 78 79 80 136 133 61 94 63 122 85 111 95 
128 112 136 102 149 129 151 89 85 138 139 140 111 153 73 106 131 103 133 36 150 159 97 61 120 121 122 116 117 118 24 154 155 156 137 46 78 45 105 134 107 15 132 152 69 66 37 68 127 93 94 95 9 145 146 147 8 142 143 144 50 51 52 160 23 77 109 79 76 4 18 135 39 16 41 101 98 67 100 13 2 124 125 126 28 29 30 158 25 26 27 157 81 82 83 84 49 1 6 110 108 17 43 19 70 40 72 3 99 130 35 10 11 12 148 57 58 59 60 53 54 55 56 113 114 115 80 5 21 7 42 74 44 71 104 14 65 31 32 33 34 90 91 92 86 87 88 141 20 47 22 75 38 62 63 64 123 119 48 96 
129 156 107 103 150 151 97 121 144 160 112 139 79 135 136 73 132 133 69 37 159 127 128 94 145 122 147 157 85 117 84 138 154 140 110 111 46 19 153 105 106 16 152 101 102 67 68 13 149 124 95 126 29 146 158 89 56 116 142 118 115 24 51 155 7 137 77 78 44 45 4 134 40 41 3 131 99 100 35 36 11 125 148 61 58 30 60 120 88 8 26 143 141 50 82 52 22 23 1 109 75 76 17 18 71 72 14 15 130 65 66 32 12 34 93 90 59 92 9 119 25 54 27 81 113 83 48 49 5 6 108 42 43 104 38 39 98 62 33 64 2 91 123 28 53 86 55 114 80 20 21 74 70 63 96 10 57 87 47 31 
130 114 74 104 151 65 98 91 87 140 141 81 47 106 75 108 133 38 70 159 97 128 99 63 122 123 57 118 119 53 155 156 112 113 78 48 80 134 107 136 42 152 69 102 71 68 127 149 129 95 96 31 146 147 89 90 143 144 85 86 52 160 138 139 109 79 111 20 18 135 153 73 41 101 131 103 100 13 36 150 125 126 61 62 30 158 120 121 27 157 116 117 83 84 24 154 6 110 137 46 43 19 45 105 72 3 15 132 35 66 37 12 148 93 94 59 60 9 145 55 56 8 142 115 50 51 21 7 23 77 44 76 4 14 39 16 67 33 34 2 124 92 28 29 88 25 26 82 22 49 1 17 40 64 10 11 58 54 5 32 
131 116 137 149 15 132 152 93 138 8 142 143 153 23 77 109 36 150 159 39 16 41 101 120 2 124 125 24 154 155 25 26 27 157 45 105 134 49 1 6 110 66 37 68 127 70 40 72 3 9 145 146 10 11 12 148 50 51 52 160 53 54 55 56 76 4 18 135 80 5 21 7 98 67 100 13 102 71 104 14 28 29 30 158 31 32 33 34 81 82 83 84 85 86 87 88 108 17 43 19 111 20 47 22 128 99 130 35 103 133 38 57 58 59 60 61 62 63 64 112 113 114 115 117 118 119 136 42 74 44 46 78 48 129 151 65 69 89 90 91 92 94 95 96 139 140 141 144 73 106 75 79 97 121 122 123 126 156 107 147 
132 157 110 150 16 152 101 124 160 56 116 142 135 7 137 77 37 159 127 40 41 3 131 145 11 125 148 84 138 154 88 8 26 143 19 153 105 22 23 1 109 67 68 13 149 71 72 14 15 29 146 158 32 12 34 93 115 24 51 155 119 25 54 27 44 45 4 134 48 49 5 6 99 100 35 36 103 104 38 39 58 30 60 120 62 33 64 2 141 50 82 52 144 53 86 55 75 76 17 18 79 80 20 21 129 130 65 66 133 69 70 90 59 92 9 94 63 96 10 156 81 113 83 85 117 87 107 108 42 43 111 46 47 151 97 98 102 121 91 123 28 95 126 31 112 139 114 118 136 73 74 78 128 122 147 57 61 140 106 89 
133 118 78 151 152 69 102 95 140 143 144 85 106 109 79 111 159 97 128 41 101 131 103 122 125 126 61 155 156 112 27 157 116 117 134 107 136 6 110 137 46 68 127 149 129 72 3 15 132 146 147 89 12 148 93 94 52 160 138 139 55 56 8 142 18 135 153 73 21 7 23 77 100 13 36 150 104 14 39 16 30 158 120 121 33 34 2 124 83 84 24 154 87 88 25 26 43 19 45 105 47 22 49 1 130 35 66 37 38 70 40 59 60 9 145 63 64 10 11 114 115 50 51 119 53 54 74 44 76 4 48 80 5 65 98 67 71 91 92 28 29 96 31 32 141 81 82 86 75 108 17 20 99 123 57 58 62 113 42 90 
134 158 159 109 18 135 153 154 148 60 120 145 152 68 127 149 6 110 137 43 19 45 105 142 51 155 160 34 93 124 92 9 29 146 41 101 131 100 13 36 150 21 7 23 77 74 44 76 4 26 143 157 82 52 84 138 64 2 11 125 123 28 58 30 72 3 15 132 130 35 66 37 47 22 49 1 106 75 108 17 54 27 56 116 113 83 115 24 96 10 32 12 147 57 90 59 104 14 39 16 151 65 98 67 78 48 80 5 107 136 42 86 55 88 8 139 114 141 50 126 31 62 33 89 121 91 133 38 70 40 97 128 99 79 111 20 73 117 87 119 25 140 156 81 61 94 63 122 69 102 71 129 46 118 144 53 112 95 103 85 
135 146 150 110 19 153 105 155 125 30 158 120 132 37 159 127 7 137 77 44 45 4 134 143 52 160 138 12 148 93 59 60 9 145 16 152 101 67 68 13 149 22 23 1 109 75 76 17 18 27 157 116 83 84 24 154 33 34 2 124 91 92 28 29 40 41 3 131 99 100 35 36 48 49 5 6 107 108 42 43 55 56 8 142 114 115 50 51 63 64 10 11 122 123 57 58 71 72 14 15 129 130 65 66 79 80 20 21 136 73 74 87 88 25 26 140 141 81 82 95 96 31 32 147 89 90 103 104 38 39 151 97 98 111 46 47 106 118 119 53 54 156 112 113 126 61 62 121 133 69 70 128 78 144 85 86 139 94 102 117 
136 121 128 111 153 73 106 156 94 145 122 147 102 149 129 151 137 46 78 45 105 134 107 144 160 112 139 124 95 126 29 146 158 89 131 103 133 36 150 159 97 23 77 109 79 76 4 18 135 157 85 117 84 138 154 140 11 125 148 61 58 30 60 120 15 132 152 69 66 37 68 127 49 1 6 110 108 17 43 19 56 116 142 118 115 24 51 155 32 12 34 93 90 59 92 9 39 16 41 101 98 67 100 13 80 5 21 7 42 74 44 88 8 26 143 141 50 82 52 62 33 64 2 91 123 28 70 40 72 3 99 130 35 20 47 22 75 119 25 54 27 81 113 83 63 96 10 57 71 104 14 65 48 53 86 55 114 31 38 87 
137 124 131 153 23 77 109 157 145 11 125 148 149 15 132 152 45 105 134 49 1 6 110 160 56 116 142 29 146 158 32 12 34 93 36 150 159 39 16 41 101 76 4 18 135 80 5 21 7 84 138 154 88 8 26 143 58 30 60 120 62 33 64 2 66 37 68 127 70 40 72 3 108 17 43 19 111 20 47 22 115 24 51 155 119 25 54 27 90 59 92 9 94 63 96 10 98 67 100 13 102 71 104 14 136 42 74 44 46 78 48 141 50 82 52 144 53 86 55 121 91 123 28 95 126 31 128 99 130 35 103 133 38 73 106 75 79 156 81 113 83 85 117 87 122 147 57 61 129 151 65 69 107 112 139 114 118 89 97 140 
138 159 120 116 24 154 155 134 152 68 127 149 93 9 145 146 8 142 143 50 51 52 160 109 18 135 153 41 101 131 100 13 36 150 2 124 125 28 29 30 158 25 26 27 157 81 82 83 84 6 110 137 43 19 45 105 72 3 15 132 130 35 66 37 10 11 12 148 57 58 59 60 53 54 55 56 112 113 114 115 21 7 23 77 74 44 76 4 104 14 39 16 151 65 98 67 31 32 33 34 89 90 91 92 85 86 87 88 139 140 141 47 22 49 1 106 75 108 17 133 38 70 40 97 128 99 61 62 63 64 121 122 123 117 118 119 156 78 48 80 5 107 136 42 69 102 71 129 94 95 96 147 144 79 111 20 73 103 126 46 
139 129 147 117 154 140 156 107 103 150 151 97 126 158 89 121 142 118 144 51 155 160 112 79 135 136 73 132 133 69 37 159 127 128 148 61 94 60 120 145 122 26 143 157 85 82 52 84 138 110 111 46 19 153 105 106 16 152 101 102 67 68 13 149 34 93 124 95 92 9 29 146 54 27 56 116 113 83 115 24 7 137 77 78 44 45 4 134 40 41 3 131 99 100 35 36 64 2 11 125 123 28 58 30 86 55 88 8 114 141 50 22 23 1 109 75 76 17 18 71 72 14 15 130 65 66 96 10 32 12 57 90 59 87 119 25 81 48 49 5 6 108 42 43 104 38 39 98 31 62 33 91 53 80 20 21 74 70 63 47 
140 128 122 118 155 156 112 136 102 149 129 151 95 146 147 89 143 144 85 52 160 138 139 111 153 73 106 131 103 133 36 150 159 97 125 126 61 30 158 120 121 27 157 116 117 83 84 24 154 137 46 78 45 105 134 107 15 132 152 69 66 37 68 127 12 148 93 94 59 60 9 145 55 56 8 142 114 115 50 51 23 77 109 79 76 4 18 135 39 16 41 101 98 67 100 13 33 34 2 124 91 92 28 29 87 88 25 26 141 81 82 49 1 6 110 108 17 43 19 70 40 72 3 99 130 35 63 64 10 11 123 57 58 119 53 54 113 80 5 21 7 42 74 44 71 104 14 65 96 31 32 90 86 20 47 22 75 38 62 48 
141 65 90 119 156 81 113 42 38 97 98 99 62 121 91 123 144 53 86 160 112 139 114 20 73 74 75 69 70 71 127 128 129 130 94 63 96 145 122 147 57 157 85 117 87 84 138 154 140 46 47 48 105 106 107 108 101 102 103 104 13 149 150 151 124 95 126 31 29 146 158 89 56 116 142 118 115 24 51 155 77 78 79 80 4 134 135 136 3 131 132 133 35 36 37 159 11 125 148 61 58 30 60 120 88 8 26 143 50 82 52 1 109 110 111 17 18 19 153 14 15 16 152 66 67 68 32 12 34 93 59 92 9 25 54 27 83 5 6 7 137 43 44 45 39 40 41 100 33 64 2 28 55 21 22 23 76 72 10 49 
142 132 148 154 26 143 157 110 150 16 152 101 158 34 93 124 51 155 160 54 27 56 116 135 7 137 77 37 159 127 40 41 3 131 60 120 145 64 2 11 125 82 52 84 138 86 55 88 8 19 153 105 22 23 1 109 67 68 13 149 71 72 14 15 92 9 29 146 96 10 32 12 113 83 115 24 117 87 119 25 44 45 4 134 48 49 5 6 99 100 35 36 103 104 38 39 123 28 58 30 126 31 62 33 139 114 141 50 118 144 53 75 76 17 18 79 80 20 21 129 130 65 66 133 69 70 147 57 90 59 61 94 63 140 156 81 85 107 108 42 43 111 46 47 151 97 98 102 89 121 91 95 112 136 73 74 78 128 122 106 
143 131 125 155 27 157 116 137 149 15 132 152 146 12 148 93 52 160 138 55 56 8 142 153 23 77 109 36 150 159 39 16 41 101 30 158 120 33 34 2 124 83 84 24 154 87 88 25 26 45 105 134 49 1 6 110 66 37 68 127 70 40 72 3 59 60 9 145 63 64 10 11 114 115 50 51 118 119 53 54 76 4 18 135 80 5 21 7 98 67 100 13 102 71 104 14 91 92 28 29 95 96 31 32 140 141 81 82 144 85 86 108 17 43 19 111 20 47 22 128 99 130 35 103 133 38 122 123 57 58 126 61 62 156 112 113 117 136 42 74 44 46 78 48 129 151 65 69 147 89 90 94 139 73 106 75 79 97 121 107 
144 69 94 156 157 85 117 46 97 101 102 103 121 124 95 126 160 112 139 56 116 142 118 73 77 78 79 127 128 129 3 131 132 133 145 122 147 11 125 148 61 84 138 154 140 88 8 26 143 105 106 107 1 109 110 111 13 149 150 151 14 15 16 152 29 146 158 89 32 12 34 93 115 24 51 155 119 25 54 27 4 134 135 136 5 6 7 137 35 36 37 159 38 39 40 41 58 30 60 120 62 33 64 2 141 50 82 52 53 86 55 17 18 19 153 20 21 22 23 65 66 67 68 70 71 72 90 59 92 9 63 96 10 81 113 83 87 42 43 44 45 47 48 49 98 99 100 104 91 123 28 31 114 74 75 76 80 130 57 108 
145 134 160 124 29 146 158 159 109 18 135 153 157 84 138 154 11 125 148 58 30 60 120 152 68 127 149 6 110 137 43 19 45 105 56 116 142 115 24 51 155 32 12 34 93 90 59 92 9 41 101 131 100 13 36 150 21 7 23 77 74 44 76 4 88 8 26 143 141 50 82 52 62 33 64 2 121 91 123 28 72 3 15 132 130 35 66 37 47 22 49 1 106 75 108 17 119 25 54 27 156 81 113 83 94 63 96 10 122 147 57 104 14 39 16 151 65 98 67 78 48 80 5 107 136 42 144 53 86 55 112 139 114 95 126 31 89 133 38 70 40 97 128 99 79 111 20 73 85 117 87 140 61 69 102 71 129 46 118 103 
146 105 155 125 30 158 120 127 77 4 134 135 143 52 160 138 12 148 93 59 60 9 145 101 13 149 150 1 109 110 17 18 19 153 27 157 116 83 84 24 154 33 34 2 124 91 92 28 29 3 131 132 35 36 37 159 5 6 7 137 42 43 44 45 55 56 8 142 114 115 50 51 63 64 10 11 122 123 57 58 14 15 16 152 65 66 67 68 20 21 22 23 73 74 75 76 87 88 25 26 140 141 81 82 95 96 31 32 147 89 90 38 39 40 41 97 98 99 100 46 47 48 49 106 107 108 118 119 53 54 156 112 113 126 61 62 121 69 70 71 72 128 129 130 78 79 80 136 144 85 86 139 94 102 103 104 151 111 117 133 
147 136 139 126 158 89 121 128 111 153 73 106 117 154 140 156 148 61 94 60 120 145 122 102 149 129 151 137 46 78 45 105 134 107 142 118 144 51 155 160 112 34 93 124 95 92 9 29 146 131 103 133 36 150 159 97 23 77 109 79 76 4 18 135 26 143 157 85 82 52 84 138 64 2 11 125 123 28 58 30 15 132 152 69 66 37 68 127 49 1 6 110 108 17 43 19 54 27 56 116 113 83 115 24 96 10 32 12 57 90 59 39 16 41 101 98 67 100 13 80 5 21 7 42 74 44 86 55 88 8 114 141 50 31 62 33 91 70 40 72 3 99 130 35 20 47 22 75 87 119 25 81 63 71 104 14 65 48 53 38 
148 137 142 158 34 93 124 131 153 23 77 109 154 26 143 157 60 120 145 64 2 11 125 149 15 132 152 45 105 134 49 1 6 110 51 155 160 54 27 56 116 92 9 29 146 96 10 32 12 36 150 159 39 16 41 101 76 4 18 135 80 5 21 7 82 52 84 138 86 55 88 8 123 28 58 30 126 31 62 33 66 37 68 127 70 40 72 3 108 17 43 19 111 20 47 22 113 83 115 24 117 87 119 25 147 57 90 59 61 94 63 98 67 100 13 102 71 104 14 136 42 74 44 46 78 48 139 114 141 50 118 144 53 89 121 91 95 128 99 130 35 103 133 38 73 106 75 79 140 156 81 85 122 129 151 65 69 107 112 97 
149 138 153 131 36 150 159 120 116 24 154 155 137 45 105 134 15 132 152 66 37 68 127 93 9 145 146 8 142 143 50 51 52 160 23 77 109 76 4 18 135 39 16 41 101 98 67 100 13 2 124 125 28 29 30 158 25 26 27 157 81 82 83 84 49 1 6 110 108 17 43 19 70 40 72 3 128 99 130 35 10 11 12 148 57 58 59 60 53 54 55 56 112 113 114 115 80 5 21 7 136 42 74 44 102 71 104 14 129 151 65 31 32 33 34 89 90 91 92 85 86 87 88 139 140 141 111 20 47 22 73 106 75 103 133 38 97 61 62 63 64 121 122 123 117 118 119 156 46 78 48 107 69 94 95 96 147 144 79 126 
150 160 135 132 37 159 127 145 157 84 138 154 110 19 153 105 16 152 101 67 68 13 149 124 29 146 158 56 116 142 115 24 51 155 7 137 77 44 45 4 134 40 41 3 131 99 100 35 36 11 125 148 58 30 60 120 88 8 26 143 141 50 82 52 22 23 1 109 75 76 17 18 71 72 14 15 129 130 65 66 32 12 34 93 90 59 92 9 119 25 54 27 156 81 113 83 48 49 5 6 107 108 42 43 103 104 38 39 151 97 98 62 33 64 2 121 91 123 28 144 53 86 55 112 139 114 79 80 20 21 136 73 74 133 69 70 128 94 63 96 10 122 147 57 85 117 87 140 111 46 47 106 102 95 126 31 89 118 78 61 
151 140 106 133 159 97 128 122 118 155 156 112 78 134 107 136 152 69 102 68 127 149 129 95 146 147 89 143 144 85 52 160 138 139 109 79 111 18 135 153 73 41 101 131 103 100 13 36 150 125 126 61 30 158 120 121 27 157 116 117 83 84 24 154 6 110 137 46 43 19 45 105 72 3 15 132 130 35 66 37 12 148 93 94 59 60 9 145 55 56 8 142 114 115 50 51 21 7 23 77 74 44 76 4 104 14 39 16 65 98 67 33 34 2 124 91 92 28 29 87 88 25 26 141 81 82 47 22 49 1 75 108 17 38 70 40 99 63 64 10 11 123 57 58 119 53 54 113 48 80 5 42 71 96 31 32 90 86 20 62 
152 143 109 159 41 101 131 125 155 27 157 116 134 6 110 137 68 127 149 72 3 15 132 146 12 148 93 52 160 138 55 56 8 142 18 135 153 21 7 23 77 100 13 36 150 104 14 39 16 30 158 120 33 34 2 124 83 84 24 154 87 88 25 26 43 19 45 105 47 22 49 1 130 35 66 37 133 38 70 40 59 60 9 145 63 64 10 11 114 115 50 51 118 119 53 54 74 44 76 4 78 48 80 5 151 65 98 67 69 102 71 91 92 28 29 95 96 31 32 140 141 81 82 144 85 86 106 75 108 17 79 111 20 97 128 99 103 122 123 57 58 126 61 62 156 112 113 117 107 136 42 46 129 147 89 90 94 139 73 121 
153 145 149 137 45 105 134 160 124 29 146 158 131 36 150 159 23 77 109 76 4 18 135 157 84 138 154 11 125 148 58 30 60 120 15 132 152 66 37 68 127 49 1 6 110 108 17 43 19 56 116 142 115 24 51 155 32 12 34 93 90 59 92 9 39 16 41 101 98 67 100 13 80 5 21 7 136 42 74 44 88 8 26 143 141 50 82 52 62 33 64 2 121 91 123 28 70 40 72 3 128 99 130 35 111 20 47 22 73 106 75 119 25 54 27 156 81 113 83 94 63 96 10 122 147 57 102 71 104 14 129 151 65 46 78 48 107 144 53 86 55 112 139 114 95 126 31 89 103 133 38 97 79 85 117 87 140 61 69 118 
154 150 158 142 51 155 160 135 132 37 159 127 148 60 120 145 26 143 157 82 52 84 138 110 19 153 105 16 152 101 67 68 13 149 34 93 124 92 9 29 146 54 27 56 116 113 83 115 24 7 137 77 44 45 4 134 40 41 3 131 99 100 35 36 64 2 11 125 123 28 58 30 86 55 88 8 139 114 141 50 22 23 1 109 75 76 17 18 71 72 14 15 129 130 65 66 96 10 32 12 147 57 90 59 117 87 119 25 140 156 81 48 49 5 6 107 108 42 43 103 104 38 39 151 97 98 126 31 62 33 89 121 91 118 144 53 112 79 80 20 21 136 73 74 133 69 70 128 61 94 63 122 85 111 46 47 106 102 95 78 
155 149 146 143 52 160 138 153 131 36 150 159 125 30 158 120 27 157 116 83 84 24 154 137 45 105 134 15 132 152 66 37 68 127 12 148 93 59 60 9 145 55 56 8 142 114 115 50 51 23 77 109 76 4 18 135 39 16 41 101 98 67 100 13 33 34 2 124 91 92 28 29 87 88 25 26 140 141 81 82 49 1 6 110 108 17 43 19 70 40 72 3 128 99 130 35 63 64 10 11 122 123 57 58 118 119 53 54 156 112 113 80 5 21 7 136 42 74 44 102 71 104 14 129 151 65 95 96 31 32 147 89 90 144 85 86 139 111 20 47 22 73 106 75 103 133 38 97 126 61 62 121 117 46 78 48 107 69 94 79 
156 97 121 144 160 112 139 73 69 127 128 129 94 145 122 147 157 85 117 84 138 154 140 46 105 106 107 101 102 103 13 149 150 151 124 95 126 29 146 158 89 56 116 142 118 115 24 51 155 77 78 79 4 134 135 136 3 131 132 133 35 36 37 159 11 125 148 61 58 30 60 120 88 8 26 143 141 50 82 52 1 109 110 111 17 18 19 153 14 15 16 152 65 66 67 68 32 12 34 93 90 59 92 9 119 25 54 27 81 113 83 5 6 7 137 42 43 44 45 38 39 40 41 98 99 100 62 33 64 2 91 123 28 53 86 55 114 20 21 22 23 74 75 76 70 71 72 130 63 96 10 57 87 47 48 49 108 104 31 80 
157 101 124 160 56 116 142 77 127 3 131 132 145 11 125 148 84 138 154 88 8 26 143 105 1 109 110 13 149 150 14 15 16 152 29 146 158 32 12 34 93 115 24 51 155 119 25 54 27 4 134 135 5 6 7 137 35 36 37 159 38 39 40 41 58 30 60 120 62 33 64 2 141 50 82 52 144 53 86 55 17 18 19 153 20 21 22 23 65 66 67 68 69 70 71 72 90 59 92 9 94 63 96 10 156 81 113 83 85 117 87 42 43 44 45 46 47 48 49 97 98 99 100 102 103 104 121 91 123 28 95 126 31 112 139 114 118 73 74 75 76 78 79 80 128 129 130 133 122 147 57 61 140 106 107 108 111 151 89 136 
158 153 154 148 60 120 145 149 137 45 105 134 142 51 155 160 34 93 124 92 9 29 146 131 36 150 159 23 77 109 76 4 18 135 26 143 157 82 52 84 138 64 2 11 125 123 28 58 30 15 132 152 66 37 68 127 49 1 6 110 108 17 43 19 54 27 56 116 113 83 115 24 96 10 32 12 147 57 90 59 39 16 41 101 98 67 100 13 80 5 21 7 136 42 74 44 86 55 88 8 139 114 141 50 126 31 62 33 89 121 91 70 40 72 3 128 99 130 35 111 20 47 22 73 106 75 117 87 119 25 140 156 81 61 94 63 122 102 71 104 14 129 151 65 46 78 48 107 118 144 53 112 95 103 133 38 97 79 85 69 
159 155 134 152 68 127 149 146 143 52 160 138 109 18 135 153 41 101 131 100 13 36 150 125 30 158 120 27 157 116 83 84 24 154 6 110 137 43 19 45 105 72 3 15 132 130 35 66 37 12 148 93 59 60 9 145 55 56 8 142 114 115 50 51 21 7 23 77 74 44 76 4 104 14 39 16 151 65 98 67 33 34 2 124 91 92 28 29 87 88 25 26 140 141 81 82 47 22 49 1 106 75 108 17 133 38 70 40 97 128 99 63 64 10 11 122 123 57 58 118 119 53 54 156 112 113 78 48 80 5 107 136 42 69 102 71 129 95 96 31 32 147 89 90 144 85 86 139 79 111 20 73 103 126 61 62 121 117 46 94 
160 127 145 157 84 138 154 105 101 13 149 150 124 29 146 158 56 116 142 115 24 51 155 77 4 134 135 3 131 132 35 36 37 159 11 125 148 58 30 60 120 88 8 26 143 141 50 82 52 1 109 110 17 18 19 153 14 15 16 152 65 66 67 68 32 12 34 93 90 59 92 9 119 25 54 27 156 81 113 83 5 6 7 137 42 43 44 45 38 39 40 41 97 98 99 100 62 33 64 2 121 91 123 28 144 53 86 55 112 139 114 20 21 22 23 73 74 75 76 69 70 71 72 128 129 130 94 63 96 10 122 147 57 85 117 87 140 46 47 48 49 106 107 108 102 103 104 151 95 126 31 89 118 78 79 80 136 133 61 111 
