144 127
1 2 3 4 5 6 7 8 9 10 11 12 13 14 15 16 17 18 19 20 21 22 23 24 25 26 27 28 29 30 31 32 33 34 35 36 37 38 39 40 41 42 43 44 45 46 47 48 49 50 51 52 53 54 55 56 57 58 59 60 61 62 63 64 65 66 67 68 69 70 71 72 73 74 75 76 77 78 79 80 81 82 83 84 85 86 87 88 89 90 91 92 93 94 95 96 97 98 99 100 101 102 103 104 105 106 107 108 109 110 111 112 113 114 115 116 117 118 119 120 121 122 123 124 125 126 127 128 129 130 131 132 133 134 135 136 137 138 139 140 141 142 143 144 
2 7 8 9 10 11 12 17 20 22 24 1 25 26 27 28 29 30 31 32 33 34 35 36 40 43 45 47 3 49 51 4 53 5 54 6 55 56 57 58 59 60 61 62 63 64 65 66 67 68 69 70 71 72 75 77 79 13 81 83 14 85 15 86 16 88 18 89 19 90 21 23 91 92 93 94 95 96 97 98 99 100 101 102 103 104 105 106 107 108 110 112 37 114 38 115 39 117 41 118 42 119 44 46 120 48 50 52 121 122 123 124 125 126 127 128 129 130 131 132 134 73 135 74 136 76 78 137 80 82 84 87 138 139 140 141 142 143 109 111 113 116 144 133 
3 8 13 14 15 16 17 25 26 27 28 29 1 37 38 39 40 41 42 43 44 45 46 47 2 55 56 57 58 59 60 61 62 63 64 65 4 5 6 7 73 74 75 76 77 78 79 80 81 82 83 84 85 86 9 10 11 12 91 92 93 94 95 96 97 98 99 100 101 102 103 104 18 19 20 21 22 23 24 109 110 111 112 113 114 115 116 117 118 119 30 31 32 33 34 35 36 121 122 123 124 125 126 127 128 129 130 131 48 49 50 51 52 53 54 133 134 135 136 137 66 67 68 69 70 71 72 138 139 140 141 142 87 88 89 90 143 105 106 107 108 144 120 132 
4 9 41 7 18 19 20 59 12 30 31 32 38 15 43 80 81 22 24 1 48 49 50 51 56 27 61 98 99 34 36 2 66 67 68 69 110 40 76 77 17 44 45 83 14 116 117 53 5 54 6 87 88 89 122 58 94 95 29 62 63 101 26 128 129 71 10 72 11 105 106 107 37 134 73 79 13 113 114 47 3 84 85 118 42 137 90 21 23 120 55 139 91 97 25 125 126 65 8 102 103 130 60 142 108 33 35 132 74 75 143 109 115 39 136 86 16 119 82 52 92 93 144 121 127 57 141 104 28 131 100 70 111 112 133 78 46 123 124 138 96 64 135 140 
5 10 14 49 7 21 22 26 67 12 33 34 73 17 41 42 43 4 88 18 24 1 52 53 91 29 59 60 61 9 106 30 36 2 70 71 38 75 109 110 45 47 3 80 81 82 83 19 20 120 48 54 6 90 56 93 121 122 63 65 8 98 99 100 101 31 32 132 66 72 11 108 40 76 77 112 37 133 134 85 15 86 16 116 117 118 50 51 87 23 58 94 95 124 55 138 139 103 27 104 28 128 129 130 68 69 105 35 79 13 113 114 135 74 143 119 44 46 137 89 97 25 125 126 140 92 144 131 62 64 142 107 115 39 136 111 84 127 57 141 123 102 78 96 
6 35 16 19 21 23 24 64 68 70 2 72 39 42 44 46 47 48 50 51 52 53 1 54 96 100 102 8 104 105 9 107 10 108 11 12 74 76 78 79 80 82 83 84 85 3 86 87 88 4 89 5 90 7 123 125 25 127 128 26 130 27 131 28 29 30 132 31 32 33 34 36 109 111 112 113 114 13 115 116 117 14 118 15 119 17 18 120 20 22 138 55 140 56 141 57 58 59 142 60 61 62 63 65 66 67 69 71 133 134 37 135 38 136 40 41 137 43 45 49 91 144 92 93 94 95 97 98 99 101 103 106 73 143 75 77 81 121 122 124 126 129 110 139 
7 12 17 20 22 24 1 29 32 34 36 2 40 43 45 47 3 49 51 4 53 5 54 6 58 61 63 65 8 67 69 9 71 10 72 11 75 77 79 13 81 83 14 85 15 86 16 88 18 89 19 90 21 23 93 95 97 25 99 101 26 103 27 104 28 106 30 107 31 108 33 35 110 112 37 114 38 115 39 117 41 118 42 119 44 46 120 48 50 52 122 124 55 126 56 127 57 129 59 130 60 131 62 64 132 66 68 70 134 73 135 74 136 76 78 137 80 82 84 87 139 91 140 92 141 94 96 142 98 100 102 105 143 109 111 113 116 144 121 123 125 128 133 138 
8 17 25 26 27 28 29 40 43 45 47 3 2 55 56 57 58 59 60 61 62 63 64 65 7 75 77 79 13 81 83 14 85 15 86 16 9 10 11 12 91 92 93 94 95 96 97 98 99 100 101 102 103 104 20 22 24 1 110 112 37 114 38 115 39 117 41 118 42 119 44 46 30 31 32 33 34 35 36 121 122 123 124 125 126 127 128 129 130 131 49 51 4 53 5 54 6 134 73 135 74 136 76 78 137 80 82 84 66 67 68 69 70 71 72 138 139 140 141 142 88 18 89 19 90 21 23 143 109 111 113 116 105 106 107 108 144 120 48 50 52 133 132 87 
9 20 59 12 30 31 32 81 1 49 51 4 56 27 61 98 99 34 36 2 66 67 68 69 77 45 14 117 41 5 6 7 88 18 89 19 122 58 94 95 29 62 63 101 26 128 129 71 10 72 11 105 106 107 73 13 114 38 3 85 15 42 43 137 80 21 22 23 24 120 48 50 55 139 91 97 25 125 126 65 8 102 103 130 60 142 108 33 35 132 75 109 110 39 40 136 76 16 17 119 44 82 83 116 52 53 54 87 92 93 144 121 127 57 141 104 28 131 100 70 112 37 133 134 78 79 113 46 47 84 118 90 123 124 138 96 64 135 74 143 115 86 140 111 
10 22 26 67 12 33 34 43 18 1 53 5 91 29 59 60 61 9 106 30 36 2 70 71 110 3 81 83 14 20 48 49 6 7 90 21 56 93 121 122 63 65 8 98 99 100 101 31 32 132 66 72 11 108 77 37 134 73 15 16 17 117 41 118 42 51 4 87 88 23 24 52 58 94 95 124 55 138 139 103 27 104 28 128 129 130 68 69 105 35 13 114 38 74 75 143 109 44 45 46 47 137 80 82 89 19 120 54 97 25 125 126 140 92 144 131 62 64 142 107 39 40 136 76 111 112 133 84 85 86 116 50 127 57 141 123 102 78 79 113 135 119 96 115 
11 54 28 31 33 35 36 86 89 90 7 23 57 60 62 64 65 66 68 69 70 71 2 72 115 118 119 17 46 120 20 50 22 52 24 1 92 94 96 97 98 100 101 102 103 8 104 105 106 9 107 10 108 12 135 136 40 78 137 43 82 45 84 47 3 49 87 51 4 53 5 6 121 123 124 125 126 25 127 128 129 26 130 27 131 29 30 132 32 34 143 75 111 77 113 79 13 81 116 83 14 85 15 16 88 18 19 21 138 139 55 140 56 141 58 59 142 61 63 67 110 133 112 37 114 38 39 117 41 42 44 48 91 144 93 95 99 134 73 74 76 80 122 109 
12 1 29 32 34 36 2 3 4 5 6 7 58 61 63 65 8 67 69 9 71 10 72 11 13 14 15 16 17 18 19 20 21 22 23 24 93 95 97 25 99 101 26 103 27 104 28 106 30 107 31 108 33 35 37 38 39 40 41 42 43 44 45 46 47 48 49 50 51 52 53 54 122 124 55 126 56 127 57 129 59 130 60 131 62 64 132 66 68 70 73 74 75 76 77 78 79 80 81 82 83 84 85 86 87 88 89 90 139 91 140 92 141 94 96 142 98 100 102 105 109 110 111 112 113 114 115 116 117 118 119 120 144 121 123 125 128 133 134 135 136 137 138 143 
13 25 1 37 38 39 40 2 55 56 57 58 3 4 5 6 7 73 74 75 76 77 78 79 8 9 10 11 12 91 92 93 94 95 96 97 14 15 16 17 18 19 20 21 22 23 24 109 110 111 112 113 114 115 26 27 28 29 30 31 32 33 34 35 36 121 122 123 124 125 126 127 41 42 43 44 45 46 47 48 49 50 51 52 53 54 133 134 135 136 59 60 61 62 63 64 65 66 67 68 69 70 71 72 138 139 140 141 80 81 82 83 84 85 86 87 88 89 90 143 98 99 100 101 102 103 104 105 106 107 108 144 116 117 118 119 120 128 129 130 131 132 137 142 
14 26 73 17 41 42 43 91 29 59 60 61 5 38 75 109 110 45 47 3 80 81 82 83 10 56 93 121 122 63 65 8 98 99 100 101 49 7 21 22 40 76 77 112 37 133 134 85 15 86 16 116 117 118 67 12 33 34 58 94 95 124 55 138 139 103 27 104 28 128 129 130 4 88 18 24 1 52 53 79 13 113 114 135 74 143 119 44 46 137 9 106 30 36 2 70 71 97 25 125 126 140 92 144 131 62 64 142 19 20 120 48 54 6 90 115 39 136 111 84 31 32 132 66 72 11 108 127 57 141 123 102 50 51 87 23 78 68 69 105 35 96 89 107 
15 27 37 81 17 44 45 55 99 29 62 63 18 40 73 74 75 14 117 41 47 3 84 85 30 58 91 92 93 26 129 59 65 8 102 103 5 20 48 49 77 79 13 109 110 111 112 42 43 137 80 86 16 119 10 32 66 67 95 97 25 121 122 123 124 60 61 142 98 104 28 131 7 21 22 51 4 87 88 114 38 115 39 133 134 135 82 83 116 46 12 33 34 69 9 105 106 126 56 127 57 138 139 140 100 101 128 64 24 1 52 53 89 19 120 136 76 78 143 118 36 2 70 71 107 31 132 141 94 96 144 130 54 6 90 50 113 72 11 108 68 125 23 35 
16 64 39 42 44 46 47 96 100 102 8 104 6 74 76 78 79 80 82 83 84 85 3 86 35 123 125 25 127 128 26 130 27 131 28 29 19 21 23 24 109 111 112 113 114 13 115 116 117 14 118 15 119 17 68 70 2 72 138 55 140 56 141 57 58 59 142 60 61 62 63 65 48 50 51 52 53 1 54 133 134 37 135 38 136 40 41 137 43 45 105 9 107 10 108 11 12 91 144 92 93 94 95 97 98 99 101 103 87 88 4 89 5 90 7 73 143 75 77 81 30 132 31 32 33 34 36 121 122 124 126 129 18 120 20 22 110 66 67 69 71 139 49 106 
17 29 40 43 45 47 3 58 61 63 65 8 7 75 77 79 13 81 83 14 85 15 86 16 12 93 95 97 25 99 101 26 103 27 104 28 20 22 24 1 110 112 37 114 38 115 39 117 41 118 42 119 44 46 32 34 36 2 122 124 55 126 56 127 57 129 59 130 60 131 62 64 49 51 4 53 5 54 6 134 73 135 74 136 76 78 137 80 82 84 67 69 9 71 10 72 11 139 91 140 92 141 94 96 142 98 100 102 88 18 89 19 90 21 23 143 109 111 113 116 106 30 107 31 108 33 35 144 121 123 125 128 120 48 50 52 133 132 66 68 70 138 87 105 
18 30 15 5 20 48 49 27 10 32 66 67 37 81 17 44 45 7 21 22 51 4 87 88 55 99 29 62 63 12 33 34 69 9 105 106 40 73 74 75 14 117 41 47 3 84 85 24 1 52 53 89 19 120 58 91 92 93 26 129 59 65 8 102 103 36 2 70 71 107 31 132 77 79 13 109 110 111 112 42 43 137 80 86 16 119 54 6 90 50 95 97 25 121 122 123 124 60 61 142 98 104 28 131 72 11 108 68 114 38 115 39 133 134 135 82 83 116 46 23 126 56 127 57 138 139 140 100 101 128 64 35 136 76 78 143 118 141 94 96 144 130 113 125 
19 68 80 24 48 50 51 128 72 105 9 107 76 44 83 116 117 53 54 6 87 88 4 89 125 102 130 59 142 108 12 35 30 132 31 32 134 79 113 114 47 84 85 118 42 41 137 90 21 7 23 18 120 20 144 127 56 141 104 27 131 61 100 98 99 34 70 36 2 66 67 69 74 143 109 115 39 38 136 86 16 15 119 43 82 81 22 52 1 49 123 122 138 58 96 94 95 29 64 62 63 101 26 129 71 10 11 106 111 112 110 133 40 78 77 17 46 45 14 5 55 140 139 91 97 25 126 65 8 103 60 33 37 135 73 13 3 92 93 121 57 28 75 124 
20 32 81 1 49 51 4 99 2 67 69 9 77 45 14 117 41 5 6 7 88 18 89 19 95 63 26 129 59 10 11 12 106 30 107 31 73 13 114 38 3 85 15 42 43 137 80 21 22 23 24 120 48 50 91 25 126 56 8 103 27 60 61 142 98 33 34 35 36 132 66 68 75 109 110 39 40 136 76 16 17 119 44 82 83 116 52 53 54 87 93 121 122 57 58 141 94 28 29 131 62 100 101 128 70 71 72 105 112 37 133 134 78 79 113 46 47 84 118 90 124 55 138 139 96 97 125 64 65 102 130 108 135 74 143 115 86 140 92 144 127 104 111 123 
21 70 42 88 24 52 53 100 132 72 10 108 109 47 80 82 83 19 120 48 54 6 5 90 138 104 128 26 130 68 67 105 12 35 33 34 76 112 133 134 85 86 16 116 117 14 118 50 51 49 87 7 23 22 125 140 91 144 131 29 64 59 142 60 61 9 107 106 30 36 2 71 79 113 114 135 74 73 143 119 44 17 46 41 137 43 4 89 18 1 127 56 141 93 123 121 122 63 102 65 8 98 99 101 31 32 66 11 115 39 38 136 75 111 110 45 84 3 81 20 58 96 94 95 124 55 139 103 27 28 129 69 40 78 77 37 15 97 25 126 92 62 13 57 
22 34 43 18 1 53 5 61 30 2 71 10 110 3 81 83 14 20 48 49 6 7 90 21 122 8 99 101 26 32 66 67 11 12 108 33 77 37 134 73 15 16 17 117 41 118 42 51 4 87 88 23 24 52 95 55 139 91 27 28 29 129 59 130 60 69 9 105 106 35 36 70 13 114 38 74 75 143 109 44 45 46 47 137 80 82 89 19 120 54 25 126 56 92 93 144 121 62 63 64 65 142 98 100 107 31 132 72 39 40 136 76 111 112 133 84 85 86 116 50 57 58 141 94 123 124 138 102 103 104 128 68 78 79 113 135 119 96 97 125 140 131 115 127 
23 11 46 50 52 1 54 28 31 33 35 36 78 82 84 3 86 87 4 89 5 90 6 7 57 60 62 64 65 66 68 69 70 71 2 72 111 113 13 115 116 14 118 15 119 16 17 18 120 19 20 21 22 24 92 94 96 97 98 100 101 102 103 8 104 105 106 9 107 10 108 12 133 37 135 38 136 39 40 41 137 42 43 44 45 47 48 49 51 53 121 123 124 125 126 25 127 128 129 26 130 27 131 29 30 132 32 34 73 143 74 75 76 77 79 80 81 83 85 88 138 139 55 140 56 141 58 59 142 61 63 67 109 110 112 114 117 91 144 93 95 99 134 122 
24 72 47 51 53 54 6 104 107 108 12 35 79 83 85 86 16 88 89 19 90 21 7 23 127 130 131 29 64 132 32 68 34 70 36 2 112 114 115 39 117 118 42 119 44 17 46 120 48 20 50 22 52 1 140 141 58 96 142 61 100 63 102 65 8 67 105 69 9 71 10 11 134 135 74 136 76 40 78 137 80 43 82 45 84 3 49 87 4 5 144 93 123 95 125 97 25 99 128 101 26 103 27 28 106 30 31 33 143 109 75 111 77 113 13 81 116 14 15 18 122 138 124 55 126 56 57 129 59 60 62 66 110 133 37 38 41 139 91 92 94 98 73 121 
25 40 2 55 56 57 58 7 75 77 79 13 8 9 10 11 12 91 92 93 94 95 96 97 17 20 22 24 1 110 112 37 114 38 115 39 26 27 28 29 30 31 32 33 34 35 36 121 122 123 124 125 126 127 43 45 47 3 49 51 4 53 5 54 6 134 73 135 74 136 76 78 59 60 61 62 63 64 65 66 67 68 69 70 71 72 138 139 140 141 81 83 14 85 15 86 16 88 18 89 19 90 21 23 143 109 111 113 98 99 100 101 102 103 104 105 106 107 108 144 117 41 118 42 119 44 46 120 48 50 52 133 128 129 130 131 132 137 80 82 84 87 142 116 
26 43 91 29 59 60 61 110 3 81 83 14 10 56 93 121 122 63 65 8 98 99 100 101 22 77 37 134 73 15 16 17 117 41 118 42 67 12 33 34 58 94 95 124 55 138 139 103 27 104 28 128 129 130 18 1 53 5 13 114 38 74 75 143 109 44 45 46 47 137 80 82 9 106 30 36 2 70 71 97 25 125 126 140 92 144 131 62 64 142 20 48 49 6 7 90 21 39 40 136 76 111 112 133 84 85 86 116 31 32 132 66 72 11 108 127 57 141 123 102 51 4 87 88 23 24 52 78 79 113 135 119 68 69 105 35 96 89 19 120 54 115 107 50 
27 45 55 99 29 62 63 75 41 3 85 15 30 58 91 92 93 26 129 59 65 8 102 103 49 13 110 112 37 43 80 81 16 17 119 44 10 32 66 67 95 97 25 121 122 123 124 60 61 142 98 104 28 131 22 4 88 18 38 39 40 134 73 135 74 83 14 116 117 46 47 84 12 33 34 69 9 105 106 126 56 127 57 138 139 140 100 101 128 64 1 53 5 19 20 120 48 76 77 78 79 143 109 111 118 42 137 86 36 2 70 71 107 31 132 141 94 96 144 130 6 7 90 21 50 51 87 113 114 115 133 82 72 11 108 68 125 23 24 52 89 136 35 54 
28 86 57 60 62 64 65 115 118 119 17 46 11 92 94 96 97 98 100 101 102 103 8 104 54 135 136 40 78 137 43 82 45 84 47 3 31 33 35 36 121 123 124 125 126 25 127 128 129 26 130 27 131 29 89 90 7 23 143 75 111 77 113 79 13 81 116 83 14 85 15 16 66 68 69 70 71 2 72 138 139 55 140 56 141 58 59 142 61 63 120 20 50 22 52 24 1 110 133 112 37 114 38 39 117 41 42 44 105 106 9 107 10 108 12 91 144 93 95 99 49 87 51 4 53 5 6 134 73 74 76 80 30 132 32 34 122 88 18 19 21 109 67 48 
29 3 58 61 63 65 8 13 14 15 16 17 12 93 95 97 25 99 101 26 103 27 104 28 1 37 38 39 40 41 42 43 44 45 46 47 32 34 36 2 122 124 55 126 56 127 57 129 59 130 60 131 62 64 4 5 6 7 73 74 75 76 77 78 79 80 81 82 83 84 85 86 67 69 9 71 10 72 11 139 91 140 92 141 94 96 142 98 100 102 18 19 20 21 22 23 24 109 110 111 112 113 114 115 116 117 118 119 106 30 107 31 108 33 35 144 121 123 125 128 48 49 50 51 52 53 54 133 134 135 136 137 132 66 68 70 138 87 88 89 90 143 105 120 
30 49 27 10 32 66 67 45 22 4 88 18 55 99 29 62 63 12 33 34 69 9 105 106 75 41 3 85 15 1 53 5 19 20 120 48 58 91 92 93 26 129 59 65 8 102 103 36 2 70 71 107 31 132 13 110 112 37 43 80 81 16 17 119 44 6 7 90 21 50 51 87 95 97 25 121 122 123 124 60 61 142 98 104 28 131 72 11 108 68 38 39 40 134 73 135 74 83 14 116 117 46 47 84 23 24 52 89 126 56 127 57 138 139 140 100 101 128 64 35 76 77 78 79 143 109 111 118 42 137 86 54 141 94 96 144 130 113 114 115 133 82 125 136 
31 89 98 36 66 68 69 137 23 120 20 50 94 62 101 128 129 71 72 11 105 106 9 107 136 119 82 81 116 52 1 54 49 87 51 4 139 97 125 126 65 102 103 130 60 59 142 108 33 12 35 30 132 32 133 78 77 113 46 45 84 14 118 117 41 5 90 6 7 88 18 19 92 144 121 127 57 56 141 104 28 27 131 61 100 99 34 70 2 67 135 73 143 13 115 114 38 3 86 85 15 42 43 80 21 22 24 48 123 124 122 138 58 96 95 29 64 63 26 10 75 111 109 110 39 40 76 16 17 44 83 53 55 140 91 25 8 112 37 134 79 47 93 74 
32 4 99 2 67 69 9 41 7 18 19 20 95 63 26 129 59 10 11 12 106 30 107 31 38 15 43 80 81 22 24 1 48 49 50 51 91 25 126 56 8 103 27 60 61 142 98 33 34 35 36 132 66 68 110 40 76 77 17 44 45 83 14 116 117 53 5 54 6 87 88 89 93 121 122 57 58 141 94 28 29 131 62 100 101 128 70 71 72 105 37 134 73 79 13 113 114 47 3 84 85 118 42 137 90 21 23 120 124 55 138 139 96 97 125 64 65 102 130 108 74 75 143 109 115 39 136 86 16 119 82 52 140 92 144 127 104 111 112 133 78 46 123 135 
33 90 60 106 36 70 71 118 87 23 22 52 121 65 98 100 101 31 132 66 72 11 10 108 143 46 137 43 82 89 18 120 1 54 53 5 94 124 138 139 103 104 28 128 129 26 130 68 69 67 105 12 35 34 136 111 110 133 84 3 86 81 116 83 14 20 50 48 49 6 7 21 97 125 126 140 92 91 144 131 62 29 64 59 142 61 9 107 30 2 78 77 113 37 135 134 73 15 119 16 17 117 41 42 51 4 88 24 127 57 56 141 93 123 122 63 102 8 99 32 13 115 114 38 74 75 109 44 45 47 80 19 58 96 95 55 27 39 40 76 112 85 25 79 
34 5 61 30 2 71 10 14 49 7 21 22 122 8 99 101 26 32 66 67 11 12 108 33 73 17 41 42 43 4 88 18 24 1 52 53 95 55 139 91 27 28 29 129 59 130 60 69 9 105 106 35 36 70 38 75 109 110 45 47 3 80 81 82 83 19 20 120 48 54 6 90 25 126 56 92 93 144 121 62 63 64 65 142 98 100 107 31 132 72 40 76 77 112 37 133 134 85 15 86 16 116 117 118 50 51 87 23 57 58 141 94 123 124 138 102 103 104 128 68 79 13 113 114 135 74 143 119 44 46 137 89 96 97 125 140 131 115 39 136 111 84 127 78 
35 24 64 68 70 2 72 47 51 53 54 6 96 100 102 8 104 105 9 107 10 108 11 12 79 83 85 86 16 88 89 19 90 21 7 23 123 125 25 127 128 26 130 27 131 28 29 30 132 31 32 33 34 36 112 114 115 39 117 118 42 119 44 17 46 120 48 20 50 22 52 1 138 55 140 56 141 57 58 59 142 60 61 62 63 65 66 67 69 71 134 135 74 136 76 40 78 137 80 43 82 45 84 3 49 87 4 5 91 144 92 93 94 95 97 98 99 101 103 106 143 109 75 111 77 113 13 81 116 14 15 18 121 122 124 126 129 110 133 37 38 41 139 73 
36 23 65 69 71 72 11 46 50 52 1 54 97 101 103 104 28 106 107 31 108 33 12 35 78 82 84 3 86 87 4 89 5 90 6 7 124 126 127 57 129 130 60 131 62 29 64 132 66 32 68 34 70 2 111 113 13 115 116 14 118 15 119 16 17 18 120 19 20 21 22 24 139 140 92 141 94 58 96 142 98 61 100 63 102 8 67 105 9 10 133 37 135 38 136 39 40 41 137 42 43 44 45 47 48 49 51 53 144 121 93 123 95 125 25 99 128 26 27 30 73 143 74 75 76 77 79 80 81 83 85 88 122 138 55 56 59 109 110 112 114 117 91 134 
37 55 18 40 73 74 75 30 58 91 92 93 15 5 20 48 49 77 79 13 109 110 111 112 27 10 32 66 67 95 97 25 121 122 123 124 81 17 44 45 7 21 22 51 4 87 88 114 38 115 39 133 134 135 99 29 62 63 12 33 34 69 9 105 106 126 56 127 57 138 139 140 14 117 41 47 3 84 85 24 1 52 53 89 19 120 136 76 78 143 26 129 59 65 8 102 103 36 2 70 71 107 31 132 141 94 96 144 42 43 137 80 86 16 119 54 6 90 50 113 60 61 142 98 104 28 131 72 11 108 68 125 82 83 116 46 23 100 101 128 64 35 118 130 
38 56 4 110 40 76 77 9 122 58 94 95 41 7 18 19 20 37 134 73 79 13 113 114 59 12 30 31 32 55 139 91 97 25 125 126 15 43 80 81 22 24 1 48 49 50 51 74 75 143 109 115 39 136 27 61 98 99 34 36 2 66 67 68 69 92 93 144 121 127 57 141 17 44 45 83 14 116 117 53 5 54 6 87 88 89 111 112 133 78 29 62 63 101 26 128 129 71 10 72 11 105 106 107 123 124 138 96 47 3 84 85 118 42 137 90 21 23 120 135 65 8 102 103 130 60 142 108 33 35 132 140 86 16 119 82 52 104 28 131 100 70 46 64 
39 96 6 74 76 78 79 35 123 125 25 127 16 19 21 23 24 109 111 112 113 114 13 115 64 68 70 2 72 138 55 140 56 141 57 58 42 44 46 47 48 50 51 52 53 1 54 133 134 37 135 38 136 40 100 102 8 104 105 9 107 10 108 11 12 91 144 92 93 94 95 97 80 82 83 84 85 3 86 87 88 4 89 5 90 7 73 143 75 77 128 26 130 27 131 28 29 30 132 31 32 33 34 36 121 122 124 126 116 117 14 118 15 119 17 18 120 20 22 110 59 142 60 61 62 63 65 66 67 69 71 139 41 137 43 45 49 98 99 101 103 106 81 129 
40 58 7 75 77 79 13 12 93 95 97 25 17 20 22 24 1 110 112 37 114 38 115 39 29 32 34 36 2 122 124 55 126 56 127 57 43 45 47 3 49 51 4 53 5 54 6 134 73 135 74 136 76 78 61 63 65 8 67 69 9 71 10 72 11 139 91 140 92 141 94 96 81 83 14 85 15 86 16 88 18 89 19 90 21 23 143 109 111 113 99 101 26 103 27 104 28 106 30 107 31 108 33 35 144 121 123 125 117 41 118 42 119 44 46 120 48 50 52 133 129 59 130 60 131 62 64 132 66 68 70 138 137 80 82 84 87 142 98 100 102 105 116 128 
41 59 38 15 43 80 81 56 27 61 98 99 4 110 40 76 77 17 44 45 83 14 116 117 9 122 58 94 95 29 62 63 101 26 128 129 7 18 19 20 37 134 73 79 13 113 114 47 3 84 85 118 42 137 12 30 31 32 55 139 91 97 25 125 126 65 8 102 103 130 60 142 22 24 1 48 49 50 51 74 75 143 109 115 39 136 86 16 119 82 34 36 2 66 67 68 69 92 93 144 121 127 57 141 104 28 131 100 53 5 54 6 87 88 89 111 112 133 78 46 71 10 72 11 105 106 107 123 124 138 96 64 90 21 23 120 135 108 33 35 132 140 52 70 
42 100 109 47 80 82 83 138 104 128 26 130 21 76 112 133 134 85 86 16 116 117 14 118 70 125 140 91 144 131 29 64 59 142 60 61 88 24 52 53 79 113 114 135 74 73 143 119 44 17 46 41 137 43 132 72 10 108 127 56 141 93 123 121 122 63 102 65 8 98 99 101 19 120 48 54 6 5 90 115 39 38 136 75 111 110 45 84 3 81 68 67 105 12 35 33 34 58 96 94 95 124 55 139 103 27 28 129 50 51 49 87 7 23 22 40 78 77 37 15 9 107 106 30 36 2 71 97 25 126 92 62 4 89 18 1 13 31 32 66 11 57 20 69 
43 61 110 3 81 83 14 122 8 99 101 26 22 77 37 134 73 15 16 17 117 41 118 42 34 95 55 139 91 27 28 29 129 59 130 60 18 1 53 5 13 114 38 74 75 143 109 44 45 46 47 137 80 82 30 2 71 10 25 126 56 92 93 144 121 62 63 64 65 142 98 100 20 48 49 6 7 90 21 39 40 136 76 111 112 133 84 85 86 116 32 66 67 11 12 108 33 57 58 141 94 123 124 138 102 103 104 128 51 4 87 88 23 24 52 78 79 113 135 119 69 9 105 106 35 36 70 96 97 125 140 131 89 19 120 54 115 107 31 132 72 127 50 68 
44 102 74 117 47 84 85 123 142 104 27 131 48 79 109 111 112 42 137 80 86 16 15 119 105 127 138 55 140 100 99 128 29 64 62 63 21 51 87 88 114 115 39 133 134 37 135 82 83 81 116 17 46 45 70 107 30 132 141 58 96 91 144 92 93 26 130 129 59 65 8 103 24 52 53 89 19 18 120 136 76 40 78 73 143 75 14 118 41 3 72 10 108 32 68 66 67 95 125 97 25 121 122 124 60 61 98 28 54 6 5 90 20 50 49 77 113 13 110 43 12 35 33 34 69 9 106 126 56 57 139 101 7 23 22 4 38 36 2 71 31 94 1 11 
45 63 75 41 3 85 15 93 59 8 103 27 49 13 110 112 37 43 80 81 16 17 119 44 67 25 122 124 55 61 98 99 28 29 131 62 22 4 88 18 38 39 40 134 73 135 74 83 14 116 117 46 47 84 34 9 106 30 56 57 58 139 91 140 92 101 26 128 129 64 65 102 1 53 5 19 20 120 48 76 77 78 79 143 109 111 118 42 137 86 2 71 10 31 32 132 66 94 95 96 97 144 121 123 130 60 142 104 6 7 90 21 50 51 87 113 114 115 133 82 11 12 108 33 68 69 105 125 126 127 138 100 23 24 52 89 136 35 36 70 107 141 54 72 
46 28 78 82 84 3 86 57 60 62 64 65 23 111 113 13 115 116 14 118 15 119 16 17 11 92 94 96 97 98 100 101 102 103 8 104 50 52 1 54 133 37 135 38 136 39 40 41 137 42 43 44 45 47 31 33 35 36 121 123 124 125 126 25 127 128 129 26 130 27 131 29 87 4 89 5 90 6 7 73 143 74 75 76 77 79 80 81 83 85 66 68 69 70 71 2 72 138 139 55 140 56 141 58 59 142 61 63 18 120 19 20 21 22 24 109 110 112 114 117 105 106 9 107 10 108 12 91 144 93 95 99 48 49 51 53 134 30 132 32 34 122 88 67 
47 104 79 83 85 86 16 127 130 131 29 64 24 112 114 115 39 117 118 42 119 44 17 46 72 140 141 58 96 142 61 100 63 102 65 8 51 53 54 6 134 135 74 136 76 40 78 137 80 43 82 45 84 3 107 108 12 35 144 93 123 95 125 97 25 99 128 101 26 103 27 28 88 89 19 90 21 7 23 143 109 75 111 77 113 13 81 116 14 15 132 32 68 34 70 36 2 122 138 124 55 126 56 57 129 59 60 62 120 48 20 50 22 52 1 110 133 37 38 41 67 105 69 9 71 10 11 139 91 92 94 98 49 87 4 5 73 106 30 31 33 121 18 66 
48 105 44 21 51 87 88 102 70 107 30 132 74 117 47 84 85 24 52 53 89 19 18 120 123 142 104 27 131 72 10 108 32 68 66 67 79 109 111 112 42 137 80 86 16 15 119 54 6 5 90 20 50 49 127 138 55 140 100 99 128 29 64 62 63 12 35 33 34 69 9 106 114 115 39 133 134 37 135 82 83 81 116 17 46 45 7 23 22 4 141 58 96 91 144 92 93 26 130 129 59 65 8 103 36 2 71 31 136 76 40 78 73 143 75 14 118 41 3 1 95 125 97 25 121 122 124 60 61 98 28 11 77 113 13 110 43 126 56 57 139 101 38 94 
49 67 45 22 4 88 18 63 34 9 106 30 75 41 3 85 15 1 53 5 19 20 120 48 93 59 8 103 27 2 71 10 31 32 132 66 13 110 112 37 43 80 81 16 17 119 44 6 7 90 21 50 51 87 25 122 124 55 61 98 99 28 29 131 62 11 12 108 33 68 69 105 38 39 40 134 73 135 74 83 14 116 117 46 47 84 23 24 52 89 56 57 58 139 91 140 92 101 26 128 129 64 65 102 35 36 70 107 76 77 78 79 143 109 111 118 42 137 86 54 94 95 96 97 144 121 123 130 60 142 104 72 113 114 115 133 82 125 126 127 138 100 136 141 
50 31 116 54 87 4 89 98 36 66 68 69 113 84 118 41 137 90 7 23 18 120 19 20 94 62 101 128 129 71 72 11 105 106 9 107 143 115 38 136 86 15 119 43 82 80 81 22 52 24 1 48 49 51 139 97 125 126 65 102 103 130 60 59 142 108 33 12 35 30 132 32 111 110 133 40 78 76 77 17 46 44 45 83 14 117 53 5 6 88 92 144 121 127 57 56 141 104 28 27 131 61 100 99 34 70 2 67 37 135 134 73 79 13 114 47 3 85 42 21 123 124 122 138 58 96 95 29 64 63 26 10 74 75 109 39 16 55 140 91 25 8 112 93 
51 107 117 6 88 89 19 142 35 132 32 68 114 85 42 137 80 21 23 24 120 48 20 50 141 131 100 99 128 70 2 72 67 105 69 9 109 39 136 76 16 119 44 82 83 81 116 52 53 1 54 49 87 4 138 96 95 125 64 63 102 26 130 129 59 10 108 11 12 106 30 31 112 133 134 78 79 77 113 46 47 45 84 14 118 41 5 90 7 18 140 91 144 25 127 126 56 8 104 103 27 60 61 98 33 34 36 66 135 74 73 143 13 115 38 3 86 15 43 22 93 123 121 122 57 58 94 28 29 62 101 71 75 111 110 40 17 124 55 139 97 65 37 92 
52 33 82 120 54 5 90 60 106 36 70 71 133 86 116 14 118 50 49 87 7 23 21 22 121 65 98 100 101 31 132 66 72 11 10 108 113 135 73 143 119 17 46 41 137 42 43 4 89 88 18 24 1 53 94 124 138 139 103 104 28 128 129 26 130 68 69 67 105 12 35 34 115 38 136 75 111 109 110 45 84 47 3 80 81 83 19 20 48 6 97 125 126 140 92 91 144 131 62 29 64 59 142 61 9 107 30 2 40 78 76 77 112 37 134 85 15 16 117 51 127 57 56 141 93 123 122 63 102 8 99 32 79 13 114 74 44 58 96 95 55 27 39 25 
53 108 83 48 6 90 21 130 105 35 34 70 134 16 117 118 42 51 87 88 23 24 22 52 144 64 142 61 100 107 30 132 2 72 71 10 114 74 143 109 44 46 47 137 80 43 82 89 19 18 120 1 54 5 141 123 122 138 102 8 104 99 128 101 26 32 68 66 67 11 12 33 39 136 76 111 112 110 133 84 85 3 86 81 116 14 20 50 49 7 96 95 125 55 140 139 91 27 131 28 29 129 59 60 69 9 106 36 78 79 77 113 37 135 73 15 119 17 41 4 25 127 126 56 92 93 121 62 63 65 98 31 13 115 38 75 45 57 58 94 124 103 40 97 
54 36 86 89 90 7 23 65 69 71 72 11 115 118 119 17 46 120 20 50 22 52 24 1 97 101 103 104 28 106 107 31 108 33 12 35 135 136 40 78 137 43 82 45 84 47 3 49 87 51 4 53 5 6 124 126 127 57 129 130 60 131 62 29 64 132 66 32 68 34 70 2 143 75 111 77 113 79 13 81 116 83 14 85 15 16 88 18 19 21 139 140 92 141 94 58 96 142 98 61 100 63 102 8 67 105 9 10 110 133 112 37 114 38 39 117 41 42 44 48 144 121 93 123 95 125 25 99 128 26 27 30 134 73 74 76 80 122 138 55 56 59 109 91 
55 75 30 58 91 92 93 49 13 110 112 37 27 10 32 66 67 95 97 25 121 122 123 124 45 22 4 88 18 38 39 40 134 73 135 74 99 29 62 63 12 33 34 69 9 105 106 126 56 127 57 138 139 140 41 3 85 15 1 53 5 19 20 120 48 76 77 78 79 143 109 111 26 129 59 65 8 102 103 36 2 70 71 107 31 132 141 94 96 144 43 80 81 16 17 119 44 6 7 90 21 50 51 87 113 114 115 133 60 61 142 98 104 28 131 72 11 108 68 125 83 14 116 117 46 47 84 23 24 52 89 136 100 101 128 64 35 118 42 137 86 54 130 82 
56 77 9 122 58 94 95 20 73 13 114 38 59 12 30 31 32 55 139 91 97 25 125 126 81 1 49 51 4 75 109 110 39 40 136 76 27 61 98 99 34 36 2 66 67 68 69 92 93 144 121 127 57 141 45 14 117 41 5 6 7 88 18 89 19 112 37 133 134 78 79 113 29 62 63 101 26 128 129 71 10 72 11 105 106 107 123 124 138 96 3 85 15 42 43 137 80 21 22 23 24 120 48 50 135 74 143 115 65 8 102 103 130 60 142 108 33 35 132 140 16 17 119 44 82 83 116 52 53 54 87 111 104 28 131 100 70 46 47 84 118 90 64 86 
57 115 11 92 94 96 97 54 135 136 40 78 28 31 33 35 36 121 123 124 125 126 25 127 86 89 90 7 23 143 75 111 77 113 79 13 60 62 64 65 66 68 69 70 71 2 72 138 139 55 140 56 141 58 118 119 17 46 120 20 50 22 52 24 1 110 133 112 37 114 38 39 98 100 101 102 103 8 104 105 106 9 107 10 108 12 91 144 93 95 137 43 82 45 84 47 3 49 87 51 4 53 5 6 134 73 74 76 128 129 26 130 27 131 29 30 132 32 34 122 81 116 83 14 85 15 16 88 18 19 21 109 59 142 61 63 67 117 41 42 44 48 99 80 
58 13 12 93 95 97 25 1 37 38 39 40 29 32 34 36 2 122 124 55 126 56 127 57 3 4 5 6 7 73 74 75 76 77 78 79 61 63 65 8 67 69 9 71 10 72 11 139 91 140 92 141 94 96 14 15 16 17 18 19 20 21 22 23 24 109 110 111 112 113 114 115 99 101 26 103 27 104 28 106 30 107 31 108 33 35 144 121 123 125 41 42 43 44 45 46 47 48 49 50 51 52 53 54 133 134 135 136 129 59 130 60 131 62 64 132 66 68 70 138 80 81 82 83 84 85 86 87 88 89 90 143 142 98 100 102 105 116 117 118 119 120 128 137 
59 81 56 27 61 98 99 77 45 14 117 41 9 122 58 94 95 29 62 63 101 26 128 129 20 73 13 114 38 3 85 15 42 43 137 80 12 30 31 32 55 139 91 97 25 125 126 65 8 102 103 130 60 142 1 49 51 4 75 109 110 39 40 136 76 16 17 119 44 82 83 116 34 36 2 66 67 68 69 92 93 144 121 127 57 141 104 28 131 100 5 6 7 88 18 89 19 112 37 133 134 78 79 113 46 47 84 118 71 10 72 11 105 106 107 123 124 138 96 64 21 22 23 24 120 48 50 135 74 143 115 86 108 33 35 132 140 52 53 54 87 111 70 90 
60 118 121 65 98 100 101 143 46 137 43 82 33 94 124 138 139 103 104 28 128 129 26 130 90 136 111 110 133 84 3 86 81 116 83 14 106 36 70 71 97 125 126 140 92 91 144 131 62 29 64 59 142 61 87 23 22 52 78 77 113 37 135 134 73 15 119 16 17 117 41 42 31 132 66 72 11 10 108 127 57 56 141 93 123 122 63 102 8 99 89 18 120 1 54 53 5 13 115 114 38 74 75 109 44 45 47 80 68 69 67 105 12 35 34 58 96 95 55 27 20 50 48 49 6 7 21 39 40 76 112 85 9 107 30 2 25 51 4 88 24 79 32 19 
61 14 122 8 99 101 26 73 17 41 42 43 34 95 55 139 91 27 28 29 129 59 130 60 5 38 75 109 110 45 47 3 80 81 82 83 30 2 71 10 25 126 56 92 93 144 121 62 63 64 65 142 98 100 49 7 21 22 40 76 77 112 37 133 134 85 15 86 16 116 117 118 32 66 67 11 12 108 33 57 58 141 94 123 124 138 102 103 104 128 4 88 18 24 1 52 53 79 13 113 114 135 74 143 119 44 46 137 69 9 105 106 35 36 70 96 97 125 140 131 19 20 120 48 54 6 90 115 39 136 111 84 107 31 132 72 127 50 51 87 23 78 68 89 
62 119 92 129 65 102 103 135 116 46 45 84 66 97 121 123 124 60 142 98 104 28 27 131 120 78 143 75 111 118 41 137 3 86 85 15 33 69 105 106 126 127 57 138 139 55 140 100 101 99 128 29 64 63 90 50 49 87 113 13 115 110 133 112 37 43 82 80 81 16 17 44 36 70 71 107 31 30 132 141 94 58 96 91 144 93 26 130 59 8 23 22 52 4 89 88 18 38 136 39 40 134 73 74 83 14 117 47 72 11 10 108 32 68 67 95 125 25 122 61 1 54 53 5 19 20 48 76 77 79 109 42 12 35 34 9 56 6 7 21 51 114 2 24 
63 15 93 59 8 103 27 37 81 17 44 45 67 25 122 124 55 61 98 99 28 29 131 62 18 40 73 74 75 14 117 41 47 3 84 85 34 9 106 30 56 57 58 139 91 140 92 101 26 128 129 64 65 102 5 20 48 49 77 79 13 109 110 111 112 42 43 137 80 86 16 119 2 71 10 31 32 132 66 94 95 96 97 144 121 123 130 60 142 104 7 21 22 51 4 87 88 114 38 115 39 133 134 135 82 83 116 46 11 12 108 33 68 69 105 125 126 127 138 100 24 1 52 53 89 19 120 136 76 78 143 118 35 36 70 107 141 54 6 90 50 113 72 23 
64 47 96 100 102 8 104 79 83 85 86 16 35 123 125 25 127 128 26 130 27 131 28 29 24 112 114 115 39 117 118 42 119 44 17 46 68 70 2 72 138 55 140 56 141 57 58 59 142 60 61 62 63 65 51 53 54 6 134 135 74 136 76 40 78 137 80 43 82 45 84 3 105 9 107 10 108 11 12 91 144 92 93 94 95 97 98 99 101 103 88 89 19 90 21 7 23 143 109 75 111 77 113 13 81 116 14 15 30 132 31 32 33 34 36 121 122 124 126 129 120 48 20 50 22 52 1 110 133 37 38 41 66 67 69 71 139 49 87 4 5 73 106 18 
65 46 97 101 103 104 28 78 82 84 3 86 36 124 126 127 57 129 130 60 131 62 29 64 23 111 113 13 115 116 14 118 15 119 16 17 69 71 72 11 139 140 92 141 94 58 96 142 98 61 100 63 102 8 50 52 1 54 133 37 135 38 136 39 40 41 137 42 43 44 45 47 106 107 31 108 33 12 35 144 121 93 123 95 125 25 99 128 26 27 87 4 89 5 90 6 7 73 143 74 75 76 77 79 80 81 83 85 132 66 32 68 34 70 2 122 138 55 56 59 18 120 19 20 21 22 24 109 110 112 114 117 67 105 9 10 91 48 49 51 53 134 30 88 
66 120 62 33 69 105 106 119 90 50 49 87 92 129 65 102 103 36 70 71 107 31 30 132 135 116 46 45 84 23 22 52 4 89 88 18 97 121 123 124 60 142 98 104 28 27 131 72 11 10 108 32 68 67 78 143 75 111 118 41 137 3 86 85 15 1 54 53 5 19 20 48 126 127 57 138 139 55 140 100 101 99 128 29 64 63 12 35 34 9 113 13 115 110 133 112 37 43 82 80 81 16 17 44 6 7 21 51 141 94 58 96 91 144 93 26 130 59 8 2 38 136 39 40 134 73 74 83 14 117 47 24 95 125 25 122 61 76 77 79 109 42 56 114 
67 18 63 34 9 106 30 15 5 20 48 49 93 59 8 103 27 2 71 10 31 32 132 66 37 81 17 44 45 7 21 22 51 4 87 88 25 122 124 55 61 98 99 28 29 131 62 11 12 108 33 68 69 105 40 73 74 75 14 117 41 47 3 84 85 24 1 52 53 89 19 120 56 57 58 139 91 140 92 101 26 128 129 64 65 102 35 36 70 107 77 79 13 109 110 111 112 42 43 137 80 86 16 119 54 6 90 50 94 95 96 97 144 121 123 130 60 142 104 72 114 38 115 39 133 134 135 82 83 116 46 23 125 126 127 138 100 136 76 78 143 118 141 113 
68 51 128 72 105 9 107 117 6 88 89 19 125 102 130 59 142 108 12 35 30 132 31 32 114 85 42 137 80 21 23 24 120 48 20 50 144 127 56 141 104 27 131 61 100 98 99 34 70 36 2 66 67 69 109 39 136 76 16 119 44 82 83 81 116 52 53 1 54 49 87 4 123 122 138 58 96 94 95 29 64 62 63 101 26 129 71 10 11 106 112 133 134 78 79 77 113 46 47 45 84 14 118 41 5 90 7 18 55 140 139 91 97 25 126 65 8 103 60 33 135 74 73 143 13 115 38 3 86 15 43 22 92 93 121 57 28 75 111 110 40 17 124 37 
69 50 129 11 106 107 31 116 54 87 4 89 126 103 60 142 98 33 35 36 132 66 32 68 113 84 118 41 137 90 7 23 18 120 19 20 121 57 141 94 28 131 62 100 101 99 128 70 71 2 72 67 105 9 143 115 38 136 86 15 119 43 82 80 81 22 52 24 1 48 49 51 124 138 139 96 97 95 125 64 65 63 102 26 130 59 10 108 12 30 111 110 133 40 78 76 77 17 46 44 45 83 14 117 53 5 6 88 140 92 91 144 25 127 56 8 104 27 61 34 37 135 134 73 79 13 114 47 3 85 42 21 93 123 122 58 29 74 75 109 39 16 55 112 
70 53 100 132 72 10 108 83 48 6 90 21 138 104 128 26 130 68 67 105 12 35 33 34 134 16 117 118 42 51 87 88 23 24 22 52 125 140 91 144 131 29 64 59 142 60 61 9 107 106 30 36 2 71 114 74 143 109 44 46 47 137 80 43 82 89 19 18 120 1 54 5 127 56 141 93 123 121 122 63 102 65 8 98 99 101 31 32 66 11 39 136 76 111 112 110 133 84 85 3 86 81 116 14 20 50 49 7 58 96 94 95 124 55 139 103 27 28 129 69 78 79 77 113 37 135 73 15 119 17 41 4 97 25 126 92 62 13 115 38 75 45 57 40 
71 52 101 66 11 108 33 82 120 54 5 90 139 28 129 130 60 69 105 106 35 36 34 70 133 86 116 14 118 50 49 87 7 23 21 22 126 92 144 121 62 64 65 142 98 61 100 107 31 30 132 2 72 10 113 135 73 143 119 17 46 41 137 42 43 4 89 88 18 24 1 53 57 141 94 123 124 122 138 102 103 8 104 99 128 26 32 68 67 12 115 38 136 75 111 109 110 45 84 47 3 80 81 83 19 20 48 6 96 97 95 125 55 140 91 27 131 29 59 9 40 78 76 77 112 37 134 85 15 16 117 51 25 127 56 93 63 79 13 114 74 44 58 39 
72 6 104 107 108 12 35 16 19 21 23 24 127 130 131 29 64 132 32 68 34 70 36 2 39 42 44 46 47 48 50 51 52 53 1 54 140 141 58 96 142 61 100 63 102 65 8 67 105 69 9 71 10 11 74 76 78 79 80 82 83 84 85 3 86 87 88 4 89 5 90 7 144 93 123 95 125 97 25 99 128 101 26 103 27 28 106 30 31 33 109 111 112 113 114 13 115 116 117 14 118 15 119 17 18 120 20 22 122 138 124 55 126 56 57 129 59 60 62 66 133 134 37 135 38 136 40 41 137 43 45 49 139 91 92 94 98 73 143 75 77 81 121 110 
73 91 5 38 75 109 110 10 56 93 121 122 14 49 7 21 22 40 76 77 112 37 133 134 26 67 12 33 34 58 94 95 124 55 138 139 17 41 42 43 4 88 18 24 1 52 53 79 13 113 114 135 74 143 29 59 60 61 9 106 30 36 2 70 71 97 25 125 126 140 92 144 45 47 3 80 81 82 83 19 20 120 48 54 6 90 115 39 136 111 63 65 8 98 99 100 101 31 32 132 66 72 11 108 127 57 141 123 85 15 86 16 116 117 118 50 51 87 23 78 103 27 104 28 128 129 130 68 69 105 35 96 119 44 46 137 89 131 62 64 142 107 84 102 
74 123 48 79 109 111 112 105 127 138 55 140 44 21 51 87 88 114 115 39 133 134 37 135 102 70 107 30 132 141 58 96 91 144 92 93 117 47 84 85 24 52 53 89 19 18 120 136 76 40 78 73 143 75 142 104 27 131 72 10 108 32 68 66 67 95 125 97 25 121 122 124 42 137 80 86 16 15 119 54 6 5 90 20 50 49 77 113 13 110 100 99 128 29 64 62 63 12 35 33 34 69 9 106 126 56 57 139 82 83 81 116 17 46 45 7 23 22 4 38 26 130 129 59 65 8 103 36 2 71 31 94 14 118 41 3 1 60 61 98 28 11 43 101 
75 93 49 13 110 112 37 67 25 122 124 55 45 22 4 88 18 38 39 40 134 73 135 74 63 34 9 106 30 56 57 58 139 91 140 92 41 3 85 15 1 53 5 19 20 120 48 76 77 78 79 143 109 111 59 8 103 27 2 71 10 31 32 132 66 94 95 96 97 144 121 123 43 80 81 16 17 119 44 6 7 90 21 50 51 87 113 114 115 133 61 98 99 28 29 131 62 11 12 108 33 68 69 105 125 126 127 138 83 14 116 117 46 47 84 23 24 52 89 136 101 26 128 129 64 65 102 35 36 70 107 141 118 42 137 86 54 130 60 142 104 72 82 100 
76 125 19 134 79 113 114 68 144 127 56 141 80 24 48 50 51 74 143 109 115 39 38 136 128 72 105 9 107 123 122 138 58 96 94 95 44 83 116 117 53 54 6 87 88 4 89 111 112 110 133 40 78 77 102 130 59 142 108 12 35 30 132 31 32 55 140 139 91 97 25 126 47 84 85 118 42 41 137 90 21 7 23 18 120 20 37 135 73 13 104 27 131 61 100 98 99 34 70 36 2 66 67 69 92 93 121 57 86 16 15 119 43 82 81 22 52 1 49 75 29 64 62 63 101 26 129 71 10 11 106 124 17 46 45 14 5 65 8 103 60 33 3 28 
77 95 20 73 13 114 38 32 91 25 126 56 81 1 49 51 4 75 109 110 39 40 136 76 99 2 67 69 9 93 121 122 57 58 141 94 45 14 117 41 5 6 7 88 18 89 19 112 37 133 134 78 79 113 63 26 129 59 10 11 12 106 30 107 31 124 55 138 139 96 97 125 3 85 15 42 43 137 80 21 22 23 24 120 48 50 135 74 143 115 8 103 27 60 61 142 98 33 34 35 36 132 66 68 140 92 144 127 16 17 119 44 82 83 116 52 53 54 87 111 28 29 131 62 100 101 128 70 71 72 105 123 46 47 84 118 90 64 65 102 130 108 86 104 
78 57 23 111 113 13 115 11 92 94 96 97 46 50 52 1 54 133 37 135 38 136 39 40 28 31 33 35 36 121 123 124 125 126 25 127 82 84 3 86 87 4 89 5 90 6 7 73 143 74 75 76 77 79 60 62 64 65 66 68 69 70 71 2 72 138 139 55 140 56 141 58 116 14 118 15 119 16 17 18 120 19 20 21 22 24 109 110 112 114 98 100 101 102 103 8 104 105 106 9 107 10 108 12 91 144 93 95 41 137 42 43 44 45 47 48 49 51 53 134 128 129 26 130 27 131 29 30 132 32 34 122 80 81 83 85 88 59 142 61 63 67 117 99 
79 127 24 112 114 115 39 72 140 141 58 96 47 51 53 54 6 134 135 74 136 76 40 78 104 107 108 12 35 144 93 123 95 125 97 25 83 85 86 16 88 89 19 90 21 7 23 143 109 75 111 77 113 13 130 131 29 64 132 32 68 34 70 36 2 122 138 124 55 126 56 57 117 118 42 119 44 17 46 120 48 20 50 22 52 1 110 133 37 38 142 61 100 63 102 65 8 67 105 69 9 71 10 11 139 91 92 94 137 80 43 82 45 84 3 49 87 4 5 73 99 128 101 26 103 27 28 106 30 31 33 121 81 116 14 15 18 129 59 60 62 66 41 98 
80 128 76 44 83 116 117 125 102 130 59 142 19 134 79 113 114 47 84 85 118 42 41 137 68 144 127 56 141 104 27 131 61 100 98 99 24 48 50 51 74 143 109 115 39 38 136 86 16 15 119 43 82 81 72 105 9 107 123 122 138 58 96 94 95 29 64 62 63 101 26 129 53 54 6 87 88 4 89 111 112 110 133 40 78 77 17 46 45 14 108 12 35 30 132 31 32 55 140 139 91 97 25 126 65 8 103 60 90 21 7 23 18 120 20 37 135 73 13 3 34 70 36 2 66 67 69 92 93 121 57 28 22 52 1 49 75 71 10 11 106 124 5 33 
81 99 77 45 14 117 41 95 63 26 129 59 20 73 13 114 38 3 85 15 42 43 137 80 32 91 25 126 56 8 103 27 60 61 142 98 1 49 51 4 75 109 110 39 40 136 76 16 17 119 44 82 83 116 2 67 69 9 93 121 122 57 58 141 94 28 29 131 62 100 101 128 5 6 7 88 18 89 19 112 37 133 134 78 79 113 46 47 84 118 10 11 12 106 30 107 31 124 55 138 139 96 97 125 64 65 102 130 21 22 23 24 120 48 50 135 74 143 115 86 33 34 35 36 132 66 68 140 92 144 127 104 52 53 54 87 111 70 71 72 105 123 90 108 
82 60 133 86 116 14 118 121 65 98 100 101 52 113 135 73 143 119 17 46 41 137 42 43 33 94 124 138 139 103 104 28 128 129 26 130 120 54 5 90 115 38 136 75 111 109 110 45 84 47 3 80 81 83 106 36 70 71 97 125 126 140 92 91 144 131 62 29 64 59 142 61 50 49 87 7 23 21 22 40 78 76 77 112 37 134 85 15 16 117 31 132 66 72 11 10 108 127 57 56 141 93 123 122 63 102 8 99 4 89 88 18 24 1 53 79 13 114 74 44 68 69 67 105 12 35 34 58 96 95 55 27 19 20 48 6 39 9 107 30 2 25 51 32 
83 130 134 16 117 118 42 144 64 142 61 100 53 114 74 143 109 44 46 47 137 80 43 82 108 141 123 122 138 102 8 104 99 128 101 26 48 6 90 21 39 136 76 111 112 110 133 84 85 3 86 81 116 14 105 35 34 70 96 95 125 55 140 139 91 27 131 28 29 129 59 60 51 87 88 23 24 22 52 78 79 77 113 37 135 73 15 119 17 41 107 30 132 2 72 71 10 25 127 126 56 92 93 121 62 63 65 98 89 19 18 120 1 54 5 13 115 38 75 45 32 68 66 67 11 12 33 57 58 94 124 103 20 50 49 7 40 69 9 106 36 97 4 31 
84 62 111 137 86 15 119 92 129 65 102 103 87 115 133 37 135 82 81 116 17 46 44 45 66 97 121 123 124 60 142 98 104 28 27 131 52 89 18 120 136 40 78 73 143 74 75 14 118 117 41 47 3 85 33 69 105 106 126 127 57 138 139 55 140 100 101 99 128 29 64 63 54 5 90 20 50 48 49 77 113 79 13 109 110 112 42 43 80 16 36 70 71 107 31 30 132 141 94 58 96 91 144 93 26 130 59 8 7 23 21 22 51 4 88 114 38 39 134 83 72 11 10 108 32 68 67 95 125 25 122 61 24 1 53 19 76 12 35 34 9 56 6 2 
85 131 112 80 16 119 44 140 128 64 63 102 88 39 134 135 74 83 116 117 46 47 45 84 132 96 144 93 123 130 59 142 8 104 103 27 53 19 120 48 76 78 79 143 109 75 111 118 42 41 137 3 86 15 108 68 67 105 125 25 127 122 138 124 55 61 100 98 99 28 29 62 6 90 21 50 51 49 87 113 114 13 115 110 133 37 43 82 81 17 35 34 70 9 107 106 30 56 141 57 58 139 91 92 101 26 129 65 23 24 22 52 4 89 18 38 136 40 73 14 2 72 71 10 31 32 66 94 95 97 121 60 1 54 5 20 77 11 12 33 69 126 7 36 
86 65 115 118 119 17 46 97 101 103 104 28 54 135 136 40 78 137 43 82 45 84 47 3 36 124 126 127 57 129 130 60 131 62 29 64 89 90 7 23 143 75 111 77 113 79 13 81 116 83 14 85 15 16 69 71 72 11 139 140 92 141 94 58 96 142 98 61 100 63 102 8 120 20 50 22 52 24 1 110 133 112 37 114 38 39 117 41 42 44 106 107 31 108 33 12 35 144 121 93 123 95 125 25 99 128 26 27 49 87 51 4 53 5 6 134 73 74 76 80 132 66 32 68 34 70 2 122 138 55 56 59 88 18 19 21 109 67 105 9 10 91 48 30 
87 66 84 52 89 18 120 62 33 69 105 106 111 137 86 15 119 54 5 90 20 50 48 49 92 129 65 102 103 36 70 71 107 31 30 132 115 133 37 135 82 81 116 17 46 44 45 7 23 21 22 51 4 88 97 121 123 124 60 142 98 104 28 27 131 72 11 10 108 32 68 67 136 40 78 73 143 74 75 14 118 117 41 47 3 85 24 1 53 19 126 127 57 138 139 55 140 100 101 99 128 29 64 63 12 35 34 9 77 113 79 13 109 110 112 42 43 80 16 6 141 94 58 96 91 144 93 26 130 59 8 2 114 38 39 134 83 95 125 25 122 61 76 56 
88 132 85 53 19 120 48 131 108 68 67 105 112 80 16 119 44 6 90 21 50 51 49 87 140 128 64 63 102 35 34 70 9 107 106 30 39 134 135 74 83 116 117 46 47 45 84 23 24 22 52 4 89 18 96 144 93 123 130 59 142 8 104 103 27 2 72 71 10 31 32 66 76 78 79 143 109 75 111 118 42 41 137 3 86 15 1 54 5 20 125 25 127 122 138 124 55 61 100 98 99 28 29 62 11 12 33 69 113 114 13 115 110 133 37 43 82 81 17 7 56 141 57 58 139 91 92 101 26 129 65 36 38 136 40 73 14 94 95 97 121 60 77 126 
89 69 137 23 120 20 50 129 11 106 107 31 136 119 82 81 116 52 1 54 49 87 51 4 126 103 60 142 98 33 35 36 132 66 32 68 133 78 77 113 46 45 84 14 118 117 41 5 90 6 7 88 18 19 121 57 141 94 28 131 62 100 101 99 128 70 71 2 72 67 105 9 135 73 143 13 115 114 38 3 86 85 15 42 43 80 21 22 24 48 124 138 139 96 97 95 125 64 65 63 102 26 130 59 10 108 12 30 75 111 109 110 39 40 76 16 17 44 83 53 140 92 91 144 25 127 56 8 104 27 61 34 112 37 134 79 47 93 123 122 58 29 74 55 
90 71 118 87 23 22 52 101 66 11 108 33 143 46 137 43 82 89 18 120 1 54 53 5 139 28 129 130 60 69 105 106 35 36 34 70 136 111 110 133 84 3 86 81 116 83 14 20 50 48 49 6 7 21 126 92 144 121 62 64 65 142 98 61 100 107 31 30 132 2 72 10 78 77 113 37 135 134 73 15 119 16 17 117 41 42 51 4 88 24 57 141 94 123 124 122 138 102 103 8 104 99 128 26 32 68 67 12 13 115 114 38 74 75 109 44 45 47 80 19 96 97 95 125 55 140 91 27 131 29 59 9 39 40 76 112 85 25 127 56 93 63 79 58 
91 110 10 56 93 121 122 22 77 37 134 73 26 67 12 33 34 58 94 95 124 55 138 139 43 18 1 53 5 13 114 38 74 75 143 109 29 59 60 61 9 106 30 36 2 70 71 97 25 125 126 140 92 144 3 81 83 14 20 48 49 6 7 90 21 39 40 136 76 111 112 133 63 65 8 98 99 100 101 31 32 132 66 72 11 108 127 57 141 123 15 16 17 117 41 118 42 51 4 87 88 23 24 52 78 79 113 135 103 27 104 28 128 129 130 68 69 105 35 96 44 45 46 47 137 80 82 89 19 120 54 115 131 62 64 142 107 84 85 86 116 50 102 119 
92 135 66 97 121 123 124 120 78 143 75 111 62 33 69 105 106 126 127 57 138 139 55 140 119 90 50 49 87 113 13 115 110 133 112 37 129 65 102 103 36 70 71 107 31 30 132 141 94 58 96 91 144 93 116 46 45 84 23 22 52 4 89 88 18 38 136 39 40 134 73 74 60 142 98 104 28 27 131 72 11 10 108 32 68 67 95 125 25 122 118 41 137 3 86 85 15 1 54 53 5 19 20 48 76 77 79 109 100 101 99 128 29 64 63 12 35 34 9 56 43 82 80 81 16 17 44 6 7 21 51 114 26 130 59 8 2 83 14 117 47 24 61 42 
93 37 67 25 122 124 55 18 40 73 74 75 63 34 9 106 30 56 57 58 139 91 140 92 15 5 20 48 49 77 79 13 109 110 111 112 59 8 103 27 2 71 10 31 32 132 66 94 95 96 97 144 121 123 81 17 44 45 7 21 22 51 4 87 88 114 38 115 39 133 134 135 61 98 99 28 29 131 62 11 12 108 33 68 69 105 125 126 127 138 14 117 41 47 3 84 85 24 1 52 53 89 19 120 136 76 78 143 101 26 128 129 64 65 102 35 36 70 107 141 42 43 137 80 86 16 119 54 6 90 50 113 130 60 142 104 72 82 83 116 46 23 100 118 
94 136 31 139 97 125 126 89 133 78 77 113 98 36 66 68 69 92 144 121 127 57 56 141 137 23 120 20 50 135 73 143 13 115 114 38 62 101 128 129 71 72 11 105 106 9 107 123 124 122 138 58 96 95 119 82 81 116 52 1 54 49 87 51 4 75 111 109 110 39 40 76 65 102 103 130 60 59 142 108 33 12 35 30 132 32 55 140 91 25 46 45 84 14 118 117 41 5 90 6 7 88 18 19 112 37 134 79 104 28 27 131 61 100 99 34 70 2 67 93 3 86 85 15 42 43 80 21 22 24 48 74 29 64 63 26 10 16 17 44 83 53 8 47 
95 38 32 91 25 126 56 4 110 40 76 77 99 2 67 69 9 93 121 122 57 58 141 94 41 7 18 19 20 37 134 73 79 13 113 114 63 26 129 59 10 11 12 106 30 107 31 124 55 138 139 96 97 125 15 43 80 81 22 24 1 48 49 50 51 74 75 143 109 115 39 136 8 103 27 60 61 142 98 33 34 35 36 132 66 68 140 92 144 127 17 44 45 83 14 116 117 53 5 54 6 87 88 89 111 112 133 78 28 29 131 62 100 101 128 70 71 72 105 123 47 3 84 85 118 42 137 90 21 23 120 135 64 65 102 130 108 86 16 119 82 52 104 46 
96 79 35 123 125 25 127 24 112 114 115 39 64 68 70 2 72 138 55 140 56 141 57 58 47 51 53 54 6 134 135 74 136 76 40 78 100 102 8 104 105 9 107 10 108 11 12 91 144 92 93 94 95 97 83 85 86 16 88 89 19 90 21 7 23 143 109 75 111 77 113 13 128 26 130 27 131 28 29 30 132 31 32 33 34 36 121 122 124 126 117 118 42 119 44 17 46 120 48 20 50 22 52 1 110 133 37 38 59 142 60 61 62 63 65 66 67 69 71 139 137 80 43 82 45 84 3 49 87 4 5 73 98 99 101 103 106 81 116 14 15 18 129 41 
97 78 36 124 126 127 57 23 111 113 13 115 65 69 71 72 11 139 140 92 141 94 58 96 46 50 52 1 54 133 37 135 38 136 39 40 101 103 104 28 106 107 31 108 33 12 35 144 121 93 123 95 125 25 82 84 3 86 87 4 89 5 90 6 7 73 143 74 75 76 77 79 129 130 60 131 62 29 64 132 66 32 68 34 70 2 122 138 55 56 116 14 118 15 119 16 17 18 120 19 20 21 22 24 109 110 112 114 142 98 61 100 63 102 8 67 105 9 10 91 41 137 42 43 44 45 47 48 49 51 53 134 99 128 26 27 30 80 81 83 85 88 59 117 
98 137 94 62 101 128 129 136 119 82 81 116 31 139 97 125 126 65 102 103 130 60 59 142 89 133 78 77 113 46 45 84 14 118 117 41 36 66 68 69 92 144 121 127 57 56 141 104 28 27 131 61 100 99 23 120 20 50 135 73 143 13 115 114 38 3 86 85 15 42 43 80 71 72 11 105 106 9 107 123 124 122 138 58 96 95 29 64 63 26 52 1 54 49 87 51 4 75 111 109 110 39 40 76 16 17 44 83 108 33 12 35 30 132 32 55 140 91 25 8 5 90 6 7 88 18 19 112 37 134 79 47 34 70 2 67 93 21 22 24 48 74 10 53 
99 41 95 63 26 129 59 38 15 43 80 81 32 91 25 126 56 8 103 27 60 61 142 98 4 110 40 76 77 17 44 45 83 14 116 117 2 67 69 9 93 121 122 57 58 141 94 28 29 131 62 100 101 128 7 18 19 20 37 134 73 79 13 113 114 47 3 84 85 118 42 137 10 11 12 106 30 107 31 124 55 138 139 96 97 125 64 65 102 130 22 24 1 48 49 50 51 74 75 143 109 115 39 136 86 16 119 82 33 34 35 36 132 66 68 140 92 144 127 104 53 5 54 6 87 88 89 111 112 133 78 46 70 71 72 105 123 90 21 23 120 135 108 52 
100 83 138 104 128 26 130 134 16 117 118 42 70 125 140 91 144 131 29 64 59 142 60 61 53 114 74 143 109 44 46 47 137 80 43 82 132 72 10 108 127 56 141 93 123 121 122 63 102 65 8 98 99 101 48 6 90 21 39 136 76 111 112 110 133 84 85 3 86 81 116 14 68 67 105 12 35 33 34 58 96 94 95 124 55 139 103 27 28 129 51 87 88 23 24 22 52 78 79 77 113 37 135 73 15 119 17 41 9 107 106 30 36 2 71 97 25 126 92 62 89 19 18 120 1 54 5 13 115 38 75 45 31 32 66 11 57 20 50 49 7 40 69 4 
101 82 139 28 129 130 60 133 86 116 14 118 71 126 92 144 121 62 64 65 142 98 61 100 52 113 135 73 143 119 17 46 41 137 42 43 66 11 108 33 57 141 94 123 124 122 138 102 103 8 104 99 128 26 120 54 5 90 115 38 136 75 111 109 110 45 84 47 3 80 81 83 69 105 106 35 36 34 70 96 97 95 125 55 140 91 27 131 29 59 50 49 87 7 23 21 22 40 78 76 77 112 37 134 85 15 16 117 107 31 30 132 2 72 10 25 127 56 93 63 4 89 88 18 24 1 53 79 13 114 74 44 32 68 67 12 58 19 20 48 6 39 9 51 
102 85 123 142 104 27 131 112 80 16 119 44 105 127 138 55 140 100 99 128 29 64 62 63 88 39 134 135 74 83 116 117 46 47 45 84 70 107 30 132 141 58 96 91 144 92 93 26 130 129 59 65 8 103 53 19 120 48 76 78 79 143 109 75 111 118 42 41 137 3 86 15 72 10 108 32 68 66 67 95 125 97 25 121 122 124 60 61 98 28 6 90 21 50 51 49 87 113 114 13 115 110 133 37 43 82 81 17 12 35 33 34 69 9 106 126 56 57 139 101 23 24 22 52 4 89 18 38 136 40 73 14 36 2 71 31 94 1 54 5 20 77 11 7 
103 84 124 98 28 131 62 111 137 86 15 119 106 57 139 140 92 101 128 129 64 65 63 102 87 115 133 37 135 82 81 116 17 46 44 45 71 31 132 66 94 96 97 144 121 93 123 130 60 59 142 8 104 27 52 89 18 120 136 40 78 73 143 74 75 14 118 117 41 47 3 85 11 108 33 68 69 67 105 125 126 25 127 122 138 55 61 100 99 29 54 5 90 20 50 48 49 77 113 79 13 109 110 112 42 43 80 16 35 36 34 70 9 107 30 56 141 58 91 26 7 23 21 22 51 4 88 114 38 39 134 83 2 72 10 32 95 24 1 53 19 76 12 6 
104 16 127 130 131 29 64 39 42 44 46 47 72 140 141 58 96 142 61 100 63 102 65 8 6 74 76 78 79 80 82 83 84 85 3 86 107 108 12 35 144 93 123 95 125 97 25 99 128 101 26 103 27 28 19 21 23 24 109 111 112 113 114 13 115 116 117 14 118 15 119 17 132 32 68 34 70 36 2 122 138 124 55 126 56 57 129 59 60 62 48 50 51 52 53 1 54 133 134 37 135 38 136 40 41 137 43 45 67 105 69 9 71 10 11 139 91 92 94 98 87 88 4 89 5 90 7 73 143 75 77 81 106 30 31 33 121 18 120 20 22 110 66 49 
105 88 102 70 107 30 132 85 53 19 120 48 123 142 104 27 131 72 10 108 32 68 66 67 112 80 16 119 44 6 90 21 50 51 49 87 127 138 55 140 100 99 128 29 64 62 63 12 35 33 34 69 9 106 39 134 135 74 83 116 117 46 47 45 84 23 24 22 52 4 89 18 141 58 96 91 144 92 93 26 130 129 59 65 8 103 36 2 71 31 76 78 79 143 109 75 111 118 42 41 137 3 86 15 1 54 5 20 95 125 97 25 121 122 124 60 61 98 28 11 113 114 13 115 110 133 37 43 82 81 17 7 126 56 57 139 101 38 136 40 73 14 94 77 
106 87 103 71 31 132 66 84 52 89 18 120 124 98 28 131 62 11 108 33 68 69 67 105 111 137 86 15 119 54 5 90 20 50 48 49 57 139 140 92 101 128 129 64 65 63 102 35 36 34 70 9 107 30 115 133 37 135 82 81 116 17 46 44 45 7 23 21 22 51 4 88 94 96 97 144 121 93 123 130 60 59 142 8 104 27 2 72 10 32 136 40 78 73 143 74 75 14 118 117 41 47 3 85 24 1 53 19 125 126 25 127 122 138 55 61 100 99 29 12 77 113 79 13 109 110 112 42 43 80 16 6 56 141 58 91 26 114 38 39 134 83 95 76 
107 19 142 35 132 32 68 80 24 48 50 51 141 131 100 99 128 70 2 72 67 105 69 9 76 44 83 116 117 53 54 6 87 88 4 89 138 96 95 125 64 63 102 26 130 129 59 10 108 11 12 106 30 31 134 79 113 114 47 84 85 118 42 41 137 90 21 7 23 18 120 20 140 91 144 25 127 126 56 8 104 103 27 60 61 98 33 34 36 66 74 143 109 115 39 38 136 86 16 15 119 43 82 81 22 52 1 49 93 123 121 122 57 58 94 28 29 62 101 71 111 112 110 133 40 78 77 17 46 45 14 5 124 55 139 97 65 37 135 73 13 3 92 75 
108 21 130 105 35 34 70 42 88 24 52 53 144 64 142 61 100 107 30 132 2 72 71 10 109 47 80 82 83 19 120 48 54 6 5 90 141 123 122 138 102 8 104 99 128 101 26 32 68 66 67 11 12 33 76 112 133 134 85 86 16 116 117 14 118 50 51 49 87 7 23 22 96 95 125 55 140 139 91 27 131 28 29 129 59 60 69 9 106 36 79 113 114 135 74 73 143 119 44 17 46 41 137 43 4 89 18 1 25 127 126 56 92 93 121 62 63 65 98 31 115 39 38 136 75 111 110 45 84 3 81 20 57 58 94 124 103 40 78 77 37 15 97 13 
109 138 21 76 112 133 134 70 125 140 91 144 42 88 24 52 53 79 113 114 135 74 73 143 100 132 72 10 108 127 56 141 93 123 121 122 47 80 82 83 19 120 48 54 6 5 90 115 39 38 136 75 111 110 104 128 26 130 68 67 105 12 35 33 34 58 96 94 95 124 55 139 85 86 16 116 117 14 118 50 51 49 87 7 23 22 40 78 77 37 131 29 64 59 142 60 61 9 107 106 30 36 2 71 97 25 126 92 119 44 17 46 41 137 43 4 89 18 1 13 63 102 65 8 98 99 101 31 32 66 11 57 45 84 3 81 20 103 27 28 129 69 15 62 
110 122 22 77 37 134 73 34 95 55 139 91 43 18 1 53 5 13 114 38 74 75 143 109 61 30 2 71 10 25 126 56 92 93 144 121 3 81 83 14 20 48 49 6 7 90 21 39 40 136 76 111 112 133 8 99 101 26 32 66 67 11 12 108 33 57 58 141 94 123 124 138 15 16 17 117 41 118 42 51 4 87 88 23 24 52 78 79 113 135 27 28 29 129 59 130 60 69 9 105 106 35 36 70 96 97 125 140 44 45 46 47 137 80 82 89 19 120 54 115 62 63 64 65 142 98 100 107 31 132 72 127 84 85 86 116 50 102 103 104 128 68 119 131 
111 92 87 115 133 37 135 66 97 121 123 124 84 52 89 18 120 136 40 78 73 143 74 75 62 33 69 105 106 126 127 57 138 139 55 140 137 86 15 119 54 5 90 20 50 48 49 77 113 79 13 109 110 112 129 65 102 103 36 70 71 107 31 30 132 141 94 58 96 91 144 93 82 81 116 17 46 44 45 7 23 21 22 51 4 88 114 38 39 134 60 142 98 104 28 27 131 72 11 10 108 32 68 67 95 125 25 122 14 118 117 41 47 3 85 24 1 53 19 76 100 101 99 128 29 64 63 12 35 34 9 56 42 43 80 16 6 26 130 59 8 2 83 61 
112 140 88 39 134 135 74 132 96 144 93 123 85 53 19 120 48 76 78 79 143 109 75 111 131 108 68 67 105 125 25 127 122 138 124 55 80 16 119 44 6 90 21 50 51 49 87 113 114 13 115 110 133 37 128 64 63 102 35 34 70 9 107 106 30 56 141 57 58 139 91 92 83 116 117 46 47 45 84 23 24 22 52 4 89 18 38 136 40 73 130 59 142 8 104 103 27 2 72 71 10 31 32 66 94 95 97 121 118 42 41 137 3 86 15 1 54 5 20 77 61 100 98 99 28 29 62 11 12 33 69 126 43 82 81 17 7 101 26 129 65 36 14 60 
113 94 50 143 115 38 136 31 139 97 125 126 116 54 87 4 89 111 110 133 40 78 76 77 98 36 66 68 69 92 144 121 127 57 56 141 84 118 41 137 90 7 23 18 120 19 20 37 135 134 73 79 13 114 62 101 128 129 71 72 11 105 106 9 107 123 124 122 138 58 96 95 86 15 119 43 82 80 81 22 52 24 1 48 49 51 74 75 109 39 65 102 103 130 60 59 142 108 33 12 35 30 132 32 55 140 91 25 17 46 44 45 83 14 117 53 5 6 88 112 104 28 27 131 61 100 99 34 70 2 67 93 47 3 85 42 21 29 64 63 26 10 16 8 
114 141 51 109 39 136 76 107 138 96 95 125 117 6 88 89 19 112 133 134 78 79 77 113 142 35 132 32 68 140 91 144 25 127 126 56 85 42 137 80 21 23 24 120 48 20 50 135 74 73 143 13 115 38 131 100 99 128 70 2 72 67 105 69 9 93 123 121 122 57 58 94 16 119 44 82 83 81 116 52 53 1 54 49 87 4 75 111 110 40 64 63 102 26 130 129 59 10 108 11 12 106 30 31 124 55 139 97 46 47 45 84 14 118 41 5 90 7 18 37 8 104 103 27 60 61 98 33 34 36 66 92 3 86 15 43 22 28 29 62 101 71 17 65 
115 97 54 135 136 40 78 36 124 126 127 57 86 89 90 7 23 143 75 111 77 113 79 13 65 69 71 72 11 139 140 92 141 94 58 96 118 119 17 46 120 20 50 22 52 24 1 110 133 112 37 114 38 39 101 103 104 28 106 107 31 108 33 12 35 144 121 93 123 95 125 25 137 43 82 45 84 47 3 49 87 51 4 53 5 6 134 73 74 76 129 130 60 131 62 29 64 132 66 32 68 34 70 2 122 138 55 56 81 116 83 14 85 15 16 88 18 19 21 109 142 98 61 100 63 102 8 67 105 9 10 91 117 41 42 44 48 99 128 26 27 30 80 59 
116 98 113 84 118 41 137 94 62 101 128 129 50 143 115 38 136 86 15 119 43 82 80 81 31 139 97 125 126 65 102 103 130 60 59 142 54 87 4 89 111 110 133 40 78 76 77 17 46 44 45 83 14 117 36 66 68 69 92 144 121 127 57 56 141 104 28 27 131 61 100 99 90 7 23 18 120 19 20 37 135 134 73 79 13 114 47 3 85 42 71 72 11 105 106 9 107 123 124 122 138 58 96 95 29 64 63 26 22 52 24 1 48 49 51 74 75 109 39 16 108 33 12 35 30 132 32 55 140 91 25 8 53 5 6 88 112 34 70 2 67 93 21 10 
117 142 114 85 42 137 80 141 131 100 99 128 51 109 39 136 76 16 119 44 82 83 81 116 107 138 96 95 125 64 63 102 26 130 129 59 6 88 89 19 112 133 134 78 79 77 113 46 47 45 84 14 118 41 35 132 32 68 140 91 144 25 127 126 56 8 104 103 27 60 61 98 21 23 24 120 48 20 50 135 74 73 143 13 115 38 3 86 15 43 70 2 72 67 105 69 9 93 123 121 122 57 58 94 28 29 62 101 52 53 1 54 49 87 4 75 111 110 40 17 10 108 11 12 106 30 31 124 55 139 97 65 5 90 7 18 37 33 34 36 66 92 22 71 
118 101 143 46 137 43 82 139 28 129 130 60 90 136 111 110 133 84 3 86 81 116 83 14 71 126 92 144 121 62 64 65 142 98 61 100 87 23 22 52 78 77 113 37 135 134 73 15 119 16 17 117 41 42 66 11 108 33 57 141 94 123 124 122 138 102 103 8 104 99 128 26 89 18 120 1 54 53 5 13 115 114 38 74 75 109 44 45 47 80 69 105 106 35 36 34 70 96 97 95 125 55 140 91 27 131 29 59 20 50 48 49 6 7 21 39 40 76 112 85 107 31 30 132 2 72 10 25 127 56 93 63 51 4 88 24 79 32 68 67 12 58 19 9 
119 103 135 116 46 45 84 124 98 28 131 62 120 78 143 75 111 118 41 137 3 86 85 15 106 57 139 140 92 101 128 129 64 65 63 102 90 50 49 87 113 13 115 110 133 112 37 43 82 80 81 16 17 44 71 31 132 66 94 96 97 144 121 93 123 130 60 59 142 8 104 27 23 22 52 4 89 88 18 38 136 39 40 134 73 74 83 14 117 47 11 108 33 68 69 67 105 125 126 25 127 122 138 55 61 100 99 29 1 54 53 5 19 20 48 76 77 79 109 42 35 36 34 70 9 107 30 56 141 58 91 26 6 7 21 51 114 2 72 10 32 95 24 12 
120 106 119 90 50 49 87 103 71 31 132 66 135 116 46 45 84 23 22 52 4 89 88 18 124 98 28 131 62 11 108 33 68 69 67 105 78 143 75 111 118 41 137 3 86 85 15 1 54 53 5 19 20 48 57 139 140 92 101 128 129 64 65 63 102 35 36 34 70 9 107 30 113 13 115 110 133 112 37 43 82 80 81 16 17 44 6 7 21 51 94 96 97 144 121 93 123 130 60 59 142 8 104 27 2 72 10 32 38 136 39 40 134 73 74 83 14 117 47 24 125 126 25 127 122 138 55 61 100 99 29 12 76 77 79 109 42 56 141 58 91 26 114 95 
121 143 33 94 124 138 139 90 136 111 110 133 60 106 36 70 71 97 125 126 140 92 91 144 118 87 23 22 52 78 77 113 37 135 134 73 65 98 100 101 31 132 66 72 11 10 108 127 57 56 141 93 123 122 46 137 43 82 89 18 120 1 54 53 5 13 115 114 38 74 75 109 103 104 28 128 129 26 130 68 69 67 105 12 35 34 58 96 95 55 84 3 86 81 116 83 14 20 50 48 49 6 7 21 39 40 76 112 131 62 29 64 59 142 61 9 107 30 2 25 15 119 16 17 117 41 42 51 4 88 24 79 63 102 8 99 32 44 45 47 80 19 27 85 
122 73 34 95 55 139 91 5 38 75 109 110 61 30 2 71 10 25 126 56 92 93 144 121 14 49 7 21 22 40 76 77 112 37 133 134 8 99 101 26 32 66 67 11 12 108 33 57 58 141 94 123 124 138 17 41 42 43 4 88 18 24 1 52 53 79 13 113 114 135 74 143 27 28 29 129 59 130 60 69 9 105 106 35 36 70 96 97 125 140 45 47 3 80 81 82 83 19 20 120 48 54 6 90 115 39 136 111 62 63 64 65 142 98 100 107 31 132 72 127 85 15 86 16 116 117 118 50 51 87 23 78 102 103 104 128 68 119 44 46 137 89 131 84 
123 112 105 127 138 55 140 88 39 134 135 74 102 70 107 30 132 141 58 96 91 144 92 93 85 53 19 120 48 76 78 79 143 109 75 111 142 104 27 131 72 10 108 32 68 66 67 95 125 97 25 121 122 124 80 16 119 44 6 90 21 50 51 49 87 113 114 13 115 110 133 37 100 99 128 29 64 62 63 12 35 33 34 69 9 106 126 56 57 139 83 116 117 46 47 45 84 23 24 22 52 4 89 18 38 136 40 73 26 130 129 59 65 8 103 36 2 71 31 94 118 42 41 137 3 86 15 1 54 5 20 77 60 61 98 28 11 43 82 81 17 7 101 14 
124 111 106 57 139 140 92 87 115 133 37 135 103 71 31 132 66 94 96 97 144 121 93 123 84 52 89 18 120 136 40 78 73 143 74 75 98 28 131 62 11 108 33 68 69 67 105 125 126 25 127 122 138 55 137 86 15 119 54 5 90 20 50 48 49 77 113 79 13 109 110 112 101 128 129 64 65 63 102 35 36 34 70 9 107 30 56 141 58 91 82 81 116 17 46 44 45 7 23 21 22 51 4 88 114 38 39 134 130 60 59 142 8 104 27 2 72 10 32 95 14 118 117 41 47 3 85 24 1 53 19 76 61 100 99 29 12 42 43 80 16 6 26 83 
125 114 68 144 127 56 141 51 109 39 136 76 128 72 105 9 107 123 122 138 58 96 94 95 117 6 88 89 19 112 133 134 78 79 77 113 102 130 59 142 108 12 35 30 132 31 32 55 140 139 91 97 25 126 85 42 137 80 21 23 24 120 48 20 50 135 74 73 143 13 115 38 104 27 131 61 100 98 99 34 70 36 2 66 67 69 92 93 121 57 16 119 44 82 83 81 116 52 53 1 54 49 87 4 75 111 110 40 29 64 62 63 101 26 129 71 10 11 106 124 46 47 45 84 14 118 41 5 90 7 18 37 65 8 103 60 33 3 86 15 43 22 28 17 
126 113 69 121 57 141 94 50 143 115 38 136 129 11 106 107 31 124 138 139 96 97 95 125 116 54 87 4 89 111 110 133 40 78 76 77 103 60 142 98 33 35 36 132 66 32 68 140 92 91 144 25 127 56 84 118 41 137 90 7 23 18 120 19 20 37 135 134 73 79 13 114 28 131 62 100 101 99 128 70 71 2 72 67 105 9 93 123 122 58 86 15 119 43 82 80 81 22 52 24 1 48 49 51 74 75 109 39 64 65 63 102 26 130 59 10 108 12 30 55 17 46 44 45 83 14 117 53 5 6 88 112 8 104 27 61 34 47 3 85 42 21 29 16 
127 39 72 140 141 58 96 6 74 76 78 79 104 107 108 12 35 144 93 123 95 125 97 25 16 19 21 23 24 109 111 112 113 114 13 115 130 131 29 64 132 32 68 34 70 36 2 122 138 124 55 126 56 57 42 44 46 47 48 50 51 52 53 1 54 133 134 37 135 38 136 40 142 61 100 63 102 65 8 67 105 69 9 71 10 11 139 91 92 94 80 82 83 84 85 3 86 87 88 4 89 5 90 7 73 143 75 77 99 128 101 26 103 27 28 106 30 31 33 121 116 117 14 118 15 119 17 18 120 20 22 110 129 59 60 62 66 41 137 43 45 49 98 81 
128 117 125 102 130 59 142 114 85 42 137 80 68 144 127 56 141 104 27 131 61 100 98 99 51 109 39 136 76 16 119 44 82 83 81 116 72 105 9 107 123 122 138 58 96 94 95 29 64 62 63 101 26 129 6 88 89 19 112 133 134 78 79 77 113 46 47 45 84 14 118 41 108 12 35 30 132 31 32 55 140 139 91 97 25 126 65 8 103 60 21 23 24 120 48 20 50 135 74 73 143 13 115 38 3 86 15 43 34 70 36 2 66 67 69 92 93 121 57 28 52 53 1 54 49 87 4 75 111 110 40 17 71 10 11 106 124 5 90 7 18 37 33 22 
129 116 126 103 60 142 98 113 84 118 41 137 69 121 57 141 94 28 131 62 100 101 99 128 50 143 115 38 136 86 15 119 43 82 80 81 11 106 107 31 124 138 139 96 97 95 125 64 65 63 102 26 130 59 54 87 4 89 111 110 133 40 78 76 77 17 46 44 45 83 14 117 33 35 36 132 66 32 68 140 92 91 144 25 127 56 8 104 27 61 90 7 23 18 120 19 20 37 135 134 73 79 13 114 47 3 85 42 70 71 2 72 67 105 9 93 123 122 58 29 22 52 24 1 48 49 51 74 75 109 39 16 10 108 12 30 55 53 5 6 88 112 34 21 
130 42 144 64 142 61 100 109 47 80 82 83 108 141 123 122 138 102 8 104 99 128 101 26 21 76 112 133 134 85 86 16 116 117 14 118 105 35 34 70 96 95 125 55 140 139 91 27 131 28 29 129 59 60 88 24 52 53 79 113 114 135 74 73 143 119 44 17 46 41 137 43 107 30 132 2 72 71 10 25 127 126 56 92 93 121 62 63 65 98 19 120 48 54 6 5 90 115 39 38 136 75 111 110 45 84 3 81 32 68 66 67 11 12 33 57 58 94 124 103 50 51 49 87 7 23 22 40 78 77 37 15 69 9 106 36 97 4 89 18 1 13 31 20 
131 44 140 128 64 63 102 74 117 47 84 85 132 96 144 93 123 130 59 142 8 104 103 27 48 79 109 111 112 42 137 80 86 16 15 119 108 68 67 105 125 25 127 122 138 124 55 61 100 98 99 28 29 62 21 51 87 88 114 115 39 133 134 37 135 82 83 81 116 17 46 45 35 34 70 9 107 106 30 56 141 57 58 139 91 92 101 26 129 65 24 52 53 89 19 18 120 136 76 40 78 73 143 75 14 118 41 3 2 72 71 10 31 32 66 94 95 97 121 60 54 6 5 90 20 50 49 77 113 13 110 43 11 12 33 69 126 7 23 22 4 38 36 1 
132 48 131 108 68 67 105 44 21 51 87 88 140 128 64 63 102 35 34 70 9 107 106 30 74 117 47 84 85 24 52 53 89 19 18 120 96 144 93 123 130 59 142 8 104 103 27 2 72 71 10 31 32 66 79 109 111 112 42 137 80 86 16 15 119 54 6 5 90 20 50 49 125 25 127 122 138 124 55 61 100 98 99 28 29 62 11 12 33 69 114 115 39 133 134 37 135 82 83 81 116 17 46 45 7 23 22 4 56 141 57 58 139 91 92 101 26 129 65 36 136 76 40 78 73 143 75 14 118 41 3 1 94 95 97 121 60 77 113 13 110 43 126 38 
133 121 52 113 135 73 143 33 94 124 138 139 82 120 54 5 90 115 38 136 75 111 109 110 60 106 36 70 71 97 125 126 140 92 91 144 86 116 14 118 50 49 87 7 23 21 22 40 78 76 77 112 37 134 65 98 100 101 31 132 66 72 11 10 108 127 57 56 141 93 123 122 119 17 46 41 137 42 43 4 89 88 18 24 1 53 79 13 114 74 103 104 28 128 129 26 130 68 69 67 105 12 35 34 58 96 95 55 45 84 47 3 80 81 83 19 20 48 6 39 131 62 29 64 59 142 61 9 107 30 2 25 85 15 16 117 51 63 102 8 99 32 44 27 
134 144 53 114 74 143 109 108 141 123 122 138 83 48 6 90 21 39 136 76 111 112 110 133 130 105 35 34 70 96 95 125 55 140 139 91 16 117 118 42 51 87 88 23 24 22 52 78 79 77 113 37 135 73 64 142 61 100 107 30 132 2 72 71 10 25 127 126 56 92 93 121 44 46 47 137 80 43 82 89 19 18 120 1 54 5 13 115 38 75 102 8 104 99 128 101 26 32 68 66 67 11 12 33 57 58 94 124 84 85 3 86 81 116 14 20 50 49 7 40 27 131 28 29 129 59 60 69 9 106 36 97 15 119 17 41 4 62 63 65 98 31 45 103 
135 124 120 78 143 75 111 106 57 139 140 92 119 90 50 49 87 113 13 115 110 133 112 37 103 71 31 132 66 94 96 97 144 121 93 123 116 46 45 84 23 22 52 4 89 88 18 38 136 39 40 134 73 74 98 28 131 62 11 108 33 68 69 67 105 125 126 25 127 122 138 55 118 41 137 3 86 85 15 1 54 53 5 19 20 48 76 77 79 109 101 128 129 64 65 63 102 35 36 34 70 9 107 30 56 141 58 91 43 82 80 81 16 17 44 6 7 21 51 114 130 60 59 142 8 104 27 2 72 10 32 95 83 14 117 47 24 61 100 99 29 12 42 26 
136 126 89 133 78 77 113 69 121 57 141 94 137 23 120 20 50 135 73 143 13 115 114 38 129 11 106 107 31 124 138 139 96 97 95 125 119 82 81 116 52 1 54 49 87 51 4 75 111 109 110 39 40 76 103 60 142 98 33 35 36 132 66 32 68 140 92 91 144 25 127 56 46 45 84 14 118 117 41 5 90 6 7 88 18 19 112 37 134 79 28 131 62 100 101 99 128 70 71 2 72 67 105 9 93 123 122 58 3 86 85 15 42 43 80 21 22 24 48 74 64 65 63 102 26 130 59 10 108 12 30 55 16 17 44 83 53 8 104 27 61 34 47 29 
137 129 136 119 82 81 116 126 103 60 142 98 89 133 78 77 113 46 45 84 14 118 117 41 69 121 57 141 94 28 131 62 100 101 99 128 23 120 20 50 135 73 143 13 115 114 38 3 86 85 15 42 43 80 11 106 107 31 124 138 139 96 97 95 125 64 65 63 102 26 130 59 52 1 54 49 87 51 4 75 111 109 110 39 40 76 16 17 44 83 33 35 36 132 66 32 68 140 92 91 144 25 127 56 8 104 27 61 5 90 6 7 88 18 19 112 37 134 79 47 70 71 2 72 67 105 9 93 123 122 58 29 21 22 24 48 74 10 108 12 30 55 53 34 
138 134 70 125 140 91 144 53 114 74 143 109 100 132 72 10 108 127 56 141 93 123 121 122 83 48 6 90 21 39 136 76 111 112 110 133 104 128 26 130 68 67 105 12 35 33 34 58 96 94 95 124 55 139 16 117 118 42 51 87 88 23 24 22 52 78 79 77 113 37 135 73 131 29 64 59 142 60 61 9 107 106 30 36 2 71 97 25 126 92 44 46 47 137 80 43 82 89 19 18 120 1 54 5 13 115 38 75 63 102 65 8 98 99 101 31 32 66 11 57 84 85 3 86 81 116 14 20 50 49 7 40 103 27 28 129 69 15 119 17 41 4 62 45 
139 133 71 126 92 144 121 52 113 135 73 143 101 66 11 108 33 57 141 94 123 124 122 138 82 120 54 5 90 115 38 136 75 111 109 110 28 129 130 60 69 105 106 35 36 34 70 96 97 95 125 55 140 91 86 116 14 118 50 49 87 7 23 21 22 40 78 76 77 112 37 134 62 64 65 142 98 61 100 107 31 30 132 2 72 10 25 127 56 93 119 17 46 41 137 42 43 4 89 88 18 24 1 53 79 13 114 74 102 103 8 104 99 128 26 32 68 67 12 58 45 84 47 3 80 81 83 19 20 48 6 39 27 131 29 59 9 85 15 16 117 51 63 44 
140 74 132 96 144 93 123 48 79 109 111 112 131 108 68 67 105 125 25 127 122 138 124 55 44 21 51 87 88 114 115 39 133 134 37 135 128 64 63 102 35 34 70 9 107 106 30 56 141 57 58 139 91 92 117 47 84 85 24 52 53 89 19 18 120 136 76 40 78 73 143 75 130 59 142 8 104 103 27 2 72 71 10 31 32 66 94 95 97 121 42 137 80 86 16 15 119 54 6 5 90 20 50 49 77 113 13 110 61 100 98 99 28 29 62 11 12 33 69 126 82 83 81 116 17 46 45 7 23 22 4 38 101 26 129 65 36 14 118 41 3 1 60 43 
141 76 107 138 96 95 125 19 134 79 113 114 142 35 132 32 68 140 91 144 25 127 126 56 80 24 48 50 51 74 143 109 115 39 38 136 131 100 99 128 70 2 72 67 105 69 9 93 123 121 122 57 58 94 44 83 116 117 53 54 6 87 88 4 89 111 112 110 133 40 78 77 64 63 102 26 130 129 59 10 108 11 12 106 30 31 124 55 139 97 47 84 85 118 42 41 137 90 21 7 23 18 120 20 37 135 73 13 8 104 103 27 60 61 98 33 34 36 66 92 86 16 15 119 43 82 81 22 52 1 49 75 28 29 62 101 71 17 46 45 14 5 65 3 
142 80 141 131 100 99 128 76 44 83 116 117 107 138 96 95 125 64 63 102 26 130 129 59 19 134 79 113 114 47 84 85 118 42 41 137 35 132 32 68 140 91 144 25 127 126 56 8 104 103 27 60 61 98 24 48 50 51 74 143 109 115 39 38 136 86 16 15 119 43 82 81 70 2 72 67 105 69 9 93 123 121 122 57 58 94 28 29 62 101 53 54 6 87 88 4 89 111 112 110 133 40 78 77 17 46 45 14 10 108 11 12 106 30 31 124 55 139 97 65 90 21 7 23 18 120 20 37 135 73 13 3 33 34 36 66 92 22 52 1 49 75 71 5 
143 139 90 136 111 110 133 71 126 92 144 121 118 87 23 22 52 78 77 113 37 135 134 73 101 66 11 108 33 57 141 94 123 124 122 138 46 137 43 82 89 18 120 1 54 53 5 13 115 114 38 74 75 109 28 129 130 60 69 105 106 35 36 34 70 96 97 95 125 55 140 91 84 3 86 81 116 83 14 20 50 48 49 6 7 21 39 40 76 112 62 64 65 142 98 61 100 107 31 30 132 2 72 10 25 127 56 93 15 119 16 17 117 41 42 51 4 88 24 79 102 103 8 104 99 128 26 32 68 67 12 58 44 45 47 80 19 27 131 29 59 9 85 63 
144 109 108 141 123 122 138 21 76 112 133 134 130 105 35 34 70 96 95 125 55 140 139 91 42 88 24 52 53 79 113 114 135 74 73 143 64 142 61 100 107 30 132 2 72 71 10 25 127 126 56 92 93 121 47 80 82 83 19 120 48 54 6 5 90 115 39 38 136 75 111 110 102 8 104 99 128 101 26 32 68 66 67 11 12 33 57 58 94 124 85 86 16 116 117 14 118 50 51 49 87 7 23 22 40 78 77 37 27 131 28 29 129 59 60 69 9 106 36 97 119 44 17 46 41 137 43 4 89 18 1 13 62 63 65 98 31 45 84 3 81 20 103 15 
