160 51
1 2 3 4 5 6 7 8 9 10 11 12 13 14 15 16 17 18 19 20 21 22 23 24 25 26 27 28 29 30 31 32 33 34 35 36 37 38 39 40 41 42 43 44 45 46 47 48 49 50 51 52 53 54 55 56 57 58 59 60 61 62 63 64 65 66 67 68 69 70 71 72 73 74 75 76 77 78 79 80 81 82 83 84 85 86 87 88 89 90 91 92 93 94 95 96 97 98 99 100 101 102 103 104 105 106 107 108 109 110 111 112 113 114 115 116 117 118 119 120 121 122 123 124 125 126 127 128 129 130 131 132 133 134 135 136 137 138 139 140 141 142 143 144 145 146 147 148 149 150 151 152 153 154 155 156 157 158 159 160 
2 6 8 9 10 11 12 41 19 21 7 23 24 25 26 27 28 29 30 31 32 33 34 71 72 3 15 44 46 20 48 22 49 1 50 51 52 53 54 55 56 57 58 59 60 61 62 63 64 103 104 13 37 14 39 16 75 77 45 79 47 80 4 5 81 82 83 84 85 86 87 88 89 90 91 92 93 94 95 96 132 133 35 67 36 69 38 40 106 108 76 110 78 111 17 18 112 113 114 115 116 117 118 119 120 121 122 123 124 125 126 151 152 65 99 66 101 68 70 134 107 136 109 137 42 43 138 139 140 141 142 143 144 145 146 147 148 159 97 128 98 130 100 102 135 153 73 74 154 155 156 157 158 127 149 129 131 105 160 150 
3 25 7 13 14 15 16 33 51 8 54 55 20 22 23 1 35 36 37 38 39 40 41 62 12 64 10 82 24 85 86 26 27 88 45 47 48 4 49 5 6 65 66 67 68 69 70 71 72 94 31 96 29 34 2 32 113 50 116 117 52 53 119 56 76 78 79 17 80 18 19 21 97 98 99 100 101 102 103 104 124 60 126 58 63 9 61 11 138 81 141 142 83 84 144 87 107 109 110 42 111 43 44 46 127 128 129 130 131 132 133 146 92 148 90 95 28 93 30 112 154 155 114 115 157 118 135 136 73 137 74 75 77 149 150 151 152 122 158 120 125 57 123 59 139 140 160 143 153 105 106 108 159 147 89 145 91 156 134 121 
4 9 13 17 18 19 20 24 28 29 30 31 35 36 37 38 42 43 44 45 46 47 48 50 51 52 53 57 58 59 60 61 62 63 65 66 67 68 69 70 71 73 74 75 76 77 78 79 80 81 82 83 84 85 86 87 89 90 91 92 93 94 95 96 97 98 99 100 101 102 103 104 1 105 106 107 108 109 110 111 112 113 114 115 116 117 118 119 2 120 121 122 123 124 125 126 3 127 128 129 130 131 132 133 5 6 7 134 135 136 137 8 138 139 140 141 142 143 144 10 11 12 145 146 147 148 14 15 16 149 150 151 152 21 22 23 153 25 26 27 154 155 156 157 32 33 34 158 39 40 41 159 49 54 55 56 160 64 72 88 
5 33 14 18 1 21 22 55 62 12 64 10 36 3 39 40 43 4 46 47 6 7 49 86 27 88 25 94 31 96 29 34 2 32 66 13 69 70 15 16 72 74 17 77 78 19 20 80 23 117 53 119 51 56 8 54 124 60 126 58 63 9 61 11 98 35 101 102 37 38 104 41 105 42 108 109 44 45 111 48 142 84 144 82 87 24 85 26 146 92 148 90 95 28 93 30 127 65 130 131 67 68 133 71 73 134 135 75 76 137 79 155 115 157 113 118 50 116 52 122 158 120 125 57 123 59 97 149 150 99 100 152 103 106 107 153 110 140 160 138 143 81 141 83 147 89 145 91 128 129 159 132 136 156 112 154 114 121 151 139 
6 11 41 19 21 7 23 56 30 32 12 34 71 72 3 15 44 46 20 48 22 49 1 87 88 8 26 59 61 31 63 33 64 2 103 104 13 37 14 39 16 75 77 45 79 47 80 4 5 118 119 24 52 25 54 27 91 93 60 95 62 96 9 10 132 133 35 67 36 69 38 40 106 108 76 110 78 111 17 18 143 144 50 83 51 85 53 55 121 123 92 125 94 126 28 29 151 152 65 99 66 101 68 70 134 107 136 109 137 42 43 156 157 81 114 82 116 84 86 145 122 147 124 148 57 58 159 97 128 98 130 100 102 135 153 73 74 160 112 139 113 141 115 117 146 158 89 90 127 149 129 131 105 138 154 140 142 120 150 155 
7 12 16 20 22 23 1 27 31 33 34 2 38 40 41 3 45 47 48 4 49 5 6 53 55 56 8 60 62 63 9 64 10 11 68 70 71 13 72 14 15 76 78 79 17 80 18 19 21 84 86 87 24 88 25 26 92 94 95 28 96 29 30 32 100 102 103 35 104 36 37 39 107 109 110 42 111 43 44 46 115 117 118 50 119 51 52 54 122 124 125 57 126 58 59 61 129 131 132 65 133 66 67 69 135 136 73 137 74 75 77 140 142 143 81 144 82 83 85 146 147 89 148 90 91 93 150 151 97 152 98 99 101 153 105 106 108 155 156 112 157 113 114 116 158 120 121 123 159 127 128 130 134 160 138 139 141 145 149 154 
8 72 12 24 25 26 27 49 104 41 14 39 31 33 34 2 50 51 52 53 54 55 56 80 23 5 21 133 71 36 69 3 15 40 60 62 63 9 64 10 11 81 82 83 84 85 86 87 88 111 48 18 46 1 6 22 152 103 66 101 13 37 70 16 92 94 95 28 96 29 30 32 112 113 114 115 116 117 118 119 137 79 43 77 4 19 47 7 159 132 98 130 35 67 102 38 122 124 125 57 126 58 59 61 138 139 140 141 142 143 144 153 110 74 108 17 44 78 20 151 127 149 65 99 131 68 146 147 89 148 90 91 93 154 155 156 157 136 105 134 42 75 109 45 97 128 150 100 158 120 121 123 160 73 106 135 76 129 145 107 
9 19 24 28 29 30 31 71 44 46 20 48 50 51 52 53 57 58 59 60 61 62 63 103 104 13 37 75 77 45 79 47 80 4 81 82 83 84 85 86 87 89 90 91 92 93 94 95 96 132 133 35 67 36 69 38 106 108 76 110 78 111 17 18 112 113 114 115 116 117 118 119 2 120 121 122 123 124 125 126 151 152 65 99 66 101 68 70 6 134 107 136 109 137 42 43 8 138 139 140 141 142 143 144 10 11 12 145 146 147 148 41 159 97 128 98 130 100 102 21 7 23 135 153 73 74 25 26 27 154 155 156 157 32 33 34 158 72 3 15 127 149 129 131 22 49 1 105 54 55 56 160 64 14 39 16 150 5 88 40 
10 49 25 29 2 32 33 39 80 23 5 21 51 8 54 55 58 9 61 62 11 12 64 69 15 40 72 111 48 18 46 1 6 22 82 24 85 86 26 27 88 90 28 93 94 30 31 96 34 101 37 70 104 16 41 14 137 79 43 77 4 19 47 7 113 50 116 117 52 53 119 56 120 57 123 124 59 60 126 63 130 67 102 133 38 71 36 3 153 110 74 108 17 44 78 20 138 81 141 142 83 84 144 87 89 145 146 91 92 148 95 149 99 131 152 68 103 66 13 136 105 134 42 75 109 45 112 154 155 114 115 157 118 121 122 158 125 128 150 159 100 132 98 35 73 106 135 76 139 140 160 143 147 129 151 127 65 107 156 97 
11 7 56 30 32 12 34 16 20 22 23 1 87 88 8 26 59 61 31 63 33 64 2 38 40 41 3 45 47 48 4 49 5 6 118 119 24 52 25 54 27 91 93 60 95 62 96 9 10 68 70 71 13 72 14 15 76 78 79 17 80 18 19 21 143 144 50 83 51 85 53 55 121 123 92 125 94 126 28 29 100 102 103 35 104 36 37 39 107 109 110 42 111 43 44 46 156 157 81 114 82 116 84 86 145 122 147 124 148 57 58 129 131 132 65 133 66 67 69 135 136 73 137 74 75 77 160 112 139 113 141 115 117 146 158 89 90 150 151 97 152 98 99 101 153 105 106 108 138 154 140 142 120 159 127 128 130 134 155 149 
12 23 27 31 33 34 2 15 48 49 1 6 53 55 56 8 60 62 63 9 64 10 11 37 39 16 41 79 80 4 19 5 21 7 84 86 87 24 88 25 26 92 94 95 28 96 29 30 32 67 69 38 71 40 72 3 110 111 17 44 18 46 20 22 115 117 118 50 119 51 52 54 122 124 125 57 126 58 59 61 99 101 68 103 70 104 13 14 136 137 42 75 43 77 45 47 140 142 143 81 144 82 83 85 146 147 89 148 90 91 93 128 130 100 132 102 133 35 36 153 73 106 74 108 76 78 155 156 112 157 113 114 116 158 120 121 123 149 129 151 131 152 65 66 105 134 107 109 160 138 139 141 145 150 159 97 98 135 154 127 
13 51 20 35 36 37 38 62 82 24 85 86 45 47 48 4 65 66 67 68 69 70 71 94 31 96 29 113 50 116 117 52 53 119 76 78 79 17 80 18 19 97 98 99 100 101 102 103 104 124 60 126 58 63 9 61 138 81 141 142 83 84 144 87 107 109 110 42 111 43 44 46 3 127 128 129 130 131 132 133 146 92 148 90 95 28 93 30 25 112 154 155 114 115 157 118 7 135 136 73 137 74 75 77 14 15 16 149 150 151 152 33 122 158 120 125 57 123 59 8 54 55 139 140 160 143 22 23 1 153 105 106 108 39 40 41 159 12 64 10 147 89 145 91 26 27 88 156 49 5 6 134 72 34 2 32 121 56 21 11 
14 27 22 36 3 39 40 2 53 55 56 8 47 7 49 5 66 13 69 70 15 16 72 9 10 11 12 84 86 87 24 88 25 26 78 20 80 18 23 1 21 98 35 101 102 37 38 104 41 28 29 30 31 32 33 34 115 117 118 50 119 51 52 54 109 45 111 43 48 4 46 6 127 65 130 131 67 68 133 71 57 58 59 60 61 62 63 64 140 142 143 81 144 82 83 85 135 76 137 74 79 17 77 19 97 149 150 99 100 152 103 89 90 91 92 93 94 95 96 155 156 112 157 113 114 116 107 153 105 110 42 108 44 128 129 159 132 120 121 122 123 124 125 126 160 138 139 141 136 73 134 75 151 145 146 147 148 154 106 158 
15 54 6 37 39 16 41 32 85 26 55 88 19 21 7 23 67 69 38 71 40 72 3 61 11 33 64 116 52 86 119 27 56 25 44 46 20 48 22 49 1 99 101 68 103 70 104 13 14 93 30 62 96 12 34 10 141 83 117 144 53 87 51 8 75 77 45 79 47 80 4 5 128 130 100 132 102 133 35 36 123 59 94 126 31 63 29 2 154 114 142 157 84 118 82 24 106 108 76 110 78 111 17 18 149 129 151 131 152 65 66 145 91 124 148 60 95 58 9 139 155 160 115 143 113 50 134 107 136 109 137 42 43 150 159 97 98 121 146 158 92 125 90 28 140 156 138 81 135 153 73 74 127 122 147 120 57 112 105 89 
16 55 1 38 40 41 3 10 86 27 88 25 4 5 6 7 68 70 71 13 72 14 15 29 2 32 33 117 53 119 51 56 8 54 17 18 19 20 21 22 23 100 102 103 35 104 36 37 39 58 9 61 62 11 12 64 142 84 144 82 87 24 85 26 42 43 44 45 46 47 48 49 129 131 132 65 133 66 67 69 90 28 93 94 30 31 96 34 155 115 157 113 118 50 116 52 73 74 75 76 77 78 79 80 150 151 97 152 98 99 101 120 57 123 124 59 60 126 63 140 160 138 143 81 141 83 105 106 107 108 109 110 111 159 127 128 130 89 145 146 91 92 148 95 156 112 154 114 134 135 136 137 149 121 122 158 125 139 153 147 
17 28 35 42 43 44 45 50 57 58 59 60 65 66 67 68 73 74 75 76 77 78 79 81 82 83 84 89 90 91 92 93 94 95 97 98 99 100 101 102 103 1 105 106 107 108 109 110 111 112 113 114 115 116 117 118 2 120 121 122 123 124 125 126 3 127 128 129 130 131 132 133 4 5 6 7 134 135 136 137 8 138 139 140 141 142 143 144 9 10 11 12 145 146 147 148 13 14 15 16 149 150 151 152 18 19 20 21 22 23 153 24 25 26 27 154 155 156 157 29 30 31 32 33 34 158 36 37 38 39 40 41 159 46 47 48 49 51 52 53 54 55 56 160 61 62 63 64 69 70 71 72 80 85 86 87 88 96 104 119 
18 62 36 43 4 46 47 86 94 31 96 29 66 13 69 70 74 17 77 78 19 20 80 117 53 119 51 124 60 126 58 63 9 61 98 35 101 102 37 38 104 105 42 108 109 44 45 111 48 142 84 144 82 87 24 85 146 92 148 90 95 28 93 30 127 65 130 131 67 68 133 71 5 73 134 135 75 76 137 79 155 115 157 113 118 50 116 52 33 122 158 120 125 57 123 59 14 97 149 150 99 100 152 103 1 21 22 106 107 153 110 55 140 160 138 143 81 141 83 12 64 10 147 89 145 91 3 39 40 128 129 159 132 6 7 49 136 27 88 25 156 112 154 114 34 2 32 121 15 16 72 151 23 56 8 54 139 11 41 26 
19 30 71 44 46 20 48 87 59 61 31 63 103 104 13 37 75 77 45 79 47 80 4 118 119 24 52 91 93 60 95 62 96 9 132 133 35 67 36 69 38 106 108 76 110 78 111 17 18 143 144 50 83 51 85 53 121 123 92 125 94 126 28 29 151 152 65 99 66 101 68 70 6 134 107 136 109 137 42 43 156 157 81 114 82 116 84 86 11 145 122 147 124 148 57 58 41 159 97 128 98 130 100 102 21 7 23 135 153 73 74 56 160 112 139 113 141 115 117 32 12 34 146 158 89 90 72 3 15 127 149 129 131 22 49 1 105 88 8 26 138 154 140 142 33 64 2 120 14 39 16 150 5 25 54 27 155 10 40 55 
20 31 38 45 47 48 4 53 60 62 63 9 68 70 71 13 76 78 79 17 80 18 19 84 86 87 24 92 94 95 28 96 29 30 100 102 103 35 104 36 37 107 109 110 42 111 43 44 46 115 117 118 50 119 51 52 122 124 125 57 126 58 59 61 129 131 132 65 133 66 67 69 7 135 136 73 137 74 75 77 140 142 143 81 144 82 83 85 12 146 147 89 148 90 91 93 16 150 151 97 152 98 99 101 22 23 1 153 105 106 108 27 155 156 112 157 113 114 116 33 34 2 158 120 121 123 40 41 3 159 127 128 130 49 5 6 134 55 56 8 160 138 139 141 64 10 11 145 72 14 15 149 21 88 25 26 154 32 39 54 
21 64 72 46 6 22 49 54 96 34 10 32 104 41 14 39 77 19 47 80 7 23 5 85 26 55 88 126 63 29 61 2 11 33 133 71 36 69 3 15 40 108 44 78 111 20 48 18 1 116 52 86 119 27 56 25 148 95 58 93 9 30 62 12 152 103 66 101 13 37 70 16 134 75 109 137 45 79 43 4 141 83 117 144 53 87 51 8 158 125 90 123 28 59 94 31 159 132 98 130 35 67 102 38 106 135 153 76 110 74 17 154 114 142 157 84 118 82 24 147 120 145 57 91 124 60 151 127 149 65 99 131 68 107 136 105 42 139 155 160 115 143 113 50 89 121 146 92 97 128 150 100 73 140 156 138 81 122 129 112 
22 10 40 47 7 49 5 25 29 2 32 33 70 16 72 14 78 20 80 18 23 1 21 51 8 54 55 58 9 61 62 11 12 64 102 38 104 36 41 3 39 109 45 111 43 48 4 46 6 82 24 85 86 26 27 88 90 28 93 94 30 31 96 34 131 68 133 66 71 13 69 15 135 76 137 74 79 17 77 19 113 50 116 117 52 53 119 56 120 57 123 124 59 60 126 63 150 100 152 98 103 35 101 37 107 153 105 110 42 108 44 138 81 141 142 83 84 144 87 89 145 146 91 92 148 95 129 159 127 132 65 130 67 136 73 134 75 112 154 155 114 115 157 118 121 122 158 125 151 97 149 99 106 139 140 160 143 147 128 156 
23 34 15 48 49 1 6 26 63 64 2 11 37 39 16 41 79 80 4 19 5 21 7 52 54 27 56 95 96 9 30 10 32 12 67 69 38 71 40 72 3 110 111 17 44 18 46 20 22 83 85 53 87 55 88 8 125 126 28 59 29 61 31 33 99 101 68 103 70 104 13 14 136 137 42 75 43 77 45 47 114 116 84 118 86 119 24 25 147 148 57 91 58 93 60 62 128 130 100 132 102 133 35 36 153 73 106 74 108 76 78 139 141 115 143 117 144 50 51 158 89 121 90 123 92 94 149 129 151 131 152 65 66 105 134 107 109 154 140 156 142 157 81 82 120 145 122 124 150 159 97 98 135 155 160 112 113 146 127 138 
24 104 31 50 51 52 53 80 133 71 36 69 60 62 63 9 81 82 83 84 85 86 87 111 48 18 46 152 103 66 101 13 37 70 92 94 95 28 96 29 30 112 113 114 115 116 117 118 119 137 79 43 77 4 19 47 159 132 98 130 35 67 102 38 122 124 125 57 126 58 59 61 8 138 139 140 141 142 143 144 153 110 74 108 17 44 78 20 72 151 127 149 65 99 131 68 12 146 147 89 148 90 91 93 25 26 27 154 155 156 157 49 136 105 134 42 75 109 45 41 14 39 97 128 150 100 33 34 2 158 120 121 123 54 55 56 160 23 5 21 73 106 135 76 3 15 40 129 64 10 11 145 88 1 6 22 107 16 32 7 
25 15 33 51 8 54 55 6 37 39 16 41 62 12 64 10 82 24 85 86 26 27 88 19 21 7 23 67 69 38 71 40 72 3 94 31 96 29 34 2 32 113 50 116 117 52 53 119 56 44 46 20 48 22 49 1 99 101 68 103 70 104 13 14 124 60 126 58 63 9 61 11 138 81 141 142 83 84 144 87 75 77 45 79 47 80 4 5 128 130 100 132 102 133 35 36 146 92 148 90 95 28 93 30 112 154 155 114 115 157 118 106 108 76 110 78 111 17 18 149 129 151 131 152 65 66 122 158 120 125 57 123 59 139 140 160 143 134 107 136 109 137 42 43 150 159 97 98 147 89 145 91 156 135 153 73 74 127 121 105 
26 14 11 52 54 27 56 22 36 3 39 40 30 32 12 34 83 85 53 87 55 88 8 47 7 49 5 66 13 69 70 15 16 72 59 61 31 63 33 64 2 114 116 84 118 86 119 24 25 78 20 80 18 23 1 21 98 35 101 102 37 38 104 41 91 93 60 95 62 96 9 10 139 141 115 143 117 144 50 51 109 45 111 43 48 4 46 6 127 65 130 131 67 68 133 71 121 123 92 125 94 126 28 29 154 140 156 142 157 81 82 135 76 137 74 79 17 77 19 97 149 150 99 100 152 103 145 122 147 124 148 57 58 155 160 112 113 107 153 105 110 42 108 44 128 129 159 132 146 158 89 90 138 136 73 134 75 151 120 106 
27 39 2 53 55 56 8 21 69 15 40 72 9 10 11 12 84 86 87 24 88 25 26 46 6 22 49 101 37 70 104 16 41 14 28 29 30 31 32 33 34 115 117 118 50 119 51 52 54 77 19 47 80 7 23 5 130 67 102 133 38 71 36 3 57 58 59 60 61 62 63 64 140 142 143 81 144 82 83 85 108 44 78 111 20 48 18 1 149 99 131 152 68 103 66 13 89 90 91 92 93 94 95 96 155 156 112 157 113 114 116 134 75 109 137 45 79 43 4 128 150 159 100 132 98 35 120 121 122 123 124 125 126 160 138 139 141 106 135 153 76 110 74 17 129 151 127 65 145 146 147 148 154 107 136 105 42 97 158 73 
28 44 50 57 58 59 60 103 75 77 45 79 81 82 83 84 89 90 91 92 93 94 95 132 133 35 67 106 108 76 110 78 111 17 112 113 114 115 116 117 118 2 120 121 122 123 124 125 126 151 152 65 99 66 101 68 6 134 107 136 109 137 42 43 8 138 139 140 141 142 143 144 9 10 11 12 145 146 147 148 41 159 97 128 98 130 100 102 19 21 7 23 135 153 73 74 24 25 26 27 154 155 156 157 29 30 31 32 33 34 158 71 72 3 15 127 149 129 131 46 20 48 22 49 1 105 51 52 53 54 55 56 160 61 62 63 64 104 13 37 14 39 16 150 47 80 4 5 85 86 87 88 96 36 69 38 40 18 119 70 
29 80 51 58 9 61 62 69 111 48 18 46 82 24 85 86 90 28 93 94 30 31 96 101 37 70 104 137 79 43 77 4 19 47 113 50 116 117 52 53 119 120 57 123 124 59 60 126 63 130 67 102 133 38 71 36 153 110 74 108 17 44 78 20 138 81 141 142 83 84 144 87 10 89 145 146 91 92 148 95 149 99 131 152 68 103 66 13 49 136 105 134 42 75 109 45 25 112 154 155 114 115 157 118 2 32 33 121 122 158 125 39 128 150 159 100 132 98 35 23 5 21 73 106 135 76 8 54 55 139 140 160 143 11 12 64 147 15 40 72 129 151 127 65 1 6 22 107 26 27 88 156 34 16 41 14 97 7 56 3 
30 20 87 59 61 31 63 38 45 47 48 4 118 119 24 52 91 93 60 95 62 96 9 68 70 71 13 76 78 79 17 80 18 19 143 144 50 83 51 85 53 121 123 92 125 94 126 28 29 100 102 103 35 104 36 37 107 109 110 42 111 43 44 46 156 157 81 114 82 116 84 86 11 145 122 147 124 148 57 58 129 131 132 65 133 66 67 69 7 135 136 73 137 74 75 77 56 160 112 139 113 141 115 117 32 12 34 146 158 89 90 16 150 151 97 152 98 99 101 22 23 1 153 105 106 108 88 8 26 138 154 140 142 33 64 2 120 40 41 3 159 127 128 130 49 5 6 134 25 54 27 155 10 72 14 15 149 21 55 39 
31 48 53 60 62 63 9 37 79 80 4 19 84 86 87 24 92 94 95 28 96 29 30 67 69 38 71 110 111 17 44 18 46 20 115 117 118 50 119 51 52 122 124 125 57 126 58 59 61 99 101 68 103 70 104 13 136 137 42 75 43 77 45 47 140 142 143 81 144 82 83 85 12 146 147 89 148 90 91 93 128 130 100 132 102 133 35 36 23 153 73 106 74 108 76 78 27 155 156 112 157 113 114 116 33 34 2 158 120 121 123 15 149 129 151 131 152 65 66 49 1 6 105 134 107 109 55 56 8 160 138 139 141 64 10 11 145 39 16 41 150 159 97 98 5 21 7 135 88 25 26 154 32 40 72 3 127 22 54 14 
32 5 88 61 11 33 64 14 18 1 21 22 119 56 25 54 93 30 62 96 12 34 10 36 3 39 40 43 4 46 47 6 7 49 144 87 51 85 8 26 55 123 59 94 126 31 63 29 2 66 13 69 70 15 16 72 74 17 77 78 19 20 80 23 157 118 82 116 24 52 86 27 145 91 124 148 60 95 58 9 98 35 101 102 37 38 104 41 105 42 108 109 44 45 111 48 160 143 113 141 50 83 117 53 121 146 158 92 125 90 28 127 65 130 131 67 68 133 71 73 134 135 75 76 137 79 156 138 154 81 114 142 84 122 147 120 57 97 149 150 99 100 152 103 106 107 153 110 112 139 155 115 89 128 129 159 132 136 140 151 
33 21 55 62 12 64 10 72 46 6 22 49 86 27 88 25 94 31 96 29 34 2 32 104 41 14 39 77 19 47 80 7 23 5 117 53 119 51 56 8 54 124 60 126 58 63 9 61 11 133 71 36 69 3 15 40 108 44 78 111 20 48 18 1 142 84 144 82 87 24 85 26 146 92 148 90 95 28 93 30 152 103 66 101 13 37 70 16 134 75 109 137 45 79 43 4 155 115 157 113 118 50 116 52 122 158 120 125 57 123 59 159 132 98 130 35 67 102 38 106 135 153 76 110 74 17 140 160 138 143 81 141 83 147 89 145 91 151 127 149 65 99 131 68 107 136 105 42 156 112 154 114 121 97 128 150 100 73 139 129 
34 1 26 63 64 2 11 3 4 5 6 7 52 54 27 56 95 96 9 30 10 32 12 13 14 15 16 17 18 19 20 21 22 23 83 85 53 87 55 88 8 125 126 28 59 29 61 31 33 35 36 37 38 39 40 41 42 43 44 45 46 47 48 49 114 116 84 118 86 119 24 25 147 148 57 91 58 93 60 62 65 66 67 68 69 70 71 72 73 74 75 76 77 78 79 80 139 141 115 143 117 144 50 51 158 89 121 90 123 92 94 97 98 99 100 101 102 103 104 105 106 107 108 109 110 111 154 140 156 142 157 81 82 120 145 122 124 127 128 129 130 131 132 133 134 135 136 137 155 160 112 113 146 149 150 151 152 153 138 159 
35 82 45 65 66 67 68 94 113 50 116 117 76 78 79 17 97 98 99 100 101 102 103 124 60 126 58 138 81 141 142 83 84 144 107 109 110 42 111 43 44 3 127 128 129 130 131 132 133 146 92 148 90 95 28 93 25 112 154 155 114 115 157 118 7 135 136 73 137 74 75 77 13 14 15 16 149 150 151 152 33 122 158 120 125 57 123 59 51 8 54 55 139 140 160 143 20 22 23 1 153 105 106 108 36 37 38 39 40 41 159 62 12 64 10 147 89 145 91 24 85 86 26 27 88 156 47 48 4 49 5 6 134 69 70 71 72 31 96 29 34 2 32 121 52 53 119 56 80 18 19 21 104 63 9 61 11 87 46 30 
36 53 47 66 13 69 70 9 84 86 87 24 78 20 80 18 98 35 101 102 37 38 104 28 29 30 31 115 117 118 50 119 51 52 109 45 111 43 48 4 46 127 65 130 131 67 68 133 71 57 58 59 60 61 62 63 140 142 143 81 144 82 83 85 135 76 137 74 79 17 77 19 14 97 149 150 99 100 152 103 89 90 91 92 93 94 95 96 27 155 156 112 157 113 114 116 22 107 153 105 110 42 108 44 3 39 40 128 129 159 132 2 120 121 122 123 124 125 126 55 56 8 160 138 139 141 7 49 5 136 73 134 75 15 16 72 151 10 11 12 145 146 147 148 88 25 26 154 23 1 21 106 41 32 33 34 158 54 6 64 
37 85 19 67 69 38 71 61 116 52 86 119 44 46 20 48 99 101 68 103 70 104 13 93 30 62 96 141 83 117 144 53 87 51 75 77 45 79 47 80 4 128 130 100 132 102 133 35 36 123 59 94 126 31 63 29 154 114 142 157 84 118 82 24 106 108 76 110 78 111 17 18 15 149 129 151 131 152 65 66 145 91 124 148 60 95 58 9 54 139 155 160 115 143 113 50 6 134 107 136 109 137 42 43 39 16 41 150 159 97 98 32 121 146 158 92 125 90 28 26 55 88 140 156 138 81 21 7 23 135 153 73 74 40 72 3 127 11 33 64 122 147 120 57 27 56 25 112 22 49 1 105 14 12 34 10 89 8 5 2 
38 86 4 68 70 71 13 29 117 53 119 51 17 18 19 20 100 102 103 35 104 36 37 58 9 61 62 142 84 144 82 87 24 85 42 43 44 45 46 47 48 129 131 132 65 133 66 67 69 90 28 93 94 30 31 96 155 115 157 113 118 50 116 52 73 74 75 76 77 78 79 80 16 150 151 97 152 98 99 101 120 57 123 124 59 60 126 63 55 140 160 138 143 81 141 83 1 105 106 107 108 109 110 111 40 41 3 159 127 128 130 10 89 145 146 91 92 148 95 27 88 25 156 112 154 114 5 6 7 134 135 136 137 72 14 15 149 2 32 33 121 122 158 125 56 8 54 139 21 22 23 153 39 11 12 64 147 26 49 34 
39 56 21 69 15 40 72 34 87 88 8 26 46 6 22 49 101 37 70 104 16 41 14 63 64 2 11 118 119 24 52 25 54 27 77 19 47 80 7 23 5 130 67 102 133 38 71 36 3 95 96 9 30 10 32 12 143 144 50 83 51 85 53 55 108 44 78 111 20 48 18 1 149 99 131 152 68 103 66 13 125 126 28 59 29 61 31 33 156 157 81 114 82 116 84 86 134 75 109 137 45 79 43 4 128 150 159 100 132 98 35 147 148 57 91 58 93 60 62 160 112 139 113 141 115 117 106 135 153 76 110 74 17 129 151 127 65 158 89 121 90 123 92 94 138 154 140 142 107 136 105 42 97 120 145 122 124 155 73 146 
40 8 5 70 16 72 14 12 24 25 26 27 18 1 21 22 102 38 104 36 41 3 39 31 33 34 2 50 51 52 53 54 55 56 43 4 46 47 6 7 49 131 68 133 66 71 13 69 15 60 62 63 9 64 10 11 81 82 83 84 85 86 87 88 74 17 77 78 19 20 80 23 150 100 152 98 103 35 101 37 92 94 95 28 96 29 30 32 112 113 114 115 116 117 118 119 105 42 108 109 44 45 111 48 129 159 127 132 65 130 67 122 124 125 57 126 58 59 61 138 139 140 141 142 143 144 73 134 135 75 76 137 79 151 97 149 99 146 147 89 148 90 91 93 154 155 156 157 106 107 153 110 128 158 120 121 123 160 136 145 
41 88 23 71 72 3 15 64 119 56 25 54 48 49 1 6 103 104 13 37 14 39 16 96 34 10 32 144 87 51 85 8 26 55 79 80 4 19 5 21 7 132 133 35 67 36 69 38 40 126 63 29 61 2 11 33 157 118 82 116 24 52 86 27 110 111 17 44 18 46 20 22 151 152 65 99 66 101 68 70 148 95 58 93 9 30 62 12 160 143 113 141 50 83 117 53 136 137 42 75 43 77 45 47 159 97 128 98 130 100 102 158 125 90 123 28 59 94 31 156 138 154 81 114 142 84 153 73 106 74 108 76 78 127 149 129 131 147 120 145 57 91 124 60 112 139 155 115 105 134 107 109 150 89 121 146 92 140 135 122 
42 57 65 73 74 75 76 81 89 90 91 92 97 98 99 100 1 105 106 107 108 109 110 112 113 114 115 2 120 121 122 123 124 125 3 127 128 129 130 131 132 4 5 6 7 134 135 136 137 8 138 139 140 141 142 143 9 10 11 12 145 146 147 148 13 14 15 16 149 150 151 152 17 18 19 20 21 22 23 153 24 25 26 27 154 155 156 157 28 29 30 31 32 33 34 158 35 36 37 38 39 40 41 159 43 44 45 46 47 48 49 50 51 52 53 54 55 56 160 58 59 60 61 62 63 64 66 67 68 69 70 71 72 77 78 79 80 82 83 84 85 86 87 88 93 94 95 96 101 102 103 104 111 116 117 118 119 126 133 144 
43 94 66 74 17 77 78 117 124 60 126 58 98 35 101 102 105 42 108 109 44 45 111 142 84 144 82 146 92 148 90 95 28 93 127 65 130 131 67 68 133 5 73 134 135 75 76 137 79 155 115 157 113 118 50 116 33 122 158 120 125 57 123 59 14 97 149 150 99 100 152 103 18 1 21 22 106 107 153 110 55 140 160 138 143 81 141 83 62 12 64 10 147 89 145 91 36 3 39 40 128 129 159 132 4 46 47 6 7 49 136 86 27 88 25 156 112 154 114 31 96 29 34 2 32 121 13 69 70 15 16 72 151 19 20 80 23 53 119 51 56 8 54 139 63 9 61 11 37 38 104 41 48 87 24 85 26 30 71 52 
44 59 103 75 77 45 79 118 91 93 60 95 132 133 35 67 106 108 76 110 78 111 17 143 144 50 83 121 123 92 125 94 126 28 151 152 65 99 66 101 68 6 134 107 136 109 137 42 43 156 157 81 114 82 116 84 11 145 122 147 124 148 57 58 41 159 97 128 98 130 100 102 19 21 7 23 135 153 73 74 56 160 112 139 113 141 115 117 30 32 12 34 146 158 89 90 71 72 3 15 127 149 129 131 46 20 48 22 49 1 105 87 88 8 26 138 154 140 142 61 31 63 33 64 2 120 104 13 37 14 39 16 150 47 80 4 5 119 24 52 25 54 27 155 62 96 9 10 36 69 38 40 18 51 85 53 55 29 70 86 
45 60 68 76 78 79 17 84 92 94 95 28 100 102 103 35 107 109 110 42 111 43 44 115 117 118 50 122 124 125 57 126 58 59 129 131 132 65 133 66 67 7 135 136 73 137 74 75 77 140 142 143 81 144 82 83 12 146 147 89 148 90 91 93 16 150 151 97 152 98 99 101 20 22 23 1 153 105 106 108 27 155 156 112 157 113 114 116 31 33 34 2 158 120 121 123 38 40 41 3 159 127 128 130 47 48 4 49 5 6 134 53 55 56 8 160 138 139 141 62 63 9 64 10 11 145 70 71 13 72 14 15 149 80 18 19 21 86 87 24 88 25 26 154 96 29 30 32 104 36 37 39 46 119 51 52 54 61 69 85 
46 96 104 77 19 47 80 85 126 63 29 61 133 71 36 69 108 44 78 111 20 48 18 116 52 86 119 148 95 58 93 9 30 62 152 103 66 101 13 37 70 134 75 109 137 45 79 43 4 141 83 117 144 53 87 51 158 125 90 123 28 59 94 31 159 132 98 130 35 67 102 38 21 106 135 153 76 110 74 17 154 114 142 157 84 118 82 24 64 147 120 145 57 91 124 60 72 151 127 149 65 99 131 68 6 22 49 107 136 105 42 54 139 155 160 115 143 113 50 34 10 32 89 121 146 92 41 14 39 97 128 150 100 7 23 5 73 26 55 88 140 156 138 81 2 11 33 122 3 15 40 129 1 27 56 25 112 12 16 8 
47 29 70 78 20 80 18 51 58 9 61 62 102 38 104 36 109 45 111 43 48 4 46 82 24 85 86 90 28 93 94 30 31 96 131 68 133 66 71 13 69 135 76 137 74 79 17 77 19 113 50 116 117 52 53 119 120 57 123 124 59 60 126 63 150 100 152 98 103 35 101 37 22 107 153 105 110 42 108 44 138 81 141 142 83 84 144 87 10 89 145 146 91 92 148 95 40 129 159 127 132 65 130 67 7 49 5 136 73 134 75 25 112 154 155 114 115 157 118 2 32 33 121 122 158 125 16 72 14 151 97 149 99 23 1 21 106 8 54 55 139 140 160 143 11 12 64 147 41 3 39 128 6 26 27 88 156 34 15 56 
48 63 37 79 80 4 19 52 95 96 9 30 67 69 38 71 110 111 17 44 18 46 20 83 85 53 87 125 126 28 59 29 61 31 99 101 68 103 70 104 13 136 137 42 75 43 77 45 47 114 116 84 118 86 119 24 147 148 57 91 58 93 60 62 128 130 100 132 102 133 35 36 23 153 73 106 74 108 76 78 139 141 115 143 117 144 50 51 34 158 89 121 90 123 92 94 15 149 129 151 131 152 65 66 49 1 6 105 134 107 109 26 154 140 156 142 157 81 82 64 2 11 120 145 122 124 39 16 41 150 159 97 98 5 21 7 135 54 27 56 155 160 112 113 10 32 12 146 40 72 3 127 22 55 88 8 138 33 14 25 
49 32 39 80 23 5 21 88 61 11 33 64 69 15 40 72 111 48 18 46 1 6 22 119 56 25 54 93 30 62 96 12 34 10 101 37 70 104 16 41 14 137 79 43 77 4 19 47 7 144 87 51 85 8 26 55 123 59 94 126 31 63 29 2 130 67 102 133 38 71 36 3 153 110 74 108 17 44 78 20 157 118 82 116 24 52 86 27 145 91 124 148 60 95 58 9 149 99 131 152 68 103 66 13 136 105 134 42 75 109 45 160 143 113 141 50 83 117 53 121 146 158 92 125 90 28 128 150 159 100 132 98 35 73 106 135 76 156 138 154 81 114 142 84 122 147 120 57 129 151 127 65 107 112 139 155 115 89 97 140 
50 133 60 81 82 83 84 111 152 103 66 101 92 94 95 28 112 113 114 115 116 117 118 137 79 43 77 159 132 98 130 35 67 102 122 124 125 57 126 58 59 8 138 139 140 141 142 143 144 153 110 74 108 17 44 78 72 151 127 149 65 99 131 68 12 146 147 89 148 90 91 93 24 25 26 27 154 155 156 157 49 136 105 134 42 75 109 45 104 41 14 39 97 128 150 100 31 33 34 2 158 120 121 123 51 52 53 54 55 56 160 80 23 5 21 73 106 135 76 71 36 69 3 15 40 129 62 63 9 64 10 11 145 85 86 87 88 48 18 46 1 6 22 107 13 37 70 16 96 29 30 32 119 4 19 47 7 38 61 20 
51 37 62 82 24 85 86 19 67 69 38 71 94 31 96 29 113 50 116 117 52 53 119 44 46 20 48 99 101 68 103 70 104 13 124 60 126 58 63 9 61 138 81 141 142 83 84 144 87 75 77 45 79 47 80 4 128 130 100 132 102 133 35 36 146 92 148 90 95 28 93 30 25 112 154 155 114 115 157 118 106 108 76 110 78 111 17 18 15 149 129 151 131 152 65 66 33 122 158 120 125 57 123 59 8 54 55 139 140 160 143 6 134 107 136 109 137 42 43 39 16 41 150 159 97 98 12 64 10 147 89 145 91 26 27 88 156 21 7 23 135 153 73 74 40 72 3 127 34 2 32 121 56 22 49 1 105 14 11 5 
52 36 30 83 85 53 87 47 66 13 69 70 59 61 31 63 114 116 84 118 86 119 24 78 20 80 18 98 35 101 102 37 38 104 91 93 60 95 62 96 9 139 141 115 143 117 144 50 51 109 45 111 43 48 4 46 127 65 130 131 67 68 133 71 121 123 92 125 94 126 28 29 26 154 140 156 142 157 81 82 135 76 137 74 79 17 77 19 14 97 149 150 99 100 152 103 11 145 122 147 124 148 57 58 54 27 56 155 160 112 113 22 107 153 105 110 42 108 44 3 39 40 128 129 159 132 32 12 34 146 158 89 90 55 88 8 138 7 49 5 136 73 134 75 15 16 72 151 33 64 2 120 25 23 1 21 106 41 10 6 
53 69 9 84 86 87 24 46 101 37 70 104 28 29 30 31 115 117 118 50 119 51 52 77 19 47 80 130 67 102 133 38 71 36 57 58 59 60 61 62 63 140 142 143 81 144 82 83 85 108 44 78 111 20 48 18 149 99 131 152 68 103 66 13 89 90 91 92 93 94 95 96 27 155 156 112 157 113 114 116 134 75 109 137 45 79 43 4 39 128 150 159 100 132 98 35 2 120 121 122 123 124 125 126 55 56 8 160 138 139 141 21 106 135 153 76 110 74 17 15 40 72 129 151 127 65 10 11 12 145 146 147 148 88 25 26 154 6 22 49 107 136 105 42 16 41 14 97 32 33 34 158 54 7 23 5 73 3 64 1 
54 16 32 85 26 55 88 1 38 40 41 3 61 11 33 64 116 52 86 119 27 56 25 4 5 6 7 68 70 71 13 72 14 15 93 30 62 96 12 34 10 141 83 117 144 53 87 51 8 17 18 19 20 21 22 23 100 102 103 35 104 36 37 39 123 59 94 126 31 63 29 2 154 114 142 157 84 118 82 24 42 43 44 45 46 47 48 49 129 131 132 65 133 66 67 69 145 91 124 148 60 95 58 9 139 155 160 115 143 113 50 73 74 75 76 77 78 79 80 150 151 97 152 98 99 101 121 146 158 92 125 90 28 140 156 138 81 105 106 107 108 109 110 111 159 127 128 130 122 147 120 57 112 134 135 136 137 149 89 153 
55 41 10 86 27 88 25 23 71 72 3 15 29 2 32 33 117 53 119 51 56 8 54 48 49 1 6 103 104 13 37 14 39 16 58 9 61 62 11 12 64 142 84 144 82 87 24 85 26 79 80 4 19 5 21 7 132 133 35 67 36 69 38 40 90 28 93 94 30 31 96 34 155 115 157 113 118 50 116 52 110 111 17 44 18 46 20 22 151 152 65 99 66 101 68 70 120 57 123 124 59 60 126 63 140 160 138 143 81 141 83 136 137 42 75 43 77 45 47 159 97 128 98 130 100 102 89 145 146 91 92 148 95 156 112 154 114 153 73 106 74 108 76 78 127 149 129 131 121 122 158 125 139 105 134 107 109 150 147 135 
56 40 34 87 88 8 26 5 70 16 72 14 63 64 2 11 118 119 24 52 25 54 27 18 1 21 22 102 38 104 36 41 3 39 95 96 9 30 10 32 12 143 144 50 83 51 85 53 55 43 4 46 47 6 7 49 131 68 133 66 71 13 69 15 125 126 28 59 29 61 31 33 156 157 81 114 82 116 84 86 74 17 77 78 19 20 80 23 150 100 152 98 103 35 101 37 147 148 57 91 58 93 60 62 160 112 139 113 141 115 117 105 42 108 109 44 45 111 48 129 159 127 132 65 130 67 158 89 121 90 123 92 94 138 154 140 142 73 134 135 75 76 137 79 151 97 149 99 120 145 122 124 155 106 107 153 110 128 146 136 
57 75 81 89 90 91 92 132 106 108 76 110 112 113 114 115 2 120 121 122 123 124 125 151 152 65 99 6 134 107 136 109 137 42 8 138 139 140 141 142 143 9 10 11 12 145 146 147 148 41 159 97 128 98 130 100 19 21 7 23 135 153 73 74 24 25 26 27 154 155 156 157 28 29 30 31 32 33 34 158 71 72 3 15 127 149 129 131 44 46 20 48 22 49 1 105 50 51 52 53 54 55 56 160 58 59 60 61 62 63 64 103 104 13 37 14 39 16 150 77 45 79 47 80 4 5 82 83 84 85 86 87 88 93 94 95 96 133 35 67 36 69 38 40 78 111 17 18 116 117 118 119 126 66 101 68 70 43 144 102 
58 111 82 90 28 93 94 101 137 79 43 77 113 50 116 117 120 57 123 124 59 60 126 130 67 102 133 153 110 74 108 17 44 78 138 81 141 142 83 84 144 10 89 145 146 91 92 148 95 149 99 131 152 68 103 66 49 136 105 134 42 75 109 45 25 112 154 155 114 115 157 118 29 2 32 33 121 122 158 125 39 128 150 159 100 132 98 35 80 23 5 21 73 106 135 76 51 8 54 55 139 140 160 143 9 61 62 11 12 64 147 69 15 40 72 129 151 127 65 48 18 46 1 6 22 107 24 85 86 26 27 88 156 30 31 96 34 37 70 104 16 41 14 97 4 19 47 7 52 53 119 56 63 38 71 36 3 20 87 13 
59 45 118 91 93 60 95 68 76 78 79 17 143 144 50 83 121 123 92 125 94 126 28 100 102 103 35 107 109 110 42 111 43 44 156 157 81 114 82 116 84 11 145 122 147 124 148 57 58 129 131 132 65 133 66 67 7 135 136 73 137 74 75 77 56 160 112 139 113 141 115 117 30 32 12 34 146 158 89 90 16 150 151 97 152 98 99 101 20 22 23 1 153 105 106 108 87 88 8 26 138 154 140 142 61 31 63 33 64 2 120 38 40 41 3 159 127 128 130 47 48 4 49 5 6 134 119 24 52 25 54 27 155 62 96 9 10 70 71 13 72 14 15 149 80 18 19 21 51 85 53 55 29 104 36 37 39 46 86 69 
60 79 84 92 94 95 28 67 110 111 17 44 115 117 118 50 122 124 125 57 126 58 59 99 101 68 103 136 137 42 75 43 77 45 140 142 143 81 144 82 83 12 146 147 89 148 90 91 93 128 130 100 132 102 133 35 23 153 73 106 74 108 76 78 27 155 156 112 157 113 114 116 31 33 34 2 158 120 121 123 15 149 129 151 131 152 65 66 48 49 1 6 105 134 107 109 53 55 56 8 160 138 139 141 62 63 9 64 10 11 145 37 39 16 41 150 159 97 98 80 4 19 5 21 7 135 86 87 24 88 25 26 154 96 29 30 32 69 38 71 40 72 3 127 18 46 20 22 119 51 52 54 61 70 104 13 14 47 85 36 
61 18 119 93 30 62 96 36 43 4 46 47 144 87 51 85 123 59 94 126 31 63 29 66 13 69 70 74 17 77 78 19 20 80 157 118 82 116 24 52 86 145 91 124 148 60 95 58 9 98 35 101 102 37 38 104 105 42 108 109 44 45 111 48 160 143 113 141 50 83 117 53 32 121 146 158 92 125 90 28 127 65 130 131 67 68 133 71 5 73 134 135 75 76 137 79 88 156 138 154 81 114 142 84 11 33 64 122 147 120 57 14 97 149 150 99 100 152 103 1 21 22 106 107 153 110 56 25 54 112 139 155 115 12 34 10 89 3 39 40 128 129 159 132 6 7 49 136 8 26 55 140 2 15 16 72 151 23 27 41 
62 46 86 94 31 96 29 104 77 19 47 80 117 53 119 51 124 60 126 58 63 9 61 133 71 36 69 108 44 78 111 20 48 18 142 84 144 82 87 24 85 146 92 148 90 95 28 93 30 152 103 66 101 13 37 70 134 75 109 137 45 79 43 4 155 115 157 113 118 50 116 52 33 122 158 120 125 57 123 59 159 132 98 130 35 67 102 38 21 106 135 153 76 110 74 17 55 140 160 138 143 81 141 83 12 64 10 147 89 145 91 72 151 127 149 65 99 131 68 6 22 49 107 136 105 42 27 88 25 156 112 154 114 34 2 32 121 41 14 39 97 128 150 100 7 23 5 73 56 8 54 139 11 3 15 40 129 1 26 16 
63 4 52 95 96 9 30 13 17 18 19 20 83 85 53 87 125 126 28 59 29 61 31 35 36 37 38 42 43 44 45 46 47 48 114 116 84 118 86 119 24 147 148 57 91 58 93 60 62 65 66 67 68 69 70 71 73 74 75 76 77 78 79 80 139 141 115 143 117 144 50 51 34 158 89 121 90 123 92 94 97 98 99 100 101 102 103 104 1 105 106 107 108 109 110 111 26 154 140 156 142 157 81 82 64 2 11 120 145 122 124 3 127 128 129 130 131 132 133 5 6 7 134 135 136 137 54 27 56 155 160 112 113 10 32 12 146 14 15 16 149 150 151 152 21 22 23 153 55 88 8 138 33 39 40 41 159 49 25 72 
64 22 54 96 34 10 32 40 47 7 49 5 85 26 55 88 126 63 29 61 2 11 33 70 16 72 14 78 20 80 18 23 1 21 116 52 86 119 27 56 25 148 95 58 93 9 30 62 12 102 38 104 36 41 3 39 109 45 111 43 48 4 46 6 141 83 117 144 53 87 51 8 158 125 90 123 28 59 94 31 131 68 133 66 71 13 69 15 135 76 137 74 79 17 77 19 154 114 142 157 84 118 82 24 147 120 145 57 91 124 60 150 100 152 98 103 35 101 37 107 153 105 110 42 108 44 139 155 160 115 143 113 50 89 121 146 92 129 159 127 132 65 130 67 136 73 134 75 140 156 138 81 122 151 97 149 99 106 112 128 
65 113 76 97 98 99 100 124 138 81 141 142 107 109 110 42 3 127 128 129 130 131 132 146 92 148 90 25 112 154 155 114 115 157 7 135 136 73 137 74 75 13 14 15 16 149 150 151 152 33 122 158 120 125 57 123 51 8 54 55 139 140 160 143 20 22 23 1 153 105 106 108 35 36 37 38 39 40 41 159 62 12 64 10 147 89 145 91 82 24 85 86 26 27 88 156 45 47 48 4 49 5 6 134 66 67 68 69 70 71 72 94 31 96 29 34 2 32 121 50 116 117 52 53 119 56 78 79 17 80 18 19 21 101 102 103 104 60 126 58 63 9 61 11 83 84 144 87 111 43 44 46 133 95 28 93 30 118 77 59 
66 84 78 98 35 101 102 28 115 117 118 50 109 45 111 43 127 65 130 131 67 68 133 57 58 59 60 140 142 143 81 144 82 83 135 76 137 74 79 17 77 14 97 149 150 99 100 152 103 89 90 91 92 93 94 95 27 155 156 112 157 113 114 116 22 107 153 105 110 42 108 44 36 3 39 40 128 129 159 132 2 120 121 122 123 124 125 126 53 55 56 8 160 138 139 141 47 7 49 5 136 73 134 75 13 69 70 15 16 72 151 9 10 11 12 145 146 147 148 86 87 24 88 25 26 154 20 80 18 23 1 21 106 37 38 104 41 29 30 31 32 33 34 158 119 51 52 54 48 4 46 6 71 61 62 63 64 85 19 96 
67 116 44 99 101 68 103 93 141 83 117 144 75 77 45 79 128 130 100 132 102 133 35 123 59 94 126 154 114 142 157 84 118 82 106 108 76 110 78 111 17 15 149 129 151 131 152 65 66 145 91 124 148 60 95 58 54 139 155 160 115 143 113 50 6 134 107 136 109 137 42 43 37 39 16 41 150 159 97 98 32 121 146 158 92 125 90 28 85 26 55 88 140 156 138 81 19 21 7 23 135 153 73 74 69 38 71 40 72 3 127 61 11 33 64 122 147 120 57 52 86 119 27 56 25 112 46 20 48 22 49 1 105 70 104 13 14 30 62 96 12 34 10 89 53 87 51 8 47 80 4 5 36 31 63 29 2 24 18 9 
68 117 17 100 102 103 35 58 142 84 144 82 42 43 44 45 129 131 132 65 133 66 67 90 28 93 94 155 115 157 113 118 50 116 73 74 75 76 77 78 79 16 150 151 97 152 98 99 101 120 57 123 124 59 60 126 55 140 160 138 143 81 141 83 1 105 106 107 108 109 110 111 38 40 41 3 159 127 128 130 10 89 145 146 91 92 148 95 86 27 88 25 156 112 154 114 4 5 6 7 134 135 136 137 70 71 13 72 14 15 149 29 2 32 33 121 122 158 125 53 119 51 56 8 54 139 18 19 20 21 22 23 153 104 36 37 39 9 61 62 11 12 64 147 87 24 85 26 46 47 48 49 69 30 31 96 34 52 80 63 
69 87 46 101 37 70 104 63 118 119 24 52 77 19 47 80 130 67 102 133 38 71 36 95 96 9 30 143 144 50 83 51 85 53 108 44 78 111 20 48 18 149 99 131 152 68 103 66 13 125 126 28 59 29 61 31 156 157 81 114 82 116 84 86 134 75 109 137 45 79 43 4 39 128 150 159 100 132 98 35 147 148 57 91 58 93 60 62 56 160 112 139 113 141 115 117 21 106 135 153 76 110 74 17 15 40 72 129 151 127 65 34 158 89 121 90 123 92 94 88 8 26 138 154 140 142 6 22 49 107 136 105 42 16 41 14 97 64 2 11 120 145 122 124 25 54 27 155 7 23 5 73 3 10 32 12 146 55 1 33 
70 24 18 102 38 104 36 31 50 51 52 53 43 4 46 47 131 68 133 66 71 13 69 60 62 63 9 81 82 83 84 85 86 87 74 17 77 78 19 20 80 150 100 152 98 103 35 101 37 92 94 95 28 96 29 30 112 113 114 115 116 117 118 119 105 42 108 109 44 45 111 48 40 129 159 127 132 65 130 67 122 124 125 57 126 58 59 61 8 138 139 140 141 142 143 144 5 73 134 135 75 76 137 79 16 72 14 151 97 149 99 12 146 147 89 148 90 91 93 25 26 27 154 155 156 157 1 21 22 106 107 153 110 41 3 39 128 33 34 2 158 120 121 123 54 55 56 160 6 7 49 136 15 64 10 11 145 88 23 32 
71 119 48 103 104 13 37 96 144 87 51 85 79 80 4 19 132 133 35 67 36 69 38 126 63 29 61 157 118 82 116 24 52 86 110 111 17 44 18 46 20 151 152 65 99 66 101 68 70 148 95 58 93 9 30 62 160 143 113 141 50 83 117 53 136 137 42 75 43 77 45 47 41 159 97 128 98 130 100 102 158 125 90 123 28 59 94 31 88 156 138 154 81 114 142 84 23 153 73 106 74 108 76 78 72 3 15 127 149 129 131 64 147 120 145 57 91 124 60 56 25 54 112 139 155 115 49 1 6 105 134 107 109 14 39 16 150 34 10 32 89 121 146 92 8 26 55 140 5 21 7 135 40 2 11 33 122 27 22 12 
72 26 49 104 41 14 39 11 52 54 27 56 80 23 5 21 133 71 36 69 3 15 40 30 32 12 34 83 85 53 87 55 88 8 111 48 18 46 1 6 22 152 103 66 101 13 37 70 16 59 61 31 63 33 64 2 114 116 84 118 86 119 24 25 137 79 43 77 4 19 47 7 159 132 98 130 35 67 102 38 91 93 60 95 62 96 9 10 139 141 115 143 117 144 50 51 153 110 74 108 17 44 78 20 151 127 149 65 99 131 68 121 123 92 125 94 126 28 29 154 140 156 142 157 81 82 136 105 134 42 75 109 45 97 128 150 100 145 122 147 124 148 57 58 155 160 112 113 73 106 135 76 129 146 158 89 90 138 107 120 
73 89 97 1 105 106 107 112 2 120 121 122 3 127 128 129 4 5 6 7 134 135 136 8 138 139 140 9 10 11 12 145 146 147 13 14 15 16 149 150 151 17 18 19 20 21 22 23 153 24 25 26 27 154 155 156 28 29 30 31 32 33 34 158 35 36 37 38 39 40 41 159 42 43 44 45 46 47 48 49 50 51 52 53 54 55 56 160 57 58 59 60 61 62 63 64 65 66 67 68 69 70 71 72 74 75 76 77 78 79 80 81 82 83 84 85 86 87 88 90 91 92 93 94 95 96 98 99 100 101 102 103 104 108 109 110 111 113 114 115 116 117 118 119 123 124 125 126 130 131 132 133 137 141 142 143 144 148 152 157 
74 124 98 105 42 108 109 142 146 92 148 90 127 65 130 131 5 73 134 135 75 76 137 155 115 157 113 33 122 158 120 125 57 123 14 97 149 150 99 100 152 18 1 21 22 106 107 153 110 55 140 160 138 143 81 141 62 12 64 10 147 89 145 91 36 3 39 40 128 129 159 132 43 4 46 47 6 7 49 136 86 27 88 25 156 112 154 114 94 31 96 29 34 2 32 121 66 13 69 70 15 16 72 151 17 77 78 19 20 80 23 117 53 119 51 56 8 54 139 60 126 58 63 9 61 11 35 101 102 37 38 104 41 44 45 111 48 84 144 82 87 24 85 26 95 28 93 30 67 68 133 71 79 118 50 116 52 59 103 83 
75 91 132 106 108 76 110 143 121 123 92 125 151 152 65 99 6 134 107 136 109 137 42 156 157 81 114 11 145 122 147 124 148 57 41 159 97 128 98 130 100 19 21 7 23 135 153 73 74 56 160 112 139 113 141 115 30 32 12 34 146 158 89 90 71 72 3 15 127 149 129 131 44 46 20 48 22 49 1 105 87 88 8 26 138 154 140 142 59 61 31 63 33 64 2 120 103 104 13 37 14 39 16 150 77 45 79 47 80 4 5 118 119 24 52 25 54 27 155 93 60 95 62 96 9 10 133 35 67 36 69 38 40 78 111 17 18 144 50 83 51 85 53 55 94 126 28 29 66 101 68 70 43 82 116 84 86 58 102 117 
76 92 100 107 109 110 42 115 122 124 125 57 129 131 132 65 7 135 136 73 137 74 75 140 142 143 81 12 146 147 89 148 90 91 16 150 151 97 152 98 99 20 22 23 1 153 105 106 108 27 155 156 112 157 113 114 31 33 34 2 158 120 121 123 38 40 41 3 159 127 128 130 45 47 48 4 49 5 6 134 53 55 56 8 160 138 139 141 60 62 63 9 64 10 11 145 68 70 71 13 72 14 15 149 78 79 17 80 18 19 21 84 86 87 24 88 25 26 154 94 95 28 96 29 30 32 102 103 35 104 36 37 39 111 43 44 46 117 118 50 119 51 52 54 126 58 59 61 133 66 67 69 77 144 82 83 85 93 101 116 
77 126 133 108 44 78 111 116 148 95 58 93 152 103 66 101 134 75 109 137 45 79 43 141 83 117 144 158 125 90 123 28 59 94 159 132 98 130 35 67 102 21 106 135 153 76 110 74 17 154 114 142 157 84 118 82 64 147 120 145 57 91 124 60 72 151 127 149 65 99 131 68 46 6 22 49 107 136 105 42 54 139 155 160 115 143 113 50 96 34 10 32 89 121 146 92 104 41 14 39 97 128 150 100 19 47 80 7 23 5 73 85 26 55 88 140 156 138 81 63 29 61 2 11 33 122 71 36 69 3 15 40 129 20 48 18 1 52 86 119 27 56 25 112 9 30 62 12 13 37 70 16 4 53 87 51 8 31 38 24 
78 58 102 109 45 111 43 82 90 28 93 94 131 68 133 66 135 76 137 74 79 17 77 113 50 116 117 120 57 123 124 59 60 126 150 100 152 98 103 35 101 22 107 153 105 110 42 108 44 138 81 141 142 83 84 144 10 89 145 146 91 92 148 95 40 129 159 127 132 65 130 67 47 7 49 5 136 73 134 75 25 112 154 155 114 115 157 118 29 2 32 33 121 122 158 125 70 16 72 14 151 97 149 99 20 80 18 23 1 21 106 51 8 54 55 139 140 160 143 9 61 62 11 12 64 147 38 104 36 41 3 39 128 48 4 46 6 24 85 86 26 27 88 156 30 31 96 34 71 13 69 15 19 52 53 119 56 63 37 87 
79 95 67 110 111 17 44 83 125 126 28 59 99 101 68 103 136 137 42 75 43 77 45 114 116 84 118 147 148 57 91 58 93 60 128 130 100 132 102 133 35 23 153 73 106 74 108 76 78 139 141 115 143 117 144 50 34 158 89 121 90 123 92 94 15 149 129 151 131 152 65 66 48 49 1 6 105 134 107 109 26 154 140 156 142 157 81 82 63 64 2 11 120 145 122 124 37 39 16 41 150 159 97 98 80 4 19 5 21 7 135 52 54 27 56 155 160 112 113 96 9 30 10 32 12 146 69 38 71 40 72 3 127 18 46 20 22 85 53 87 55 88 8 138 29 61 31 33 70 104 13 14 47 86 119 24 25 62 36 51 
80 61 69 111 48 18 46 119 93 30 62 96 101 37 70 104 137 79 43 77 4 19 47 144 87 51 85 123 59 94 126 31 63 29 130 67 102 133 38 71 36 153 110 74 108 17 44 78 20 157 118 82 116 24 52 86 145 91 124 148 60 95 58 9 149 99 131 152 68 103 66 13 49 136 105 134 42 75 109 45 160 143 113 141 50 83 117 53 32 121 146 158 92 125 90 28 39 128 150 159 100 132 98 35 23 5 21 73 106 135 76 88 156 138 154 81 114 142 84 11 33 64 122 147 120 57 15 40 72 129 151 127 65 1 6 22 107 56 25 54 112 139 155 115 12 34 10 89 16 41 14 97 7 8 26 55 140 2 3 27 
81 152 92 112 113 114 115 137 159 132 98 130 122 124 125 57 8 138 139 140 141 142 143 153 110 74 108 72 151 127 149 65 99 131 12 146 147 89 148 90 91 24 25 26 27 154 155 156 157 49 136 105 134 42 75 109 104 41 14 39 97 128 150 100 31 33 34 2 158 120 121 123 50 51 52 53 54 55 56 160 80 23 5 21 73 106 135 76 133 71 36 69 3 15 40 129 60 62 63 9 64 10 11 145 82 83 84 85 86 87 88 111 48 18 46 1 6 22 107 103 66 101 13 37 70 16 94 95 28 96 29 30 32 116 117 118 119 79 43 77 4 19 47 7 35 67 102 38 126 58 59 61 144 17 44 78 20 68 93 45 
82 67 94 113 50 116 117 44 99 101 68 103 124 60 126 58 138 81 141 142 83 84 144 75 77 45 79 128 130 100 132 102 133 35 146 92 148 90 95 28 93 25 112 154 155 114 115 157 118 106 108 76 110 78 111 17 15 149 129 151 131 152 65 66 33 122 158 120 125 57 123 59 51 8 54 55 139 140 160 143 6 134 107 136 109 137 42 43 37 39 16 41 150 159 97 98 62 12 64 10 147 89 145 91 24 85 86 26 27 88 156 19 21 7 23 135 153 73 74 69 38 71 40 72 3 127 31 96 29 34 2 32 121 52 53 119 56 46 20 48 22 49 1 105 70 104 13 14 63 9 61 11 87 47 80 4 5 36 30 18 
83 66 59 114 116 84 118 78 98 35 101 102 91 93 60 95 139 141 115 143 117 144 50 109 45 111 43 127 65 130 131 67 68 133 121 123 92 125 94 126 28 26 154 140 156 142 157 81 82 135 76 137 74 79 17 77 14 97 149 150 99 100 152 103 11 145 122 147 124 148 57 58 52 54 27 56 155 160 112 113 22 107 153 105 110 42 108 44 36 3 39 40 128 129 159 132 30 32 12 34 146 158 89 90 85 53 87 55 88 8 138 47 7 49 5 136 73 134 75 13 69 70 15 16 72 151 61 31 63 33 64 2 120 86 119 24 25 20 80 18 23 1 21 106 37 38 104 41 62 96 9 10 51 48 4 46 6 71 29 19 
84 101 28 115 117 118 50 77 130 67 102 133 57 58 59 60 140 142 143 81 144 82 83 108 44 78 111 149 99 131 152 68 103 66 89 90 91 92 93 94 95 27 155 156 112 157 113 114 116 134 75 109 137 45 79 43 39 128 150 159 100 132 98 35 2 120 121 122 123 124 125 126 53 55 56 8 160 138 139 141 21 106 135 153 76 110 74 17 69 15 40 72 129 151 127 65 9 10 11 12 145 146 147 148 86 87 24 88 25 26 154 46 6 22 49 107 136 105 42 37 70 104 16 41 14 97 29 30 31 32 33 34 158 119 51 52 54 19 47 80 7 23 5 73 38 71 36 3 61 62 63 64 85 20 48 18 1 13 96 4 
85 38 61 116 52 86 119 4 68 70 71 13 93 30 62 96 141 83 117 144 53 87 51 17 18 19 20 100 102 103 35 104 36 37 123 59 94 126 31 63 29 154 114 142 157 84 118 82 24 42 43 44 45 46 47 48 129 131 132 65 133 66 67 69 145 91 124 148 60 95 58 9 54 139 155 160 115 143 113 50 73 74 75 76 77 78 79 80 16 150 151 97 152 98 99 101 32 121 146 158 92 125 90 28 26 55 88 140 156 138 81 1 105 106 107 108 109 110 111 40 41 3 159 127 128 130 11 33 64 122 147 120 57 27 56 25 112 5 6 7 134 135 136 137 72 14 15 149 12 34 10 89 8 21 22 23 153 39 2 49 
86 71 29 117 53 119 51 48 103 104 13 37 58 9 61 62 142 84 144 82 87 24 85 79 80 4 19 132 133 35 67 36 69 38 90 28 93 94 30 31 96 155 115 157 113 118 50 116 52 110 111 17 44 18 46 20 151 152 65 99 66 101 68 70 120 57 123 124 59 60 126 63 55 140 160 138 143 81 141 83 136 137 42 75 43 77 45 47 41 159 97 128 98 130 100 102 10 89 145 146 91 92 148 95 27 88 25 156 112 154 114 23 153 73 106 74 108 76 78 72 3 15 127 149 129 131 2 32 33 121 122 158 125 56 8 54 139 49 1 6 105 134 107 109 14 39 16 150 11 12 64 147 26 5 21 7 135 40 34 22 
87 70 63 118 119 24 52 18 102 38 104 36 95 96 9 30 143 144 50 83 51 85 53 43 4 46 47 131 68 133 66 71 13 69 125 126 28 59 29 61 31 156 157 81 114 82 116 84 86 74 17 77 78 19 20 80 150 100 152 98 103 35 101 37 147 148 57 91 58 93 60 62 56 160 112 139 113 141 115 117 105 42 108 109 44 45 111 48 40 129 159 127 132 65 130 67 34 158 89 121 90 123 92 94 88 8 26 138 154 140 142 5 73 134 135 75 76 137 79 16 72 14 151 97 149 99 64 2 11 120 145 122 124 25 54 27 155 1 21 22 106 107 153 110 41 3 39 128 10 32 12 146 55 6 7 49 136 15 33 23 
88 3 64 119 56 25 54 7 13 14 15 16 96 34 10 32 144 87 51 85 8 26 55 20 22 23 1 35 36 37 38 39 40 41 126 63 29 61 2 11 33 157 118 82 116 24 52 86 27 45 47 48 4 49 5 6 65 66 67 68 69 70 71 72 148 95 58 93 9 30 62 12 160 143 113 141 50 83 117 53 76 78 79 17 80 18 19 21 97 98 99 100 101 102 103 104 158 125 90 123 28 59 94 31 156 138 154 81 114 142 84 107 109 110 42 111 43 44 46 127 128 129 130 131 132 133 147 120 145 57 91 124 60 112 139 155 115 135 136 73 137 74 75 77 149 150 151 152 89 121 146 92 140 153 105 106 108 159 122 134 
89 106 112 2 120 121 122 151 6 134 107 136 8 138 139 140 9 10 11 12 145 146 147 41 159 97 128 19 21 7 23 135 153 73 24 25 26 27 154 155 156 28 29 30 31 32 33 34 158 71 72 3 15 127 149 129 44 46 20 48 22 49 1 105 50 51 52 53 54 55 56 160 57 58 59 60 61 62 63 64 103 104 13 37 14 39 16 150 75 77 45 79 47 80 4 5 81 82 83 84 85 86 87 88 90 91 92 93 94 95 96 132 133 35 67 36 69 38 40 108 76 110 78 111 17 18 113 114 115 116 117 118 119 123 124 125 126 152 65 99 66 101 68 70 109 137 42 43 141 142 143 144 148 98 130 100 102 74 157 131 
90 137 113 120 57 123 124 130 153 110 74 108 138 81 141 142 10 89 145 146 91 92 148 149 99 131 152 49 136 105 134 42 75 109 25 112 154 155 114 115 157 29 2 32 33 121 122 158 125 39 128 150 159 100 132 98 80 23 5 21 73 106 135 76 51 8 54 55 139 140 160 143 58 9 61 62 11 12 64 147 69 15 40 72 129 151 127 65 111 48 18 46 1 6 22 107 82 24 85 86 26 27 88 156 28 93 94 30 31 96 34 101 37 70 104 16 41 14 97 79 43 77 4 19 47 7 50 116 117 52 53 119 56 59 60 126 63 67 102 133 38 71 36 3 17 44 78 20 83 84 144 87 95 68 103 66 13 45 118 35 
91 76 143 121 123 92 125 100 107 109 110 42 156 157 81 114 11 145 122 147 124 148 57 129 131 132 65 7 135 136 73 137 74 75 56 160 112 139 113 141 115 30 32 12 34 146 158 89 90 16 150 151 97 152 98 99 20 22 23 1 153 105 106 108 87 88 8 26 138 154 140 142 59 61 31 63 33 64 2 120 38 40 41 3 159 127 128 130 45 47 48 4 49 5 6 134 118 119 24 52 25 54 27 155 93 60 95 62 96 9 10 68 70 71 13 72 14 15 149 78 79 17 80 18 19 21 144 50 83 51 85 53 55 94 126 28 29 102 103 35 104 36 37 39 111 43 44 46 82 116 84 86 58 133 66 67 69 77 117 101 
92 110 115 122 124 125 57 99 136 137 42 75 140 142 143 81 12 146 147 89 148 90 91 128 130 100 132 23 153 73 106 74 108 76 27 155 156 112 157 113 114 31 33 34 2 158 120 121 123 15 149 129 151 131 152 65 48 49 1 6 105 134 107 109 53 55 56 8 160 138 139 141 60 62 63 9 64 10 11 145 37 39 16 41 150 159 97 98 79 80 4 19 5 21 7 135 84 86 87 24 88 25 26 154 94 95 28 96 29 30 32 67 69 38 71 40 72 3 127 111 17 44 18 46 20 22 117 118 50 119 51 52 54 126 58 59 61 101 68 103 70 104 13 14 43 77 45 47 144 82 83 85 93 102 133 35 36 78 116 66 
93 43 144 123 59 94 126 66 74 17 77 78 157 118 82 116 145 91 124 148 60 95 58 98 35 101 102 105 42 108 109 44 45 111 160 143 113 141 50 83 117 32 121 146 158 92 125 90 28 127 65 130 131 67 68 133 5 73 134 135 75 76 137 79 88 156 138 154 81 114 142 84 61 11 33 64 122 147 120 57 14 97 149 150 99 100 152 103 18 1 21 22 106 107 153 110 119 56 25 54 112 139 155 115 30 62 96 12 34 10 89 36 3 39 40 128 129 159 132 4 46 47 6 7 49 136 87 51 85 8 26 55 140 31 63 29 2 13 69 70 15 16 72 151 19 20 80 23 24 52 86 27 9 37 38 104 41 48 53 71 
94 77 117 124 60 126 58 133 108 44 78 111 142 84 144 82 146 92 148 90 95 28 93 152 103 66 101 134 75 109 137 45 79 43 155 115 157 113 118 50 116 33 122 158 120 125 57 123 59 159 132 98 130 35 67 102 21 106 135 153 76 110 74 17 55 140 160 138 143 81 141 83 62 12 64 10 147 89 145 91 72 151 127 149 65 99 131 68 46 6 22 49 107 136 105 42 86 27 88 25 156 112 154 114 31 96 29 34 2 32 121 104 41 14 39 97 128 150 100 19 47 80 7 23 5 73 53 119 51 56 8 54 139 63 9 61 11 71 36 69 3 15 40 129 20 48 18 1 87 24 85 26 30 13 37 70 16 4 52 38 
95 17 83 125 126 28 59 35 42 43 44 45 114 116 84 118 147 148 57 91 58 93 60 65 66 67 68 73 74 75 76 77 78 79 139 141 115 143 117 144 50 34 158 89 121 90 123 92 94 97 98 99 100 101 102 103 1 105 106 107 108 109 110 111 26 154 140 156 142 157 81 82 63 64 2 11 120 145 122 124 3 127 128 129 130 131 132 133 4 5 6 7 134 135 136 137 52 54 27 56 155 160 112 113 96 9 30 10 32 12 146 13 14 15 16 149 150 151 152 18 19 20 21 22 23 153 85 53 87 55 88 8 138 29 61 31 33 36 37 38 39 40 41 159 46 47 48 49 86 119 24 25 62 69 70 71 72 80 51 104 
96 47 85 126 63 29 61 70 78 20 80 18 116 52 86 119 148 95 58 93 9 30 62 102 38 104 36 109 45 111 43 48 4 46 141 83 117 144 53 87 51 158 125 90 123 28 59 94 31 131 68 133 66 71 13 69 135 76 137 74 79 17 77 19 154 114 142 157 84 118 82 24 64 147 120 145 57 91 124 60 150 100 152 98 103 35 101 37 22 107 153 105 110 42 108 44 54 139 155 160 115 143 113 50 34 10 32 89 121 146 92 40 129 159 127 132 65 130 67 7 49 5 136 73 134 75 26 55 88 140 156 138 81 2 11 33 122 16 72 14 151 97 149 99 23 1 21 106 27 56 25 112 12 41 3 39 128 6 8 15 
97 138 107 3 127 128 129 146 25 112 154 155 7 135 136 73 13 14 15 16 149 150 151 33 122 158 120 51 8 54 55 139 140 160 20 22 23 1 153 105 106 35 36 37 38 39 40 41 159 62 12 64 10 147 89 145 82 24 85 86 26 27 88 156 45 47 48 4 49 5 6 134 65 66 67 68 69 70 71 72 94 31 96 29 34 2 32 121 113 50 116 117 52 53 119 56 76 78 79 17 80 18 19 21 98 99 100 101 102 103 104 124 60 126 58 63 9 61 11 81 141 142 83 84 144 87 109 110 42 111 43 44 46 130 131 132 133 92 148 90 95 28 93 30 114 115 157 118 137 74 75 77 152 125 57 123 59 143 108 91 
98 115 109 127 65 130 131 57 140 142 143 81 135 76 137 74 14 97 149 150 99 100 152 89 90 91 92 27 155 156 112 157 113 114 22 107 153 105 110 42 108 36 3 39 40 128 129 159 132 2 120 121 122 123 124 125 53 55 56 8 160 138 139 141 47 7 49 5 136 73 134 75 66 13 69 70 15 16 72 151 9 10 11 12 145 146 147 148 84 86 87 24 88 25 26 154 78 20 80 18 23 1 21 106 35 101 102 37 38 104 41 28 29 30 31 32 33 34 158 117 118 50 119 51 52 54 45 111 43 48 4 46 6 67 68 133 71 58 59 60 61 62 63 64 144 82 83 85 79 17 77 19 103 93 94 95 96 116 44 126 
99 141 75 128 130 100 132 123 154 114 142 157 106 108 76 110 15 149 129 151 131 152 65 145 91 124 148 54 139 155 160 115 143 113 6 134 107 136 109 137 42 37 39 16 41 150 159 97 98 32 121 146 158 92 125 90 85 26 55 88 140 156 138 81 19 21 7 23 135 153 73 74 67 69 38 71 40 72 3 127 61 11 33 64 122 147 120 57 116 52 86 119 27 56 25 112 44 46 20 48 22 49 1 105 101 68 103 70 104 13 14 93 30 62 96 12 34 10 89 83 117 144 53 87 51 8 77 45 79 47 80 4 5 102 133 35 36 59 94 126 31 63 29 2 84 118 82 24 78 111 17 18 66 60 95 58 9 50 43 28 
100 142 42 129 131 132 65 90 155 115 157 113 73 74 75 76 16 150 151 97 152 98 99 120 57 123 124 55 140 160 138 143 81 141 1 105 106 107 108 109 110 38 40 41 3 159 127 128 130 10 89 145 146 91 92 148 86 27 88 25 156 112 154 114 4 5 6 7 134 135 136 137 68 70 71 13 72 14 15 149 29 2 32 33 121 122 158 125 117 53 119 51 56 8 54 139 17 18 19 20 21 22 23 153 102 103 35 104 36 37 39 58 9 61 62 11 12 64 147 84 144 82 87 24 85 26 43 44 45 46 47 48 49 133 66 67 69 28 93 94 30 31 96 34 118 50 116 52 77 78 79 80 101 59 60 126 63 83 111 95 
101 118 77 130 67 102 133 95 143 144 50 83 108 44 78 111 149 99 131 152 68 103 66 125 126 28 59 156 157 81 114 82 116 84 134 75 109 137 45 79 43 39 128 150 159 100 132 98 35 147 148 57 91 58 93 60 56 160 112 139 113 141 115 117 21 106 135 153 76 110 74 17 69 15 40 72 129 151 127 65 34 158 89 121 90 123 92 94 87 88 8 26 138 154 140 142 46 6 22 49 107 136 105 42 37 70 104 16 41 14 97 63 64 2 11 120 145 122 124 119 24 52 25 54 27 155 19 47 80 7 23 5 73 38 71 36 3 96 9 30 10 32 12 146 51 85 53 55 20 48 18 1 13 29 61 31 33 86 4 62 
102 50 43 131 68 133 66 60 81 82 83 84 74 17 77 78 150 100 152 98 103 35 101 92 94 95 28 112 113 114 115 116 117 118 105 42 108 109 44 45 111 40 129 159 127 132 65 130 67 122 124 125 57 126 58 59 8 138 139 140 141 142 143 144 5 73 134 135 75 76 137 79 70 16 72 14 151 97 149 99 12 146 147 89 148 90 91 93 24 25 26 27 154 155 156 157 18 1 21 22 106 107 153 110 38 104 36 41 3 39 128 31 33 34 2 158 120 121 123 51 52 53 54 55 56 160 4 46 47 6 7 49 136 71 13 69 15 62 63 9 64 10 11 145 85 86 87 88 19 20 80 23 37 96 29 30 32 119 48 61 
103 144 79 132 133 35 67 126 157 118 82 116 110 111 17 44 151 152 65 99 66 101 68 148 95 58 93 160 143 113 141 50 83 117 136 137 42 75 43 77 45 41 159 97 128 98 130 100 102 158 125 90 123 28 59 94 88 156 138 154 81 114 142 84 23 153 73 106 74 108 76 78 71 72 3 15 127 149 129 131 64 147 120 145 57 91 124 60 119 56 25 54 112 139 155 115 48 49 1 6 105 134 107 109 104 13 37 14 39 16 150 96 34 10 32 89 121 146 92 87 51 85 8 26 55 140 80 4 19 5 21 7 135 36 69 38 40 63 29 61 2 11 33 122 24 52 86 27 18 46 20 22 70 9 30 62 12 53 47 31 
104 52 80 133 71 36 69 30 83 85 53 87 111 48 18 46 152 103 66 101 13 37 70 59 61 31 63 114 116 84 118 86 119 24 137 79 43 77 4 19 47 159 132 98 130 35 67 102 38 91 93 60 95 62 96 9 139 141 115 143 117 144 50 51 153 110 74 108 17 44 78 20 72 151 127 149 65 99 131 68 121 123 92 125 94 126 28 29 26 154 140 156 142 157 81 82 49 136 105 134 42 75 109 45 41 14 39 97 128 150 100 11 145 122 147 124 148 57 58 54 27 56 155 160 112 113 23 5 21 73 106 135 76 3 15 40 129 32 12 34 146 158 89 90 55 88 8 138 1 6 22 107 16 33 64 2 120 25 7 10 
105 146 127 5 73 134 135 155 33 122 158 120 14 97 149 150 18 1 21 22 106 107 153 55 140 160 138 62 12 64 10 147 89 145 36 3 39 40 128 129 159 43 4 46 47 6 7 49 136 86 27 88 25 156 112 154 94 31 96 29 34 2 32 121 66 13 69 70 15 16 72 151 74 17 77 78 19 20 80 23 117 53 119 51 56 8 54 139 124 60 126 58 63 9 61 11 98 35 101 102 37 38 104 41 42 108 109 44 45 111 48 142 84 144 82 87 24 85 26 92 148 90 95 28 93 30 65 130 131 67 68 133 71 75 76 137 79 115 157 113 118 50 116 52 125 57 123 59 99 100 152 103 110 143 81 141 83 91 132 114 
106 121 151 6 134 107 136 156 11 145 122 147 41 159 97 128 19 21 7 23 135 153 73 56 160 112 139 30 32 12 34 146 158 89 71 72 3 15 127 149 129 44 46 20 48 22 49 1 105 87 88 8 26 138 154 140 59 61 31 63 33 64 2 120 103 104 13 37 14 39 16 150 75 77 45 79 47 80 4 5 118 119 24 52 25 54 27 155 91 93 60 95 62 96 9 10 132 133 35 67 36 69 38 40 108 76 110 78 111 17 18 143 144 50 83 51 85 53 55 123 92 125 94 126 28 29 152 65 99 66 101 68 70 109 137 42 43 157 81 114 82 116 84 86 124 148 57 58 98 130 100 102 74 113 141 115 117 90 131 142 
107 122 129 7 135 136 73 140 12 146 147 89 16 150 151 97 20 22 23 1 153 105 106 27 155 156 112 31 33 34 2 158 120 121 38 40 41 3 159 127 128 45 47 48 4 49 5 6 134 53 55 56 8 160 138 139 60 62 63 9 64 10 11 145 68 70 71 13 72 14 15 149 76 78 79 17 80 18 19 21 84 86 87 24 88 25 26 154 92 94 95 28 96 29 30 32 100 102 103 35 104 36 37 39 109 110 42 111 43 44 46 115 117 118 50 119 51 52 54 124 125 57 126 58 59 61 131 132 65 133 66 67 69 137 74 75 77 142 143 81 144 82 83 85 148 90 91 93 152 98 99 101 108 157 113 114 116 123 130 141 
108 148 152 134 75 109 137 141 158 125 90 123 159 132 98 130 21 106 135 153 76 110 74 154 114 142 157 64 147 120 145 57 91 124 72 151 127 149 65 99 131 46 6 22 49 107 136 105 42 54 139 155 160 115 143 113 96 34 10 32 89 121 146 92 104 41 14 39 97 128 150 100 77 19 47 80 7 23 5 73 85 26 55 88 140 156 138 81 126 63 29 61 2 11 33 122 133 71 36 69 3 15 40 129 44 78 111 20 48 18 1 116 52 86 119 27 56 25 112 95 58 93 9 30 62 12 103 66 101 13 37 70 16 45 79 43 4 83 117 144 53 87 51 8 28 59 94 31 35 67 102 38 17 84 118 82 24 60 68 50 
109 90 131 135 76 137 74 113 120 57 123 124 150 100 152 98 22 107 153 105 110 42 108 138 81 141 142 10 89 145 146 91 92 148 40 129 159 127 132 65 130 47 7 49 5 136 73 134 75 25 112 154 155 114 115 157 29 2 32 33 121 122 158 125 70 16 72 14 151 97 149 99 78 20 80 18 23 1 21 106 51 8 54 55 139 140 160 143 58 9 61 62 11 12 64 147 102 38 104 36 41 3 39 128 45 111 43 48 4 46 6 82 24 85 86 26 27 88 156 28 93 94 30 31 96 34 68 133 66 71 13 69 15 79 17 77 19 50 116 117 52 53 119 56 59 60 126 63 103 35 101 37 44 83 84 144 87 95 67 118 
110 125 99 136 137 42 75 114 147 148 57 91 128 130 100 132 23 153 73 106 74 108 76 139 141 115 143 34 158 89 121 90 123 92 15 149 129 151 131 152 65 48 49 1 6 105 134 107 109 26 154 140 156 142 157 81 63 64 2 11 120 145 122 124 37 39 16 41 150 159 97 98 79 80 4 19 5 21 7 135 52 54 27 56 155 160 112 113 95 96 9 30 10 32 12 146 67 69 38 71 40 72 3 127 111 17 44 18 46 20 22 83 85 53 87 55 88 8 138 126 28 59 29 61 31 33 101 68 103 70 104 13 14 43 77 45 47 116 84 118 86 119 24 25 58 93 60 62 102 133 35 36 78 117 144 50 51 94 66 82 
111 93 101 137 79 43 77 144 123 59 94 126 130 67 102 133 153 110 74 108 17 44 78 157 118 82 116 145 91 124 148 60 95 58 149 99 131 152 68 103 66 49 136 105 134 42 75 109 45 160 143 113 141 50 83 117 32 121 146 158 92 125 90 28 39 128 150 159 100 132 98 35 80 23 5 21 73 106 135 76 88 156 138 154 81 114 142 84 61 11 33 64 122 147 120 57 69 15 40 72 129 151 127 65 48 18 46 1 6 22 107 119 56 25 54 112 139 155 115 30 62 96 12 34 10 89 37 70 104 16 41 14 97 4 19 47 7 87 51 85 8 26 55 140 31 63 29 2 38 71 36 3 20 24 52 86 27 9 13 53 
112 159 122 8 138 139 140 153 72 151 127 149 12 146 147 89 24 25 26 27 154 155 156 49 136 105 134 104 41 14 39 97 128 150 31 33 34 2 158 120 121 50 51 52 53 54 55 56 160 80 23 5 21 73 106 135 133 71 36 69 3 15 40 129 60 62 63 9 64 10 11 145 81 82 83 84 85 86 87 88 111 48 18 46 1 6 22 107 152 103 66 101 13 37 70 16 92 94 95 28 96 29 30 32 113 114 115 116 117 118 119 137 79 43 77 4 19 47 7 132 98 130 35 67 102 38 124 125 57 126 58 59 61 141 142 143 144 110 74 108 17 44 78 20 65 99 131 68 148 90 91 93 157 42 75 109 45 100 123 76 
113 99 124 138 81 141 142 75 128 130 100 132 146 92 148 90 25 112 154 155 114 115 157 106 108 76 110 15 149 129 151 131 152 65 33 122 158 120 125 57 123 51 8 54 55 139 140 160 143 6 134 107 136 109 137 42 37 39 16 41 150 159 97 98 62 12 64 10 147 89 145 91 82 24 85 86 26 27 88 156 19 21 7 23 135 153 73 74 67 69 38 71 40 72 3 127 94 31 96 29 34 2 32 121 50 116 117 52 53 119 56 44 46 20 48 22 49 1 105 101 68 103 70 104 13 14 60 126 58 63 9 61 11 83 84 144 87 77 45 79 47 80 4 5 102 133 35 36 95 28 93 30 118 78 111 17 18 66 59 43 
114 98 91 139 141 115 143 109 127 65 130 131 121 123 92 125 26 154 140 156 142 157 81 135 76 137 74 14 97 149 150 99 100 152 11 145 122 147 124 148 57 52 54 27 56 155 160 112 113 22 107 153 105 110 42 108 36 3 39 40 128 129 159 132 30 32 12 34 146 158 89 90 83 85 53 87 55 88 8 138 47 7 49 5 136 73 134 75 66 13 69 70 15 16 72 151 59 61 31 63 33 64 2 120 116 84 118 86 119 24 25 78 20 80 18 23 1 21 106 35 101 102 37 38 104 41 93 60 95 62 96 9 10 117 144 50 51 45 111 43 48 4 46 6 67 68 133 71 94 126 28 29 82 79 17 77 19 103 58 44 
115 130 57 140 142 143 81 108 149 99 131 152 89 90 91 92 27 155 156 112 157 113 114 134 75 109 137 39 128 150 159 100 132 98 2 120 121 122 123 124 125 53 55 56 8 160 138 139 141 21 106 135 153 76 110 74 69 15 40 72 129 151 127 65 9 10 11 12 145 146 147 148 84 86 87 24 88 25 26 154 46 6 22 49 107 136 105 42 101 37 70 104 16 41 14 97 28 29 30 31 32 33 34 158 117 118 50 119 51 52 54 77 19 47 80 7 23 5 73 67 102 133 38 71 36 3 58 59 60 61 62 63 64 144 82 83 85 44 78 111 20 48 18 1 68 103 66 13 93 94 95 96 116 45 79 43 4 35 126 17 
116 68 93 141 83 117 144 17 100 102 103 35 123 59 94 126 154 114 142 157 84 118 82 42 43 44 45 129 131 132 65 133 66 67 145 91 124 148 60 95 58 54 139 155 160 115 143 113 50 73 74 75 76 77 78 79 16 150 151 97 152 98 99 101 32 121 146 158 92 125 90 28 85 26 55 88 140 156 138 81 1 105 106 107 108 109 110 111 38 40 41 3 159 127 128 130 61 11 33 64 122 147 120 57 52 86 119 27 56 25 112 4 5 6 7 134 135 136 137 70 71 13 72 14 15 149 30 62 96 12 34 10 89 53 87 51 8 18 19 20 21 22 23 153 104 36 37 39 31 63 29 2 24 46 47 48 49 69 9 80 
117 103 58 142 84 144 82 79 132 133 35 67 90 28 93 94 155 115 157 113 118 50 116 110 111 17 44 151 152 65 99 66 101 68 120 57 123 124 59 60 126 55 140 160 138 143 81 141 83 136 137 42 75 43 77 45 41 159 97 128 98 130 100 102 10 89 145 146 91 92 148 95 86 27 88 25 156 112 154 114 23 153 73 106 74 108 76 78 71 72 3 15 127 149 129 131 29 2 32 33 121 122 158 125 53 119 51 56 8 54 139 48 49 1 6 105 134 107 109 104 13 37 14 39 16 150 9 61 62 11 12 64 147 87 24 85 26 80 4 19 5 21 7 135 36 69 38 40 30 31 96 34 52 18 46 20 22 70 63 47 
118 102 95 143 144 50 83 43 131 68 133 66 125 126 28 59 156 157 81 114 82 116 84 74 17 77 78 150 100 152 98 103 35 101 147 148 57 91 58 93 60 56 160 112 139 113 141 115 117 105 42 108 109 44 45 111 40 129 159 127 132 65 130 67 34 158 89 121 90 123 92 94 87 88 8 26 138 154 140 142 5 73 134 135 75 76 137 79 70 16 72 14 151 97 149 99 63 64 2 11 120 145 122 124 119 24 52 25 54 27 155 18 1 21 22 106 107 153 110 38 104 36 41 3 39 128 96 9 30 10 32 12 146 51 85 53 55 4 46 47 6 7 49 136 71 13 69 15 29 61 31 33 86 19 20 80 23 37 62 48 
119 13 96 144 87 51 85 20 35 36 37 38 126 63 29 61 157 118 82 116 24 52 86 45 47 48 4 65 66 67 68 69 70 71 148 95 58 93 9 30 62 160 143 113 141 50 83 117 53 76 78 79 17 80 18 19 97 98 99 100 101 102 103 104 158 125 90 123 28 59 94 31 88 156 138 154 81 114 142 84 107 109 110 42 111 43 44 46 3 127 128 129 130 131 132 133 64 147 120 145 57 91 124 60 56 25 54 112 139 155 115 7 135 136 73 137 74 75 77 14 15 16 149 150 151 152 34 10 32 89 121 146 92 8 26 55 140 22 23 1 153 105 106 108 39 40 41 159 2 11 33 122 27 49 5 6 134 72 12 21 
120 153 138 10 89 145 146 149 49 136 105 134 25 112 154 155 29 2 32 33 121 122 158 39 128 150 159 80 23 5 21 73 106 135 51 8 54 55 139 140 160 58 9 61 62 11 12 64 147 69 15 40 72 129 151 127 111 48 18 46 1 6 22 107 82 24 85 86 26 27 88 156 90 28 93 94 30 31 96 34 101 37 70 104 16 41 14 97 137 79 43 77 4 19 47 7 113 50 116 117 52 53 119 56 57 123 124 59 60 126 63 130 67 102 133 38 71 36 3 110 74 108 17 44 78 20 81 141 142 83 84 144 87 91 92 148 95 99 131 152 68 103 66 13 42 75 109 45 114 115 157 118 125 100 132 98 35 76 143 65 
121 107 156 11 145 122 147 129 7 135 136 73 56 160 112 139 30 32 12 34 146 158 89 16 150 151 97 20 22 23 1 153 105 106 87 88 8 26 138 154 140 59 61 31 63 33 64 2 120 38 40 41 3 159 127 128 45 47 48 4 49 5 6 134 118 119 24 52 25 54 27 155 91 93 60 95 62 96 9 10 68 70 71 13 72 14 15 149 76 78 79 17 80 18 19 21 143 144 50 83 51 85 53 55 123 92 125 94 126 28 29 100 102 103 35 104 36 37 39 109 110 42 111 43 44 46 157 81 114 82 116 84 86 124 148 57 58 131 132 65 133 66 67 69 137 74 75 77 113 141 115 117 90 152 98 99 101 108 142 130 
122 136 140 12 146 147 89 128 23 153 73 106 27 155 156 112 31 33 34 2 158 120 121 15 149 129 151 48 49 1 6 105 134 107 53 55 56 8 160 138 139 60 62 63 9 64 10 11 145 37 39 16 41 150 159 97 79 80 4 19 5 21 7 135 84 86 87 24 88 25 26 154 92 94 95 28 96 29 30 32 67 69 38 71 40 72 3 127 110 111 17 44 18 46 20 22 115 117 118 50 119 51 52 54 124 125 57 126 58 59 61 99 101 68 103 70 104 13 14 137 42 75 43 77 45 47 142 143 81 144 82 83 85 148 90 91 93 130 100 132 102 133 35 36 74 108 76 78 157 113 114 116 123 131 152 65 66 109 141 98 
123 74 157 145 91 124 148 98 105 42 108 109 160 143 113 141 32 121 146 158 92 125 90 127 65 130 131 5 73 134 135 75 76 137 88 156 138 154 81 114 142 61 11 33 64 122 147 120 57 14 97 149 150 99 100 152 18 1 21 22 106 107 153 110 119 56 25 54 112 139 155 115 93 30 62 96 12 34 10 89 36 3 39 40 128 129 159 132 43 4 46 47 6 7 49 136 144 87 51 85 8 26 55 140 59 94 126 31 63 29 2 66 13 69 70 15 16 72 151 17 77 78 19 20 80 23 118 82 116 24 52 86 27 60 95 58 9 35 101 102 37 38 104 41 44 45 111 48 50 83 117 53 28 67 68 133 71 79 84 103 
124 108 142 146 92 148 90 152 134 75 109 137 155 115 157 113 33 122 158 120 125 57 123 159 132 98 130 21 106 135 153 76 110 74 55 140 160 138 143 81 141 62 12 64 10 147 89 145 91 72 151 127 149 65 99 131 46 6 22 49 107 136 105 42 86 27 88 25 156 112 154 114 94 31 96 29 34 2 32 121 104 41 14 39 97 128 150 100 77 19 47 80 7 23 5 73 117 53 119 51 56 8 54 139 60 126 58 63 9 61 11 133 71 36 69 3 15 40 129 44 78 111 20 48 18 1 84 144 82 87 24 85 26 95 28 93 30 103 66 101 13 37 70 16 45 79 43 4 118 50 116 52 59 35 67 102 38 17 83 68 
125 42 114 147 148 57 91 65 73 74 75 76 139 141 115 143 34 158 89 121 90 123 92 97 98 99 100 1 105 106 107 108 109 110 26 154 140 156 142 157 81 63 64 2 11 120 145 122 124 3 127 128 129 130 131 132 4 5 6 7 134 135 136 137 52 54 27 56 155 160 112 113 95 96 9 30 10 32 12 146 13 14 15 16 149 150 151 152 17 18 19 20 21 22 23 153 83 85 53 87 55 88 8 138 126 28 59 29 61 31 33 35 36 37 38 39 40 41 159 43 44 45 46 47 48 49 116 84 118 86 119 24 25 58 93 60 62 66 67 68 69 70 71 72 77 78 79 80 117 144 50 51 94 101 102 103 104 111 82 133 
126 78 116 148 95 58 93 102 109 45 111 43 141 83 117 144 158 125 90 123 28 59 94 131 68 133 66 135 76 137 74 79 17 77 154 114 142 157 84 118 82 64 147 120 145 57 91 124 60 150 100 152 98 103 35 101 22 107 153 105 110 42 108 44 54 139 155 160 115 143 113 50 96 34 10 32 89 121 146 92 40 129 159 127 132 65 130 67 47 7 49 5 136 73 134 75 85 26 55 88 140 156 138 81 63 29 61 2 11 33 122 70 16 72 14 151 97 149 99 20 80 18 23 1 21 106 52 86 119 27 56 25 112 9 30 62 12 38 104 36 41 3 39 128 48 4 46 6 53 87 51 8 31 71 13 69 15 19 24 37 
127 140 135 14 97 149 150 89 27 155 156 112 22 107 153 105 36 3 39 40 128 129 159 2 120 121 122 53 55 56 8 160 138 139 47 7 49 5 136 73 134 66 13 69 70 15 16 72 151 9 10 11 12 145 146 147 84 86 87 24 88 25 26 154 78 20 80 18 23 1 21 106 98 35 101 102 37 38 104 41 28 29 30 31 32 33 34 158 115 117 118 50 119 51 52 54 109 45 111 43 48 4 46 6 65 130 131 67 68 133 71 57 58 59 60 61 62 63 64 142 143 81 144 82 83 85 76 137 74 79 17 77 19 99 100 152 103 90 91 92 93 94 95 96 157 113 114 116 110 42 108 44 132 123 124 125 126 141 75 148 
128 154 106 15 149 129 151 145 54 139 155 160 6 134 107 136 37 39 16 41 150 159 97 32 121 146 158 85 26 55 88 140 156 138 19 21 7 23 135 153 73 67 69 38 71 40 72 3 127 61 11 33 64 122 147 120 116 52 86 119 27 56 25 112 44 46 20 48 22 49 1 105 99 101 68 103 70 104 13 14 93 30 62 96 12 34 10 89 141 83 117 144 53 87 51 8 75 77 45 79 47 80 4 5 130 100 132 102 133 35 36 123 59 94 126 31 63 29 2 114 142 157 84 118 82 24 108 76 110 78 111 17 18 131 152 65 66 91 124 148 60 95 58 9 115 143 113 50 109 137 42 43 98 92 125 90 28 81 74 57 
129 155 73 16 150 151 97 120 55 140 160 138 1 105 106 107 38 40 41 3 159 127 128 10 89 145 146 86 27 88 25 156 112 154 4 5 6 7 134 135 136 68 70 71 13 72 14 15 149 29 2 32 33 121 122 158 117 53 119 51 56 8 54 139 17 18 19 20 21 22 23 153 100 102 103 35 104 36 37 39 58 9 61 62 11 12 64 147 142 84 144 82 87 24 85 26 42 43 44 45 46 47 48 49 131 132 65 133 66 67 69 90 28 93 94 30 31 96 34 115 157 113 118 50 116 52 74 75 76 77 78 79 80 152 98 99 101 57 123 124 59 60 126 63 143 81 141 83 108 109 110 111 130 91 92 148 95 114 137 125 
130 143 108 149 99 131 152 125 156 157 81 114 134 75 109 137 39 128 150 159 100 132 98 147 148 57 91 56 160 112 139 113 141 115 21 106 135 153 76 110 74 69 15 40 72 129 151 127 65 34 158 89 121 90 123 92 87 88 8 26 138 154 140 142 46 6 22 49 107 136 105 42 101 37 70 104 16 41 14 97 63 64 2 11 120 145 122 124 118 119 24 52 25 54 27 155 77 19 47 80 7 23 5 73 67 102 133 38 71 36 3 95 96 9 30 10 32 12 146 144 50 83 51 85 53 55 44 78 111 20 48 18 1 68 103 66 13 126 28 59 29 61 31 33 82 116 84 86 45 79 43 4 35 58 93 60 62 117 17 94 
131 81 74 150 100 152 98 92 112 113 114 115 105 42 108 109 40 129 159 127 132 65 130 122 124 125 57 8 138 139 140 141 142 143 5 73 134 135 75 76 137 70 16 72 14 151 97 149 99 12 146 147 89 148 90 91 24 25 26 27 154 155 156 157 18 1 21 22 106 107 153 110 102 38 104 36 41 3 39 128 31 33 34 2 158 120 121 123 50 51 52 53 54 55 56 160 43 4 46 47 6 7 49 136 68 133 66 71 13 69 15 60 62 63 9 64 10 11 145 82 83 84 85 86 87 88 17 77 78 19 20 80 23 103 35 101 37 94 95 28 96 29 30 32 116 117 118 119 44 45 111 48 67 126 58 59 61 144 79 93 
132 157 110 151 152 65 99 148 160 143 113 141 136 137 42 75 41 159 97 128 98 130 100 158 125 90 123 88 156 138 154 81 114 142 23 153 73 106 74 108 76 71 72 3 15 127 149 129 131 64 147 120 145 57 91 124 119 56 25 54 112 139 155 115 48 49 1 6 105 134 107 109 103 104 13 37 14 39 16 150 96 34 10 32 89 121 146 92 144 87 51 85 8 26 55 140 79 80 4 19 5 21 7 135 133 35 67 36 69 38 40 126 63 29 61 2 11 33 122 118 82 116 24 52 86 27 111 17 44 18 46 20 22 66 101 68 70 95 58 93 9 30 62 12 50 83 117 53 43 77 45 47 102 28 59 94 31 84 78 60 
133 83 111 152 103 66 101 59 114 116 84 118 137 79 43 77 159 132 98 130 35 67 102 91 93 60 95 139 141 115 143 117 144 50 153 110 74 108 17 44 78 72 151 127 149 65 99 131 68 121 123 92 125 94 126 28 26 154 140 156 142 157 81 82 49 136 105 134 42 75 109 45 104 41 14 39 97 128 150 100 11 145 122 147 124 148 57 58 52 54 27 56 155 160 112 113 80 23 5 21 73 106 135 76 71 36 69 3 15 40 129 30 32 12 34 146 158 89 90 85 53 87 55 88 8 138 48 18 46 1 6 22 107 13 37 70 16 61 31 63 33 64 2 120 86 119 24 25 4 19 47 7 38 62 96 9 10 51 20 29 
134 158 159 21 106 135 153 154 64 147 120 145 72 151 127 149 46 6 22 49 107 136 105 54 139 155 160 96 34 10 32 89 121 146 104 41 14 39 97 128 150 77 19 47 80 7 23 5 73 85 26 55 88 140 156 138 126 63 29 61 2 11 33 122 133 71 36 69 3 15 40 129 108 44 78 111 20 48 18 1 116 52 86 119 27 56 25 112 148 95 58 93 9 30 62 12 152 103 66 101 13 37 70 16 75 109 137 45 79 43 4 141 83 117 144 53 87 51 8 125 90 123 28 59 94 31 132 98 130 35 67 102 38 76 110 74 17 114 142 157 84 118 82 24 57 91 124 60 65 99 131 68 42 115 143 113 50 92 100 81 
135 120 150 22 107 153 105 138 10 89 145 146 40 129 159 127 47 7 49 5 136 73 134 25 112 154 155 29 2 32 33 121 122 158 70 16 72 14 151 97 149 78 20 80 18 23 1 21 106 51 8 54 55 139 140 160 58 9 61 62 11 12 64 147 102 38 104 36 41 3 39 128 109 45 111 43 48 4 46 6 82 24 85 86 26 27 88 156 90 28 93 94 30 31 96 34 131 68 133 66 71 13 69 15 76 137 74 79 17 77 19 113 50 116 117 52 53 119 56 57 123 124 59 60 126 63 100 152 98 103 35 101 37 110 42 108 44 81 141 142 83 84 144 87 91 92 148 95 132 65 130 67 75 114 115 157 118 125 99 143 
136 147 128 23 153 73 106 139 34 158 89 121 15 149 129 151 48 49 1 6 105 134 107 26 154 140 156 63 64 2 11 120 145 122 37 39 16 41 150 159 97 79 80 4 19 5 21 7 135 52 54 27 56 155 160 112 95 96 9 30 10 32 12 146 67 69 38 71 40 72 3 127 110 111 17 44 18 46 20 22 83 85 53 87 55 88 8 138 125 126 28 59 29 61 31 33 99 101 68 103 70 104 13 14 137 42 75 43 77 45 47 114 116 84 118 86 119 24 25 148 57 91 58 93 60 62 130 100 132 102 133 35 36 74 108 76 78 141 115 143 117 144 50 51 90 123 92 94 131 152 65 66 109 142 157 81 82 124 98 113 
137 123 130 153 110 74 108 157 145 91 124 148 149 99 131 152 49 136 105 134 42 75 109 160 143 113 141 32 121 146 158 92 125 90 39 128 150 159 100 132 98 80 23 5 21 73 106 135 76 88 156 138 154 81 114 142 61 11 33 64 122 147 120 57 69 15 40 72 129 151 127 65 111 48 18 46 1 6 22 107 119 56 25 54 112 139 155 115 93 30 62 96 12 34 10 89 101 37 70 104 16 41 14 97 79 43 77 4 19 47 7 144 87 51 85 8 26 55 140 59 94 126 31 63 29 2 67 102 133 38 71 36 3 17 44 78 20 118 82 116 24 52 86 27 60 95 58 9 68 103 66 13 45 50 83 117 53 28 35 84 
138 128 146 25 112 154 155 106 15 149 129 151 33 122 158 120 51 8 54 55 139 140 160 6 134 107 136 37 39 16 41 150 159 97 62 12 64 10 147 89 145 82 24 85 86 26 27 88 156 19 21 7 23 135 153 73 67 69 38 71 40 72 3 127 94 31 96 29 34 2 32 121 113 50 116 117 52 53 119 56 44 46 20 48 22 49 1 105 99 101 68 103 70 104 13 14 124 60 126 58 63 9 61 11 81 141 142 83 84 144 87 75 77 45 79 47 80 4 5 130 100 132 102 133 35 36 92 148 90 95 28 93 30 114 115 157 118 108 76 110 78 111 17 18 131 152 65 66 125 57 123 59 143 109 137 42 43 98 91 74 
139 127 121 26 154 140 156 135 14 97 149 150 11 145 122 147 52 54 27 56 155 160 112 22 107 153 105 36 3 39 40 128 129 159 30 32 12 34 146 158 89 83 85 53 87 55 88 8 138 47 7 49 5 136 73 134 66 13 69 70 15 16 72 151 59 61 31 63 33 64 2 120 114 116 84 118 86 119 24 25 78 20 80 18 23 1 21 106 98 35 101 102 37 38 104 41 91 93 60 95 62 96 9 10 141 115 143 117 144 50 51 109 45 111 43 48 4 46 6 65 130 131 67 68 133 71 123 92 125 94 126 28 29 142 157 81 82 76 137 74 79 17 77 19 99 100 152 103 124 148 57 58 113 110 42 108 44 132 90 75 
140 149 89 27 155 156 112 134 39 128 150 159 2 120 121 122 53 55 56 8 160 138 139 21 106 135 153 69 15 40 72 129 151 127 9 10 11 12 145 146 147 84 86 87 24 88 25 26 154 46 6 22 49 107 136 105 101 37 70 104 16 41 14 97 28 29 30 31 32 33 34 158 115 117 118 50 119 51 52 54 77 19 47 80 7 23 5 73 130 67 102 133 38 71 36 3 57 58 59 60 61 62 63 64 142 143 81 144 82 83 85 108 44 78 111 20 48 18 1 99 131 152 68 103 66 13 90 91 92 93 94 95 96 157 113 114 116 75 109 137 45 79 43 4 100 132 98 35 123 124 125 126 141 76 110 74 17 65 148 42 
141 100 123 154 114 142 157 42 129 131 132 65 145 91 124 148 54 139 155 160 115 143 113 73 74 75 76 16 150 151 97 152 98 99 32 121 146 158 92 125 90 85 26 55 88 140 156 138 81 1 105 106 107 108 109 110 38 40 41 3 159 127 128 130 61 11 33 64 122 147 120 57 116 52 86 119 27 56 25 112 4 5 6 7 134 135 136 137 68 70 71 13 72 14 15 149 93 30 62 96 12 34 10 89 83 117 144 53 87 51 8 17 18 19 20 21 22 23 153 102 103 35 104 36 37 39 59 94 126 31 63 29 2 84 118 82 24 43 44 45 46 47 48 49 133 66 67 69 60 95 58 9 50 77 78 79 80 101 28 111 
142 132 90 155 115 157 113 110 151 152 65 99 120 57 123 124 55 140 160 138 143 81 141 136 137 42 75 41 159 97 128 98 130 100 10 89 145 146 91 92 148 86 27 88 25 156 112 154 114 23 153 73 106 74 108 76 71 72 3 15 127 149 129 131 29 2 32 33 121 122 158 125 117 53 119 51 56 8 54 139 48 49 1 6 105 134 107 109 103 104 13 37 14 39 16 150 58 9 61 62 11 12 64 147 84 144 82 87 24 85 26 79 80 4 19 5 21 7 135 133 35 67 36 69 38 40 28 93 94 30 31 96 34 118 50 116 52 111 17 44 18 46 20 22 66 101 68 70 59 60 126 63 83 43 77 45 47 102 95 78 
143 131 125 156 157 81 114 74 150 100 152 98 147 148 57 91 56 160 112 139 113 141 115 105 42 108 109 40 129 159 127 132 65 130 34 158 89 121 90 123 92 87 88 8 26 138 154 140 142 5 73 134 135 75 76 137 70 16 72 14 151 97 149 99 63 64 2 11 120 145 122 124 118 119 24 52 25 54 27 155 18 1 21 22 106 107 153 110 102 38 104 36 41 3 39 128 95 96 9 30 10 32 12 146 144 50 83 51 85 53 55 43 4 46 47 6 7 49 136 68 133 66 71 13 69 15 126 28 59 29 61 31 33 82 116 84 86 17 77 78 19 20 80 23 103 35 101 37 58 93 60 62 117 44 45 111 48 67 94 79 
144 35 126 157 118 82 116 45 65 66 67 68 148 95 58 93 160 143 113 141 50 83 117 76 78 79 17 97 98 99 100 101 102 103 158 125 90 123 28 59 94 88 156 138 154 81 114 142 84 107 109 110 42 111 43 44 3 127 128 129 130 131 132 133 64 147 120 145 57 91 124 60 119 56 25 54 112 139 155 115 7 135 136 73 137 74 75 77 13 14 15 16 149 150 151 152 96 34 10 32 89 121 146 92 87 51 85 8 26 55 140 20 22 23 1 153 105 106 108 36 37 38 39 40 41 159 63 29 61 2 11 33 122 24 52 86 27 47 48 4 49 5 6 134 69 70 71 72 9 30 62 12 53 80 18 19 21 104 31 46 
145 105 160 32 121 146 158 127 5 73 134 135 88 156 138 154 61 11 33 64 122 147 120 14 97 149 150 18 1 21 22 106 107 153 119 56 25 54 112 139 155 93 30 62 96 12 34 10 89 36 3 39 40 128 129 159 43 4 46 47 6 7 49 136 144 87 51 85 8 26 55 140 123 59 94 126 31 63 29 2 66 13 69 70 15 16 72 151 74 17 77 78 19 20 80 23 157 118 82 116 24 52 86 27 91 124 148 60 95 58 9 98 35 101 102 37 38 104 41 42 108 109 44 45 111 48 143 113 141 50 83 117 53 92 125 90 28 65 130 131 67 68 133 71 75 76 137 79 81 114 142 84 57 99 100 152 103 110 115 132 
146 134 155 33 122 158 120 159 21 106 135 153 55 140 160 138 62 12 64 10 147 89 145 72 151 127 149 46 6 22 49 107 136 105 86 27 88 25 156 112 154 94 31 96 29 34 2 32 121 104 41 14 39 97 128 150 77 19 47 80 7 23 5 73 117 53 119 51 56 8 54 139 124 60 126 58 63 9 61 11 133 71 36 69 3 15 40 129 108 44 78 111 20 48 18 1 142 84 144 82 87 24 85 26 92 148 90 95 28 93 30 152 103 66 101 13 37 70 16 75 109 137 45 79 43 4 115 157 113 118 50 116 52 125 57 123 59 132 98 130 35 67 102 38 76 110 74 17 143 81 141 83 91 65 99 131 68 42 114 100 
147 73 139 34 158 89 121 97 1 105 106 107 26 154 140 156 63 64 2 11 120 145 122 3 127 128 129 4 5 6 7 134 135 136 52 54 27 56 155 160 112 95 96 9 30 10 32 12 146 13 14 15 16 149 150 151 17 18 19 20 21 22 23 153 83 85 53 87 55 88 8 138 125 126 28 59 29 61 31 33 35 36 37 38 39 40 41 159 42 43 44 45 46 47 48 49 114 116 84 118 86 119 24 25 148 57 91 58 93 60 62 65 66 67 68 69 70 71 72 74 75 76 77 78 79 80 141 115 143 117 144 50 51 90 123 92 94 98 99 100 101 102 103 104 108 109 110 111 142 157 81 82 124 130 131 132 133 137 113 152 
148 109 141 158 125 90 123 131 135 76 137 74 154 114 142 157 64 147 120 145 57 91 124 150 100 152 98 22 107 153 105 110 42 108 54 139 155 160 115 143 113 96 34 10 32 89 121 146 92 40 129 159 127 132 65 130 47 7 49 5 136 73 134 75 85 26 55 88 140 156 138 81 126 63 29 61 2 11 33 122 70 16 72 14 151 97 149 99 78 20 80 18 23 1 21 106 116 52 86 119 27 56 25 112 95 58 93 9 30 62 12 102 38 104 36 41 3 39 128 45 111 43 48 4 46 6 83 117 144 53 87 51 8 28 59 94 31 68 133 66 71 13 69 15 79 17 77 19 84 118 82 24 60 103 35 101 37 44 50 67 
149 156 134 39 128 150 159 147 56 160 112 139 21 106 135 153 69 15 40 72 129 151 127 34 158 89 121 87 88 8 26 138 154 140 46 6 22 49 107 136 105 101 37 70 104 16 41 14 97 63 64 2 11 120 145 122 118 119 24 52 25 54 27 155 77 19 47 80 7 23 5 73 130 67 102 133 38 71 36 3 95 96 9 30 10 32 12 146 143 144 50 83 51 85 53 55 108 44 78 111 20 48 18 1 99 131 152 68 103 66 13 125 126 28 59 29 61 31 33 157 81 114 82 116 84 86 75 109 137 45 79 43 4 100 132 98 35 148 57 91 58 93 60 62 113 141 115 117 76 110 74 17 65 90 123 92 94 142 42 124 
150 112 105 40 129 159 127 122 8 138 139 140 5 73 134 135 70 16 72 14 151 97 149 12 146 147 89 24 25 26 27 154 155 156 18 1 21 22 106 107 153 102 38 104 36 41 3 39 128 31 33 34 2 158 120 121 50 51 52 53 54 55 56 160 43 4 46 47 6 7 49 136 131 68 133 66 71 13 69 15 60 62 63 9 64 10 11 145 81 82 83 84 85 86 87 88 74 17 77 78 19 20 80 23 100 152 98 103 35 101 37 92 94 95 28 96 29 30 32 113 114 115 116 117 118 119 42 108 109 44 45 111 48 132 65 130 67 124 125 57 126 58 59 61 141 142 143 144 75 76 137 79 99 148 90 91 93 157 110 123 
151 160 136 41 159 97 128 158 88 156 138 154 23 153 73 106 71 72 3 15 127 149 129 64 147 120 145 119 56 25 54 112 139 155 48 49 1 6 105 134 107 103 104 13 37 14 39 16 150 96 34 10 32 89 121 146 144 87 51 85 8 26 55 140 79 80 4 19 5 21 7 135 132 133 35 67 36 69 38 40 126 63 29 61 2 11 33 122 157 118 82 116 24 52 86 27 110 111 17 44 18 46 20 22 152 65 99 66 101 68 70 148 95 58 93 9 30 62 12 143 113 141 50 83 117 53 137 42 75 43 77 45 47 98 130 100 102 125 90 123 28 59 94 31 81 114 142 84 74 108 76 78 131 57 91 124 60 115 109 92 
152 114 137 159 132 98 130 91 139 141 115 143 153 110 74 108 72 151 127 149 65 99 131 121 123 92 125 26 154 140 156 142 157 81 49 136 105 134 42 75 109 104 41 14 39 97 128 150 100 11 145 122 147 124 148 57 52 54 27 56 155 160 112 113 80 23 5 21 73 106 135 76 133 71 36 69 3 15 40 129 30 32 12 34 146 158 89 90 83 85 53 87 55 88 8 138 111 48 18 46 1 6 22 107 103 66 101 13 37 70 16 59 61 31 63 33 64 2 120 116 84 118 86 119 24 25 79 43 77 4 19 47 7 35 67 102 38 93 60 95 62 96 9 10 117 144 50 51 17 44 78 20 68 94 126 28 29 82 45 58 
153 145 149 49 136 105 134 160 32 121 146 158 39 128 150 159 80 23 5 21 73 106 135 88 156 138 154 61 11 33 64 122 147 120 69 15 40 72 129 151 127 111 48 18 46 1 6 22 107 119 56 25 54 112 139 155 93 30 62 96 12 34 10 89 101 37 70 104 16 41 14 97 137 79 43 77 4 19 47 7 144 87 51 85 8 26 55 140 123 59 94 126 31 63 29 2 130 67 102 133 38 71 36 3 110 74 108 17 44 78 20 157 118 82 116 24 52 86 27 91 124 148 60 95 58 9 99 131 152 68 103 66 13 42 75 109 45 143 113 141 50 83 117 53 92 125 90 28 100 132 98 35 76 81 114 142 84 57 65 115 
154 129 145 54 139 155 160 73 16 150 151 97 32 121 146 158 85 26 55 88 140 156 138 1 105 106 107 38 40 41 3 159 127 128 61 11 33 64 122 147 120 116 52 86 119 27 56 25 112 4 5 6 7 134 135 136 68 70 71 13 72 14 15 149 93 30 62 96 12 34 10 89 141 83 117 144 53 87 51 8 17 18 19 20 21 22 23 153 100 102 103 35 104 36 37 39 123 59 94 126 31 63 29 2 114 142 157 84 118 82 24 42 43 44 45 46 47 48 49 131 132 65 133 66 67 69 91 124 148 60 95 58 9 115 143 113 50 74 75 76 77 78 79 80 152 98 99 101 92 125 90 28 81 108 109 110 111 130 57 137 
155 151 120 55 140 160 138 136 41 159 97 128 10 89 145 146 86 27 88 25 156 112 154 23 153 73 106 71 72 3 15 127 149 129 29 2 32 33 121 122 158 117 53 119 51 56 8 54 139 48 49 1 6 105 134 107 103 104 13 37 14 39 16 150 58 9 61 62 11 12 64 147 142 84 144 82 87 24 85 26 79 80 4 19 5 21 7 135 132 133 35 67 36 69 38 40 90 28 93 94 30 31 96 34 115 157 113 118 50 116 52 110 111 17 44 18 46 20 22 152 65 99 66 101 68 70 57 123 124 59 60 126 63 143 81 141 83 137 42 75 43 77 45 47 98 130 100 102 91 92 148 95 114 74 108 76 78 131 125 109 
156 150 147 56 160 112 139 105 40 129 159 127 34 158 89 121 87 88 8 26 138 154 140 5 73 134 135 70 16 72 14 151 97 149 63 64 2 11 120 145 122 118 119 24 52 25 54 27 155 18 1 21 22 106 107 153 102 38 104 36 41 3 39 128 95 96 9 30 10 32 12 146 143 144 50 83 51 85 53 55 43 4 46 47 6 7 49 136 131 68 133 66 71 13 69 15 125 126 28 59 29 61 31 33 157 81 114 82 116 84 86 74 17 77 78 19 20 80 23 100 152 98 103 35 101 37 148 57 91 58 93 60 62 113 141 115 117 42 108 109 44 45 111 48 132 65 130 67 90 123 92 94 142 75 76 137 79 99 124 110 
157 65 148 160 143 113 141 76 97 98 99 100 158 125 90 123 88 156 138 154 81 114 142 107 109 110 42 3 127 128 129 130 131 132 64 147 120 145 57 91 124 119 56 25 54 112 139 155 115 7 135 136 73 137 74 75 13 14 15 16 149 150 151 152 96 34 10 32 89 121 146 92 144 87 51 85 8 26 55 140 20 22 23 1 153 105 106 108 35 36 37 38 39 40 41 159 126 63 29 61 2 11 33 122 118 82 116 24 52 86 27 45 47 48 4 49 5 6 134 66 67 68 69 70 71 72 95 58 93 9 30 62 12 50 83 117 53 78 79 17 80 18 19 21 101 102 103 104 28 59 94 31 84 111 43 44 46 133 60 77 
158 135 154 64 147 120 145 150 22 107 153 105 54 139 155 160 96 34 10 32 89 121 146 40 129 159 127 47 7 49 5 136 73 134 85 26 55 88 140 156 138 126 63 29 61 2 11 33 122 70 16 72 14 151 97 149 78 20 80 18 23 1 21 106 116 52 86 119 27 56 25 112 148 95 58 93 9 30 62 12 102 38 104 36 41 3 39 128 109 45 111 43 48 4 46 6 141 83 117 144 53 87 51 8 125 90 123 28 59 94 31 131 68 133 66 71 13 69 15 76 137 74 79 17 77 19 114 142 157 84 118 82 24 57 91 124 60 100 152 98 103 35 101 37 110 42 108 44 115 143 113 50 92 132 65 130 67 75 81 99 
159 139 153 72 151 127 149 121 26 154 140 156 49 136 105 134 104 41 14 39 97 128 150 11 145 122 147 52 54 27 56 155 160 112 80 23 5 21 73 106 135 133 71 36 69 3 15 40 129 30 32 12 34 146 158 89 83 85 53 87 55 88 8 138 111 48 18 46 1 6 22 107 152 103 66 101 13 37 70 16 59 61 31 63 33 64 2 120 114 116 84 118 86 119 24 25 137 79 43 77 4 19 47 7 132 98 130 35 67 102 38 91 93 60 95 62 96 9 10 141 115 143 117 144 50 51 110 74 108 17 44 78 20 65 99 131 68 123 92 125 94 126 28 29 142 157 81 82 42 75 109 45 100 124 148 57 58 113 76 90 
160 97 158 88 156 138 154 107 3 127 128 129 64 147 120 145 119 56 25 54 112 139 155 7 135 136 73 13 14 15 16 149 150 151 96 34 10 32 89 121 146 144 87 51 85 8 26 55 140 20 22 23 1 153 105 106 35 36 37 38 39 40 41 159 126 63 29 61 2 11 33 122 157 118 82 116 24 52 86 27 45 47 48 4 49 5 6 134 65 66 67 68 69 70 71 72 148 95 58 93 9 30 62 12 143 113 141 50 83 117 53 76 78 79 17 80 18 19 21 98 99 100 101 102 103 104 125 90 123 28 59 94 31 81 114 142 84 109 110 42 111 43 44 46 130 131 132 133 57 91 124 60 115 137 74 75 77 152 92 108 
