150 6
1 2 3 4 5 6 7 8 9 10 11 12 13 14 15 16 17 18 19 20 21 22 23 24 25 26 27 28 29 30 31 32 33 34 35 36 37 38 39 40 41 42 43 44 45 46 47 48 49 50 51 52 53 54 55 56 57 58 59 60 61 62 63 64 65 66 67 68 69 70 71 72 73 74 75 76 77 78 79 80 81 82 83 84 85 86 87 88 89 90 91 92 93 94 95 96 97 98 99 100 101 102 103 104 105 106 107 108 109 110 111 112 113 114 115 116 117 118 119 120 121 122 123 124 125 126 127 128 129 130 131 132 133 134 135 136 137 138 139 140 141 142 143 144 145 146 147 148 149 150 
2 1 6 7 8 3 4 5 15 16 17 18 19 20 9 10 11 12 13 14 30 31 32 33 34 35 36 37 38 21 22 23 24 25 26 27 28 29 51 52 53 54 55 56 57 58 59 60 61 62 39 40 41 42 43 44 45 46 47 48 49 50 76 77 78 79 80 81 82 83 84 85 86 87 88 63 64 65 66 67 68 69 70 71 72 73 74 75 101 102 103 104 105 106 107 108 109 110 111 112 89 90 91 92 93 94 95 96 97 98 99 100 122 123 124 125 126 127 128 129 130 113 114 115 116 117 118 119 120 121 137 138 139 140 141 142 131 132 133 134 135 136 146 147 148 143 144 145 150 149 
3 6 9 10 11 15 16 17 1 21 22 23 24 25 2 30 31 32 33 34 4 5 39 40 41 42 43 44 45 7 8 51 52 53 54 55 56 57 12 13 14 63 64 65 66 67 68 69 70 71 18 19 20 76 77 78 79 80 81 82 83 84 26 27 28 29 89 90 91 92 93 94 95 96 97 35 36 37 38 101 102 103 104 105 106 107 108 109 46 47 48 49 50 113 114 115 116 117 118 119 58 59 60 61 62 122 123 124 125 126 127 128 72 73 74 75 131 132 133 134 135 85 86 87 88 137 138 139 140 141 98 99 100 143 144 145 110 111 112 146 147 148 120 121 149 129 130 150 136 142 
4 58 95 12 13 108 2 85 92 117 118 26 27 28 137 127 128 7 8 110 115 116 25 134 135 46 47 48 49 53 146 140 141 32 18 19 20 129 132 133 21 44 45 145 42 1 72 73 74 75 78 79 150 57 148 54 55 35 36 37 38 142 143 144 39 40 69 70 71 67 68 5 98 99 100 103 104 105 101 83 84 80 81 82 59 60 61 62 66 149 63 64 65 96 97 3 94 14 120 121 123 124 125 15 122 109 6 106 107 86 87 88 93 89 90 91 119 10 11 29 136 138 139 30 31 16 17 126 111 112 9 113 114 23 24 50 147 51 52 33 34 130 22 131 43 76 77 56 41 102 
5 62 24 13 14 148 88 2 143 43 44 27 28 29 78 84 80 112 7 8 66 149 68 69 70 47 48 49 50 103 104 109 6 106 130 18 19 20 92 93 89 94 95 96 97 72 73 74 75 1 123 124 125 128 16 17 126 142 35 36 37 38 115 116 9 113 11 117 118 119 10 98 99 100 4 137 138 139 30 141 32 33 34 140 58 59 60 61 132 133 21 22 131 25 134 135 23 120 121 12 53 146 147 51 52 54 55 56 57 85 86 87 144 39 40 41 45 145 42 136 26 79 150 76 77 81 82 83 110 111 63 64 65 71 67 46 105 101 102 107 108 129 90 91 3 15 122 127 114 31 
6 3 15 16 17 9 10 11 2 30 31 32 33 34 1 21 22 23 24 25 7 8 51 52 53 54 55 56 57 4 5 39 40 41 42 43 44 45 18 19 20 76 77 78 79 80 81 82 83 84 12 13 14 63 64 65 66 67 68 69 70 71 35 36 37 38 101 102 103 104 105 106 107 108 109 26 27 28 29 89 90 91 92 93 94 95 96 97 58 59 60 61 62 122 123 124 125 126 127 128 46 47 48 49 50 113 114 115 116 117 118 119 85 86 87 88 137 138 139 140 141 72 73 74 75 131 132 133 134 135 110 111 112 146 147 148 98 99 100 143 144 145 129 130 150 120 121 149 142 136 
7 46 107 18 19 96 1 72 104 126 127 35 36 37 131 118 119 4 5 98 124 125 34 140 141 58 59 60 61 41 143 134 135 23 12 13 14 120 138 139 30 56 57 148 54 2 85 86 87 88 65 66 149 45 145 42 43 26 27 28 29 136 146 147 51 52 82 83 84 80 81 8 110 111 112 91 92 93 89 70 71 67 68 69 47 48 49 50 79 150 76 77 78 108 109 6 106 20 129 130 114 115 116 9 113 97 3 94 95 73 74 75 105 101 102 103 128 16 17 38 142 132 133 21 22 10 11 117 99 100 15 122 123 32 33 62 144 39 40 24 25 121 31 137 55 63 64 44 53 90 
8 50 33 19 20 145 75 1 146 55 56 36 37 38 65 71 67 100 4 5 79 150 81 82 83 59 60 61 62 91 92 97 3 94 121 12 13 14 104 105 101 106 107 108 109 85 86 87 88 2 114 115 116 119 10 11 117 136 26 27 28 29 124 125 15 122 17 126 127 128 16 110 111 112 7 131 132 133 21 135 23 24 25 134 46 47 48 49 138 139 30 31 137 34 140 141 32 129 130 18 41 143 144 39 40 42 43 44 45 72 73 74 147 51 52 53 57 148 54 142 35 66 149 63 64 68 69 70 98 99 76 77 78 84 80 58 93 89 90 95 96 120 102 103 6 9 113 118 123 22 
9 15 1 21 22 2 30 31 3 4 5 39 40 41 6 7 8 51 52 53 10 11 12 13 14 63 64 65 66 16 17 18 19 20 76 77 78 79 23 24 25 26 27 28 29 89 90 91 92 93 32 33 34 35 36 37 38 101 102 103 104 105 42 43 44 45 46 47 48 49 50 113 114 115 116 54 55 56 57 58 59 60 61 62 122 123 124 125 67 68 69 70 71 72 73 74 75 131 132 133 80 81 82 83 84 85 86 87 88 137 138 139 94 95 96 97 98 99 100 143 144 106 107 108 109 110 111 112 146 147 117 118 119 120 121 149 126 127 128 129 130 150 134 135 136 140 141 142 145 148 
10 80 114 23 24 124 6 106 49 131 132 42 43 44 110 138 139 16 17 126 74 75 41 143 144 67 68 69 70 20 129 146 147 51 32 33 34 140 99 100 4 65 66 149 63 3 94 95 96 97 37 38 142 79 150 76 77 54 55 56 57 148 120 121 12 13 91 92 93 89 90 11 117 118 119 60 61 62 58 104 105 101 102 103 81 82 83 84 29 136 26 27 28 115 116 9 113 25 134 135 86 87 88 2 85 125 15 122 123 107 108 109 50 46 47 48 133 21 22 45 145 111 112 7 8 30 31 137 127 128 1 72 73 39 40 71 130 18 19 52 53 141 5 98 64 35 36 78 14 59 
11 84 40 24 25 150 109 6 120 64 65 43 44 45 37 105 101 128 16 17 29 136 90 91 92 68 69 70 71 60 61 125 15 122 141 32 33 34 49 50 46 113 114 115 116 94 95 96 97 3 86 87 88 139 30 31 137 148 54 55 56 57 74 75 1 72 22 131 132 133 21 117 118 119 10 110 111 112 7 147 51 52 53 146 80 81 82 83 99 100 4 5 98 41 143 144 39 134 135 23 20 129 130 18 19 76 77 78 79 106 107 108 121 12 13 14 66 149 63 145 42 38 142 35 36 102 103 104 126 127 26 27 28 93 89 67 62 58 59 123 124 140 47 48 9 2 85 138 73 8 
12 35 97 26 27 106 58 59 64 119 10 46 47 48 147 17 126 2 85 86 90 91 135 23 24 1 72 73 74 150 76 33 34 140 7 8 110 111 113 114 115 145 42 43 44 4 5 98 99 100 105 101 102 55 56 57 148 18 19 20 129 130 22 131 132 133 71 67 68 69 70 13 14 120 121 125 15 122 123 81 82 83 84 80 36 37 38 142 40 41 143 144 39 3 94 95 96 28 29 136 139 30 31 137 138 107 108 109 6 60 61 62 65 66 149 63 11 117 118 49 50 51 52 53 146 127 128 16 87 88 92 93 89 25 134 75 77 78 79 141 32 112 116 9 45 103 104 54 21 124 
13 142 134 27 28 56 62 58 22 45 145 47 48 49 105 82 83 88 2 85 40 41 70 71 67 72 73 74 75 125 15 107 108 109 112 7 8 110 64 65 66 96 97 3 94 5 98 99 100 4 139 30 31 126 127 128 16 130 18 19 20 129 90 91 92 93 118 119 10 11 117 14 120 121 12 147 51 52 53 34 140 141 32 33 35 36 37 38 113 114 115 116 9 135 23 24 25 29 136 26 150 76 77 78 79 57 148 54 55 59 60 61 131 132 133 21 42 43 44 50 46 101 102 103 104 84 80 81 86 87 143 144 39 68 69 1 122 123 124 6 106 111 149 63 95 137 138 17 89 146 
14 38 69 28 29 127 61 62 90 95 96 48 49 50 139 140 141 87 88 2 113 114 117 118 119 73 74 75 1 147 51 57 148 54 111 112 7 8 22 131 132 25 134 135 23 98 99 100 4 5 150 76 77 83 84 80 81 129 130 18 19 20 40 41 143 144 44 45 145 42 43 120 121 12 13 105 101 102 103 108 109 6 106 107 142 35 36 37 64 65 66 149 63 70 71 67 68 136 26 27 125 15 122 123 124 128 16 17 126 58 59 60 91 92 93 89 97 3 94 46 47 30 31 137 138 32 33 34 85 86 115 116 9 10 11 72 52 53 146 55 56 110 133 21 24 78 79 82 39 104 
15 9 2 30 31 1 21 22 6 7 8 51 52 53 3 4 5 39 40 41 16 17 18 19 20 76 77 78 79 10 11 12 13 14 63 64 65 66 32 33 34 35 36 37 38 101 102 103 104 105 23 24 25 26 27 28 29 89 90 91 92 93 54 55 56 57 58 59 60 61 62 122 123 124 125 42 43 44 45 46 47 48 49 50 113 114 115 116 80 81 82 83 84 85 86 87 88 137 138 139 67 68 69 70 71 72 73 74 75 131 132 133 106 107 108 109 110 111 112 146 147 94 95 96 97 98 99 100 143 144 126 127 128 129 130 150 117 118 119 120 121 149 140 141 142 134 135 136 148 145 
16 67 123 32 33 115 3 94 61 137 138 54 55 56 98 132 133 10 11 117 87 88 53 146 147 80 81 82 83 14 120 143 144 39 23 24 25 134 111 112 7 78 79 150 76 6 106 107 108 109 28 29 136 66 149 63 64 42 43 44 45 145 129 130 18 19 103 104 105 101 102 17 126 127 128 48 49 50 46 92 93 89 90 91 68 69 70 71 38 142 35 36 37 124 125 15 122 34 140 141 73 74 75 1 72 116 9 113 114 95 96 97 62 58 59 60 139 30 31 57 148 99 100 4 5 21 22 131 118 119 2 85 86 51 52 84 121 12 13 40 41 135 8 110 77 26 27 65 20 47 
17 71 52 33 34 149 97 3 129 77 78 55 56 57 28 93 89 119 10 11 38 142 102 103 104 81 82 83 84 48 49 116 9 113 135 23 24 25 61 62 58 122 123 124 125 106 107 108 109 6 73 74 75 133 21 22 131 145 42 43 44 45 87 88 2 85 31 137 138 139 30 126 127 128 16 98 99 100 4 144 39 40 41 143 67 68 69 70 111 112 7 8 110 53 146 147 51 140 141 32 14 120 121 12 13 63 64 65 66 94 95 96 130 18 19 20 79 150 76 148 54 29 136 26 27 90 91 92 117 118 35 36 37 105 101 80 50 46 47 114 115 134 59 60 15 1 72 132 86 5 
18 26 109 35 36 94 46 47 77 128 16 58 59 60 144 11 117 1 72 73 102 103 141 32 33 2 85 86 87 149 63 24 25 134 4 5 98 99 122 123 124 148 54 55 56 7 8 110 111 112 93 89 90 43 44 45 145 12 13 14 120 121 31 137 138 139 84 80 81 82 83 19 20 129 130 116 9 113 114 68 69 70 71 67 27 28 29 136 52 53 146 147 51 6 106 107 108 37 38 142 133 21 22 131 132 95 96 97 3 48 49 50 78 79 150 76 17 126 127 61 62 39 40 41 143 118 119 10 74 75 104 105 101 34 140 88 64 65 66 135 23 100 125 15 57 91 92 42 30 115 
19 136 140 36 37 44 50 46 31 57 148 59 60 61 93 69 70 75 1 72 52 53 83 84 80 85 86 87 88 116 9 95 96 97 100 4 5 98 77 78 79 108 109 6 106 8 110 111 112 7 133 21 22 117 118 119 10 121 12 13 14 120 102 103 104 105 127 128 16 17 126 20 129 130 18 144 39 40 41 25 134 135 23 24 26 27 28 29 122 123 124 125 15 141 32 33 34 38 142 35 149 63 64 65 66 45 145 42 43 47 48 49 137 138 139 30 54 55 56 62 58 89 90 91 92 71 67 68 73 74 146 147 51 81 82 2 113 114 115 3 94 99 150 76 107 131 132 11 101 143 
20 29 82 37 38 118 49 50 102 107 108 60 61 62 133 134 135 74 75 1 122 123 126 127 128 86 87 88 2 144 39 45 145 42 99 100 4 5 31 137 138 34 140 141 32 110 111 112 7 8 149 63 64 70 71 67 68 120 121 12 13 14 52 53 146 147 56 57 148 54 55 129 130 18 19 93 89 90 91 96 97 3 94 95 136 26 27 28 77 78 79 150 76 83 84 80 81 142 35 36 116 9 113 114 115 119 10 11 117 46 47 48 103 104 105 101 109 6 106 58 59 21 22 131 132 23 24 25 72 73 124 125 15 16 17 85 40 41 143 43 44 98 139 30 33 65 66 69 51 92 
21 101 73 39 40 87 15 122 70 98 99 63 64 65 126 111 112 30 31 137 96 97 14 120 121 89 90 91 92 34 140 129 130 18 51 52 53 146 118 119 10 28 29 136 26 9 113 114 115 116 56 57 148 38 142 35 36 76 77 78 79 150 134 135 23 24 48 49 50 46 47 22 131 132 133 82 83 84 80 61 62 58 59 60 102 103 104 105 45 145 42 43 44 74 75 1 72 41 143 144 107 108 109 6 106 88 2 85 86 123 124 125 71 67 68 69 100 4 5 66 149 127 128 16 17 7 8 110 138 139 3 94 95 12 13 93 141 32 33 19 20 147 11 117 27 54 55 37 25 81 
22 105 13 40 41 142 125 15 134 27 28 64 65 66 56 62 58 139 30 31 45 145 47 48 49 90 91 92 93 82 83 88 2 85 147 51 52 53 70 71 67 72 73 74 75 113 114 115 116 9 107 108 109 112 7 8 110 150 76 77 78 79 96 97 3 94 5 98 99 100 4 131 132 133 21 126 127 128 16 130 18 19 20 129 101 102 103 104 118 119 10 11 117 14 120 121 12 143 144 39 34 140 141 32 33 35 36 37 38 122 123 124 135 23 24 25 29 136 26 149 63 57 148 54 55 59 60 61 137 138 42 43 44 50 46 89 84 80 81 86 87 146 68 69 1 6 106 111 95 17 
23 54 116 42 43 122 80 81 27 133 21 67 68 69 130 31 137 6 106 107 47 48 144 39 40 3 94 95 96 142 35 52 53 146 16 17 126 127 72 73 74 149 63 64 65 10 11 117 118 119 62 58 59 77 78 79 150 32 33 34 140 141 5 98 99 100 93 89 90 91 92 24 25 134 135 88 2 85 86 102 103 104 105 101 55 56 57 148 13 14 120 121 12 9 113 114 115 44 45 145 112 7 8 110 111 123 124 125 15 82 83 84 28 29 136 26 22 131 132 70 71 18 19 20 129 138 139 30 108 109 49 50 46 41 143 97 36 37 38 147 51 128 75 1 66 60 61 76 4 87 
24 148 143 43 44 78 84 80 5 66 149 68 69 70 62 103 104 109 6 106 13 14 92 93 89 94 95 96 97 88 2 123 124 125 128 16 17 126 27 28 29 115 116 9 113 11 117 118 119 10 112 7 8 137 138 139 30 141 32 33 34 140 47 48 49 50 132 133 21 22 131 25 134 135 23 130 18 19 20 53 146 147 51 52 54 55 56 57 72 73 74 75 1 144 39 40 41 45 145 42 142 35 36 37 38 79 150 76 77 81 82 83 98 99 100 4 63 64 65 71 67 58 59 60 61 105 101 102 107 108 120 121 12 90 91 3 85 86 87 15 122 127 136 26 114 110 111 31 46 129 
25 57 91 44 45 138 83 84 47 114 115 69 70 71 112 146 147 108 109 6 72 73 131 132 133 95 96 97 3 130 18 79 150 76 127 128 16 17 5 98 99 41 143 144 39 117 118 119 10 11 142 35 36 104 105 101 102 140 141 32 33 34 13 14 120 121 65 66 149 63 64 134 135 23 24 62 58 59 60 124 125 15 122 123 148 54 55 56 27 28 29 136 26 92 93 89 90 145 42 43 88 2 85 86 87 139 30 31 137 80 81 82 48 49 50 46 116 9 113 67 68 7 8 110 111 51 52 53 106 107 74 75 1 21 22 94 19 20 129 77 78 126 100 4 40 37 38 103 12 61 
26 18 94 46 47 109 35 36 144 11 117 1 72 73 77 128 16 58 59 60 149 63 24 25 134 4 5 98 99 102 103 141 32 33 2 85 86 87 93 89 90 43 44 45 145 12 13 14 120 121 122 123 124 148 54 55 56 7 8 110 111 112 116 9 113 114 68 69 70 71 67 27 28 29 136 31 137 138 139 84 80 81 82 83 19 20 129 130 133 21 22 131 132 95 96 97 3 48 49 50 52 53 146 147 51 6 106 107 108 37 38 142 39 40 41 143 118 119 10 74 75 78 79 150 76 17 126 127 61 62 64 65 66 135 23 100 104 105 101 34 140 88 91 92 42 125 15 57 115 30 
27 130 23 47 48 54 142 35 116 42 43 72 73 74 122 80 81 62 58 59 133 21 67 68 69 5 98 99 100 31 137 6 106 107 88 2 85 86 144 39 40 3 94 95 96 13 14 120 121 12 52 53 146 16 17 126 127 112 7 8 110 111 149 63 64 65 10 11 117 118 119 28 29 136 26 77 78 79 150 32 33 34 140 141 18 19 20 129 93 89 90 91 92 24 25 134 135 49 50 46 102 103 104 105 101 55 56 57 148 36 37 38 9 113 114 115 44 45 145 75 1 123 124 125 15 82 83 84 60 61 22 131 132 70 71 4 138 139 30 108 109 87 41 143 97 147 51 128 66 76 
28 129 71 48 49 17 38 142 149 97 3 73 74 75 52 33 34 61 62 58 93 89 119 10 11 98 99 100 4 77 78 55 56 57 87 88 2 85 116 9 113 135 23 24 25 14 120 121 12 13 102 103 104 81 82 83 84 111 112 7 8 110 133 21 22 131 145 42 43 44 45 29 136 26 27 122 123 124 125 106 107 108 109 6 130 18 19 20 144 39 40 41 143 67 68 69 70 50 46 47 31 137 138 139 30 126 127 128 16 35 36 37 63 64 65 66 94 95 96 1 72 53 146 147 51 140 141 32 59 60 90 91 92 117 118 5 79 150 76 148 54 86 114 115 134 105 101 80 132 15 
29 20 118 49 50 82 37 38 133 134 135 74 75 1 102 107 108 60 61 62 144 39 45 145 42 99 100 4 5 122 123 126 127 128 86 87 88 2 149 63 64 70 71 67 68 120 121 12 13 14 31 137 138 34 140 141 32 110 111 112 7 8 93 89 90 91 96 97 3 94 95 136 26 27 28 52 53 146 147 56 57 148 54 55 129 130 18 19 116 9 113 114 115 119 10 11 117 46 47 48 77 78 79 150 76 83 84 80 81 142 35 36 21 22 131 132 23 24 25 72 73 103 104 105 101 109 6 106 58 59 40 41 143 43 44 98 124 125 15 16 17 85 65 66 69 139 30 33 92 51 
30 89 86 51 52 74 9 113 83 110 111 76 77 78 117 99 100 21 22 131 108 109 20 129 130 101 102 103 104 25 134 120 121 12 39 40 41 143 127 128 16 37 38 142 35 15 122 123 124 125 44 45 145 29 136 26 27 63 64 65 66 149 140 141 32 33 60 61 62 58 59 31 137 138 139 69 70 71 67 49 50 46 47 48 90 91 92 93 57 148 54 55 56 87 88 2 85 53 146 147 95 96 97 3 94 75 1 72 73 114 115 116 84 80 81 82 112 7 8 79 150 118 119 10 11 4 5 98 132 133 6 106 107 18 19 105 135 23 24 13 14 144 17 126 36 42 43 28 34 68 
31 93 19 52 53 136 116 9 140 36 37 77 78 79 44 50 46 133 21 22 57 148 59 60 61 102 103 104 105 69 70 75 1 72 144 39 40 41 83 84 80 85 86 87 88 122 123 124 125 15 95 96 97 100 4 5 98 149 63 64 65 66 108 109 6 106 8 110 111 112 7 137 138 139 30 117 118 119 10 121 12 13 14 120 89 90 91 92 127 128 16 17 126 20 129 130 18 146 147 51 25 134 135 23 24 26 27 28 29 113 114 115 141 32 33 34 38 142 35 150 76 45 145 42 43 47 48 49 131 132 54 55 56 62 58 101 71 67 68 73 74 143 81 82 2 3 94 99 107 11 
32 42 125 54 55 113 67 68 36 139 30 80 81 82 121 22 131 3 94 95 59 60 147 51 52 6 106 107 108 136 26 40 41 143 10 11 117 118 85 86 87 150 76 77 78 16 17 126 127 128 50 46 47 64 65 66 149 23 24 25 134 135 8 110 111 112 105 101 102 103 104 33 34 140 141 75 1 72 73 90 91 92 93 89 43 44 45 145 19 20 129 130 18 15 122 123 124 56 57 148 100 4 5 98 99 114 115 116 9 69 70 71 37 38 142 35 31 137 138 83 84 12 13 14 120 132 133 21 96 97 61 62 58 53 146 109 27 28 29 144 39 119 88 2 79 48 49 63 7 74 
33 145 146 55 56 65 71 67 8 79 150 81 82 83 50 91 92 97 3 94 19 20 104 105 101 106 107 108 109 75 1 114 115 116 119 10 11 117 36 37 38 124 125 15 122 17 126 127 128 16 100 4 5 131 132 133 21 135 23 24 25 134 59 60 61 62 138 139 30 31 137 34 140 141 32 121 12 13 14 41 143 144 39 40 42 43 44 45 85 86 87 88 2 147 51 52 53 57 148 54 136 26 27 28 29 66 149 63 64 68 69 70 110 111 112 7 76 77 78 84 80 46 47 48 49 93 89 90 95 96 129 130 18 102 103 6 72 73 74 9 113 118 142 35 123 98 99 22 58 120 
34 45 103 56 57 132 70 71 59 123 124 82 83 84 100 143 144 96 97 3 85 86 137 138 139 107 108 109 6 121 12 66 149 63 118 119 10 11 8 110 111 53 146 147 51 126 127 128 16 17 136 26 27 92 93 89 90 134 135 23 24 25 19 20 129 130 78 79 150 76 77 140 141 32 33 50 46 47 48 115 116 9 113 114 145 42 43 44 36 37 38 142 35 104 105 101 102 148 54 55 75 1 72 73 74 133 21 22 131 67 68 69 60 61 62 58 125 15 122 80 81 4 5 98 99 39 40 41 94 95 87 88 2 30 31 106 13 14 120 64 65 117 112 7 52 28 29 91 18 49 
35 12 106 58 59 97 26 27 147 17 126 2 85 86 64 119 10 46 47 48 150 76 33 34 140 7 8 110 111 90 91 135 23 24 1 72 73 74 105 101 102 55 56 57 148 18 19 20 129 130 113 114 115 145 42 43 44 4 5 98 99 100 125 15 122 123 81 82 83 84 80 36 37 38 142 22 131 132 133 71 67 68 69 70 13 14 120 121 139 30 31 137 138 107 108 109 6 60 61 62 40 41 143 144 39 3 94 95 96 28 29 136 51 52 53 146 127 128 16 87 88 65 66 149 63 11 117 118 49 50 77 78 79 141 32 112 92 93 89 25 134 75 103 104 54 116 9 45 124 21 
36 121 32 59 60 42 136 26 125 54 55 85 86 87 113 67 68 50 46 47 139 30 80 81 82 8 110 111 112 22 131 3 94 95 75 1 72 73 147 51 52 6 106 107 108 19 20 129 130 18 40 41 143 10 11 117 118 100 4 5 98 99 150 76 77 78 16 17 126 127 128 37 38 142 35 64 65 66 149 23 24 25 134 135 12 13 14 120 105 101 102 103 104 33 34 140 141 61 62 58 90 91 92 93 89 43 44 45 145 27 28 29 15 122 123 124 56 57 148 88 2 114 115 116 9 69 70 71 48 49 31 137 138 83 84 7 132 133 21 96 97 74 53 146 109 144 39 119 79 63 
37 120 84 60 61 11 29 136 150 109 6 86 87 88 40 24 25 49 50 46 105 101 128 16 17 110 111 112 7 64 65 43 44 45 74 75 1 72 125 15 122 141 32 33 34 20 129 130 18 19 90 91 92 68 69 70 71 99 100 4 5 98 139 30 31 137 148 54 55 56 57 38 142 35 36 113 114 115 116 94 95 96 97 3 121 12 13 14 147 51 52 53 146 80 81 82 83 62 58 59 22 131 132 133 21 117 118 119 10 26 27 28 76 77 78 79 106 107 108 2 85 41 143 144 39 134 135 23 47 48 102 103 104 126 127 8 66 149 63 145 42 73 123 124 140 93 89 67 138 9 
38 14 127 61 62 69 28 29 139 140 141 87 88 2 90 95 96 48 49 50 147 51 57 148 54 111 112 7 8 113 114 117 118 119 73 74 75 1 150 76 77 83 84 80 81 129 130 18 19 20 22 131 132 25 134 135 23 98 99 100 4 5 105 101 102 103 108 109 6 106 107 142 35 36 37 40 41 143 144 44 45 145 42 43 120 121 12 13 125 15 122 123 124 128 16 17 126 58 59 60 64 65 66 149 63 70 71 67 68 136 26 27 30 31 137 138 32 33 34 85 86 91 92 93 89 97 3 94 46 47 52 53 146 55 56 110 115 116 9 10 11 72 78 79 82 133 21 24 104 39 
39 76 75 63 64 85 101 102 43 100 4 89 90 91 141 8 110 15 122 123 68 69 121 12 13 9 113 114 115 148 54 19 20 129 30 31 137 138 94 95 96 136 26 27 28 21 22 131 132 133 84 80 81 36 37 38 142 51 52 53 146 147 11 117 118 119 50 46 47 48 49 40 41 143 144 109 6 106 107 59 60 61 62 58 77 78 79 150 24 25 134 135 23 1 72 73 74 65 66 149 128 16 17 126 127 86 87 88 2 103 104 105 44 45 145 42 5 98 99 92 93 32 33 34 140 111 112 7 124 125 70 71 67 14 120 116 55 56 57 130 18 139 97 3 29 82 83 35 10 108 
40 150 120 64 65 37 105 101 11 29 136 90 91 92 84 60 61 125 15 122 24 25 49 50 46 113 114 115 116 109 6 86 87 88 139 30 31 137 43 44 45 74 75 1 72 22 131 132 133 21 128 16 17 110 111 112 7 147 51 52 53 146 68 69 70 71 99 100 4 5 98 41 143 144 39 141 32 33 34 20 129 130 18 19 76 77 78 79 94 95 96 97 3 121 12 13 14 66 149 63 148 54 55 56 57 38 142 35 36 102 103 104 117 118 119 10 26 27 28 93 89 80 81 82 83 62 58 59 123 124 134 135 23 47 48 9 106 107 108 2 85 138 145 42 73 126 127 8 67 140 
41 79 48 65 66 111 104 105 68 73 74 91 92 93 128 129 130 124 125 15 94 95 98 99 100 114 115 116 9 141 32 38 142 35 138 139 30 31 11 117 118 14 120 121 12 131 132 133 21 22 148 54 55 61 62 58 59 146 147 51 52 53 24 25 134 135 28 29 136 26 27 143 144 39 40 84 80 81 82 87 88 2 85 86 150 76 77 78 43 44 45 145 42 49 50 46 47 149 63 64 109 6 106 107 108 112 7 8 110 101 102 103 69 70 71 67 75 1 72 89 90 16 17 126 127 18 19 20 122 123 96 97 3 4 5 113 33 34 140 36 37 137 119 10 13 56 57 60 23 83 
42 32 113 67 68 125 54 55 121 22 131 3 94 95 36 139 30 80 81 82 136 26 40 41 143 10 11 117 118 59 60 147 51 52 6 106 107 108 50 46 47 64 65 66 149 23 24 25 134 135 85 86 87 150 76 77 78 16 17 126 127 128 75 1 72 73 90 91 92 93 89 43 44 45 145 8 110 111 112 105 101 102 103 104 33 34 140 141 100 4 5 98 99 114 115 116 9 69 70 71 19 20 129 130 18 15 122 123 124 56 57 148 12 13 14 120 132 133 21 96 97 37 38 142 35 31 137 138 83 84 27 28 29 144 39 119 61 62 58 53 146 109 48 49 63 88 2 79 74 7 
43 141 39 68 69 76 148 54 75 63 64 94 95 96 85 101 102 84 80 81 100 4 89 90 91 11 117 118 119 8 110 15 122 123 109 6 106 107 121 12 13 9 113 114 115 24 25 134 135 23 19 20 129 30 31 137 138 128 16 17 126 127 136 26 27 28 21 22 131 132 133 44 45 145 42 36 37 38 142 51 52 53 146 147 32 33 34 140 50 46 47 48 49 40 41 143 144 70 71 67 59 60 61 62 58 77 78 79 150 55 56 57 1 72 73 74 65 66 149 97 3 86 87 88 2 103 104 105 82 83 5 98 99 92 93 10 111 112 7 124 125 108 14 120 116 130 18 139 29 35 
44 140 93 69 70 31 57 148 136 116 9 95 96 97 19 52 53 83 84 80 50 46 133 21 22 117 118 119 10 36 37 77 78 79 108 109 6 106 75 1 72 144 39 40 41 25 134 135 23 24 59 60 61 102 103 104 105 127 128 16 17 126 100 4 5 98 149 63 64 65 66 45 145 42 43 85 86 87 88 122 123 124 125 15 141 32 33 34 121 12 13 14 120 89 90 91 92 71 67 68 8 110 111 112 7 137 138 139 30 54 55 56 26 27 28 29 113 114 115 3 94 20 129 130 18 146 147 51 81 82 47 48 49 131 132 11 38 142 35 150 76 107 73 74 143 62 58 101 99 2 
45 34 132 70 71 103 56 57 100 143 144 96 97 3 59 123 124 82 83 84 121 12 66 149 63 118 119 10 11 85 86 137 138 139 107 108 109 6 136 26 27 92 93 89 90 134 135 23 24 25 8 110 111 53 146 147 51 126 127 128 16 17 50 46 47 48 115 116 9 113 114 145 42 43 44 19 20 129 130 78 79 150 76 77 140 141 32 33 75 1 72 73 74 133 21 22 131 67 68 69 36 37 38 142 35 104 105 101 102 148 54 55 4 5 98 99 39 40 41 94 95 60 61 62 58 125 15 122 80 81 13 14 120 64 65 117 87 88 2 30 31 106 28 29 91 112 7 52 49 18 
46 7 96 1 72 107 18 19 131 118 119 4 5 98 104 126 127 35 36 37 41 143 134 135 23 12 13 14 120 124 125 34 140 141 58 59 60 61 65 66 149 45 145 42 43 26 27 28 29 136 138 139 30 56 57 148 54 2 85 86 87 88 91 92 93 89 70 71 67 68 69 47 48 49 50 146 147 51 52 82 83 84 80 81 8 110 111 112 114 115 116 9 113 97 3 94 95 73 74 75 79 150 76 77 78 108 109 6 106 20 129 130 132 133 21 22 10 11 117 99 100 105 101 102 103 128 16 17 38 142 144 39 40 24 25 121 15 122 123 32 33 62 63 64 44 31 137 55 90 53 
47 112 25 72 73 57 130 18 91 44 45 5 98 99 138 83 84 142 35 36 114 115 69 70 71 13 14 120 121 146 147 108 109 6 62 58 59 60 131 132 133 95 96 97 3 27 28 29 136 26 79 150 76 127 128 16 17 88 2 85 86 87 41 143 144 39 117 118 119 10 11 48 49 50 46 104 105 101 102 140 141 32 33 34 7 8 110 111 65 66 149 63 64 134 135 23 24 74 75 1 124 125 15 122 123 148 54 55 56 19 20 129 92 93 89 90 145 42 43 100 4 139 30 31 137 80 81 82 37 38 116 9 113 67 68 12 51 52 53 106 107 61 21 22 94 77 78 126 40 103 
48 111 68 73 74 128 129 130 41 94 95 98 99 100 79 141 32 38 142 35 65 66 11 117 118 14 120 121 12 104 105 148 54 55 61 62 58 59 91 92 93 24 25 134 135 28 29 136 26 27 124 125 15 84 80 81 82 87 88 2 85 86 114 115 116 9 43 44 45 145 42 49 50 46 47 138 139 30 31 109 6 106 107 108 112 7 8 110 131 132 133 21 22 69 70 71 67 75 1 72 146 147 51 52 53 16 17 126 127 18 19 20 143 144 39 40 96 97 3 4 5 150 76 77 78 33 34 140 36 37 149 63 64 119 10 13 101 102 103 56 57 60 89 90 23 122 123 83 113 137 
49 110 10 74 75 80 20 129 114 23 24 99 100 4 124 6 106 37 38 142 131 132 42 43 44 120 121 12 13 138 139 16 17 126 60 61 62 58 41 143 144 67 68 69 70 29 136 26 27 28 146 147 51 32 33 34 140 86 87 88 2 85 65 66 149 63 3 94 95 96 97 50 46 47 48 79 150 76 77 54 55 56 57 148 111 112 7 8 91 92 93 89 90 11 117 118 119 1 72 73 104 105 101 102 103 81 82 83 84 130 18 19 115 116 9 113 25 134 135 5 98 125 15 122 123 107 108 109 35 36 133 21 22 45 145 14 30 31 137 127 128 59 39 40 71 52 53 141 64 78 
50 8 145 75 1 33 19 20 65 71 67 100 4 5 146 55 56 36 37 38 91 92 97 3 94 121 12 13 14 79 150 81 82 83 59 60 61 62 114 115 116 119 10 11 117 136 26 27 28 29 104 105 101 106 107 108 109 85 86 87 88 2 131 132 133 21 135 23 24 25 134 46 47 48 49 124 125 15 122 17 126 127 128 16 110 111 112 7 41 143 144 39 40 42 43 44 45 72 73 74 138 139 30 31 137 34 140 141 32 129 130 18 66 149 63 64 68 69 70 98 99 147 51 52 53 57 148 54 142 35 93 89 90 95 96 120 76 77 78 84 80 58 9 113 118 102 103 6 22 123 
51 63 88 76 77 72 89 90 55 112 7 101 102 103 135 5 98 9 113 114 81 82 130 18 19 15 122 123 124 145 42 13 14 120 21 22 131 132 106 107 108 142 35 36 37 30 31 137 138 139 71 67 68 27 28 29 136 39 40 41 143 144 17 126 127 128 62 58 59 60 61 52 53 146 147 97 3 94 95 47 48 49 50 46 64 65 66 149 33 34 140 141 32 2 85 86 87 78 79 150 119 10 11 117 118 73 74 75 1 91 92 93 56 57 148 54 8 110 111 104 105 23 24 25 134 99 100 4 115 116 83 84 80 20 129 125 43 44 45 121 12 133 109 6 38 69 70 26 16 96 
52 149 129 77 78 28 93 89 17 38 142 102 103 104 71 48 49 116 9 113 33 34 61 62 58 122 123 124 125 97 3 73 74 75 133 21 22 131 55 56 57 87 88 2 85 31 137 138 139 30 119 10 11 98 99 100 4 144 39 40 41 143 81 82 83 84 111 112 7 8 110 53 146 147 51 135 23 24 25 14 120 121 12 13 63 64 65 66 106 107 108 109 6 130 18 19 20 79 150 76 145 42 43 44 45 29 136 26 27 90 91 92 126 127 128 16 35 36 37 105 101 67 68 69 70 50 46 47 114 115 140 141 32 59 60 15 94 95 96 1 72 132 148 54 86 117 118 5 80 134 
53 66 60 78 79 99 92 93 81 86 87 103 104 105 119 120 121 115 116 9 106 107 110 111 112 123 124 125 15 135 23 29 136 26 132 133 21 22 17 126 127 20 129 130 18 137 138 139 30 31 145 42 43 49 50 46 47 143 144 39 40 41 33 34 140 141 37 38 142 35 36 146 147 51 52 71 67 68 69 74 75 1 72 73 149 63 64 65 55 56 57 148 54 61 62 58 59 150 76 77 97 3 94 95 96 100 4 5 98 89 90 91 82 83 84 80 88 2 85 101 102 10 11 117 118 12 13 14 113 114 108 109 6 7 8 122 24 25 134 27 28 131 128 16 19 44 45 48 32 70 
54 23 122 80 81 116 42 43 130 31 137 6 106 107 27 133 21 67 68 69 142 35 52 53 146 16 17 126 127 47 48 144 39 40 3 94 95 96 62 58 59 77 78 79 150 32 33 34 140 141 72 73 74 149 63 64 65 10 11 117 118 119 88 2 85 86 102 103 104 105 101 55 56 57 148 5 98 99 100 93 89 90 91 92 24 25 134 135 112 7 8 110 111 123 124 125 15 82 83 84 13 14 120 121 12 9 113 114 115 44 45 145 18 19 20 129 138 139 30 108 109 28 29 136 26 22 131 132 70 71 36 37 38 147 51 128 49 50 46 41 143 97 60 61 76 75 1 66 87 4 
55 135 51 81 82 63 145 42 88 76 77 106 107 108 72 89 90 71 67 68 112 7 101 102 103 17 126 127 128 5 98 9 113 114 97 3 94 95 130 18 19 15 122 123 124 33 34 140 141 32 13 14 120 21 22 131 132 119 10 11 117 118 142 35 36 37 30 31 137 138 139 56 57 148 54 27 28 29 136 39 40 41 143 144 23 24 25 134 62 58 59 60 61 52 53 146 147 83 84 80 47 48 49 50 46 64 65 66 149 43 44 45 2 85 86 87 78 79 150 109 6 73 74 75 1 91 92 93 69 70 8 110 111 104 105 16 99 100 4 115 116 96 20 129 125 121 12 133 38 26 
56 134 105 82 83 22 45 145 142 125 15 107 108 109 13 40 41 70 71 67 62 58 139 30 31 126 127 128 16 27 28 64 65 66 96 97 3 94 88 2 85 147 51 52 53 34 140 141 32 33 47 48 49 90 91 92 93 118 119 10 11 117 112 7 8 110 150 76 77 78 79 57 148 54 55 72 73 74 75 113 114 115 116 9 135 23 24 25 130 18 19 20 129 101 102 103 104 84 80 81 5 98 99 100 4 131 132 133 21 42 43 44 35 36 37 38 122 123 124 6 106 14 120 121 12 143 144 39 68 69 59 60 61 137 138 17 29 136 26 149 63 95 86 87 146 50 46 89 111 1 
57 25 138 83 84 91 44 45 112 146 147 108 109 6 47 114 115 69 70 71 130 18 79 150 76 127 128 16 17 72 73 131 132 133 95 96 97 3 142 35 36 104 105 101 102 140 141 32 33 34 5 98 99 41 143 144 39 117 118 119 10 11 62 58 59 60 124 125 15 122 123 148 54 55 56 13 14 120 121 65 66 149 63 64 134 135 23 24 88 2 85 86 87 139 30 31 137 80 81 82 27 28 29 136 26 92 93 89 90 145 42 43 7 8 110 111 51 52 53 106 107 48 49 50 46 116 9 113 67 68 19 20 129 77 78 126 74 75 1 21 22 94 37 38 103 100 4 40 61 12 
58 4 108 2 85 95 12 13 137 127 128 7 8 110 92 117 118 26 27 28 53 146 140 141 32 18 19 20 129 115 116 25 134 135 46 47 48 49 78 79 150 57 148 54 55 35 36 37 38 142 132 133 21 44 45 145 42 1 72 73 74 75 103 104 105 101 83 84 80 81 82 59 60 61 62 143 144 39 40 69 70 71 67 68 5 98 99 100 123 124 125 15 122 109 6 106 107 86 87 88 66 149 63 64 65 96 97 3 94 14 120 121 138 139 30 31 16 17 126 111 112 93 89 90 91 119 10 11 29 136 147 51 52 33 34 130 9 113 114 23 24 50 76 77 56 22 131 43 102 41 
59 100 34 85 86 45 121 12 103 56 57 8 110 111 132 70 71 136 26 27 123 124 82 83 84 19 20 129 130 143 144 96 97 3 50 46 47 48 137 138 139 107 108 109 6 36 37 38 142 35 66 149 63 118 119 10 11 75 1 72 73 74 53 146 147 51 126 127 128 16 17 60 61 62 58 92 93 89 90 134 135 23 24 25 4 5 98 99 78 79 150 76 77 140 141 32 33 87 88 2 115 116 9 113 114 145 42 43 44 13 14 120 104 105 101 102 148 54 55 112 7 133 21 22 131 67 68 69 28 29 125 15 122 80 81 18 39 40 41 94 95 49 30 31 106 64 65 117 52 91 
60 99 81 86 87 119 120 121 53 106 107 110 111 112 66 135 23 29 136 26 78 79 17 126 127 20 129 130 18 92 93 145 42 43 49 50 46 47 103 104 105 33 34 140 141 37 38 142 35 36 115 116 9 71 67 68 69 74 75 1 72 73 123 124 125 15 55 56 57 148 54 61 62 58 59 132 133 21 22 97 3 94 95 96 100 4 5 98 137 138 139 30 31 82 83 84 80 88 2 85 143 144 39 40 41 10 11 117 118 12 13 14 146 147 51 52 108 109 6 7 8 149 63 64 65 24 25 134 27 28 150 76 77 128 16 19 89 90 91 44 45 48 101 102 32 113 114 70 122 131 
61 98 16 87 88 67 14 120 123 32 33 111 112 7 115 3 94 28 29 136 137 138 54 55 56 129 130 18 19 132 133 10 11 117 48 49 50 46 53 146 147 80 81 82 83 38 142 35 36 37 143 144 39 23 24 25 134 73 74 75 1 72 78 79 150 76 6 106 107 108 109 62 58 59 60 66 149 63 64 42 43 44 45 145 99 100 4 5 103 104 105 101 102 17 126 127 128 2 85 86 92 93 89 90 91 68 69 70 71 121 12 13 124 125 15 122 34 140 141 8 110 116 9 113 114 95 96 97 26 27 139 30 31 57 148 20 21 22 131 118 119 47 51 52 84 40 41 135 77 65 
62 5 148 88 2 24 13 14 78 84 80 112 7 8 143 43 44 27 28 29 103 104 109 6 106 130 18 19 20 66 149 68 69 70 47 48 49 50 123 124 125 128 16 17 126 142 35 36 37 38 92 93 89 94 95 96 97 72 73 74 75 1 137 138 139 30 141 32 33 34 140 58 59 60 61 115 116 9 113 11 117 118 119 10 98 99 100 4 53 146 147 51 52 54 55 56 57 85 86 87 132 133 21 22 131 25 134 135 23 120 121 12 79 150 76 77 81 82 83 110 111 144 39 40 41 45 145 42 136 26 105 101 102 107 108 129 63 64 65 71 67 46 15 122 127 90 91 3 31 114 
63 51 72 89 90 88 76 77 135 5 98 9 113 114 55 112 7 101 102 103 145 42 13 14 120 21 22 131 132 81 82 130 18 19 15 122 123 124 71 67 68 27 28 29 136 39 40 41 143 144 106 107 108 142 35 36 37 30 31 137 138 139 97 3 94 95 47 48 49 50 46 64 65 66 149 17 126 127 128 62 58 59 60 61 52 53 146 147 119 10 11 117 118 73 74 75 1 91 92 93 33 34 140 141 32 2 85 86 87 78 79 150 23 24 25 134 99 100 4 115 116 56 57 148 54 8 110 111 104 105 43 44 45 121 12 133 83 84 80 20 129 125 69 70 26 109 6 38 96 16 
64 147 12 90 91 35 150 76 97 26 27 113 114 115 106 58 59 105 101 102 119 10 46 47 48 22 131 132 133 17 126 2 85 86 125 15 122 123 135 23 24 1 72 73 74 40 41 143 144 39 33 34 140 7 8 110 111 139 30 31 137 138 145 42 43 44 4 5 98 99 100 65 66 149 63 55 56 57 148 18 19 20 129 130 51 52 53 146 71 67 68 69 70 13 14 120 121 92 93 89 81 82 83 84 80 36 37 38 142 77 78 79 3 94 95 96 28 29 136 116 9 107 108 109 6 60 61 62 103 104 11 117 118 49 50 21 127 128 16 87 88 124 25 134 75 141 32 112 45 54 
65 146 50 91 92 8 79 150 145 75 1 114 115 116 33 19 20 104 105 101 71 67 100 4 5 131 132 133 21 55 56 36 37 38 124 125 15 122 97 3 94 121 12 13 14 41 143 144 39 40 81 82 83 59 60 61 62 138 139 30 31 137 119 10 11 117 136 26 27 28 29 66 149 63 64 106 107 108 109 85 86 87 88 2 147 51 52 53 135 23 24 25 134 46 47 48 49 93 89 90 17 126 127 128 16 110 111 112 7 76 77 78 42 43 44 45 72 73 74 9 113 34 140 141 32 129 130 18 102 103 68 69 70 98 99 22 57 148 54 142 35 123 95 96 120 84 80 58 118 6 
66 53 99 92 93 60 78 79 119 120 121 115 116 9 81 86 87 103 104 105 135 23 29 136 26 132 133 21 22 106 107 110 111 112 123 124 125 15 145 42 43 49 50 46 47 143 144 39 40 41 17 126 127 20 129 130 18 137 138 139 30 31 71 67 68 69 74 75 1 72 73 149 63 64 65 33 34 140 141 37 38 142 35 36 146 147 51 52 97 3 94 95 96 100 4 5 98 89 90 91 55 56 57 148 54 61 62 58 59 150 76 77 10 11 117 118 12 13 14 113 114 82 83 84 80 88 2 85 101 102 24 25 134 27 28 131 108 109 6 7 8 122 44 45 48 128 16 19 70 32 
67 16 115 3 94 123 32 33 98 132 133 10 11 117 61 137 138 54 55 56 14 120 143 144 39 23 24 25 134 87 88 53 146 147 80 81 82 83 28 29 136 66 149 63 64 42 43 44 45 145 111 112 7 78 79 150 76 6 106 107 108 109 48 49 50 46 92 93 89 90 91 68 69 70 71 129 130 18 19 103 104 105 101 102 17 126 127 128 73 74 75 1 72 116 9 113 114 95 96 97 38 142 35 36 37 124 125 15 122 34 140 141 99 100 4 5 21 22 131 118 119 62 58 59 60 139 30 31 57 148 121 12 13 40 41 135 2 85 86 51 52 84 26 27 65 8 110 77 47 20 
68 128 41 94 95 79 141 32 48 65 66 11 117 118 111 104 105 148 54 55 73 74 91 92 93 24 25 134 135 129 130 124 125 15 84 80 81 82 98 99 100 114 115 116 9 43 44 45 145 42 38 142 35 138 139 30 31 109 6 106 107 108 14 120 121 12 131 132 133 21 22 69 70 71 67 61 62 58 59 146 147 51 52 53 16 17 126 127 28 29 136 26 27 143 144 39 40 96 97 3 87 88 2 85 86 150 76 77 78 33 34 140 49 50 46 47 149 63 64 119 10 112 7 8 110 101 102 103 56 57 75 1 72 89 90 23 18 19 20 122 123 83 4 5 113 36 37 137 13 60 
69 127 90 95 96 139 140 141 14 113 114 117 118 119 38 147 51 57 148 54 28 29 22 131 132 25 134 135 23 61 62 150 76 77 83 84 80 81 48 49 50 40 41 143 144 44 45 145 42 43 87 88 2 105 101 102 103 108 109 6 106 107 73 74 75 1 64 65 66 149 63 70 71 67 68 111 112 7 8 125 15 122 123 124 128 16 17 126 98 99 100 4 5 91 92 93 89 97 3 94 129 130 18 19 20 30 31 137 138 32 33 34 120 121 12 13 115 116 9 10 11 142 35 36 37 52 53 146 55 56 136 26 27 133 21 24 58 59 60 78 79 82 46 47 39 85 86 104 72 110 
70 126 21 96 97 101 34 140 73 39 40 118 119 10 87 15 122 56 57 148 98 99 63 64 65 134 135 23 24 111 112 30 31 137 82 83 84 80 14 120 121 89 90 91 92 45 145 42 43 44 129 130 18 51 52 53 146 107 108 109 6 106 28 29 136 26 9 113 114 115 116 71 67 68 69 38 142 35 36 76 77 78 79 150 127 128 16 17 48 49 50 46 47 22 131 132 133 3 94 95 61 62 58 59 60 102 103 104 105 141 32 33 74 75 1 72 41 143 144 11 117 88 2 85 86 123 124 125 54 55 100 4 5 66 149 25 7 8 110 138 139 81 12 13 93 19 20 147 27 37 
71 17 149 97 3 52 33 34 28 93 89 119 10 11 129 77 78 55 56 57 48 49 116 9 113 135 23 24 25 38 142 102 103 104 81 82 83 84 73 74 75 133 21 22 131 145 42 43 44 45 61 62 58 122 123 124 125 106 107 108 109 6 98 99 100 4 144 39 40 41 143 67 68 69 70 87 88 2 85 31 137 138 139 30 126 127 128 16 14 120 121 12 13 63 64 65 66 94 95 96 111 112 7 8 110 53 146 147 51 140 141 32 29 136 26 27 90 91 92 117 118 130 18 19 20 79 150 76 148 54 50 46 47 114 115 134 35 36 37 105 101 80 1 72 132 59 60 15 5 86 
72 88 135 5 98 55 112 7 63 145 42 13 14 120 51 81 82 130 18 19 89 90 71 67 68 27 28 29 136 76 77 106 107 108 142 35 36 37 9 113 114 97 3 94 95 47 48 49 50 46 101 102 103 17 126 127 128 62 58 59 60 61 21 22 131 132 119 10 11 117 118 73 74 75 1 15 122 123 124 33 34 140 141 32 2 85 86 87 39 40 41 143 144 23 24 25 134 99 100 4 30 31 137 138 139 56 57 148 54 8 110 111 64 65 66 149 43 44 45 121 12 52 53 146 147 83 84 80 20 129 91 92 93 69 70 26 78 79 150 109 6 38 115 116 96 104 105 16 133 125 
73 87 70 98 99 126 111 112 21 96 97 14 120 121 101 34 140 129 130 18 39 40 118 119 10 28 29 136 26 15 122 56 57 148 38 142 35 36 63 64 65 134 135 23 24 48 49 50 46 47 30 31 137 82 83 84 80 61 62 58 59 60 89 90 91 92 45 145 42 43 44 74 75 1 72 51 52 53 146 107 108 109 6 106 88 2 85 86 9 113 114 115 116 71 67 68 69 100 4 5 76 77 78 79 150 127 128 16 17 7 8 110 22 131 132 133 3 94 95 12 13 102 103 104 105 141 32 33 19 20 41 143 144 11 117 27 123 124 125 54 55 37 66 149 25 138 139 81 93 147 
74 86 117 99 100 83 110 111 89 25 134 120 121 12 30 108 109 20 129 130 9 113 44 45 145 29 136 26 27 51 52 127 128 16 37 38 142 35 21 22 131 69 70 71 67 49 50 46 47 48 76 77 78 140 141 32 33 60 61 62 58 59 39 40 41 143 95 96 97 3 94 75 1 72 73 101 102 103 104 57 148 54 55 56 87 88 2 85 63 64 65 66 149 118 119 10 11 4 5 98 15 122 123 124 125 84 80 81 82 112 7 8 90 91 92 93 135 23 24 13 14 31 137 138 139 6 106 107 18 19 114 115 116 42 43 28 53 146 147 17 126 36 132 133 68 79 150 34 144 105 
75 85 43 100 4 141 8 110 39 68 69 121 12 13 76 148 54 19 20 129 63 64 94 95 96 136 26 27 28 101 102 84 80 81 36 37 38 142 89 90 91 11 117 118 119 50 46 47 48 49 15 122 123 109 6 106 107 59 60 61 62 58 9 113 114 115 24 25 134 135 23 1 72 73 74 30 31 137 138 128 16 17 126 127 86 87 88 2 21 22 131 132 133 44 45 145 42 5 98 99 51 52 53 146 147 32 33 34 140 111 112 7 40 41 143 144 70 71 67 14 120 77 78 79 150 55 56 57 130 18 65 66 149 97 3 29 103 104 105 82 83 35 92 93 10 124 125 108 116 139 
76 39 85 101 102 75 63 64 141 8 110 15 122 123 43 100 4 89 90 91 148 54 19 20 129 30 31 137 138 68 69 121 12 13 9 113 114 115 84 80 81 36 37 38 142 51 52 53 146 147 94 95 96 136 26 27 28 21 22 131 132 133 109 6 106 107 59 60 61 62 58 77 78 79 150 11 117 118 119 50 46 47 48 49 40 41 143 144 128 16 17 126 127 86 87 88 2 103 104 105 24 25 134 135 23 1 72 73 74 65 66 149 32 33 34 140 111 112 7 124 125 44 45 145 42 5 98 99 92 93 55 56 57 130 18 139 70 71 67 14 120 116 82 83 35 97 3 29 108 10 
77 144 18 102 103 26 149 63 109 35 36 122 123 124 94 46 47 93 89 90 128 16 58 59 60 31 137 138 139 11 117 1 72 73 116 9 113 114 141 32 33 2 85 86 87 52 53 146 147 51 24 25 134 4 5 98 99 133 21 22 131 132 148 54 55 56 7 8 110 111 112 78 79 150 76 43 44 45 145 12 13 14 120 121 39 40 41 143 84 80 81 82 83 19 20 129 130 104 105 101 68 69 70 71 67 27 28 29 136 64 65 66 6 106 107 108 37 38 142 125 15 95 96 97 3 48 49 50 91 92 17 126 127 61 62 30 118 119 10 74 75 115 34 140 88 135 23 100 57 42 
78 143 62 103 104 5 66 149 148 88 2 123 124 125 24 13 14 92 93 89 84 80 112 7 8 137 138 139 30 43 44 27 28 29 115 116 9 113 109 6 106 130 18 19 20 53 146 147 51 52 68 69 70 47 48 49 50 132 133 21 22 131 128 16 17 126 142 35 36 37 38 79 150 76 77 94 95 96 97 72 73 74 75 1 144 39 40 41 141 32 33 34 140 58 59 60 61 105 101 102 11 117 118 119 10 98 99 100 4 63 64 65 54 55 56 57 85 86 87 15 122 25 134 135 23 120 121 12 90 91 81 82 83 110 111 31 45 145 42 136 26 114 107 108 129 71 67 46 127 3 
79 41 111 104 105 48 65 66 128 129 130 124 125 15 68 73 74 91 92 93 141 32 38 142 35 138 139 30 31 94 95 98 99 100 114 115 116 9 148 54 55 61 62 58 59 146 147 51 52 53 11 117 118 14 120 121 12 131 132 133 21 22 84 80 81 82 87 88 2 85 86 150 76 77 78 24 25 134 135 28 29 136 26 27 143 144 39 40 109 6 106 107 108 112 7 8 110 101 102 103 43 44 45 145 42 49 50 46 47 149 63 64 16 17 126 127 18 19 20 122 123 69 70 71 67 75 1 72 89 90 33 34 140 36 37 137 96 97 3 4 5 113 56 57 60 119 10 13 83 23 
80 10 124 6 106 114 23 24 110 138 139 16 17 126 49 131 132 42 43 44 20 129 146 147 51 32 33 34 140 74 75 41 143 144 67 68 69 70 37 38 142 79 150 76 77 54 55 56 57 148 99 100 4 65 66 149 63 3 94 95 96 97 60 61 62 58 104 105 101 102 103 81 82 83 84 120 121 12 13 91 92 93 89 90 11 117 118 119 86 87 88 2 85 125 15 122 123 107 108 109 29 136 26 27 28 115 116 9 113 25 134 135 111 112 7 8 30 31 137 127 128 50 46 47 48 133 21 22 45 145 130 18 19 52 53 141 1 72 73 39 40 71 35 36 78 5 98 64 59 14 
81 119 53 106 107 66 135 23 60 78 79 17 126 127 99 92 93 145 42 43 86 87 103 104 105 33 34 140 141 120 121 115 116 9 71 67 68 69 110 111 112 123 124 125 15 55 56 57 148 54 29 136 26 132 133 21 22 97 3 94 95 96 20 129 130 18 137 138 139 30 31 82 83 84 80 49 50 46 47 143 144 39 40 41 10 11 117 118 37 38 142 35 36 146 147 51 52 108 109 6 74 75 1 72 73 149 63 64 65 24 25 134 61 62 58 59 150 76 77 128 16 100 4 5 98 89 90 91 44 45 88 2 85 101 102 32 12 13 14 113 114 70 7 8 122 27 28 131 19 48 
82 118 102 107 108 133 134 135 20 122 123 126 127 128 29 144 39 45 145 42 37 38 31 137 138 34 140 141 32 49 50 149 63 64 70 71 67 68 60 61 62 52 53 146 147 56 57 148 54 55 74 75 1 93 89 90 91 96 97 3 94 95 86 87 88 2 77 78 79 150 76 83 84 80 81 99 100 4 5 116 9 113 114 115 119 10 11 117 110 111 112 7 8 103 104 105 101 109 6 106 120 121 12 13 14 21 22 131 132 23 24 25 129 130 18 19 124 125 15 16 17 136 26 27 28 40 41 143 43 44 142 35 36 139 30 33 46 47 48 65 66 69 58 59 51 72 73 92 85 98 
83 117 30 108 109 89 25 134 86 51 52 127 128 16 74 9 113 44 45 145 110 111 76 77 78 140 141 32 33 99 100 21 22 131 69 70 71 67 20 129 130 101 102 103 104 57 148 54 55 56 120 121 12 39 40 41 143 95 96 97 3 94 37 38 142 35 15 122 123 124 125 84 80 81 82 29 136 26 27 63 64 65 66 149 118 119 10 11 60 61 62 58 59 31 137 138 139 6 106 107 49 50 46 47 48 90 91 92 93 135 23 24 87 88 2 85 53 146 147 17 126 75 1 72 73 114 115 116 42 43 112 7 8 79 150 34 4 5 98 132 133 68 18 19 105 13 14 144 36 28 
84 11 150 109 6 40 24 25 37 105 101 128 16 17 120 64 65 43 44 45 60 61 125 15 122 141 32 33 34 29 136 90 91 92 68 69 70 71 86 87 88 139 30 31 137 148 54 55 56 57 49 50 46 113 114 115 116 94 95 96 97 3 110 111 112 7 147 51 52 53 146 80 81 82 83 74 75 1 72 22 131 132 133 21 117 118 119 10 20 129 130 18 19 76 77 78 79 106 107 108 99 100 4 5 98 41 143 144 39 134 135 23 38 142 35 36 102 103 104 126 127 121 12 13 14 66 149 63 145 42 62 58 59 123 124 140 26 27 28 93 89 67 2 85 138 47 48 9 8 73 
85 75 141 8 110 43 100 4 76 148 54 19 20 129 39 68 69 121 12 13 101 102 84 80 81 36 37 38 142 63 64 94 95 96 136 26 27 28 15 122 123 109 6 106 107 59 60 61 62 58 89 90 91 11 117 118 119 50 46 47 48 49 30 31 137 138 128 16 17 126 127 86 87 88 2 9 113 114 115 24 25 134 135 23 1 72 73 74 51 52 53 146 147 32 33 34 140 111 112 7 21 22 131 132 133 44 45 145 42 5 98 99 77 78 79 150 55 56 57 130 18 40 41 143 144 70 71 67 14 120 103 104 105 82 83 35 65 66 149 97 3 29 124 125 108 92 93 10 139 116 
86 74 83 110 111 117 99 100 30 108 109 20 129 130 89 25 134 120 121 12 51 52 127 128 16 37 38 142 35 9 113 44 45 145 29 136 26 27 76 77 78 140 141 32 33 60 61 62 58 59 21 22 131 69 70 71 67 49 50 46 47 48 101 102 103 104 57 148 54 55 56 87 88 2 85 39 40 41 143 95 96 97 3 94 75 1 72 73 15 122 123 124 125 84 80 81 82 112 7 8 63 64 65 66 149 118 119 10 11 4 5 98 31 137 138 139 6 106 107 18 19 90 91 92 93 135 23 24 13 14 53 146 147 17 126 36 114 115 116 42 43 28 79 150 34 132 133 68 105 144 
87 73 126 111 112 70 98 99 101 34 140 129 130 18 21 96 97 14 120 121 15 122 56 57 148 38 142 35 36 39 40 118 119 10 28 29 136 26 30 31 137 82 83 84 80 61 62 58 59 60 63 64 65 134 135 23 24 48 49 50 46 47 51 52 53 146 107 108 109 6 106 88 2 85 86 89 90 91 92 45 145 42 43 44 74 75 1 72 76 77 78 79 150 127 128 16 17 7 8 110 9 113 114 115 116 71 67 68 69 100 4 5 102 103 104 105 141 32 33 19 20 22 131 132 133 3 94 95 12 13 123 124 125 54 55 37 41 143 144 11 117 27 138 139 81 66 149 25 147 93 
88 72 55 112 7 135 5 98 51 81 82 130 18 19 63 145 42 13 14 120 76 77 106 107 108 142 35 36 37 89 90 71 67 68 27 28 29 136 101 102 103 17 126 127 128 62 58 59 60 61 9 113 114 97 3 94 95 47 48 49 50 46 15 122 123 124 33 34 140 141 32 2 85 86 87 21 22 131 132 119 10 11 117 118 73 74 75 1 30 31 137 138 139 56 57 148 54 8 110 111 39 40 41 143 144 23 24 25 134 99 100 4 52 53 146 147 83 84 80 20 129 64 65 66 149 43 44 45 121 12 78 79 150 109 6 38 91 92 93 69 70 26 104 105 16 115 116 96 125 133 
89 30 74 9 113 86 51 52 117 99 100 21 22 131 83 110 111 76 77 78 25 134 120 121 12 39 40 41 143 108 109 20 129 130 101 102 103 104 44 45 145 29 136 26 27 63 64 65 66 149 127 128 16 37 38 142 35 15 122 123 124 125 69 70 71 67 49 50 46 47 48 90 91 92 93 140 141 32 33 60 61 62 58 59 31 137 138 139 95 96 97 3 94 75 1 72 73 114 115 116 57 148 54 55 56 87 88 2 85 53 146 147 118 119 10 11 4 5 98 132 133 84 80 81 82 112 7 8 79 150 135 23 24 13 14 144 6 106 107 18 19 105 42 43 28 17 126 36 68 34 
90 139 14 113 114 38 147 51 69 28 29 22 131 132 127 61 62 150 76 77 95 96 48 49 50 40 41 143 144 140 141 87 88 2 105 101 102 103 117 118 119 73 74 75 1 64 65 66 149 63 57 148 54 111 112 7 8 125 15 122 123 124 25 134 135 23 98 99 100 4 5 91 92 93 89 83 84 80 81 129 130 18 19 20 30 31 137 138 44 45 145 42 43 120 121 12 13 115 116 9 108 109 6 106 107 142 35 36 37 52 53 146 70 71 67 68 136 26 27 133 21 128 16 17 126 58 59 60 78 79 97 3 94 46 47 39 32 33 34 85 86 104 10 11 72 55 56 110 24 82 
91 138 47 114 115 112 146 147 25 72 73 131 132 133 57 130 18 79 150 76 44 45 5 98 99 41 143 144 39 83 84 142 35 36 104 105 101 102 69 70 71 13 14 120 121 65 66 149 63 64 108 109 6 62 58 59 60 124 125 15 122 123 95 96 97 3 27 28 29 136 26 92 93 89 90 127 128 16 17 88 2 85 86 87 139 30 31 137 117 118 119 10 11 48 49 50 46 116 9 113 140 141 32 33 34 7 8 110 111 51 52 53 134 135 23 24 74 75 1 21 22 148 54 55 56 19 20 129 77 78 145 42 43 100 4 40 80 81 82 37 38 103 67 68 12 106 107 61 94 126 
92 137 4 115 116 58 53 146 95 12 13 132 133 21 108 2 85 78 79 150 117 118 26 27 28 143 144 39 40 127 128 7 8 110 103 104 105 101 25 134 135 46 47 48 49 66 149 63 64 65 140 141 32 18 19 20 129 123 124 125 15 122 44 45 145 42 1 72 73 74 75 93 89 90 91 57 148 54 55 35 36 37 38 142 138 139 30 31 69 70 71 67 68 5 98 99 100 9 113 114 83 84 80 81 82 59 60 61 62 147 51 52 96 97 3 94 14 120 121 22 131 109 6 106 107 86 87 88 76 77 119 10 11 29 136 41 16 17 126 111 112 102 23 24 50 33 34 130 43 56 
93 31 136 116 9 19 52 53 44 50 46 133 21 22 140 36 37 77 78 79 69 70 75 1 72 144 39 40 41 57 148 59 60 61 102 103 104 105 95 96 97 100 4 5 98 149 63 64 65 66 83 84 80 85 86 87 88 122 123 124 125 15 117 118 119 10 121 12 13 14 120 89 90 91 92 108 109 6 106 8 110 111 112 7 137 138 139 30 25 134 135 23 24 26 27 28 29 113 114 115 127 128 16 17 126 20 129 130 18 146 147 51 45 145 42 43 47 48 49 131 132 141 32 33 34 38 142 35 150 76 71 67 68 73 74 143 54 55 56 62 58 101 3 94 99 81 82 2 11 107 
94 109 144 11 117 77 128 16 26 149 63 24 25 134 18 102 103 141 32 33 46 47 93 89 90 43 44 45 145 35 36 122 123 124 148 54 55 56 1 72 73 116 9 113 114 68 69 70 71 67 58 59 60 31 137 138 139 84 80 81 82 83 4 5 98 99 133 21 22 131 132 95 96 97 3 2 85 86 87 52 53 146 147 51 6 106 107 108 12 13 14 120 121 39 40 41 143 118 119 10 7 8 110 111 112 78 79 150 76 17 126 127 27 28 29 136 64 65 66 135 23 19 20 129 130 104 105 101 34 140 48 49 50 91 92 42 37 38 142 125 15 57 74 75 115 61 62 30 100 88 
95 108 92 117 118 137 127 128 4 115 116 25 134 135 58 53 146 140 141 32 12 13 132 133 21 44 45 145 42 2 85 78 79 150 57 148 54 55 26 27 28 143 144 39 40 69 70 71 67 68 7 8 110 103 104 105 101 83 84 80 81 82 46 47 48 49 66 149 63 64 65 96 97 3 94 18 19 20 129 123 124 125 15 122 109 6 106 107 1 72 73 74 75 93 89 90 91 119 10 11 35 36 37 38 142 138 139 30 31 16 17 126 5 98 99 100 9 113 114 23 24 59 60 61 62 147 51 52 33 34 14 120 121 22 131 43 86 87 88 76 77 56 29 136 41 111 112 102 50 130 
96 107 131 118 119 104 126 127 46 41 143 134 135 23 7 124 125 34 140 141 1 72 65 66 149 45 145 42 43 18 19 138 139 30 56 57 148 54 4 5 98 91 92 93 89 70 71 67 68 69 35 36 37 146 147 51 52 82 83 84 80 81 12 13 14 120 114 115 116 9 113 97 3 94 95 58 59 60 61 79 150 76 77 78 108 109 6 106 26 27 28 29 136 132 133 21 22 10 11 117 2 85 86 87 88 105 101 102 103 128 16 17 47 48 49 50 144 39 40 24 25 8 110 111 112 15 122 123 32 33 73 74 75 63 64 44 20 129 130 31 137 55 99 100 90 38 142 53 121 62 
97 106 64 119 10 147 17 126 12 90 91 135 23 24 35 150 76 33 34 140 26 27 113 114 115 145 42 43 44 58 59 105 101 102 55 56 57 148 46 47 48 22 131 132 133 71 67 68 69 70 2 85 86 125 15 122 123 81 82 83 84 80 1 72 73 74 40 41 143 144 39 3 94 95 96 7 8 110 111 139 30 31 137 138 107 108 109 6 4 5 98 99 100 65 66 149 63 11 117 118 18 19 20 129 130 51 52 53 146 127 128 16 13 14 120 121 92 93 89 25 134 36 37 38 142 77 78 79 141 32 28 29 136 116 9 45 60 61 62 103 104 54 49 50 21 87 88 124 75 112 
98 61 67 14 120 16 87 88 115 3 94 28 29 136 123 32 33 111 112 7 132 133 10 11 117 48 49 50 46 137 138 54 55 56 129 130 18 19 143 144 39 23 24 25 134 73 74 75 1 72 53 146 147 80 81 82 83 38 142 35 36 37 66 149 63 64 42 43 44 45 145 99 100 4 5 78 79 150 76 6 106 107 108 109 62 58 59 60 92 93 89 90 91 68 69 70 71 121 12 13 103 104 105 101 102 17 126 127 128 2 85 86 116 9 113 114 95 96 97 26 27 124 125 15 122 34 140 141 8 110 21 22 131 118 119 47 139 30 31 57 148 20 40 41 135 51 52 84 65 77 
99 60 119 120 121 81 86 87 66 135 23 29 136 26 53 106 107 110 111 112 92 93 145 42 43 49 50 46 47 78 79 17 126 127 20 129 130 18 115 116 9 71 67 68 69 74 75 1 72 73 103 104 105 33 34 140 141 37 38 142 35 36 132 133 21 22 97 3 94 95 96 100 4 5 98 123 124 125 15 55 56 57 148 54 61 62 58 59 143 144 39 40 41 10 11 117 118 12 13 14 137 138 139 30 31 82 83 84 80 88 2 85 149 63 64 65 24 25 134 27 28 146 147 51 52 108 109 6 7 8 89 90 91 44 45 48 150 76 77 128 16 19 113 114 70 101 102 32 131 122 
100 59 45 121 12 34 85 86 132 70 71 136 26 27 103 56 57 8 110 111 143 144 96 97 3 50 46 47 48 123 124 82 83 84 19 20 129 130 66 149 63 118 119 10 11 75 1 72 73 74 137 138 139 107 108 109 6 36 37 38 142 35 92 93 89 90 134 135 23 24 25 4 5 98 99 53 146 147 51 126 127 128 16 17 60 61 62 58 115 116 9 113 114 145 42 43 44 13 14 120 78 79 150 76 77 140 141 32 33 87 88 2 133 21 22 131 67 68 69 28 29 104 105 101 102 148 54 55 112 7 39 40 41 94 95 49 125 15 122 80 81 18 64 65 117 30 31 106 91 52 
101 21 87 15 122 73 39 40 126 111 112 30 31 137 70 98 99 63 64 65 34 140 129 130 18 51 52 53 146 96 97 14 120 121 89 90 91 92 56 57 148 38 142 35 36 76 77 78 79 150 118 119 10 28 29 136 26 9 113 114 115 116 82 83 84 80 61 62 58 59 60 102 103 104 105 134 135 23 24 48 49 50 46 47 22 131 132 133 107 108 109 6 106 88 2 85 86 123 124 125 45 145 42 43 44 74 75 1 72 41 143 144 127 128 16 17 7 8 110 138 139 71 67 68 69 100 4 5 66 149 141 32 33 19 20 147 3 94 95 12 13 93 54 55 37 11 117 27 81 25 
102 133 20 122 123 29 144 39 82 37 38 31 137 138 118 49 50 149 63 64 107 108 60 61 62 52 53 146 147 134 135 74 75 1 93 89 90 91 126 127 128 86 87 88 2 77 78 79 150 76 45 145 42 99 100 4 5 116 9 113 114 115 34 140 141 32 110 111 112 7 8 103 104 105 101 70 71 67 68 120 121 12 13 14 21 22 131 132 56 57 148 54 55 129 130 18 19 124 125 15 96 97 3 94 95 136 26 27 28 40 41 143 83 84 80 81 142 35 36 139 30 119 10 11 117 46 47 48 65 66 109 6 106 58 59 51 23 24 25 72 73 92 16 17 85 43 44 98 33 69 
103 132 59 123 124 100 143 144 34 85 86 137 138 139 45 121 12 66 149 63 56 57 8 110 111 53 146 147 51 70 71 136 26 27 92 93 89 90 82 83 84 19 20 129 130 78 79 150 76 77 96 97 3 50 46 47 48 115 116 9 113 114 107 108 109 6 36 37 38 142 35 104 105 101 102 118 119 10 11 75 1 72 73 74 133 21 22 131 126 127 128 16 17 60 61 62 58 125 15 122 134 135 23 24 25 4 5 98 99 39 40 41 140 141 32 33 87 88 2 30 31 145 42 43 44 13 14 120 64 65 148 54 55 112 7 52 67 68 69 28 29 91 80 81 18 94 95 49 106 117 
104 131 7 124 125 46 41 143 107 18 19 138 139 30 96 1 72 65 66 149 126 127 35 36 37 146 147 51 52 118 119 4 5 98 91 92 93 89 34 140 141 58 59 60 61 79 150 76 77 78 134 135 23 12 13 14 120 114 115 116 9 113 56 57 148 54 2 85 86 87 88 105 101 102 103 45 145 42 43 26 27 28 29 136 132 133 21 22 82 83 84 80 81 8 110 111 112 15 122 123 70 71 67 68 69 47 48 49 50 144 39 40 108 109 6 106 20 129 130 31 137 97 3 94 95 73 74 75 63 64 128 16 17 38 142 53 10 11 117 99 100 90 32 33 62 24 25 121 55 44 
105 22 142 125 15 13 40 41 56 62 58 139 30 31 134 27 28 64 65 66 82 83 88 2 85 147 51 52 53 45 145 47 48 49 90 91 92 93 107 108 109 112 7 8 110 150 76 77 78 79 70 71 67 72 73 74 75 113 114 115 116 9 126 127 128 16 130 18 19 20 129 101 102 103 104 96 97 3 94 5 98 99 100 4 131 132 133 21 34 140 141 32 33 35 36 37 38 122 123 124 118 119 10 11 117 14 120 121 12 143 144 39 57 148 54 55 59 60 61 137 138 135 23 24 25 29 136 26 149 63 84 80 81 86 87 146 42 43 44 50 46 89 6 106 111 68 69 1 17 95 
106 97 147 17 126 64 119 10 35 150 76 33 34 140 12 90 91 135 23 24 58 59 105 101 102 55 56 57 148 26 27 113 114 115 145 42 43 44 2 85 86 125 15 122 123 81 82 83 84 80 46 47 48 22 131 132 133 71 67 68 69 70 7 8 110 111 139 30 31 137 138 107 108 109 6 1 72 73 74 40 41 143 144 39 3 94 95 96 18 19 20 129 130 51 52 53 146 127 128 16 4 5 98 99 100 65 66 149 63 11 117 118 36 37 38 142 77 78 79 141 32 13 14 120 121 92 93 89 25 134 60 61 62 103 104 54 28 29 136 116 9 45 87 88 124 49 50 21 112 75 
107 96 104 126 127 131 118 119 7 124 125 34 140 141 46 41 143 134 135 23 18 19 138 139 30 56 57 148 54 1 72 65 66 149 45 145 42 43 35 36 37 146 147 51 52 82 83 84 80 81 4 5 98 91 92 93 89 70 71 67 68 69 58 59 60 61 79 150 76 77 78 108 109 6 106 12 13 14 120 114 115 116 9 113 97 3 94 95 2 85 86 87 88 105 101 102 103 128 16 17 26 27 28 29 136 132 133 21 22 10 11 117 8 110 111 112 15 122 123 32 33 47 48 49 50 144 39 40 24 25 20 129 130 31 137 55 73 74 75 63 64 44 38 142 53 99 100 90 62 121 
108 95 137 127 128 92 117 118 58 53 146 140 141 32 4 115 116 25 134 135 2 85 78 79 150 57 148 54 55 12 13 132 133 21 44 45 145 42 7 8 110 103 104 105 101 83 84 80 81 82 26 27 28 143 144 39 40 69 70 71 67 68 18 19 20 129 123 124 125 15 122 109 6 106 107 46 47 48 49 66 149 63 64 65 96 97 3 94 35 36 37 38 142 138 139 30 31 16 17 126 1 72 73 74 75 93 89 90 91 119 10 11 59 60 61 62 147 51 52 33 34 5 98 99 100 9 113 114 23 24 86 87 88 76 77 56 14 120 121 22 131 43 111 112 102 29 136 41 130 50 
109 94 77 128 16 144 11 117 18 102 103 141 32 33 26 149 63 24 25 134 35 36 122 123 124 148 54 55 56 46 47 93 89 90 43 44 45 145 58 59 60 31 137 138 139 84 80 81 82 83 1 72 73 116 9 113 114 68 69 70 71 67 2 85 86 87 52 53 146 147 51 6 106 107 108 4 5 98 99 133 21 22 131 132 95 96 97 3 7 8 110 111 112 78 79 150 76 17 126 127 12 13 14 120 121 39 40 41 143 118 119 10 19 20 129 130 104 105 101 34 140 27 28 29 136 64 65 66 135 23 37 38 142 125 15 57 48 49 50 91 92 42 61 62 30 74 75 115 88 100 
110 49 80 20 129 10 74 75 124 6 106 37 38 142 114 23 24 99 100 4 138 139 16 17 126 60 61 62 58 131 132 42 43 44 120 121 12 13 146 147 51 32 33 34 140 86 87 88 2 85 41 143 144 67 68 69 70 29 136 26 27 28 79 150 76 77 54 55 56 57 148 111 112 7 8 65 66 149 63 3 94 95 96 97 50 46 47 48 104 105 101 102 103 81 82 83 84 130 18 19 91 92 93 89 90 11 117 118 119 1 72 73 125 15 122 123 107 108 109 35 36 115 116 9 113 25 134 135 5 98 30 31 137 127 128 59 133 21 22 45 145 14 52 53 141 39 40 71 78 64 
111 48 128 129 130 68 73 74 79 141 32 38 142 35 41 94 95 98 99 100 104 105 148 54 55 61 62 58 59 65 66 11 117 118 14 120 121 12 124 125 15 84 80 81 82 87 88 2 85 86 91 92 93 24 25 134 135 28 29 136 26 27 138 139 30 31 109 6 106 107 108 112 7 8 110 114 115 116 9 43 44 45 145 42 49 50 46 47 146 147 51 52 53 16 17 126 127 18 19 20 131 132 133 21 22 69 70 71 67 75 1 72 150 76 77 78 33 34 140 36 37 143 144 39 40 96 97 3 4 5 101 102 103 56 57 60 149 63 64 119 10 13 122 123 83 89 90 23 137 113 
112 47 57 130 18 25 72 73 138 83 84 142 35 36 91 44 45 5 98 99 146 147 108 109 6 62 58 59 60 114 115 69 70 71 13 14 120 121 79 150 76 127 128 16 17 88 2 85 86 87 131 132 133 95 96 97 3 27 28 29 136 26 104 105 101 102 140 141 32 33 34 7 8 110 111 41 143 144 39 117 118 119 10 11 48 49 50 46 124 125 15 122 123 148 54 55 56 19 20 129 65 66 149 63 64 134 135 23 24 74 75 1 139 30 31 137 80 81 82 37 38 92 93 89 90 145 42 43 100 4 51 52 53 106 107 61 116 9 113 67 68 12 77 78 126 21 22 94 103 40 
113 125 121 22 131 36 139 30 42 136 26 40 41 143 32 59 60 147 51 52 67 68 50 46 47 64 65 66 149 54 55 85 86 87 150 76 77 78 3 94 95 75 1 72 73 90 91 92 93 89 80 81 82 8 110 111 112 105 101 102 103 104 10 11 117 118 100 4 5 98 99 114 115 116 9 6 106 107 108 19 20 129 130 18 15 122 123 124 23 24 25 134 135 12 13 14 120 132 133 21 16 17 126 127 128 37 38 142 35 31 137 138 43 44 45 145 27 28 29 144 39 33 34 140 141 61 62 58 53 146 69 70 71 48 49 63 56 57 148 88 2 79 96 97 74 83 84 7 119 109 
114 124 49 131 132 110 138 139 10 74 75 41 143 144 80 20 129 146 147 51 23 24 99 100 4 65 66 149 63 6 106 37 38 142 79 150 76 77 42 43 44 120 121 12 13 91 92 93 89 90 16 17 126 60 61 62 58 104 105 101 102 103 67 68 69 70 29 136 26 27 28 115 116 9 113 32 33 34 140 86 87 88 2 85 125 15 122 123 3 94 95 96 97 50 46 47 48 133 21 22 54 55 56 57 148 111 112 7 8 30 31 137 11 117 118 119 1 72 73 39 40 81 82 83 84 130 18 19 52 53 25 134 135 5 98 64 107 108 109 35 36 78 45 145 14 127 128 59 71 141 
115 123 98 132 133 61 137 138 67 14 120 143 144 39 16 87 88 53 146 147 3 94 28 29 136 66 149 63 64 32 33 111 112 7 78 79 150 76 10 11 117 48 49 50 46 92 93 89 90 91 54 55 56 129 130 18 19 103 104 105 101 102 23 24 25 134 73 74 75 1 72 116 9 113 114 80 81 82 83 38 142 35 36 37 124 125 15 122 42 43 44 45 145 99 100 4 5 21 22 131 6 106 107 108 109 62 58 59 60 139 30 31 68 69 70 71 121 12 13 40 41 17 126 127 128 2 85 86 51 52 95 96 97 26 27 65 34 140 141 8 110 77 118 119 47 57 148 20 135 84 
116 122 27 133 21 130 31 137 23 47 48 144 39 40 54 142 35 52 53 146 42 43 72 73 74 149 63 64 65 80 81 62 58 59 77 78 79 150 67 68 69 5 98 99 100 93 89 90 91 92 6 106 107 88 2 85 86 102 103 104 105 101 3 94 95 96 13 14 120 121 12 9 113 114 115 16 17 126 127 112 7 8 110 111 123 124 125 15 10 11 117 118 119 28 29 136 26 22 131 132 32 33 34 140 141 18 19 20 129 138 139 30 24 25 134 135 49 50 46 41 143 55 56 57 148 36 37 38 147 51 44 45 145 75 1 66 82 83 84 60 61 76 70 71 4 108 109 87 97 128 
117 83 89 25 134 30 108 109 74 9 113 44 45 145 86 51 52 127 128 16 99 100 21 22 131 69 70 71 67 110 111 76 77 78 140 141 32 33 120 121 12 39 40 41 143 95 96 97 3 94 20 129 130 101 102 103 104 57 148 54 55 56 29 136 26 27 63 64 65 66 149 118 119 10 11 37 38 142 35 15 122 123 124 125 84 80 81 82 49 50 46 47 48 90 91 92 93 135 23 24 60 61 62 58 59 31 137 138 139 6 106 107 75 1 72 73 114 115 116 42 43 87 88 2 85 53 146 147 17 126 4 5 98 132 133 68 112 7 8 79 150 34 13 14 144 18 19 105 28 36 
118 82 133 134 135 102 107 108 29 144 39 45 145 42 20 122 123 126 127 128 49 50 149 63 64 70 71 67 68 37 38 31 137 138 34 140 141 32 74 75 1 93 89 90 91 96 97 3 94 95 60 61 62 52 53 146 147 56 57 148 54 55 99 100 4 5 116 9 113 114 115 119 10 11 117 86 87 88 2 77 78 79 150 76 83 84 80 81 120 121 12 13 14 21 22 131 132 23 24 25 110 111 112 7 8 103 104 105 101 109 6 106 136 26 27 28 40 41 143 43 44 129 130 18 19 124 125 15 16 17 46 47 48 65 66 69 142 35 36 139 30 33 72 73 92 58 59 51 98 85 
119 81 66 135 23 53 106 107 99 92 93 145 42 43 60 78 79 17 126 127 120 121 115 116 9 71 67 68 69 86 87 103 104 105 33 34 140 141 29 136 26 132 133 21 22 97 3 94 95 96 110 111 112 123 124 125 15 55 56 57 148 54 49 50 46 47 143 144 39 40 41 10 11 117 118 20 129 130 18 137 138 139 30 31 82 83 84 80 74 75 1 72 73 149 63 64 65 24 25 134 37 38 142 35 36 146 147 51 52 108 109 6 100 4 5 98 89 90 91 44 45 61 62 58 59 150 76 77 128 16 12 13 14 113 114 70 88 2 85 101 102 32 27 28 131 7 8 122 48 19 
120 37 11 29 136 84 60 61 40 24 25 49 50 46 150 109 6 86 87 88 64 65 43 44 45 74 75 1 72 105 101 128 16 17 110 111 112 7 90 91 92 68 69 70 71 99 100 4 5 98 125 15 122 141 32 33 34 20 129 130 18 19 113 114 115 116 94 95 96 97 3 121 12 13 14 139 30 31 137 148 54 55 56 57 38 142 35 36 22 131 132 133 21 117 118 119 10 26 27 28 147 51 52 53 146 80 81 82 83 62 58 59 41 143 144 39 134 135 23 47 48 76 77 78 79 106 107 108 2 85 66 149 63 145 42 73 102 103 104 126 127 8 93 89 67 123 124 140 9 138 
121 36 42 136 26 32 59 60 113 67 68 50 46 47 125 54 55 85 86 87 22 131 3 94 95 75 1 72 73 139 30 80 81 82 8 110 111 112 40 41 143 10 11 117 118 100 4 5 98 99 147 51 52 6 106 107 108 19 20 129 130 18 64 65 66 149 23 24 25 134 135 12 13 14 120 150 76 77 78 16 17 126 127 128 37 38 142 35 90 91 92 93 89 43 44 45 145 27 28 29 105 101 102 103 104 33 34 140 141 61 62 58 114 115 116 9 69 70 71 48 49 15 122 123 124 56 57 148 88 2 132 133 21 96 97 74 31 137 138 83 84 7 144 39 119 53 146 109 63 79 
122 116 130 31 137 27 133 21 54 142 35 52 53 146 23 47 48 144 39 40 80 81 62 58 59 77 78 79 150 42 43 72 73 74 149 63 64 65 6 106 107 88 2 85 86 102 103 104 105 101 67 68 69 5 98 99 100 93 89 90 91 92 16 17 126 127 112 7 8 110 111 123 124 125 15 3 94 95 96 13 14 120 121 12 9 113 114 115 32 33 34 140 141 18 19 20 129 138 139 30 10 11 117 118 119 28 29 136 26 22 131 132 55 56 57 148 36 37 38 147 51 24 25 134 135 49 50 46 41 143 82 83 84 60 61 76 44 45 145 75 1 66 108 109 87 70 71 4 128 97 
123 115 61 137 138 98 132 133 16 87 88 53 146 147 67 14 120 143 144 39 32 33 111 112 7 78 79 150 76 3 94 28 29 136 66 149 63 64 54 55 56 129 130 18 19 103 104 105 101 102 10 11 117 48 49 50 46 92 93 89 90 91 80 81 82 83 38 142 35 36 37 124 125 15 122 23 24 25 134 73 74 75 1 72 116 9 113 114 6 106 107 108 109 62 58 59 60 139 30 31 42 43 44 45 145 99 100 4 5 21 22 131 17 126 127 128 2 85 86 51 52 68 69 70 71 121 12 13 40 41 34 140 141 8 110 77 95 96 97 26 27 65 57 148 20 118 119 47 84 135 
124 114 110 138 139 49 131 132 80 20 129 146 147 51 10 74 75 41 143 144 6 106 37 38 142 79 150 76 77 23 24 99 100 4 65 66 149 63 16 17 126 60 61 62 58 104 105 101 102 103 42 43 44 120 121 12 13 91 92 93 89 90 32 33 34 140 86 87 88 2 85 125 15 122 123 67 68 69 70 29 136 26 27 28 115 116 9 113 54 55 56 57 148 111 112 7 8 30 31 137 3 94 95 96 97 50 46 47 48 133 21 22 81 82 83 84 130 18 19 52 53 11 117 118 119 1 72 73 39 40 107 108 109 35 36 78 25 134 135 5 98 64 127 128 59 45 145 14 141 71 
125 113 36 139 30 121 22 131 32 59 60 147 51 52 42 136 26 40 41 143 54 55 85 86 87 150 76 77 78 67 68 50 46 47 64 65 66 149 80 81 82 8 110 111 112 105 101 102 103 104 3 94 95 75 1 72 73 90 91 92 93 89 6 106 107 108 19 20 129 130 18 15 122 123 124 10 11 117 118 100 4 5 98 99 114 115 116 9 16 17 126 127 128 37 38 142 35 31 137 138 23 24 25 134 135 12 13 14 120 132 133 21 33 34 140 141 61 62 58 53 146 43 44 45 145 27 28 29 144 39 56 57 148 88 2 79 69 70 71 48 49 63 83 84 7 96 97 74 109 119 
126 70 101 34 140 21 96 97 87 15 122 56 57 148 73 39 40 118 119 10 111 112 30 31 137 82 83 84 80 98 99 63 64 65 134 135 23 24 129 130 18 51 52 53 146 107 108 109 6 106 14 120 121 89 90 91 92 45 145 42 43 44 38 142 35 36 76 77 78 79 150 127 128 16 17 28 29 136 26 9 113 114 115 116 71 67 68 69 61 62 58 59 60 102 103 104 105 141 32 33 48 49 50 46 47 22 131 132 133 3 94 95 88 2 85 86 123 124 125 54 55 74 75 1 72 41 143 144 11 117 7 8 110 138 139 81 100 4 5 66 149 25 19 20 147 12 13 93 37 27 
127 69 139 140 141 90 95 96 38 147 51 57 148 54 14 113 114 117 118 119 61 62 150 76 77 83 84 80 81 28 29 22 131 132 25 134 135 23 87 88 2 105 101 102 103 108 109 6 106 107 48 49 50 40 41 143 144 44 45 145 42 43 111 112 7 8 125 15 122 123 124 128 16 17 126 73 74 75 1 64 65 66 149 63 70 71 67 68 129 130 18 19 20 30 31 137 138 32 33 34 98 99 100 4 5 91 92 93 89 97 3 94 142 35 36 37 52 53 146 55 56 120 121 12 13 115 116 9 10 11 58 59 60 78 79 82 136 26 27 133 21 24 85 86 104 46 47 39 110 72 
128 68 79 141 32 41 94 95 111 104 105 148 54 55 48 65 66 11 117 118 129 130 124 125 15 84 80 81 82 73 74 91 92 93 24 25 134 135 38 142 35 138 139 30 31 109 6 106 107 108 98 99 100 114 115 116 9 43 44 45 145 42 61 62 58 59 146 147 51 52 53 16 17 126 127 14 120 121 12 131 132 133 21 22 69 70 71 67 87 88 2 85 86 150 76 77 78 33 34 140 28 29 136 26 27 143 144 39 40 96 97 3 112 7 8 110 101 102 103 56 57 49 50 46 47 149 63 64 119 10 18 19 20 122 123 83 75 1 72 89 90 23 36 37 137 4 5 113 60 13 
129 28 17 38 142 71 48 49 52 33 34 61 62 58 149 97 3 73 74 75 77 78 55 56 57 87 88 2 85 93 89 119 10 11 98 99 100 4 102 103 104 81 82 83 84 111 112 7 8 110 116 9 113 135 23 24 25 14 120 121 12 13 122 123 124 125 106 107 108 109 6 130 18 19 20 133 21 22 131 145 42 43 44 45 29 136 26 27 31 137 138 139 30 126 127 128 16 35 36 37 144 39 40 41 143 67 68 69 70 50 46 47 53 146 147 51 140 141 32 59 60 63 64 65 66 94 95 96 1 72 79 150 76 148 54 86 90 91 92 117 118 5 105 101 80 114 115 134 15 132 
130 27 54 142 35 23 47 48 122 80 81 62 58 59 116 42 43 72 73 74 31 137 6 106 107 88 2 85 86 133 21 67 68 69 5 98 99 100 52 53 146 16 17 126 127 112 7 8 110 111 144 39 40 3 94 95 96 13 14 120 121 12 77 78 79 150 32 33 34 140 141 18 19 20 129 149 63 64 65 10 11 117 118 119 28 29 136 26 102 103 104 105 101 55 56 57 148 36 37 38 93 89 90 91 92 24 25 134 135 49 50 46 123 124 125 15 82 83 84 60 61 9 113 114 115 44 45 145 75 1 138 139 30 108 109 87 22 131 132 70 71 4 147 51 128 41 143 97 76 66 
131 104 46 41 143 7 124 125 96 1 72 65 66 149 107 18 19 138 139 30 118 119 4 5 98 91 92 93 89 126 127 35 36 37 146 147 51 52 134 135 23 12 13 14 120 114 115 116 9 113 34 140 141 58 59 60 61 79 150 76 77 78 45 145 42 43 26 27 28 29 136 132 133 21 22 56 57 148 54 2 85 86 87 88 105 101 102 103 70 71 67 68 69 47 48 49 50 144 39 40 82 83 84 80 81 8 110 111 112 15 122 123 97 3 94 95 73 74 75 63 64 108 109 6 106 20 129 130 31 137 10 11 117 99 100 90 128 16 17 38 142 53 24 25 121 32 33 62 44 55 
132 103 100 143 144 59 123 124 45 121 12 66 149 63 34 85 86 137 138 139 70 71 136 26 27 92 93 89 90 56 57 8 110 111 53 146 147 51 96 97 3 50 46 47 48 115 116 9 113 114 82 83 84 19 20 129 130 78 79 150 76 77 118 119 10 11 75 1 72 73 74 133 21 22 131 107 108 109 6 36 37 38 142 35 104 105 101 102 134 135 23 24 25 4 5 98 99 39 40 41 126 127 128 16 17 60 61 62 58 125 15 122 145 42 43 44 13 14 120 64 65 140 141 32 33 87 88 2 30 31 67 68 69 28 29 91 148 54 55 112 7 52 94 95 49 80 81 18 117 106 
133 102 29 144 39 20 122 123 118 49 50 149 63 64 82 37 38 31 137 138 134 135 74 75 1 93 89 90 91 107 108 60 61 62 52 53 146 147 45 145 42 99 100 4 5 116 9 113 114 115 126 127 128 86 87 88 2 77 78 79 150 76 70 71 67 68 120 121 12 13 14 21 22 131 132 34 140 141 32 110 111 112 7 8 103 104 105 101 96 97 3 94 95 136 26 27 28 40 41 143 56 57 148 54 55 129 130 18 19 124 125 15 119 10 11 117 46 47 48 65 66 83 84 80 81 142 35 36 139 30 23 24 25 72 73 92 109 6 106 58 59 51 43 44 98 16 17 85 69 33 
134 56 22 45 145 105 82 83 13 40 41 70 71 67 142 125 15 107 108 109 27 28 64 65 66 96 97 3 94 62 58 139 30 31 126 127 128 16 47 48 49 90 91 92 93 118 119 10 11 117 88 2 85 147 51 52 53 34 140 141 32 33 72 73 74 75 113 114 115 116 9 135 23 24 25 112 7 8 110 150 76 77 78 79 57 148 54 55 5 98 99 100 4 131 132 133 21 42 43 44 130 18 19 20 129 101 102 103 104 84 80 81 14 120 121 12 143 144 39 68 69 35 36 37 38 122 123 124 6 106 29 136 26 149 63 95 59 60 61 137 138 17 50 46 89 86 87 146 1 111 
135 55 63 145 42 51 81 82 72 89 90 71 67 68 88 76 77 106 107 108 5 98 9 113 114 97 3 94 95 112 7 101 102 103 17 126 127 128 13 14 120 21 22 131 132 119 10 11 117 118 130 18 19 15 122 123 124 33 34 140 141 32 27 28 29 136 39 40 41 143 144 23 24 25 134 142 35 36 37 30 31 137 138 139 56 57 148 54 47 48 49 50 46 64 65 66 149 43 44 45 62 58 59 60 61 52 53 146 147 83 84 80 73 74 75 1 91 92 93 69 70 2 85 86 87 78 79 150 109 6 99 100 4 115 116 96 8 110 111 104 105 16 121 12 133 20 129 125 26 38 
136 19 44 50 46 140 36 37 93 69 70 75 1 72 31 57 148 59 60 61 116 9 95 96 97 100 4 5 98 52 53 83 84 80 85 86 87 88 133 21 22 117 118 119 10 121 12 13 14 120 77 78 79 108 109 6 106 8 110 111 112 7 144 39 40 41 25 134 135 23 24 26 27 28 29 102 103 104 105 127 128 16 17 126 20 129 130 18 149 63 64 65 66 45 145 42 43 47 48 49 122 123 124 125 15 141 32 33 34 38 142 35 89 90 91 92 71 67 68 73 74 137 138 139 30 54 55 56 62 58 113 114 115 3 94 99 146 147 51 81 82 2 131 132 11 150 76 107 143 101 
137 92 58 53 146 4 115 116 108 2 85 78 79 150 95 12 13 132 133 21 127 128 7 8 110 103 104 105 101 117 118 26 27 28 143 144 39 40 140 141 32 18 19 20 129 123 124 125 15 122 25 134 135 46 47 48 49 66 149 63 64 65 57 148 54 55 35 36 37 38 142 138 139 30 31 44 45 145 42 1 72 73 74 75 93 89 90 91 83 84 80 81 82 59 60 61 62 147 51 52 69 70 71 67 68 5 98 99 100 9 113 114 109 6 106 107 86 87 88 76 77 96 97 3 94 14 120 121 22 131 16 17 126 111 112 102 119 10 11 29 136 41 33 34 130 23 24 50 56 43 
138 91 112 146 147 47 114 115 57 130 18 79 150 76 25 72 73 131 132 133 83 84 142 35 36 104 105 101 102 44 45 5 98 99 41 143 144 39 108 109 6 62 58 59 60 124 125 15 122 123 69 70 71 13 14 120 121 65 66 149 63 64 127 128 16 17 88 2 85 86 87 139 30 31 137 95 96 97 3 27 28 29 136 26 92 93 89 90 140 141 32 33 34 7 8 110 111 51 52 53 117 118 119 10 11 48 49 50 46 116 9 113 148 54 55 56 19 20 129 77 78 134 135 23 24 74 75 1 21 22 80 81 82 37 38 103 145 42 43 100 4 40 106 107 61 67 68 12 126 94 
139 90 38 147 51 14 113 114 127 61 62 150 76 77 69 28 29 22 131 132 140 141 87 88 2 105 101 102 103 95 96 48 49 50 40 41 143 144 57 148 54 111 112 7 8 125 15 122 123 124 117 118 119 73 74 75 1 64 65 66 149 63 83 84 80 81 129 130 18 19 20 30 31 137 138 25 134 135 23 98 99 100 4 5 91 92 93 89 108 109 6 106 107 142 35 36 37 52 53 146 44 45 145 42 43 120 121 12 13 115 116 9 128 16 17 126 58 59 60 78 79 70 71 67 68 136 26 27 133 21 32 33 34 85 86 104 97 3 94 46 47 39 55 56 110 10 11 72 82 24 
140 44 31 57 148 93 69 70 19 52 53 83 84 80 136 116 9 95 96 97 36 37 77 78 79 108 109 6 106 50 46 133 21 22 117 118 119 10 59 60 61 102 103 104 105 127 128 16 17 126 75 1 72 144 39 40 41 25 134 135 23 24 85 86 87 88 122 123 124 125 15 141 32 33 34 100 4 5 98 149 63 64 65 66 45 145 42 43 8 110 111 112 7 137 138 139 30 54 55 56 121 12 13 14 120 89 90 91 92 71 67 68 20 129 130 18 146 147 51 81 82 26 27 28 29 113 114 115 3 94 38 142 35 150 76 107 47 48 49 131 132 11 62 58 101 73 74 143 2 99 
141 43 76 148 54 39 68 69 85 101 102 84 80 81 75 63 64 94 95 96 8 110 15 122 123 109 6 106 107 100 4 89 90 91 11 117 118 119 19 20 129 30 31 137 138 128 16 17 126 127 121 12 13 9 113 114 115 24 25 134 135 23 36 37 38 142 51 52 53 146 147 32 33 34 140 136 26 27 28 21 22 131 132 133 44 45 145 42 59 60 61 62 58 77 78 79 150 55 56 57 50 46 47 48 49 40 41 143 144 70 71 67 86 87 88 2 103 104 105 82 83 1 72 73 74 65 66 149 97 3 111 112 7 124 125 108 5 98 99 92 93 10 130 18 139 14 120 116 35 29 
142 13 56 62 58 134 27 28 105 82 83 88 2 85 22 45 145 47 48 49 125 15 107 108 109 112 7 8 110 40 41 70 71 67 72 73 74 75 139 30 31 126 127 128 16 130 18 19 20 129 64 65 66 96 97 3 94 5 98 99 100 4 147 51 52 53 34 140 141 32 33 35 36 37 38 90 91 92 93 118 119 10 11 117 14 120 121 12 150 76 77 78 79 57 148 54 55 59 60 61 113 114 115 116 9 135 23 24 25 29 136 26 101 102 103 104 84 80 81 86 87 131 132 133 21 42 43 44 50 46 122 123 124 6 106 111 143 144 39 68 69 1 137 138 17 149 63 95 146 89 
143 78 5 66 149 62 103 104 24 13 14 92 93 89 148 88 2 123 124 125 43 44 27 28 29 115 116 9 113 84 80 112 7 8 137 138 139 30 68 69 70 47 48 49 50 132 133 21 22 131 109 6 106 130 18 19 20 53 146 147 51 52 94 95 96 97 72 73 74 75 1 144 39 40 41 128 16 17 126 142 35 36 37 38 79 150 76 77 11 117 118 119 10 98 99 100 4 63 64 65 141 32 33 34 140 58 59 60 61 105 101 102 25 134 135 23 120 121 12 90 91 54 55 56 57 85 86 87 15 122 45 145 42 136 26 114 81 82 83 110 111 31 71 67 46 107 108 129 3 127 
144 77 26 149 63 18 102 103 94 46 47 93 89 90 109 35 36 122 123 124 11 117 1 72 73 116 9 113 114 128 16 58 59 60 31 137 138 139 24 25 134 4 5 98 99 133 21 22 131 132 141 32 33 2 85 86 87 52 53 146 147 51 43 44 45 145 12 13 14 120 121 39 40 41 143 148 54 55 56 7 8 110 111 112 78 79 150 76 68 69 70 71 67 27 28 29 136 64 65 66 84 80 81 82 83 19 20 129 130 104 105 101 95 96 97 3 48 49 50 91 92 6 106 107 108 37 38 142 125 15 118 119 10 74 75 115 17 126 127 61 62 30 135 23 100 34 140 88 42 57 
145 33 65 71 67 146 55 56 50 91 92 97 3 94 8 79 150 81 82 83 75 1 114 115 116 119 10 11 117 19 20 104 105 101 106 107 108 109 100 4 5 131 132 133 21 135 23 24 25 134 36 37 38 124 125 15 122 17 126 127 128 16 121 12 13 14 41 143 144 39 40 42 43 44 45 59 60 61 62 138 139 30 31 137 34 140 141 32 136 26 27 28 29 66 149 63 64 68 69 70 85 86 87 88 2 147 51 52 53 57 148 54 46 47 48 49 93 89 90 95 96 110 111 112 7 76 77 78 84 80 72 73 74 9 113 118 129 130 18 102 103 6 98 99 22 142 35 123 120 58 
146 65 8 79 150 50 91 92 33 19 20 104 105 101 145 75 1 114 115 116 55 56 36 37 38 124 125 15 122 71 67 100 4 5 131 132 133 21 81 82 83 59 60 61 62 138 139 30 31 137 97 3 94 121 12 13 14 41 143 144 39 40 106 107 108 109 85 86 87 88 2 147 51 52 53 119 10 11 117 136 26 27 28 29 66 149 63 64 17 126 127 128 16 110 111 112 7 76 77 78 135 23 24 25 134 46 47 48 49 93 89 90 34 140 141 32 129 130 18 102 103 42 43 44 45 72 73 74 9 113 57 148 54 142 35 123 68 69 70 98 99 22 84 80 58 95 96 120 6 118 
147 64 35 150 76 12 90 91 106 58 59 105 101 102 97 26 27 113 114 115 17 126 2 85 86 125 15 122 123 119 10 46 47 48 22 131 132 133 33 34 140 7 8 110 111 139 30 31 137 138 135 23 24 1 72 73 74 40 41 143 144 39 55 56 57 148 18 19 20 129 130 51 52 53 146 145 42 43 44 4 5 98 99 100 65 66 149 63 81 82 83 84 80 36 37 38 142 77 78 79 71 67 68 69 70 13 14 120 121 92 93 89 107 108 109 6 60 61 62 103 104 3 94 95 96 28 29 136 116 9 127 128 16 87 88 124 11 117 118 49 50 21 141 32 112 25 134 75 54 45 
148 24 78 84 80 143 43 44 62 103 104 109 6 106 5 66 149 68 69 70 88 2 123 124 125 128 16 17 126 13 14 92 93 89 94 95 96 97 112 7 8 137 138 139 30 141 32 33 34 140 27 28 29 115 116 9 113 11 117 118 119 10 130 18 19 20 53 146 147 51 52 54 55 56 57 47 48 49 50 132 133 21 22 131 25 134 135 23 142 35 36 37 38 79 150 76 77 81 82 83 72 73 74 75 1 144 39 40 41 45 145 42 58 59 60 61 105 101 102 107 108 98 99 100 4 63 64 65 71 67 85 86 87 15 122 127 120 121 12 90 91 3 110 111 31 136 26 114 129 46 
149 52 28 93 89 129 77 78 71 48 49 116 9 113 17 38 142 102 103 104 97 3 73 74 75 133 21 22 131 33 34 61 62 58 122 123 124 125 119 10 11 98 99 100 4 144 39 40 41 143 55 56 57 87 88 2 85 31 137 138 139 30 135 23 24 25 14 120 121 12 13 63 64 65 66 81 82 83 84 111 112 7 8 110 53 146 147 51 145 42 43 44 45 29 136 26 27 90 91 92 106 107 108 109 6 130 18 19 20 79 150 76 67 68 69 70 50 46 47 114 115 126 127 128 16 35 36 37 105 101 94 95 96 1 72 132 140 141 32 59 60 15 117 118 5 148 54 86 134 80 
150 40 37 105 101 120 64 65 84 60 61 125 15 122 11 29 136 90 91 92 109 6 86 87 88 139 30 31 137 24 25 49 50 46 113 114 115 116 128 16 17 110 111 112 7 147 51 52 53 146 43 44 45 74 75 1 72 22 131 132 133 21 141 32 33 34 20 129 130 18 19 76 77 78 79 68 69 70 71 99 100 4 5 98 41 143 144 39 148 54 55 56 57 38 142 35 36 102 103 104 94 95 96 97 3 121 12 13 14 66 149 63 80 81 82 83 62 58 59 123 124 117 118 119 10 26 27 28 93 89 106 107 108 2 85 138 134 135 23 47 48 9 126 127 8 145 42 73 140 67 
