162 14
1 2 3 4 5 6 7 8 9 10 11 12 13 14 15 16 17 18 19 20 21 22 23 24 25 26 27 28 29 30 31 32 33 34 35 36 37 38 39 40 41 42 43 44 45 46 47 48 49 50 51 52 53 54 55 56 57 58 59 60 61 62 63 64 65 66 67 68 69 70 71 72 73 74 75 76 77 78 79 80 81 82 83 84 85 86 87 88 89 90 91 92 93 94 95 96 97 98 99 100 101 102 103 104 105 106 107 108 109 110 111 112 113 114 115 116 117 118 119 120 121 122 123 124 125 126 127 128 129 130 131 132 133 134 135 136 137 138 139 140 141 142 143 144 145 146 147 148 149 150 151 152 153 154 155 156 157 158 159 160 161 162 
2 1 7 8 9 10 3 4 5 6 21 22 23 24 25 26 27 28 29 30 11 12 13 14 15 16 17 18 19 20 47 48 49 50 51 52 53 54 55 56 57 58 59 60 61 62 31 32 33 34 35 36 37 38 39 40 41 42 43 44 45 46 82 83 84 85 86 87 88 89 90 91 92 93 94 95 96 97 98 99 100 63 64 65 66 67 68 69 70 71 72 73 74 75 76 77 78 79 80 81 117 118 119 120 121 122 123 124 125 126 127 128 129 130 131 132 101 102 103 104 105 106 107 108 109 110 111 112 113 114 115 116 143 144 145 146 147 148 149 150 151 152 133 134 135 136 137 138 139 140 141 142 157 158 159 160 153 154 155 156 162 161 
3 7 11 12 13 14 21 22 23 24 6 31 32 33 34 35 36 37 38 39 10 47 48 49 50 51 52 53 54 55 17 19 20 63 64 65 66 67 68 69 70 71 72 73 74 75 27 29 30 82 83 84 85 86 87 88 89 90 91 92 93 94 41 43 44 45 46 1 101 102 103 104 105 106 107 108 109 110 111 112 113 57 59 60 61 62 2 117 118 119 120 121 122 123 124 125 126 127 128 129 77 78 79 80 4 81 5 133 134 135 136 137 138 139 140 141 96 97 98 99 8 100 9 143 144 145 146 147 148 149 150 151 114 115 15 116 16 18 153 154 155 156 130 131 25 132 26 28 157 158 159 160 142 40 42 161 152 56 58 162 76 95 
4 25 35 15 16 17 149 2 56 57 103 109 71 72 1 40 41 42 43 44 158 53 89 160 8 9 10 95 96 97 161 31 136 75 139 140 12 111 112 5 6 76 77 78 79 80 48 162 117 151 7 93 125 126 124 26 27 28 29 30 130 131 106 135 133 64 65 155 113 13 70 156 69 36 141 18 19 20 114 115 116 120 85 86 145 143 144 92 90 23 24 129 150 50 58 59 60 61 62 152 33 138 154 63 153 104 105 39 37 38 110 108 73 45 46 142 146 147 21 122 123 82 157 128 22 127 54 55 88 98 99 100 67 68 66 101 102 137 3 74 34 81 84 159 83 49 148 118 51 52 94 132 107 11 134 14 121 119 87 91 32 47 
5 61 13 43 18 19 93 58 10 100 32 72 37 38 115 79 80 1 45 46 122 90 24 129 152 8 98 29 30 28 104 66 67 140 111 112 3 74 75 142 40 17 116 16 6 81 119 49 148 160 22 127 54 55 53 97 95 26 27 132 62 2 154 136 137 11 106 107 156 69 36 141 35 14 113 78 76 77 44 42 20 162 47 146 86 87 85 126 124 51 52 151 94 7 131 25 130 59 60 9 161 101 65 155 64 33 138 110 108 109 73 71 39 15 114 4 145 143 83 84 159 123 21 150 50 149 91 92 23 56 57 99 135 133 134 105 103 68 34 139 12 41 158 82 157 120 121 48 88 89 128 96 63 153 31 70 117 118 147 125 102 144 
6 10 14 17 19 20 24 27 29 30 33 36 38 39 41 43 44 45 46 1 49 52 54 55 57 59 60 61 62 2 65 67 68 70 72 73 74 75 3 77 78 79 80 4 81 5 84 86 87 89 91 92 93 94 7 96 97 98 99 8 100 9 102 104 105 106 107 11 109 110 111 112 12 113 13 114 115 15 116 16 18 118 120 121 122 123 21 125 126 127 128 22 129 23 130 131 25 132 26 28 134 135 136 137 31 138 32 139 140 34 141 35 37 142 40 42 144 145 146 147 47 148 48 149 150 50 151 51 53 152 56 58 153 154 63 155 64 66 156 69 71 76 157 158 82 159 83 85 160 88 90 95 161 101 103 108 162 117 119 124 133 143 
7 3 21 22 23 24 11 12 13 14 10 47 48 49 50 51 52 53 54 55 6 31 32 33 34 35 36 37 38 39 27 29 30 82 83 84 85 86 87 88 89 90 91 92 93 94 17 19 20 63 64 65 66 67 68 69 70 71 72 73 74 75 57 59 60 61 62 2 117 118 119 120 121 122 123 124 125 126 127 128 129 41 43 44 45 46 1 101 102 103 104 105 106 107 108 109 110 111 112 113 96 97 98 99 8 100 9 143 144 145 146 147 148 149 150 151 77 78 79 80 4 81 5 133 134 135 136 137 138 139 140 141 130 131 25 132 26 28 157 158 159 160 114 115 15 116 16 18 153 154 155 156 152 56 58 162 142 40 42 161 95 76 
8 15 51 25 26 27 139 1 40 41 119 125 90 91 2 56 57 58 59 60 154 37 70 156 4 5 6 76 77 78 162 47 146 94 149 150 22 127 128 9 10 95 96 97 98 99 32 161 101 141 3 74 109 110 108 16 17 18 19 20 114 115 122 145 143 83 84 159 129 23 89 160 88 52 151 28 29 30 130 131 132 104 66 67 135 133 134 73 71 13 14 113 140 34 42 43 44 45 46 142 49 148 158 82 157 120 121 55 53 54 126 124 92 61 62 152 136 137 11 106 107 63 153 112 12 111 38 39 69 79 80 81 86 87 85 117 118 147 7 93 50 100 65 155 64 33 138 102 35 36 75 116 123 21 144 24 105 103 68 72 48 31 
9 45 23 59 28 29 74 42 6 81 48 91 53 54 131 98 99 2 61 62 106 71 14 113 142 4 79 19 20 18 120 85 86 150 127 128 7 93 94 152 56 27 132 26 10 100 103 33 138 156 12 111 38 39 37 78 76 16 17 116 46 1 158 146 147 21 122 123 160 88 52 151 51 24 129 97 95 96 60 58 30 161 31 136 67 68 66 110 108 35 36 141 75 3 115 15 114 43 44 5 162 117 84 159 83 49 148 126 124 125 92 90 55 25 130 8 135 133 64 65 155 107 11 140 34 139 72 73 13 40 41 80 145 143 144 121 119 87 50 149 22 57 154 63 153 104 105 32 69 70 112 77 82 157 47 89 101 102 137 109 118 134 
10 6 24 27 29 30 14 17 19 20 49 52 54 55 57 59 60 61 62 2 33 36 38 39 41 43 44 45 46 1 84 86 87 89 91 92 93 94 7 96 97 98 99 8 100 9 65 67 68 70 72 73 74 75 3 77 78 79 80 4 81 5 118 120 121 122 123 21 125 126 127 128 22 129 23 130 131 25 132 26 28 102 104 105 106 107 11 109 110 111 112 12 113 13 114 115 15 116 16 18 144 145 146 147 47 148 48 149 150 50 151 51 53 152 56 58 134 135 136 137 31 138 32 139 140 34 141 35 37 142 40 42 157 158 82 159 83 85 160 88 90 95 153 154 63 155 64 66 156 69 71 76 162 117 119 124 161 101 103 108 143 133 
11 21 6 31 32 33 10 47 48 49 14 17 19 20 63 64 65 66 67 68 24 27 29 30 82 83 84 85 86 87 36 38 39 41 43 44 45 46 1 101 102 103 104 105 106 107 52 54 55 57 59 60 61 62 2 117 118 119 120 121 122 123 70 72 73 74 75 3 77 78 79 80 4 81 5 133 134 135 136 137 138 89 91 92 93 94 7 96 97 98 99 8 100 9 143 144 145 146 147 148 109 110 111 112 12 113 13 114 115 15 116 16 18 153 154 155 125 126 127 128 22 129 23 130 131 25 132 26 28 157 158 159 139 140 34 141 35 37 142 40 42 161 149 150 50 151 51 53 152 56 58 162 156 69 71 76 160 88 90 95 108 124 
12 50 64 34 35 36 157 7 88 89 79 134 103 104 3 69 70 71 72 73 56 85 118 162 22 23 24 124 125 126 76 17 116 107 153 154 31 136 137 13 14 108 109 110 111 112 29 95 96 159 21 122 144 145 143 51 52 53 54 55 149 150 81 15 114 43 44 42 138 32 102 161 101 65 155 37 38 39 139 140 141 99 61 62 25 130 131 121 119 48 49 148 158 82 90 91 92 93 94 160 20 18 40 41 142 80 4 68 66 67 135 133 105 74 75 156 132 26 10 100 9 57 152 147 47 146 86 87 117 127 128 129 46 1 45 77 78 16 11 106 63 113 60 58 59 30 28 97 83 84 123 151 5 6 115 33 8 98 2 120 19 27 
13 93 32 72 37 38 122 90 24 129 19 104 66 67 140 111 112 3 74 75 100 119 49 148 160 22 127 54 55 53 80 45 46 154 136 137 11 106 107 156 69 36 141 35 14 113 98 30 28 162 47 146 86 87 85 126 124 51 52 151 94 7 40 116 16 6 81 5 161 101 65 155 64 33 138 110 108 109 73 71 39 95 27 132 62 2 61 145 143 83 84 159 123 21 150 50 149 91 92 23 76 77 44 42 43 20 18 135 133 134 105 103 68 34 139 12 25 130 59 60 58 9 10 158 82 157 120 121 48 88 89 128 15 114 115 4 79 1 63 153 31 70 56 57 152 99 8 29 117 118 147 125 41 142 17 102 96 97 26 144 78 131 
14 24 33 36 38 39 49 52 54 55 20 65 67 68 70 72 73 74 75 3 30 84 86 87 89 91 92 93 94 7 44 46 1 102 104 105 106 107 11 109 110 111 112 12 113 13 60 62 2 118 120 121 122 123 21 125 126 127 128 22 129 23 78 80 4 81 5 6 134 135 136 137 31 138 32 139 140 34 141 35 37 97 99 8 100 9 10 144 145 146 147 47 148 48 149 150 50 151 51 53 115 15 116 16 17 18 19 153 154 63 155 64 66 156 69 71 131 25 132 26 27 28 29 157 158 82 159 83 85 160 88 90 142 40 41 42 43 45 161 101 103 108 152 56 57 58 59 61 162 117 119 124 76 77 79 133 95 96 98 143 114 130 
15 8 139 1 40 41 51 25 26 27 154 37 70 156 4 5 6 76 77 78 119 125 90 91 2 56 57 58 59 60 32 161 101 141 3 74 109 110 108 16 17 18 19 20 114 115 162 47 146 94 149 150 22 127 128 9 10 95 96 97 98 99 104 66 67 135 133 134 73 71 13 14 113 140 34 42 43 44 45 46 142 122 145 143 83 84 159 129 23 89 160 88 52 151 28 29 30 130 131 132 136 137 11 106 107 63 153 112 12 111 38 39 69 79 80 81 49 148 158 82 157 120 121 55 53 54 126 124 92 61 62 152 65 155 64 33 138 102 35 36 75 116 86 87 85 117 118 147 7 93 50 100 105 103 68 72 123 21 144 24 31 48 
16 130 71 77 42 43 150 28 57 152 31 156 12 111 46 114 115 4 79 80 82 23 160 88 132 2 61 96 97 95 63 64 65 74 110 108 35 36 141 81 5 41 142 40 17 116 21 117 118 91 53 54 126 124 125 60 58 9 10 100 131 25 11 101 102 103 104 105 14 113 140 34 139 72 73 20 18 19 78 76 44 47 48 49 143 144 145 127 128 7 93 94 50 149 99 8 98 29 30 56 32 33 133 134 135 136 137 38 39 37 69 70 112 1 45 15 83 84 85 86 87 157 158 52 151 51 24 129 89 26 27 62 66 67 68 153 154 155 75 3 109 6 119 120 121 122 123 162 92 90 55 59 106 107 161 13 146 147 148 22 138 159 
17 57 72 41 43 44 160 10 96 97 136 140 111 112 6 77 78 79 80 4 117 93 126 124 27 29 30 130 131 25 133 65 155 13 156 69 36 141 35 19 20 114 115 15 116 16 86 143 144 90 24 129 150 50 149 59 60 61 62 2 152 56 138 63 153 104 105 103 37 38 110 108 109 73 71 45 46 1 142 40 42 147 122 123 82 157 158 22 127 54 55 53 88 89 98 99 8 100 9 95 68 66 101 102 161 137 31 3 74 75 34 139 12 81 5 76 159 83 49 148 48 118 162 51 52 151 94 7 125 132 26 28 107 11 106 134 135 64 14 113 70 18 121 119 120 87 85 145 91 92 23 58 32 33 154 39 47 146 21 128 67 84 
18 62 37 116 1 45 94 26 100 9 66 141 3 74 114 44 42 5 6 81 123 51 129 23 96 58 59 30 28 29 155 11 106 139 73 71 13 14 113 41 142 80 4 79 19 20 83 148 48 125 90 91 55 53 54 130 131 8 98 99 2 61 153 105 103 32 33 138 70 156 112 12 111 38 39 77 78 76 16 17 46 144 119 120 87 85 86 149 150 22 127 128 7 93 57 152 56 27 132 10 102 161 137 31 136 67 68 109 110 108 35 36 75 115 15 43 157 158 47 146 147 21 122 89 160 88 52 151 24 97 95 60 134 135 133 64 65 107 140 34 72 40 118 162 117 84 159 49 126 124 92 25 154 63 104 69 145 143 121 50 101 82 
19 100 38 80 45 46 129 98 30 28 67 112 74 75 40 116 16 6 81 5 148 127 55 53 95 27 132 62 2 61 137 106 107 69 141 35 14 113 13 76 77 44 42 43 20 18 146 87 85 124 52 151 94 7 93 25 130 59 60 58 9 10 101 155 64 33 138 32 108 109 73 71 72 39 37 15 114 115 4 79 1 143 84 159 123 21 122 50 149 91 92 90 23 24 56 57 152 99 8 29 133 134 105 103 104 68 66 34 139 140 12 111 3 41 142 17 82 157 120 121 119 48 49 88 89 160 128 22 54 96 97 26 63 153 154 31 136 11 70 156 36 78 117 118 162 147 47 86 125 126 51 131 102 161 65 110 144 145 83 150 135 158 
20 30 39 44 46 1 55 60 62 2 68 73 75 3 78 80 4 81 5 6 87 92 94 7 97 99 8 100 9 10 105 107 11 110 112 12 113 13 14 115 15 116 16 17 18 19 121 123 21 126 128 22 129 23 24 131 25 132 26 27 28 29 135 137 31 138 32 33 140 34 141 35 36 37 38 142 40 41 42 43 45 145 147 47 148 48 49 150 50 151 51 52 53 54 152 56 57 58 59 61 154 63 155 64 65 66 67 156 69 70 71 72 74 76 77 79 158 82 159 83 84 85 86 160 88 89 90 91 93 95 96 98 161 101 102 103 104 106 108 109 111 114 162 117 118 119 120 122 124 125 127 130 133 134 136 139 143 144 146 149 153 157 
21 11 10 47 48 49 6 31 32 33 24 27 29 30 82 83 84 85 86 87 14 17 19 20 63 64 65 66 67 68 52 54 55 57 59 60 61 62 2 117 118 119 120 121 122 123 36 38 39 41 43 44 45 46 1 101 102 103 104 105 106 107 89 91 92 93 94 7 96 97 98 99 8 100 9 143 144 145 146 147 148 70 72 73 74 75 3 77 78 79 80 4 81 5 133 134 135 136 137 138 125 126 127 128 22 129 23 130 131 25 132 26 28 157 158 159 109 110 111 112 12 113 13 114 115 15 116 16 18 153 154 155 149 150 50 151 51 53 152 56 58 162 139 140 34 141 35 37 142 40 42 161 160 88 90 95 156 69 71 76 124 108 
22 34 83 50 51 52 153 3 69 70 98 144 119 120 7 88 89 90 91 92 40 66 102 161 12 13 14 108 109 110 95 27 132 123 157 158 47 146 147 23 24 124 125 126 127 128 19 76 77 155 11 106 134 135 133 35 36 37 38 39 139 140 100 25 130 59 60 58 148 48 118 162 117 84 159 53 54 55 149 150 151 80 45 46 15 114 115 105 103 32 33 138 154 63 71 72 73 74 75 156 30 28 56 57 152 99 8 87 85 86 145 143 121 93 94 160 116 16 6 81 5 41 142 137 31 136 67 68 101 111 112 113 62 2 61 96 97 26 21 122 82 129 44 42 43 20 18 78 64 65 107 141 9 10 131 49 4 79 1 104 29 17 
23 74 48 91 53 54 106 71 14 113 29 120 85 86 150 127 128 7 93 94 81 103 33 138 156 12 111 38 39 37 99 61 62 158 146 147 21 122 123 160 88 52 151 51 24 129 79 20 18 161 31 136 67 68 66 110 108 35 36 141 75 3 56 132 26 10 100 9 162 117 84 159 83 49 148 126 124 125 92 90 55 76 17 116 46 1 45 135 133 64 65 155 107 11 140 34 139 72 73 13 95 96 60 58 59 30 28 145 143 144 121 119 87 50 149 22 15 114 43 44 42 5 6 154 63 153 104 105 32 69 70 112 25 130 131 8 98 2 82 157 47 89 40 41 142 80 4 19 101 102 137 109 57 152 27 118 77 78 16 134 97 115 
24 14 49 52 54 55 33 36 38 39 30 84 86 87 89 91 92 93 94 7 20 65 67 68 70 72 73 74 75 3 60 62 2 118 120 121 122 123 21 125 126 127 128 22 129 23 44 46 1 102 104 105 106 107 11 109 110 111 112 12 113 13 97 99 8 100 9 10 144 145 146 147 47 148 48 149 150 50 151 51 53 78 80 4 81 5 6 134 135 136 137 31 138 32 139 140 34 141 35 37 131 25 132 26 27 28 29 157 158 82 159 83 85 160 88 90 115 15 116 16 17 18 19 153 154 63 155 64 66 156 69 71 152 56 57 58 59 61 162 117 119 124 142 40 41 42 43 45 161 101 103 108 95 96 98 143 76 77 79 133 130 114 
25 4 149 2 56 57 35 15 16 17 158 53 89 160 8 9 10 95 96 97 103 109 71 72 1 40 41 42 43 44 48 162 117 151 7 93 125 126 124 26 27 28 29 30 130 131 161 31 136 75 139 140 12 111 112 5 6 76 77 78 79 80 120 85 86 145 143 144 92 90 23 24 129 150 50 58 59 60 61 62 152 106 135 133 64 65 155 113 13 70 156 69 36 141 18 19 20 114 115 116 146 147 21 122 123 82 157 128 22 127 54 55 88 98 99 100 33 138 154 63 153 104 105 39 37 38 110 108 73 45 46 142 84 159 83 49 148 118 51 52 94 132 67 68 66 101 102 137 3 74 34 81 121 119 87 91 107 11 134 14 47 32 
26 114 90 96 58 59 140 18 41 142 47 160 22 127 62 130 131 8 98 99 63 13 156 69 116 1 45 77 78 76 82 83 84 93 126 124 51 52 151 100 9 57 152 56 27 132 11 101 102 72 37 38 110 108 109 44 42 5 6 81 115 15 21 117 118 119 120 121 24 129 150 50 149 91 92 30 28 29 97 95 60 31 32 33 133 134 135 111 112 3 74 75 34 139 80 4 79 19 20 40 48 49 143 144 145 146 147 54 55 53 88 89 128 2 61 25 64 65 66 67 68 153 154 36 141 35 14 113 70 16 17 46 85 86 87 157 158 159 94 7 125 10 103 104 105 106 107 161 73 71 39 43 122 123 162 23 136 137 138 12 148 155 
27 41 91 57 59 60 156 6 77 78 146 150 127 128 10 96 97 98 99 8 101 74 110 108 17 19 20 114 115 15 143 84 159 23 160 88 52 151 51 29 30 130 131 25 132 26 67 133 134 71 14 113 140 34 139 43 44 45 46 1 142 40 148 82 157 120 121 119 53 54 126 124 125 92 90 61 62 2 152 56 58 137 106 107 63 153 154 12 111 38 39 37 69 70 79 80 4 81 5 76 87 85 117 118 162 147 47 7 93 94 50 149 22 100 9 95 155 64 33 138 32 102 161 35 36 141 75 3 109 116 16 18 123 21 122 144 145 83 24 129 89 28 105 103 104 68 66 135 72 73 13 42 48 49 158 55 31 136 11 112 86 65 
28 46 53 132 2 61 75 16 81 5 85 151 7 93 130 60 58 9 10 100 107 35 113 13 77 42 43 20 18 19 159 21 122 149 92 90 23 24 129 57 152 99 8 98 29 30 64 138 32 109 71 72 39 37 38 114 115 4 79 80 1 45 157 121 119 48 49 148 89 160 128 22 127 54 55 96 97 95 26 27 62 134 103 104 68 66 67 139 140 12 111 112 3 74 41 142 40 17 116 6 118 162 147 47 146 86 87 125 126 124 51 52 94 131 25 59 153 154 31 136 137 11 106 70 156 69 36 141 14 78 76 44 144 145 143 83 84 123 150 50 91 56 102 161 101 65 155 33 110 108 73 15 158 82 120 88 135 133 105 34 117 63 
29 81 54 99 61 62 113 79 20 18 86 128 93 94 56 132 26 10 100 9 138 111 39 37 76 17 116 46 1 45 147 122 123 88 151 51 24 129 23 95 96 60 58 59 30 28 136 68 66 108 36 141 75 3 74 15 114 43 44 42 5 6 117 159 83 49 148 48 124 125 92 90 91 55 53 25 130 131 8 98 2 133 65 155 107 11 106 34 139 72 73 71 13 14 40 41 142 80 4 19 143 144 121 119 120 87 85 50 149 150 22 127 7 57 152 27 63 153 104 105 103 32 33 69 70 156 112 12 38 77 78 16 82 157 158 47 146 21 89 160 52 97 101 102 161 137 31 67 109 110 35 115 118 162 84 126 134 135 64 140 145 154 
30 20 55 60 62 2 39 44 46 1 87 92 94 7 97 99 8 100 9 10 68 73 75 3 78 80 4 81 5 6 121 123 21 126 128 22 129 23 24 131 25 132 26 27 28 29 105 107 11 110 112 12 113 13 14 115 15 116 16 17 18 19 145 147 47 148 48 49 150 50 151 51 52 53 54 152 56 57 58 59 61 135 137 31 138 32 33 140 34 141 35 36 37 38 142 40 41 42 43 45 158 82 159 83 84 85 86 160 88 89 90 91 93 95 96 98 154 63 155 64 65 66 67 156 69 70 71 72 74 76 77 79 162 117 118 119 120 122 124 125 127 130 161 101 102 103 104 106 108 109 111 114 143 144 146 149 133 134 136 139 157 153 
31 82 43 63 64 65 152 21 117 118 111 115 79 80 11 101 102 103 104 105 88 61 97 95 47 48 49 143 144 145 108 36 141 5 142 40 17 116 16 32 33 133 134 135 136 137 54 124 125 58 10 100 131 25 130 83 84 85 86 87 157 158 113 34 139 72 73 71 18 19 78 76 77 44 42 66 67 68 153 154 155 128 93 94 50 149 150 8 98 29 30 28 56 57 119 120 121 122 123 162 39 37 69 70 156 112 12 1 45 46 15 114 4 106 107 161 151 51 24 129 23 89 160 26 27 132 62 2 96 146 147 148 75 3 74 109 110 35 6 81 41 138 92 90 91 55 53 126 59 60 9 159 13 14 140 20 22 127 7 99 38 52 
32 122 19 104 66 67 100 119 49 148 38 80 45 46 154 136 137 11 106 107 129 98 30 28 162 47 146 86 87 85 112 74 75 40 116 16 6 81 5 161 101 65 155 64 33 138 127 55 53 95 27 132 62 2 61 145 143 83 84 159 123 21 69 141 35 14 113 13 76 77 44 42 43 20 18 135 133 134 105 103 68 124 52 151 94 7 93 25 130 59 60 58 9 10 158 82 157 120 121 48 108 109 73 71 72 39 37 15 114 115 4 79 1 63 153 31 50 149 91 92 90 23 24 56 57 152 99 8 29 117 118 147 34 139 140 12 111 3 41 142 17 102 88 89 160 128 22 54 96 97 26 144 70 156 36 78 125 126 51 131 110 150 
33 49 20 65 67 68 30 84 86 87 39 44 46 1 102 104 105 106 107 11 55 60 62 2 118 120 121 122 123 21 73 75 3 78 80 4 81 5 6 134 135 136 137 31 138 32 92 94 7 97 99 8 100 9 10 144 145 146 147 47 148 48 110 112 12 113 13 14 115 15 116 16 17 18 19 153 154 63 155 64 66 126 128 22 129 23 24 131 25 132 26 27 28 29 157 158 82 159 83 85 140 34 141 35 36 37 38 142 40 41 42 43 45 161 101 103 150 50 151 51 52 53 54 152 56 57 58 59 61 162 117 119 156 69 70 71 72 74 76 77 79 133 160 88 89 90 91 93 95 96 98 143 108 109 111 114 124 125 127 130 139 149 
34 22 153 3 69 70 83 50 51 52 40 66 102 161 12 13 14 108 109 110 98 144 119 120 7 88 89 90 91 92 19 76 77 155 11 106 134 135 133 35 36 37 38 39 139 140 95 27 132 123 157 158 47 146 147 23 24 124 125 126 127 128 80 45 46 15 114 115 105 103 32 33 138 154 63 71 72 73 74 75 156 100 25 130 59 60 58 148 48 118 162 117 84 159 53 54 55 149 150 151 116 16 6 81 5 41 142 137 31 136 67 68 101 111 112 113 30 28 56 57 152 99 8 87 85 86 145 143 121 93 94 160 44 42 43 20 18 78 64 65 107 141 62 2 61 96 97 26 21 122 82 129 4 79 1 104 9 10 131 49 17 29 
35 149 103 109 71 72 158 53 89 160 17 161 31 136 75 139 140 12 111 112 57 48 162 117 151 7 93 125 126 124 41 43 44 106 135 133 64 65 155 113 13 70 156 69 36 141 10 96 97 120 85 86 145 143 144 92 90 23 24 129 150 50 6 77 78 79 80 4 33 138 154 63 153 104 105 39 37 38 110 108 73 27 29 30 130 131 25 146 147 21 122 123 82 157 128 22 127 54 55 88 19 20 114 115 15 116 16 67 68 66 101 102 137 3 74 34 59 60 61 62 2 152 56 84 159 83 49 148 118 51 52 94 45 46 1 142 40 42 107 11 134 14 98 99 8 100 9 95 121 119 87 91 81 5 76 32 132 26 28 47 18 58 
36 89 104 70 72 73 162 24 125 126 116 154 136 137 14 109 110 111 112 12 96 122 145 143 52 54 55 149 150 50 114 44 42 32 161 101 65 155 64 38 39 139 140 34 141 35 62 130 131 119 49 148 158 82 157 91 92 93 94 7 160 88 18 41 142 80 4 79 66 67 135 133 134 105 103 74 75 3 156 69 71 26 100 9 57 152 56 47 146 86 87 85 117 118 127 128 22 129 23 124 1 45 77 78 76 16 17 11 106 107 63 153 31 113 13 108 58 59 30 28 29 97 95 83 84 159 123 21 144 151 51 53 5 6 81 115 15 43 33 138 102 37 8 98 99 2 61 25 120 121 48 90 19 20 40 68 27 132 10 147 46 60 
37 94 66 141 3 74 123 51 129 23 45 155 11 106 139 73 71 13 14 113 9 83 148 48 125 90 91 55 53 54 42 6 81 153 105 103 32 33 138 70 156 112 12 111 38 39 59 28 29 144 119 120 87 85 86 149 150 22 127 128 7 93 142 4 79 19 20 18 102 161 137 31 136 67 68 109 110 108 35 36 75 131 98 99 2 61 62 157 158 47 146 147 21 122 89 160 88 52 151 24 78 76 16 17 116 46 1 134 135 133 64 65 107 140 34 72 152 56 27 132 26 10 100 118 162 117 84 159 49 126 124 92 115 15 114 43 44 5 154 63 104 69 97 95 96 60 58 30 145 143 121 50 40 41 80 101 25 130 8 82 77 57 
38 129 67 112 74 75 148 127 55 53 46 137 106 107 69 141 35 14 113 13 28 146 87 85 124 52 151 94 7 93 16 81 5 101 155 64 33 138 32 108 109 73 71 72 39 37 132 2 61 143 84 159 123 21 122 50 149 91 92 90 23 24 77 42 43 20 18 19 133 134 105 103 104 68 66 34 139 140 12 111 3 130 60 58 9 10 100 82 157 120 121 119 48 49 88 89 160 128 22 54 114 115 4 79 80 1 45 63 153 154 31 136 11 70 156 36 57 152 99 8 98 29 30 117 118 162 147 47 86 125 126 51 41 142 40 17 116 6 102 161 65 110 96 97 95 26 27 62 144 145 83 150 78 76 44 135 131 25 59 158 15 56 
39 55 68 73 75 3 87 92 94 7 1 105 107 11 110 112 12 113 13 14 2 121 123 21 126 128 22 129 23 24 4 5 6 135 137 31 138 32 33 140 34 141 35 36 37 38 8 9 10 145 147 47 148 48 49 150 50 151 51 52 53 54 15 16 17 18 19 20 154 63 155 64 65 66 67 156 69 70 71 72 74 25 26 27 28 29 30 158 82 159 83 84 85 86 160 88 89 90 91 93 40 41 42 43 44 45 46 161 101 102 103 104 106 108 109 111 56 57 58 59 60 61 62 162 117 118 119 120 122 124 125 127 76 77 78 79 80 81 133 134 136 139 95 96 97 98 99 100 143 144 146 149 114 115 116 153 130 131 132 157 142 152 
40 98 70 19 76 77 52 95 27 132 161 14 109 110 80 45 46 15 114 115 120 89 91 92 100 25 130 59 60 58 106 135 133 36 38 39 139 140 34 116 16 6 81 5 41 142 158 146 147 24 125 126 127 128 22 30 28 56 57 152 99 8 103 33 138 154 63 153 72 73 74 75 3 156 69 44 42 43 20 18 78 48 162 117 84 159 83 54 55 149 150 50 151 51 62 2 61 96 97 26 31 136 67 68 66 101 102 111 112 12 113 13 108 4 79 1 85 86 145 143 144 121 119 93 94 7 160 88 90 9 10 131 64 65 155 107 11 134 141 35 37 17 21 122 123 82 157 47 129 23 124 29 104 105 32 71 49 148 118 53 137 87 
41 27 156 6 77 78 91 57 59 60 101 74 110 108 17 19 20 114 115 15 146 150 127 128 10 96 97 98 99 8 67 133 134 71 14 113 140 34 139 43 44 45 46 1 142 40 143 84 159 23 160 88 52 151 51 29 30 130 131 25 132 26 137 106 107 63 153 154 12 111 38 39 37 69 70 79 80 4 81 5 76 148 82 157 120 121 119 53 54 126 124 125 92 90 61 62 2 152 56 58 155 64 33 138 32 102 161 35 36 141 75 3 109 116 16 18 87 85 117 118 162 147 47 7 93 94 50 149 22 100 9 95 105 103 104 68 66 135 72 73 13 42 123 21 122 144 145 83 24 129 89 28 31 136 11 112 48 49 158 55 65 86 
42 131 12 142 4 79 50 9 152 56 64 34 35 36 45 78 76 16 17 116 157 7 88 89 59 28 29 97 95 96 134 103 104 3 69 70 71 72 73 6 81 115 15 114 43 44 85 118 162 22 23 24 124 125 126 98 99 2 61 62 25 130 107 153 154 31 136 137 13 14 108 109 110 111 112 19 20 18 40 41 80 159 21 122 144 145 143 51 52 53 54 55 149 150 27 132 26 10 100 57 138 32 102 161 101 65 155 37 38 39 139 140 141 46 1 77 121 119 48 49 148 158 82 90 91 92 93 94 160 60 58 30 68 66 67 135 133 105 74 75 156 5 147 47 146 86 87 117 127 128 129 8 11 106 63 113 83 84 123 151 33 120 
43 152 111 115 79 80 88 61 97 95 65 108 36 141 5 142 40 17 116 16 118 54 124 125 58 10 100 131 25 130 102 104 105 113 34 139 72 73 71 18 19 78 76 77 44 42 49 144 145 128 93 94 50 149 150 8 98 29 30 28 56 57 33 134 135 136 137 31 39 37 69 70 156 112 12 1 45 46 15 114 4 84 86 87 157 158 82 151 51 24 129 23 89 160 26 27 132 62 2 96 67 68 153 154 63 155 64 75 3 74 109 110 35 6 81 41 120 121 122 123 21 162 117 92 90 91 55 53 126 59 60 9 106 107 11 161 101 103 13 14 140 20 146 147 47 148 48 143 22 127 7 99 138 32 133 38 159 83 85 52 66 119 
44 97 112 78 80 4 124 30 131 25 155 69 141 35 20 115 15 116 16 17 144 129 50 149 60 62 2 152 56 57 153 105 103 38 108 109 73 71 72 46 1 142 40 41 42 43 123 157 158 127 55 53 88 89 160 99 8 100 9 10 95 96 66 102 161 137 31 136 74 75 34 139 140 12 111 81 5 6 76 77 79 83 148 48 118 162 117 52 151 94 7 93 125 126 132 26 27 28 29 130 11 106 134 135 133 64 65 14 113 13 70 156 36 18 19 114 119 120 87 85 86 145 143 91 92 90 23 24 150 58 59 61 32 33 138 154 63 104 39 37 110 45 47 146 147 21 122 82 128 22 54 98 67 68 101 3 84 159 49 51 107 121 
45 9 74 42 6 81 23 59 28 29 106 71 14 113 142 4 79 19 20 18 48 91 53 54 131 98 99 2 61 62 103 33 138 156 12 111 38 39 37 78 76 16 17 116 46 1 120 85 86 150 127 128 7 93 94 152 56 27 132 26 10 100 161 31 136 67 68 66 110 108 35 36 141 75 3 115 15 114 43 44 5 158 146 147 21 122 123 160 88 52 151 51 24 129 97 95 96 60 58 30 135 133 64 65 155 107 11 140 34 139 72 73 13 40 41 80 162 117 84 159 83 49 148 126 124 125 92 90 55 25 130 8 154 63 153 104 105 32 69 70 112 77 145 143 144 121 119 87 50 149 22 57 101 102 137 109 82 157 47 89 134 118 
46 28 75 16 81 5 53 132 2 61 107 35 113 13 77 42 43 20 18 19 85 151 7 93 130 60 58 9 10 100 64 138 32 109 71 72 39 37 38 114 115 4 79 80 1 45 159 21 122 149 92 90 23 24 129 57 152 99 8 98 29 30 134 103 104 68 66 67 139 140 12 111 112 3 74 41 142 40 17 116 6 157 121 119 48 49 148 89 160 128 22 127 54 55 96 97 95 26 27 62 153 154 31 136 137 11 106 70 156 69 36 141 14 78 76 44 118 162 147 47 146 86 87 125 126 124 51 52 94 131 25 59 102 161 101 65 155 33 110 108 73 15 144 145 143 83 84 123 150 50 91 56 135 133 105 34 158 82 120 88 63 117 
47 63 59 82 83 84 142 11 101 102 127 131 98 99 21 117 118 119 120 121 69 45 78 76 31 32 33 133 134 135 124 52 151 9 152 56 27 132 26 48 49 143 144 145 146 147 38 108 109 42 6 81 115 15 114 64 65 66 67 68 153 154 129 50 149 91 92 90 28 29 97 95 96 60 58 85 86 87 157 158 159 112 74 75 34 139 140 4 79 19 20 18 40 41 103 104 105 106 107 161 55 53 88 89 160 128 22 2 61 62 25 130 8 122 123 162 141 35 14 113 13 70 156 16 17 116 46 1 77 136 137 138 94 7 93 125 126 51 10 100 57 148 73 71 72 39 37 110 43 44 5 155 23 24 150 30 12 111 3 80 54 36 
48 106 29 120 85 86 81 103 33 138 54 99 61 62 158 146 147 21 122 123 113 79 20 18 161 31 136 67 68 66 128 93 94 56 132 26 10 100 9 162 117 84 159 83 49 148 111 39 37 76 17 116 46 1 45 135 133 64 65 155 107 11 88 151 51 24 129 23 95 96 60 58 59 30 28 145 143 144 121 119 87 108 36 141 75 3 74 15 114 43 44 42 5 6 154 63 153 104 105 32 124 125 92 90 91 55 53 25 130 131 8 98 2 82 157 47 34 139 72 73 71 13 14 40 41 142 80 4 19 101 102 137 50 149 150 22 127 7 57 152 27 118 69 70 156 112 12 38 77 78 16 134 89 160 52 97 109 110 35 115 126 140 
49 33 30 84 86 87 20 65 67 68 55 60 62 2 118 120 121 122 123 21 39 44 46 1 102 104 105 106 107 11 92 94 7 97 99 8 100 9 10 144 145 146 147 47 148 48 73 75 3 78 80 4 81 5 6 134 135 136 137 31 138 32 126 128 22 129 23 24 131 25 132 26 27 28 29 157 158 82 159 83 85 110 112 12 113 13 14 115 15 116 16 17 18 19 153 154 63 155 64 66 150 50 151 51 52 53 54 152 56 57 58 59 61 162 117 119 140 34 141 35 36 37 38 142 40 41 42 43 45 161 101 103 160 88 89 90 91 93 95 96 98 143 156 69 70 71 72 74 76 77 79 133 124 125 127 130 108 109 111 114 149 139 
50 12 157 7 88 89 64 34 35 36 56 85 118 162 22 23 24 124 125 126 79 134 103 104 3 69 70 71 72 73 29 95 96 159 21 122 144 145 143 51 52 53 54 55 149 150 76 17 116 107 153 154 31 136 137 13 14 108 109 110 111 112 99 61 62 25 130 131 121 119 48 49 148 158 82 90 91 92 93 94 160 81 15 114 43 44 42 138 32 102 161 101 65 155 37 38 39 139 140 141 132 26 10 100 9 57 152 147 47 146 86 87 117 127 128 129 20 18 40 41 142 80 4 68 66 67 135 133 105 74 75 156 60 58 59 30 28 97 83 84 123 151 46 1 45 77 78 16 11 106 63 113 8 98 2 120 5 6 115 33 27 19 
51 139 119 125 90 91 154 37 70 156 27 162 47 146 94 149 150 22 127 128 41 32 161 101 141 3 74 109 110 108 57 59 60 122 145 143 83 84 159 129 23 89 160 88 52 151 6 77 78 104 66 67 135 133 134 73 71 13 14 113 140 34 10 96 97 98 99 8 49 148 158 82 157 120 121 55 53 54 126 124 92 17 19 20 114 115 15 136 137 11 106 107 63 153 112 12 111 38 39 69 29 30 130 131 25 132 26 86 87 85 117 118 147 7 93 50 43 44 45 46 1 142 40 65 155 64 33 138 102 35 36 75 61 62 2 152 56 58 123 21 144 24 79 80 4 81 5 76 105 103 68 72 100 9 95 48 116 16 18 31 28 42 
52 70 120 89 91 92 161 14 109 110 132 158 146 147 24 125 126 127 128 22 77 106 135 133 36 38 39 139 140 34 130 60 58 48 162 117 84 159 83 54 55 149 150 50 151 51 46 114 115 103 33 138 154 63 153 72 73 74 75 3 156 69 28 57 152 99 8 98 85 86 145 143 144 121 119 93 94 7 160 88 90 16 81 5 41 142 40 31 136 67 68 66 101 102 111 112 12 113 13 108 2 61 96 97 95 26 27 21 122 123 82 157 47 129 23 124 42 43 20 18 19 78 76 64 65 155 107 11 134 141 35 37 9 10 100 131 25 59 49 148 118 53 4 79 80 1 45 15 104 105 32 71 29 30 56 87 17 116 6 137 62 44 
53 75 85 151 7 93 107 35 113 13 61 159 21 122 149 92 90 23 24 129 5 64 138 32 109 71 72 39 37 38 58 10 100 157 121 119 48 49 148 89 160 128 22 127 54 55 43 18 19 134 103 104 68 66 67 139 140 12 111 112 3 74 152 8 98 29 30 28 118 162 147 47 146 86 87 125 126 124 51 52 94 115 79 80 1 45 46 153 154 31 136 137 11 106 70 156 69 36 141 14 97 95 26 27 132 62 2 144 145 143 83 84 123 150 50 91 142 40 17 116 16 6 81 102 161 101 65 155 33 110 108 73 131 25 130 59 60 9 158 82 120 88 78 76 77 44 42 20 135 133 105 34 56 57 99 117 15 114 4 63 96 41 
54 113 86 128 93 94 138 111 39 37 62 147 122 123 88 151 51 24 129 23 18 136 68 66 108 36 141 75 3 74 26 100 9 117 159 83 49 148 48 124 125 92 90 91 55 53 116 1 45 133 65 155 107 11 106 34 139 72 73 71 13 14 96 58 59 30 28 29 143 144 121 119 120 87 85 50 149 150 22 127 7 114 44 42 5 6 81 63 153 104 105 103 32 33 69 70 156 112 12 38 130 131 8 98 99 2 61 82 157 158 47 146 21 89 160 52 41 142 80 4 79 19 20 101 102 161 137 31 67 109 110 35 57 152 56 27 132 10 118 162 84 126 77 78 76 16 17 46 134 135 64 140 97 95 60 145 115 15 43 154 25 40 
55 39 87 92 94 7 68 73 75 3 2 121 123 21 126 128 22 129 23 24 1 105 107 11 110 112 12 113 13 14 8 9 10 145 147 47 148 48 49 150 50 151 51 52 53 54 4 5 6 135 137 31 138 32 33 140 34 141 35 36 37 38 25 26 27 28 29 30 158 82 159 83 84 85 86 160 88 89 90 91 93 15 16 17 18 19 20 154 63 155 64 65 66 67 156 69 70 71 72 74 56 57 58 59 60 61 62 162 117 118 119 120 122 124 125 127 40 41 42 43 44 45 46 161 101 102 103 104 106 108 109 111 95 96 97 98 99 100 143 144 146 149 76 77 78 79 80 81 133 134 136 139 130 131 132 157 114 115 116 153 152 142 
56 79 89 29 95 96 36 76 17 116 162 24 125 126 99 61 62 25 130 131 104 70 72 73 81 15 114 43 44 42 122 145 143 52 54 55 149 150 50 132 26 10 100 9 57 152 154 136 137 14 109 110 111 112 12 20 18 40 41 142 80 4 119 49 148 158 82 157 91 92 93 94 7 160 88 60 58 59 30 28 97 32 161 101 65 155 64 38 39 139 140 34 141 35 46 1 45 77 78 16 47 146 86 87 85 117 118 127 128 22 129 23 124 8 98 2 66 67 135 133 134 105 103 74 75 3 156 69 71 5 6 115 83 84 159 123 21 144 151 51 53 27 11 106 107 63 153 31 113 13 108 19 120 121 48 90 33 138 102 37 147 68 
57 17 160 10 96 97 72 41 43 44 117 93 126 124 27 29 30 130 131 25 136 140 111 112 6 77 78 79 80 4 86 143 144 90 24 129 150 50 149 59 60 61 62 2 152 56 133 65 155 13 156 69 36 141 35 19 20 114 115 15 116 16 147 122 123 82 157 158 22 127 54 55 53 88 89 98 99 8 100 9 95 138 63 153 104 105 103 37 38 110 108 109 73 71 45 46 1 142 40 42 159 83 49 148 48 118 162 51 52 151 94 7 125 132 26 28 68 66 101 102 161 137 31 3 74 75 34 139 12 81 5 76 121 119 120 87 85 145 91 92 23 58 107 11 106 134 135 64 14 113 70 18 47 146 21 128 32 33 154 39 84 67 
58 115 22 152 8 98 34 5 142 40 83 50 51 52 61 97 95 26 27 132 153 3 69 70 43 18 19 78 76 77 144 119 120 7 88 89 90 91 92 10 100 131 25 130 59 60 66 102 161 12 13 14 108 109 110 79 80 1 45 46 15 114 123 157 158 47 146 147 23 24 124 125 126 127 128 29 30 28 56 57 99 155 11 106 134 135 133 35 36 37 38 39 139 140 17 116 16 6 81 41 148 48 118 162 117 84 159 53 54 55 149 150 151 62 2 96 105 103 32 33 138 154 63 71 72 73 74 75 156 44 42 20 87 85 86 145 143 121 93 94 160 9 137 31 136 67 68 101 111 112 113 4 21 122 82 129 64 65 107 141 49 104 
59 142 127 131 98 99 69 45 78 76 84 124 52 151 9 152 56 27 132 26 102 38 108 109 42 6 81 115 15 114 118 120 121 129 50 149 91 92 90 28 29 97 95 96 60 58 33 134 135 112 74 75 34 139 140 4 79 19 20 18 40 41 49 144 145 146 147 47 55 53 88 89 160 128 22 2 61 62 25 130 8 65 67 68 153 154 63 141 35 14 113 13 70 156 16 17 116 46 1 77 86 87 157 158 82 159 83 94 7 93 125 126 51 10 100 57 104 105 106 107 11 161 101 73 71 72 39 37 110 43 44 5 122 123 21 162 117 119 23 24 150 30 136 137 31 138 32 133 12 111 3 80 148 48 143 54 155 64 66 36 85 103 
60 78 128 97 99 8 108 20 115 15 159 88 151 51 30 131 25 132 26 27 134 113 34 139 44 46 1 142 40 41 157 121 119 54 124 125 92 90 91 62 2 152 56 57 58 59 107 153 154 111 39 37 69 70 156 80 4 81 5 6 76 77 85 118 162 147 47 146 93 94 50 149 150 22 127 100 9 10 95 96 98 64 138 32 102 161 101 36 141 75 3 74 109 110 116 16 17 18 19 114 21 122 144 145 143 83 84 24 129 23 89 160 52 28 29 130 103 104 68 66 67 135 133 72 73 71 13 14 140 42 43 45 48 49 148 158 82 120 55 53 126 61 31 136 137 11 106 63 112 12 38 79 86 87 117 7 65 155 33 35 123 105 
61 5 93 58 10 100 13 43 18 19 122 90 24 129 152 8 98 29 30 28 32 72 37 38 115 79 80 1 45 46 119 49 148 160 22 127 54 55 53 97 95 26 27 132 62 2 104 66 67 140 111 112 3 74 75 142 40 17 116 16 6 81 162 47 146 86 87 85 126 124 51 52 151 94 7 131 25 130 59 60 9 154 136 137 11 106 107 156 69 36 141 35 14 113 78 76 77 44 42 20 145 143 83 84 159 123 21 150 50 149 91 92 23 56 57 99 161 101 65 155 64 33 138 110 108 109 73 71 39 15 114 4 158 82 157 120 121 48 88 89 128 96 135 133 134 105 103 68 34 139 12 41 117 118 147 125 63 153 31 70 144 102 
62 18 94 26 100 9 37 116 1 45 123 51 129 23 96 58 59 30 28 29 66 141 3 74 114 44 42 5 6 81 83 148 48 125 90 91 55 53 54 130 131 8 98 99 2 61 155 11 106 139 73 71 13 14 113 41 142 80 4 79 19 20 144 119 120 87 85 86 149 150 22 127 128 7 93 57 152 56 27 132 10 153 105 103 32 33 138 70 156 112 12 111 38 39 77 78 76 16 17 46 157 158 47 146 147 21 122 89 160 88 52 151 24 97 95 60 102 161 137 31 136 67 68 109 110 108 35 36 75 115 15 43 118 162 117 84 159 49 126 124 92 25 134 135 133 64 65 107 140 34 72 40 145 143 121 50 154 63 104 69 82 101 
63 47 142 11 101 102 59 82 83 84 69 45 78 76 31 32 33 133 134 135 127 131 98 99 21 117 118 119 120 121 38 108 109 42 6 81 115 15 114 64 65 66 67 68 153 154 124 52 151 9 152 56 27 132 26 48 49 143 144 145 146 147 112 74 75 34 139 140 4 79 19 20 18 40 41 103 104 105 106 107 161 129 50 149 91 92 90 28 29 97 95 96 60 58 85 86 87 157 158 159 141 35 14 113 13 70 156 16 17 116 46 1 77 136 137 138 55 53 88 89 160 128 22 2 61 62 25 130 8 122 123 162 73 71 72 39 37 110 43 44 5 155 94 7 93 125 126 51 10 100 57 148 12 111 3 80 23 24 150 30 36 54 
64 157 79 134 103 104 56 85 118 162 36 76 17 116 107 153 154 31 136 137 89 29 95 96 159 21 122 144 145 143 70 72 73 81 15 114 43 44 42 138 32 102 161 101 65 155 24 125 126 99 61 62 25 130 131 121 119 48 49 148 158 82 14 109 110 111 112 12 20 18 40 41 142 80 4 68 66 67 135 133 105 52 54 55 149 150 50 132 26 10 100 9 57 152 147 47 146 86 87 117 38 39 139 140 34 141 35 46 1 45 77 78 16 11 106 63 91 92 93 94 7 160 88 60 58 59 30 28 97 83 84 123 74 75 3 156 69 71 5 6 115 33 127 128 22 129 23 124 8 98 2 120 113 13 108 19 151 51 53 27 37 90 
65 118 80 102 104 105 95 49 144 145 141 40 116 16 33 134 135 136 137 31 125 100 25 130 84 86 87 157 158 82 139 73 71 19 76 77 44 42 43 67 68 153 154 63 155 64 94 149 150 98 30 28 56 57 152 120 121 122 123 21 162 117 37 70 156 112 12 111 45 46 15 114 115 4 79 106 107 11 161 101 103 51 129 23 89 160 88 27 132 62 2 61 96 97 146 147 47 148 48 143 3 74 109 110 108 35 36 6 81 5 41 142 17 138 32 133 90 91 55 53 54 126 124 59 60 58 9 10 131 159 83 85 13 14 113 140 34 72 20 18 78 66 22 127 128 7 93 50 99 8 29 119 38 39 69 1 52 151 24 26 75 92 
66 123 45 155 11 106 9 83 148 48 74 42 6 81 153 105 103 32 33 138 23 59 28 29 144 119 120 87 85 86 71 14 113 142 4 79 19 20 18 102 161 137 31 136 67 68 91 53 54 131 98 99 2 61 62 157 158 47 146 147 21 122 156 12 111 38 39 37 78 76 16 17 116 46 1 134 135 133 64 65 107 150 127 128 7 93 94 152 56 27 132 26 10 100 118 162 117 84 159 49 110 108 35 36 141 75 3 115 15 114 43 44 5 154 63 104 160 88 52 151 51 24 129 97 95 96 60 58 30 145 143 121 140 34 139 72 73 13 40 41 80 101 126 124 125 92 90 55 25 130 8 82 69 70 112 77 50 149 22 57 109 89 
67 148 46 137 106 107 28 146 87 85 75 16 81 5 101 155 64 33 138 32 53 132 2 61 143 84 159 123 21 122 35 113 13 77 42 43 20 18 19 133 134 105 103 104 68 66 151 7 93 130 60 58 9 10 100 82 157 120 121 119 48 49 109 71 72 39 37 38 114 115 4 79 80 1 45 63 153 154 31 136 11 149 92 90 23 24 129 57 152 99 8 98 29 30 117 118 162 147 47 86 139 140 12 111 112 3 74 41 142 40 17 116 6 102 161 65 89 160 128 22 127 54 55 96 97 95 26 27 62 144 145 83 70 156 69 36 141 14 78 76 44 135 125 126 124 51 52 94 131 25 59 158 110 108 73 15 150 50 91 56 34 88 
68 87 1 105 107 11 2 121 123 21 3 4 5 6 135 137 31 138 32 33 7 8 9 10 145 147 47 148 48 49 12 13 14 15 16 17 18 19 20 154 63 155 64 65 66 67 22 23 24 25 26 27 28 29 30 158 82 159 83 84 85 86 34 35 36 37 38 39 40 41 42 43 44 45 46 161 101 102 103 104 106 50 51 52 53 54 55 56 57 58 59 60 61 62 162 117 118 119 120 122 69 70 71 72 73 74 75 76 77 78 79 80 81 133 134 136 88 89 90 91 92 93 94 95 96 97 98 99 100 143 144 146 108 109 110 111 112 113 114 115 116 153 124 125 126 127 128 129 130 131 132 157 139 140 141 142 149 150 151 152 156 160 
69 127 102 38 108 109 84 124 52 151 76 33 134 135 112 74 75 34 139 140 99 118 120 121 129 50 149 91 92 90 81 15 114 65 67 68 153 154 63 141 35 14 113 13 70 156 56 132 26 49 144 145 146 147 47 55 53 88 89 160 128 22 79 20 18 40 41 142 104 105 106 107 11 161 101 73 71 72 39 37 110 29 95 96 60 58 59 86 87 157 158 82 159 83 94 7 93 125 126 51 17 116 46 1 45 77 78 136 137 31 138 32 133 12 111 3 61 62 25 130 131 8 98 122 123 21 162 117 119 23 24 150 43 44 42 5 6 115 155 64 66 36 10 100 9 57 152 27 148 48 143 54 80 4 19 103 30 28 97 85 16 2 
70 52 161 14 109 110 120 89 91 92 77 106 135 133 36 38 39 139 140 34 132 158 146 147 24 125 126 127 128 22 46 114 115 103 33 138 154 63 153 72 73 74 75 3 156 69 130 60 58 48 162 117 84 159 83 54 55 149 150 50 151 51 16 81 5 41 142 40 31 136 67 68 66 101 102 111 112 12 113 13 108 28 57 152 99 8 98 85 86 145 143 144 121 119 93 94 7 160 88 90 42 43 20 18 19 78 76 64 65 155 107 11 134 141 35 37 2 61 96 97 95 26 27 21 122 123 82 157 47 129 23 124 4 79 80 1 45 15 104 105 32 71 9 10 100 131 25 59 49 148 118 53 17 116 6 137 29 30 56 87 44 62 
71 150 31 156 12 111 82 23 160 88 43 63 64 65 74 110 108 35 36 141 152 21 117 118 91 53 54 126 124 125 115 79 80 11 101 102 103 104 105 14 113 140 34 139 72 73 61 97 95 47 48 49 143 144 145 127 128 7 93 94 50 149 5 142 40 17 116 16 32 33 133 134 135 136 137 38 39 37 69 70 112 58 10 100 131 25 130 83 84 85 86 87 157 158 52 151 51 24 129 89 18 19 78 76 77 44 42 66 67 68 153 154 155 75 3 109 8 98 29 30 28 56 57 119 120 121 122 123 162 92 90 55 1 45 46 15 114 4 106 107 161 13 26 27 132 62 2 96 146 147 148 22 6 81 41 138 59 60 9 159 20 99 
72 160 136 140 111 112 117 93 126 124 44 133 65 155 13 156 69 36 141 35 97 86 143 144 90 24 129 150 50 149 78 80 4 138 63 153 104 105 103 37 38 110 108 109 73 71 30 131 25 147 122 123 82 157 158 22 127 54 55 53 88 89 20 115 15 116 16 17 68 66 101 102 161 137 31 3 74 75 34 139 12 60 62 2 152 56 57 159 83 49 148 48 118 162 51 52 151 94 7 125 46 1 142 40 41 42 43 107 11 106 134 135 64 14 113 70 99 8 100 9 10 95 96 121 119 120 87 85 145 91 92 23 81 5 6 76 77 79 32 33 154 39 132 26 27 28 29 130 47 146 21 128 18 19 114 67 58 59 61 84 45 98 
73 126 137 110 112 12 143 55 150 50 42 101 155 64 39 140 34 141 35 36 131 148 82 157 92 94 7 160 88 89 142 4 79 67 133 134 105 103 104 75 3 156 69 70 71 72 9 152 56 146 87 85 117 118 162 128 22 129 23 24 124 125 45 78 76 16 17 116 106 107 63 153 154 31 136 113 13 14 108 109 111 59 28 29 97 95 96 84 159 123 21 122 144 145 151 51 52 53 54 149 6 81 115 15 114 43 44 33 138 32 102 161 65 37 38 139 98 99 2 61 62 25 130 120 121 119 48 49 158 90 91 93 19 20 18 40 41 80 68 66 135 74 27 132 26 10 100 57 147 47 86 127 46 1 77 11 60 58 30 83 5 8 
74 23 106 71 14 113 48 91 53 54 81 103 33 138 156 12 111 38 39 37 29 120 85 86 150 127 128 7 93 94 79 20 18 161 31 136 67 68 66 110 108 35 36 141 75 3 99 61 62 158 146 147 21 122 123 160 88 52 151 51 24 129 76 17 116 46 1 45 135 133 64 65 155 107 11 140 34 139 72 73 13 56 132 26 10 100 9 162 117 84 159 83 49 148 126 124 125 92 90 55 15 114 43 44 42 5 6 154 63 153 104 105 32 69 70 112 95 96 60 58 59 30 28 145 143 144 121 119 87 50 149 22 40 41 142 80 4 19 101 102 137 109 25 130 131 8 98 2 82 157 47 89 77 78 16 134 57 152 27 118 115 97 
75 53 107 35 113 13 85 151 7 93 5 64 138 32 109 71 72 39 37 38 61 159 21 122 149 92 90 23 24 129 43 18 19 134 103 104 68 66 67 139 140 12 111 112 3 74 58 10 100 157 121 119 48 49 148 89 160 128 22 127 54 55 115 79 80 1 45 46 153 154 31 136 137 11 106 70 156 69 36 141 14 152 8 98 29 30 28 118 162 147 47 146 86 87 125 126 124 51 52 94 142 40 17 116 16 6 81 102 161 101 65 155 33 110 108 73 97 95 26 27 132 62 2 144 145 143 83 84 123 150 50 91 78 76 77 44 42 20 135 133 105 34 131 25 130 59 60 9 158 82 120 88 15 114 4 63 56 57 99 117 41 96 
76 99 109 81 15 114 151 56 132 26 135 75 139 140 79 20 18 40 41 142 121 149 92 90 29 95 96 60 58 59 68 154 63 35 113 13 70 156 69 17 116 46 1 45 77 78 145 147 47 53 89 160 128 22 127 61 62 25 130 131 8 98 105 107 11 161 101 102 71 72 39 37 38 110 108 43 44 42 5 6 115 87 158 82 159 83 84 7 93 125 126 124 51 52 10 100 9 57 152 27 137 31 138 32 33 133 134 12 111 112 3 74 34 80 4 19 123 21 162 117 118 119 120 23 24 129 150 50 91 30 28 97 155 64 65 66 67 153 36 141 14 16 148 48 49 143 144 146 54 55 88 2 103 104 106 73 85 86 157 94 136 122 
77 132 110 46 114 115 92 130 60 58 133 39 140 34 16 81 5 41 142 40 147 126 128 22 28 57 152 99 8 98 138 63 153 73 75 3 156 69 70 42 43 20 18 19 78 76 117 159 83 55 150 50 151 51 52 2 61 96 97 95 26 27 136 68 66 101 102 161 112 12 113 13 14 108 109 4 79 80 1 45 15 86 143 144 121 119 120 94 7 160 88 89 90 91 9 10 100 131 25 59 65 155 107 11 106 134 135 141 35 36 37 38 139 17 116 6 122 123 82 157 158 47 146 129 23 24 124 125 127 29 30 56 104 105 103 32 33 154 71 72 74 44 49 148 48 118 162 84 53 54 149 62 137 31 67 111 87 85 145 93 64 21 
78 60 108 20 115 15 128 97 99 8 134 113 34 139 44 46 1 142 40 41 159 88 151 51 30 131 25 132 26 27 107 153 154 111 39 37 69 70 156 80 4 81 5 6 76 77 157 121 119 54 124 125 92 90 91 62 2 152 56 57 58 59 64 138 32 102 161 101 36 141 75 3 74 109 110 116 16 17 18 19 114 85 118 162 147 47 146 93 94 50 149 150 22 127 100 9 10 95 96 98 103 104 68 66 67 135 133 72 73 71 13 14 140 42 43 45 21 122 144 145 143 83 84 24 129 23 89 160 52 28 29 130 31 136 137 11 106 63 112 12 38 79 48 49 148 158 82 120 55 53 126 61 65 155 33 35 86 87 117 7 105 123 
79 56 36 76 17 116 89 29 95 96 104 70 72 73 81 15 114 43 44 42 162 24 125 126 99 61 62 25 130 131 154 136 137 14 109 110 111 112 12 20 18 40 41 142 80 4 122 145 143 52 54 55 149 150 50 132 26 10 100 9 57 152 32 161 101 65 155 64 38 39 139 140 34 141 35 46 1 45 77 78 16 119 49 148 158 82 157 91 92 93 94 7 160 88 60 58 59 30 28 97 66 67 135 133 134 105 103 74 75 3 156 69 71 5 6 115 47 146 86 87 85 117 118 127 128 22 129 23 124 8 98 2 11 106 107 63 153 31 113 13 108 19 83 84 159 123 21 144 151 51 53 27 33 138 102 37 120 121 48 90 68 147 
80 95 141 40 116 16 125 100 25 130 105 139 73 71 19 76 77 44 42 43 145 94 149 150 98 30 28 56 57 152 135 137 31 37 70 156 112 12 111 45 46 15 114 115 4 79 87 158 82 51 129 23 89 160 88 27 132 62 2 61 96 97 68 154 63 155 64 65 3 74 109 110 108 35 36 6 81 5 41 142 17 121 123 21 162 117 118 90 91 55 53 54 126 124 59 60 58 9 10 131 107 11 161 101 102 103 104 13 14 113 140 34 72 20 18 78 147 47 148 48 49 143 144 22 127 128 7 93 50 99 8 29 138 32 33 133 134 136 38 39 69 1 159 83 84 85 86 157 52 151 24 26 66 67 153 75 119 120 122 92 106 146 
81 29 113 79 20 18 54 99 61 62 138 111 39 37 76 17 116 46 1 45 86 128 93 94 56 132 26 10 100 9 136 68 66 108 36 141 75 3 74 15 114 43 44 42 5 6 147 122 123 88 151 51 24 129 23 95 96 60 58 59 30 28 133 65 155 107 11 106 34 139 72 73 71 13 14 40 41 142 80 4 19 117 159 83 49 148 48 124 125 92 90 91 55 53 25 130 131 8 98 2 63 153 104 105 103 32 33 69 70 156 112 12 38 77 78 16 143 144 121 119 120 87 85 50 149 150 22 127 7 57 152 27 101 102 161 137 31 67 109 110 35 115 82 157 158 47 146 21 89 160 52 97 134 135 64 140 118 162 84 126 154 145 
82 31 152 21 117 118 43 63 64 65 88 61 97 95 47 48 49 143 144 145 111 115 79 80 11 101 102 103 104 105 54 124 125 58 10 100 131 25 130 83 84 85 86 87 157 158 108 36 141 5 142 40 17 116 16 32 33 133 134 135 136 137 128 93 94 50 149 150 8 98 29 30 28 56 57 119 120 121 122 123 162 113 34 139 72 73 71 18 19 78 76 77 44 42 66 67 68 153 154 155 151 51 24 129 23 89 160 26 27 132 62 2 96 146 147 148 39 37 69 70 156 112 12 1 45 46 15 114 4 106 107 161 92 90 91 55 53 126 59 60 9 159 75 3 74 109 110 35 6 81 41 138 22 127 7 99 13 14 140 20 52 38 
83 153 98 144 119 120 40 66 102 161 52 95 27 132 123 157 158 47 146 147 70 19 76 77 155 11 106 134 135 133 89 91 92 100 25 130 59 60 58 148 48 118 162 117 84 159 14 109 110 80 45 46 15 114 115 105 103 32 33 138 154 63 24 125 126 127 128 22 30 28 56 57 152 99 8 87 85 86 145 143 121 36 38 39 139 140 34 116 16 6 81 5 41 142 137 31 136 67 68 101 54 55 149 150 50 151 51 62 2 61 96 97 26 21 122 82 72 73 74 75 3 156 69 44 42 43 20 18 78 64 65 107 93 94 7 160 88 90 9 10 131 49 111 112 12 113 13 108 4 79 1 104 129 23 124 29 141 35 37 17 53 71 
84 102 99 118 120 121 76 33 134 135 151 56 132 26 49 144 145 146 147 47 109 81 15 114 65 67 68 153 154 63 149 92 90 29 95 96 60 58 59 86 87 157 158 82 159 83 75 139 140 79 20 18 40 41 142 104 105 106 107 11 161 101 53 89 160 128 22 127 61 62 25 130 131 8 98 122 123 21 162 117 119 35 113 13 70 156 69 17 116 46 1 45 77 78 136 137 31 138 32 133 7 93 125 126 124 51 52 10 100 9 57 152 27 148 48 143 71 72 39 37 38 110 108 43 44 42 5 6 115 155 64 66 23 24 129 150 50 91 30 28 97 85 12 111 112 3 74 34 80 4 19 103 54 55 88 2 36 141 14 16 94 73 
85 107 61 159 21 122 5 64 138 32 93 58 10 100 157 121 119 48 49 148 13 43 18 19 134 103 104 68 66 67 90 24 129 152 8 98 29 30 28 118 162 147 47 146 86 87 72 37 38 115 79 80 1 45 46 153 154 31 136 137 11 106 160 22 127 54 55 53 97 95 26 27 132 62 2 144 145 143 83 84 123 140 111 112 3 74 75 142 40 17 116 16 6 81 102 161 101 65 155 33 126 124 51 52 151 94 7 131 25 130 59 60 9 158 82 120 156 69 36 141 35 14 113 78 76 77 44 42 20 135 133 105 150 50 149 91 92 23 56 57 99 117 110 108 109 73 71 39 15 114 4 63 88 89 128 96 34 139 12 41 125 70 
86 138 62 147 122 123 18 136 68 66 94 26 100 9 117 159 83 49 148 48 37 116 1 45 133 65 155 107 11 106 51 129 23 96 58 59 30 28 29 143 144 121 119 120 87 85 141 3 74 114 44 42 5 6 81 63 153 104 105 103 32 33 125 90 91 55 53 54 130 131 8 98 99 2 61 82 157 158 47 146 21 139 73 71 13 14 113 41 142 80 4 79 19 20 101 102 161 137 31 67 149 150 22 127 128 7 93 57 152 56 27 132 10 118 162 84 70 156 112 12 111 38 39 77 78 76 16 17 46 134 135 64 89 160 88 52 151 24 97 95 60 145 109 110 108 35 36 75 115 15 43 154 126 124 92 25 140 34 72 40 50 69 
87 68 2 121 123 21 1 105 107 11 7 8 9 10 145 147 47 148 48 49 3 4 5 6 135 137 31 138 32 33 22 23 24 25 26 27 28 29 30 158 82 159 83 84 85 86 12 13 14 15 16 17 18 19 20 154 63 155 64 65 66 67 50 51 52 53 54 55 56 57 58 59 60 61 62 162 117 118 119 120 122 34 35 36 37 38 39 40 41 42 43 44 45 46 161 101 102 103 104 106 88 89 90 91 92 93 94 95 96 97 98 99 100 143 144 146 69 70 71 72 73 74 75 76 77 78 79 80 81 133 134 136 124 125 126 127 128 129 130 131 132 157 108 109 110 111 112 113 114 115 116 153 149 150 151 152 139 140 141 142 160 156 
88 111 118 54 124 125 65 108 36 141 95 49 144 145 128 93 94 50 149 150 80 102 104 105 113 34 139 72 73 71 100 25 130 84 86 87 157 158 82 151 51 24 129 23 89 160 40 116 16 33 134 135 136 137 31 39 37 69 70 156 112 12 98 30 28 56 57 152 120 121 122 123 21 162 117 92 90 91 55 53 126 19 76 77 44 42 43 67 68 153 154 63 155 64 75 3 74 109 110 35 27 132 62 2 61 96 97 146 147 47 148 48 143 22 127 7 45 46 15 114 115 4 79 106 107 11 161 101 103 13 14 140 59 60 58 9 10 131 159 83 85 52 6 81 5 41 142 17 138 32 133 38 99 8 29 119 20 18 78 66 26 1 
89 36 162 24 125 126 104 70 72 73 96 122 145 143 52 54 55 149 150 50 116 154 136 137 14 109 110 111 112 12 62 130 131 119 49 148 158 82 157 91 92 93 94 7 160 88 114 44 42 32 161 101 65 155 64 38 39 139 140 34 141 35 26 100 9 57 152 56 47 146 86 87 85 117 118 127 128 22 129 23 124 18 41 142 80 4 79 66 67 135 133 134 105 103 74 75 3 156 69 71 58 59 30 28 29 97 95 83 84 159 123 21 144 151 51 53 1 45 77 78 76 16 17 11 106 107 63 153 31 113 13 108 8 98 99 2 61 25 120 121 48 90 5 6 81 115 15 43 33 138 102 37 27 132 10 147 19 20 40 68 60 46 
90 140 47 160 22 127 63 13 156 69 59 82 83 84 93 126 124 51 52 151 142 11 101 102 72 37 38 110 108 109 131 98 99 21 117 118 119 120 121 24 129 150 50 149 91 92 45 78 76 31 32 33 133 134 135 111 112 3 74 75 34 139 9 152 56 27 132 26 48 49 143 144 145 146 147 54 55 53 88 89 128 42 6 81 115 15 114 64 65 66 67 68 153 154 36 141 35 14 113 70 28 29 97 95 96 60 58 85 86 87 157 158 159 94 7 125 4 79 19 20 18 40 41 103 104 105 106 107 161 73 71 39 2 61 62 25 130 8 122 123 162 23 16 17 116 46 1 77 136 137 138 12 10 100 57 148 43 44 5 155 30 80 
91 156 146 150 127 128 101 74 110 108 60 143 84 159 23 160 88 52 151 51 78 67 133 134 71 14 113 140 34 139 97 99 8 148 82 157 120 121 119 53 54 126 124 125 92 90 20 115 15 137 106 107 63 153 154 12 111 38 39 37 69 70 30 131 25 132 26 27 87 85 117 118 162 147 47 7 93 94 50 149 22 44 46 1 142 40 41 155 64 33 138 32 102 161 35 36 141 75 3 109 62 2 152 56 57 58 59 123 21 122 144 145 83 24 129 89 80 4 81 5 6 76 77 105 103 104 68 66 135 72 73 13 100 9 10 95 96 98 48 49 158 55 116 16 17 18 19 114 31 136 11 112 28 29 130 86 42 43 45 65 61 79 
92 110 147 126 128 22 133 39 140 34 58 117 159 83 55 150 50 151 51 52 115 138 63 153 73 75 3 156 69 70 152 8 98 86 143 144 121 119 120 94 7 160 88 89 90 91 5 142 40 136 68 66 101 102 161 112 12 113 13 14 108 109 61 97 95 26 27 132 122 123 82 157 158 47 146 129 23 24 124 125 127 43 18 19 78 76 77 65 155 107 11 106 134 135 141 35 36 37 38 139 10 100 131 25 130 59 60 49 148 48 118 162 84 53 54 149 79 80 1 45 46 15 114 104 105 103 32 33 154 71 72 74 29 30 28 56 57 99 87 85 145 93 17 116 16 6 81 41 137 31 67 111 62 2 96 21 44 42 20 64 9 4 
93 13 122 90 24 129 32 72 37 38 100 119 49 148 160 22 127 54 55 53 19 104 66 67 140 111 112 3 74 75 98 30 28 162 47 146 86 87 85 126 124 51 52 151 94 7 80 45 46 154 136 137 11 106 107 156 69 36 141 35 14 113 95 27 132 62 2 61 145 143 83 84 159 123 21 150 50 149 91 92 23 40 116 16 6 81 5 161 101 65 155 64 33 138 110 108 109 73 71 39 25 130 59 60 58 9 10 158 82 157 120 121 48 88 89 128 76 77 44 42 43 20 18 135 133 134 105 103 68 34 139 12 56 57 152 99 8 29 117 118 147 125 15 114 115 4 79 1 63 153 31 70 96 97 26 144 41 142 17 102 131 78 
94 37 123 51 129 23 66 141 3 74 9 83 148 48 125 90 91 55 53 54 45 155 11 106 139 73 71 13 14 113 59 28 29 144 119 120 87 85 86 149 150 22 127 128 7 93 42 6 81 153 105 103 32 33 138 70 156 112 12 111 38 39 131 98 99 2 61 62 157 158 47 146 147 21 122 89 160 88 52 151 24 142 4 79 19 20 18 102 161 137 31 136 67 68 109 110 108 35 36 75 152 56 27 132 26 10 100 118 162 117 84 159 49 126 124 92 78 76 16 17 116 46 1 134 135 133 64 65 107 140 34 72 97 95 96 60 58 30 145 143 121 50 115 15 114 43 44 5 154 63 104 69 25 130 8 82 40 41 80 101 57 77 
95 80 125 100 25 130 141 40 116 16 145 94 149 150 98 30 28 56 57 152 105 139 73 71 19 76 77 44 42 43 87 158 82 51 129 23 89 160 88 27 132 62 2 61 96 97 135 137 31 37 70 156 112 12 111 45 46 15 114 115 4 79 121 123 21 162 117 118 90 91 55 53 54 126 124 59 60 58 9 10 131 68 154 63 155 64 65 3 74 109 110 108 35 36 6 81 5 41 142 17 147 47 148 48 49 143 144 22 127 128 7 93 50 99 8 29 107 11 161 101 102 103 104 13 14 113 140 34 72 20 18 78 159 83 84 85 86 157 52 151 24 26 138 32 33 133 134 136 38 39 69 1 119 120 122 92 66 67 153 75 146 106 
96 116 126 62 130 131 73 114 44 42 143 55 150 50 26 100 9 57 152 56 137 110 112 12 18 41 142 80 4 79 148 82 157 92 94 7 160 88 89 58 59 30 28 29 97 95 101 155 64 39 140 34 141 35 36 1 45 77 78 76 16 17 146 87 85 117 118 162 128 22 129 23 24 124 125 8 98 99 2 61 25 67 133 134 105 103 104 75 3 156 69 70 71 72 5 6 81 115 15 43 84 159 123 21 122 144 145 151 51 52 53 54 149 27 132 10 106 107 63 153 154 31 136 113 13 14 108 109 111 19 20 40 120 121 119 48 49 158 90 91 93 60 33 138 32 102 161 65 37 38 139 46 147 47 86 127 68 66 135 74 83 11 
97 44 124 30 131 25 112 78 80 4 144 129 50 149 60 62 2 152 56 57 155 69 141 35 20 115 15 116 16 17 123 157 158 127 55 53 88 89 160 99 8 100 9 10 95 96 153 105 103 38 108 109 73 71 72 46 1 142 40 41 42 43 83 148 48 118 162 117 52 151 94 7 93 125 126 132 26 27 28 29 130 66 102 161 137 31 136 74 75 34 139 140 12 111 81 5 6 76 77 79 119 120 87 85 86 145 143 91 92 90 23 24 150 58 59 61 11 106 134 135 133 64 65 14 113 13 70 156 36 18 19 114 47 146 147 21 122 82 128 22 54 98 32 33 138 154 63 104 39 37 110 45 84 159 49 51 67 68 101 3 121 107 
98 40 52 95 27 132 70 19 76 77 120 89 91 92 100 25 130 59 60 58 161 14 109 110 80 45 46 15 114 115 158 146 147 24 125 126 127 128 22 30 28 56 57 152 99 8 106 135 133 36 38 39 139 140 34 116 16 6 81 5 41 142 48 162 117 84 159 83 54 55 149 150 50 151 51 62 2 61 96 97 26 103 33 138 154 63 153 72 73 74 75 3 156 69 44 42 43 20 18 78 85 86 145 143 144 121 119 93 94 7 160 88 90 9 10 131 31 136 67 68 66 101 102 111 112 12 113 13 108 4 79 1 21 122 123 82 157 47 129 23 124 29 64 65 155 107 11 134 141 35 37 17 49 148 118 53 104 105 32 71 87 137 
99 76 151 56 132 26 109 81 15 114 121 149 92 90 29 95 96 60 58 59 135 75 139 140 79 20 18 40 41 142 145 147 47 53 89 160 128 22 127 61 62 25 130 131 8 98 68 154 63 35 113 13 70 156 69 17 116 46 1 45 77 78 87 158 82 159 83 84 7 93 125 126 124 51 52 10 100 9 57 152 27 105 107 11 161 101 102 71 72 39 37 38 110 108 43 44 42 5 6 115 123 21 162 117 118 119 120 23 24 129 150 50 91 30 28 97 137 31 138 32 33 133 134 12 111 112 3 74 34 80 4 19 148 48 49 143 144 146 54 55 88 2 155 64 65 66 67 153 36 141 14 16 85 86 157 94 103 104 106 73 122 136 
100 19 129 98 30 28 38 80 45 46 148 127 55 53 95 27 132 62 2 61 67 112 74 75 40 116 16 6 81 5 146 87 85 124 52 151 94 7 93 25 130 59 60 58 9 10 137 106 107 69 141 35 14 113 13 76 77 44 42 43 20 18 143 84 159 123 21 122 50 149 91 92 90 23 24 56 57 152 99 8 29 101 155 64 33 138 32 108 109 73 71 72 39 37 15 114 115 4 79 1 82 157 120 121 119 48 49 88 89 160 128 22 54 96 97 26 133 134 105 103 104 68 66 34 139 140 12 111 3 41 142 17 117 118 162 147 47 86 125 126 51 131 63 153 154 31 136 11 70 156 36 78 144 145 83 150 102 161 65 110 158 135 
101 146 78 67 133 134 60 143 84 159 108 20 115 15 137 106 107 63 153 154 128 97 99 8 148 82 157 120 121 119 113 34 139 44 46 1 142 40 41 155 64 33 138 32 102 161 88 151 51 30 131 25 132 26 27 87 85 117 118 162 147 47 111 39 37 69 70 156 80 4 81 5 6 76 77 105 103 104 68 66 135 54 124 125 92 90 91 62 2 152 56 57 58 59 123 21 122 144 145 83 36 141 75 3 74 109 110 116 16 17 18 19 114 31 136 11 93 94 50 149 150 22 127 100 9 10 95 96 98 48 49 158 72 73 71 13 14 140 42 43 45 65 24 129 23 89 160 52 28 29 130 86 112 12 38 79 55 53 126 61 35 7 
102 84 76 33 134 135 99 118 120 121 109 81 15 114 65 67 68 153 154 63 151 56 132 26 49 144 145 146 147 47 75 139 140 79 20 18 40 41 142 104 105 106 107 11 161 101 149 92 90 29 95 96 60 58 59 86 87 157 158 82 159 83 35 113 13 70 156 69 17 116 46 1 45 77 78 136 137 31 138 32 133 53 89 160 128 22 127 61 62 25 130 131 8 98 122 123 21 162 117 119 71 72 39 37 38 110 108 43 44 42 5 6 115 155 64 66 7 93 125 126 124 51 52 10 100 9 57 152 27 148 48 143 12 111 112 3 74 34 80 4 19 103 23 24 129 150 50 91 30 28 97 85 36 141 14 16 54 55 88 2 73 94 
103 158 17 161 31 136 57 48 162 117 72 41 43 44 106 135 133 64 65 155 160 10 96 97 120 85 86 145 143 144 140 111 112 6 77 78 79 80 4 33 138 154 63 153 104 105 93 126 124 27 29 30 130 131 25 146 147 21 122 123 82 157 13 156 69 36 141 35 19 20 114 115 15 116 16 67 68 66 101 102 137 90 24 129 150 50 149 59 60 61 62 2 152 56 84 159 83 49 148 118 37 38 110 108 109 73 71 45 46 1 142 40 42 107 11 134 22 127 54 55 53 88 89 98 99 8 100 9 95 121 119 87 3 74 75 34 139 12 81 5 76 32 51 52 151 94 7 125 132 26 28 47 14 113 70 18 91 92 23 58 39 128 
104 162 116 154 136 137 96 122 145 143 73 114 44 42 32 161 101 65 155 64 126 62 130 131 119 49 148 158 82 157 110 112 12 18 41 142 80 4 79 66 67 135 133 134 105 103 55 150 50 26 100 9 57 152 56 47 146 86 87 85 117 118 39 140 34 141 35 36 1 45 77 78 76 16 17 11 106 107 63 153 31 92 94 7 160 88 89 58 59 30 28 29 97 95 83 84 159 123 21 144 75 3 156 69 70 71 72 5 6 81 115 15 43 33 138 102 128 22 129 23 24 124 125 8 98 99 2 61 25 120 121 48 113 13 14 108 109 111 19 20 40 68 151 51 52 53 54 149 27 132 10 147 37 38 139 46 90 91 93 60 74 127 
105 145 16 135 137 31 130 87 158 82 71 77 42 43 68 154 63 155 64 65 150 28 57 152 121 123 21 162 117 118 156 12 111 46 114 115 4 79 80 107 11 161 101 102 103 104 23 160 88 132 2 61 96 97 95 147 47 148 48 49 143 144 74 110 108 35 36 141 81 5 41 142 40 17 116 138 32 33 133 134 136 91 53 54 126 124 125 60 58 9 10 100 131 25 159 83 84 85 86 157 14 113 140 34 139 72 73 20 18 19 78 76 44 66 67 153 127 128 7 93 94 50 149 99 8 98 29 30 56 119 120 122 38 39 37 69 70 112 1 45 15 106 52 151 51 24 129 89 26 27 62 146 75 3 109 6 92 90 55 59 13 22 
106 48 81 103 33 138 29 120 85 86 113 79 20 18 161 31 136 67 68 66 54 99 61 62 158 146 147 21 122 123 111 39 37 76 17 116 46 1 45 135 133 64 65 155 107 11 128 93 94 56 132 26 10 100 9 162 117 84 159 83 49 148 108 36 141 75 3 74 15 114 43 44 42 5 6 154 63 153 104 105 32 88 151 51 24 129 23 95 96 60 58 59 30 28 145 143 144 121 119 87 34 139 72 73 71 13 14 40 41 142 80 4 19 101 102 137 124 125 92 90 91 55 53 25 130 131 8 98 2 82 157 47 69 70 156 112 12 38 77 78 16 134 50 149 150 22 127 7 57 152 27 118 109 110 35 115 89 160 52 97 140 126 
107 85 5 64 138 32 61 159 21 122 13 43 18 19 134 103 104 68 66 67 93 58 10 100 157 121 119 48 49 148 72 37 38 115 79 80 1 45 46 153 154 31 136 137 11 106 90 24 129 152 8 98 29 30 28 118 162 147 47 146 86 87 140 111 112 3 74 75 142 40 17 116 16 6 81 102 161 101 65 155 33 160 22 127 54 55 53 97 95 26 27 132 62 2 144 145 143 83 84 123 156 69 36 141 35 14 113 78 76 77 44 42 20 135 133 105 126 124 51 52 151 94 7 131 25 130 59 60 9 158 82 120 110 108 109 73 71 39 15 114 4 63 150 50 149 91 92 23 56 57 99 117 34 139 12 41 88 89 128 96 70 125 
108 128 134 113 34 139 159 88 151 51 15 107 153 154 111 39 37 69 70 156 8 157 121 119 54 124 125 92 90 91 1 40 41 64 138 32 102 161 101 36 141 75 3 74 109 110 25 26 27 85 118 162 147 47 146 93 94 50 149 150 22 127 4 5 6 76 77 78 103 104 68 66 67 135 133 72 73 71 13 14 140 2 56 57 58 59 60 21 122 144 145 143 83 84 24 129 23 89 160 52 16 17 18 19 20 114 115 31 136 137 11 106 63 112 12 38 9 10 95 96 97 98 99 48 49 148 158 82 120 55 53 126 42 43 44 45 46 142 65 155 33 35 28 29 30 130 131 132 86 87 117 7 79 80 81 105 61 62 152 123 116 100 
109 151 135 75 139 140 121 149 92 90 114 68 154 63 35 113 13 70 156 69 26 145 147 47 53 89 160 128 22 127 18 41 142 105 107 11 161 101 102 71 72 39 37 38 110 108 96 58 59 87 158 82 159 83 84 7 93 125 126 124 51 52 116 1 45 77 78 76 137 31 138 32 33 133 134 12 111 112 3 74 34 62 130 131 8 98 99 123 21 162 117 118 119 120 23 24 129 150 50 91 44 42 5 6 81 115 15 155 64 65 66 67 153 36 141 14 100 9 57 152 56 27 132 148 48 49 143 144 146 54 55 88 80 4 79 19 20 40 103 104 106 73 30 28 29 97 95 60 85 86 157 94 16 17 46 136 2 61 25 122 43 10 
110 92 133 39 140 34 147 126 128 22 115 138 63 153 73 75 3 156 69 70 58 117 159 83 55 150 50 151 51 52 5 142 40 136 68 66 101 102 161 112 12 113 13 14 108 109 152 8 98 86 143 144 121 119 120 94 7 160 88 89 90 91 43 18 19 78 76 77 65 155 107 11 106 134 135 141 35 36 37 38 139 61 97 95 26 27 132 122 123 82 157 158 47 146 129 23 24 124 125 127 79 80 1 45 46 15 114 104 105 103 32 33 154 71 72 74 10 100 131 25 130 59 60 49 148 48 118 162 84 53 54 149 17 116 16 6 81 41 137 31 67 111 29 30 28 56 57 99 87 85 145 93 44 42 20 64 62 2 96 21 4 9 
111 88 65 108 36 141 118 54 124 125 80 102 104 105 113 34 139 72 73 71 95 49 144 145 128 93 94 50 149 150 40 116 16 33 134 135 136 137 31 39 37 69 70 156 112 12 100 25 130 84 86 87 157 158 82 151 51 24 129 23 89 160 19 76 77 44 42 43 67 68 153 154 63 155 64 75 3 74 109 110 35 98 30 28 56 57 152 120 121 122 123 21 162 117 92 90 91 55 53 126 45 46 15 114 115 4 79 106 107 11 161 101 103 13 14 140 27 132 62 2 61 96 97 146 147 47 148 48 143 22 127 7 6 81 5 41 142 17 138 32 133 38 59 60 58 9 10 131 159 83 85 52 20 18 78 66 99 8 29 119 1 26 
112 124 155 69 141 35 144 129 50 149 4 153 105 103 38 108 109 73 71 72 25 123 157 158 127 55 53 88 89 160 15 16 17 66 102 161 137 31 136 74 75 34 139 140 12 111 2 56 57 83 148 48 118 162 117 52 151 94 7 93 125 126 1 40 41 42 43 44 11 106 134 135 133 64 65 14 113 13 70 156 36 8 9 10 95 96 97 119 120 87 85 86 145 143 91 92 90 23 24 150 5 6 76 77 78 79 80 32 33 138 154 63 104 39 37 110 26 27 28 29 30 130 131 47 146 147 21 122 82 128 22 54 18 19 20 114 115 116 67 68 101 3 58 59 60 61 62 152 84 159 49 51 45 46 142 107 98 99 100 121 81 132 
113 54 138 111 39 37 86 128 93 94 18 136 68 66 108 36 141 75 3 74 62 147 122 123 88 151 51 24 129 23 116 1 45 133 65 155 107 11 106 34 139 72 73 71 13 14 26 100 9 117 159 83 49 148 48 124 125 92 90 91 55 53 114 44 42 5 6 81 63 153 104 105 103 32 33 69 70 156 112 12 38 96 58 59 30 28 29 143 144 121 119 120 87 85 50 149 150 22 127 7 41 142 80 4 79 19 20 101 102 161 137 31 67 109 110 35 130 131 8 98 99 2 61 82 157 158 47 146 21 89 160 52 77 78 76 16 17 46 134 135 64 140 57 152 56 27 132 10 118 162 84 126 115 15 43 154 97 95 60 145 40 25 
114 26 140 18 41 142 90 96 58 59 63 13 156 69 116 1 45 77 78 76 47 160 22 127 62 130 131 8 98 99 11 101 102 72 37 38 110 108 109 44 42 5 6 81 115 15 82 83 84 93 126 124 51 52 151 100 9 57 152 56 27 132 31 32 33 133 134 135 111 112 3 74 75 34 139 80 4 79 19 20 40 21 117 118 119 120 121 24 129 150 50 149 91 92 30 28 29 97 95 60 64 65 66 67 68 153 154 36 141 35 14 113 70 16 17 46 48 49 143 144 145 146 147 54 55 53 88 89 128 2 61 25 103 104 105 106 107 161 73 71 39 43 85 86 87 157 158 159 94 7 125 10 136 137 138 12 122 123 162 23 155 148 
115 58 34 5 142 40 22 152 8 98 153 3 69 70 43 18 19 78 76 77 83 50 51 52 61 97 95 26 27 132 66 102 161 12 13 14 108 109 110 79 80 1 45 46 15 114 144 119 120 7 88 89 90 91 92 10 100 131 25 130 59 60 155 11 106 134 135 133 35 36 37 38 39 139 140 17 116 16 6 81 41 123 157 158 47 146 147 23 24 124 125 126 127 128 29 30 28 56 57 99 105 103 32 33 138 154 63 71 72 73 74 75 156 44 42 20 148 48 118 162 117 84 159 53 54 55 149 150 151 62 2 96 137 31 136 67 68 101 111 112 113 4 87 85 86 145 143 121 93 94 160 9 64 65 107 141 21 122 82 129 104 49 
116 96 73 114 44 42 126 62 130 131 137 110 112 12 18 41 142 80 4 79 143 55 150 50 26 100 9 57 152 56 101 155 64 39 140 34 141 35 36 1 45 77 78 76 16 17 148 82 157 92 94 7 160 88 89 58 59 30 28 29 97 95 67 133 134 105 103 104 75 3 156 69 70 71 72 5 6 81 115 15 43 146 87 85 117 118 162 128 22 129 23 24 124 125 8 98 99 2 61 25 106 107 63 153 154 31 136 113 13 14 108 109 111 19 20 40 84 159 123 21 122 144 145 151 51 52 53 54 149 27 132 10 33 138 32 102 161 65 37 38 139 46 120 121 119 48 49 158 90 91 93 60 68 66 135 74 147 47 86 127 11 83 
117 136 97 86 143 144 44 133 65 155 124 30 131 25 147 122 123 82 157 158 112 78 80 4 138 63 153 104 105 103 129 50 149 60 62 2 152 56 57 159 83 49 148 48 118 162 69 141 35 20 115 15 116 16 17 68 66 101 102 161 137 31 127 55 53 88 89 160 99 8 100 9 10 95 96 121 119 120 87 85 145 38 108 109 73 71 72 46 1 142 40 41 42 43 107 11 106 134 135 64 52 151 94 7 93 125 126 132 26 27 28 29 130 47 146 21 74 75 34 139 140 12 111 81 5 6 76 77 79 32 33 154 91 92 90 23 24 150 58 59 61 84 14 113 13 70 156 36 18 19 114 67 128 22 54 98 39 37 110 45 51 3 
118 65 95 49 144 145 80 102 104 105 125 100 25 130 84 86 87 157 158 82 141 40 116 16 33 134 135 136 137 31 94 149 150 98 30 28 56 57 152 120 121 122 123 21 162 117 139 73 71 19 76 77 44 42 43 67 68 153 154 63 155 64 51 129 23 89 160 88 27 132 62 2 61 96 97 146 147 47 148 48 143 37 70 156 112 12 111 45 46 15 114 115 4 79 106 107 11 161 101 103 90 91 55 53 54 126 124 59 60 58 9 10 131 159 83 85 3 74 109 110 108 35 36 6 81 5 41 142 17 138 32 133 22 127 128 7 93 50 99 8 29 119 13 14 113 140 34 72 20 18 78 66 52 151 24 26 38 39 69 1 92 75 
119 154 27 162 47 146 41 32 161 101 91 57 59 60 122 145 143 83 84 159 156 6 77 78 104 66 67 135 133 134 150 127 128 10 96 97 98 99 8 49 148 158 82 157 120 121 74 110 108 17 19 20 114 115 15 136 137 11 106 107 63 153 23 160 88 52 151 51 29 30 130 131 25 132 26 86 87 85 117 118 147 71 14 113 140 34 139 43 44 45 46 1 142 40 65 155 64 33 138 102 53 54 126 124 125 92 90 61 62 2 152 56 58 123 21 144 12 111 38 39 37 69 70 79 80 4 81 5 76 105 103 68 7 93 94 50 149 22 100 9 95 48 35 36 141 75 3 109 116 16 18 31 24 129 89 28 72 73 13 42 55 112 
120 161 132 158 146 147 77 106 135 133 92 130 60 58 48 162 117 84 159 83 110 46 114 115 103 33 138 154 63 153 126 128 22 28 57 152 99 8 98 85 86 145 143 144 121 119 39 140 34 16 81 5 41 142 40 31 136 67 68 66 101 102 55 150 50 151 51 52 2 61 96 97 95 26 27 21 122 123 82 157 47 73 75 3 156 69 70 42 43 20 18 19 78 76 64 65 155 107 11 134 94 7 160 88 89 90 91 9 10 100 131 25 59 49 148 118 112 12 113 13 14 108 109 4 79 80 1 45 15 104 105 32 129 23 24 124 125 127 29 30 56 87 141 35 36 37 38 139 17 116 6 137 53 54 149 62 71 72 74 44 93 111 
121 135 26 145 147 47 114 68 154 63 90 96 58 59 87 158 82 159 83 84 140 18 41 142 105 107 11 161 101 102 160 22 127 62 130 131 8 98 99 123 21 162 117 118 119 120 13 156 69 116 1 45 77 78 76 137 31 138 32 33 133 134 93 126 124 51 52 151 100 9 57 152 56 27 132 148 48 49 143 144 146 72 37 38 110 108 109 44 42 5 6 81 115 15 155 64 65 66 67 153 24 129 150 50 149 91 92 30 28 29 97 95 60 85 86 157 111 112 3 74 75 34 139 80 4 79 19 20 40 103 104 106 54 55 53 88 89 128 2 61 25 122 36 141 35 14 113 70 16 17 46 136 94 7 125 10 73 71 39 43 23 12 
122 32 100 119 49 148 19 104 66 67 129 98 30 28 162 47 146 86 87 85 38 80 45 46 154 136 137 11 106 107 127 55 53 95 27 132 62 2 61 145 143 83 84 159 123 21 112 74 75 40 116 16 6 81 5 161 101 65 155 64 33 138 124 52 151 94 7 93 25 130 59 60 58 9 10 158 82 157 120 121 48 69 141 35 14 113 13 76 77 44 42 43 20 18 135 133 134 105 103 68 50 149 91 92 90 23 24 56 57 152 99 8 29 117 118 147 108 109 73 71 72 39 37 15 114 115 4 79 1 63 153 31 88 89 160 128 22 54 96 97 26 144 34 139 140 12 111 3 41 142 17 102 125 126 51 131 70 156 36 78 150 110 
123 66 9 83 148 48 45 155 11 106 23 59 28 29 144 119 120 87 85 86 74 42 6 81 153 105 103 32 33 138 91 53 54 131 98 99 2 61 62 157 158 47 146 147 21 122 71 14 113 142 4 79 19 20 18 102 161 137 31 136 67 68 150 127 128 7 93 94 152 56 27 132 26 10 100 118 162 117 84 159 49 156 12 111 38 39 37 78 76 16 17 116 46 1 134 135 133 64 65 107 160 88 52 151 51 24 129 97 95 96 60 58 30 145 143 121 110 108 35 36 141 75 3 115 15 114 43 44 5 154 63 104 126 124 125 92 90 55 25 130 8 82 140 34 139 72 73 13 40 41 80 101 50 149 22 57 69 70 112 77 89 109 
124 112 144 129 50 149 155 69 141 35 25 123 157 158 127 55 53 88 89 160 4 153 105 103 38 108 109 73 71 72 2 56 57 83 148 48 118 162 117 52 151 94 7 93 125 126 15 16 17 66 102 161 137 31 136 74 75 34 139 140 12 111 8 9 10 95 96 97 119 120 87 85 86 145 143 91 92 90 23 24 150 1 40 41 42 43 44 11 106 134 135 133 64 65 14 113 13 70 156 36 26 27 28 29 30 130 131 47 146 147 21 122 82 128 22 54 5 6 76 77 78 79 80 32 33 138 154 63 104 39 37 110 58 59 60 61 62 152 84 159 49 51 18 19 20 114 115 116 67 68 101 3 98 99 100 121 45 46 142 107 132 81 
125 141 145 94 149 150 105 139 73 71 130 87 158 82 51 129 23 89 160 88 16 135 137 31 37 70 156 112 12 111 28 57 152 121 123 21 162 117 118 90 91 55 53 54 126 124 77 42 43 68 154 63 155 64 65 3 74 109 110 108 35 36 132 2 61 96 97 95 147 47 148 48 49 143 144 22 127 128 7 93 50 46 114 115 4 79 80 107 11 161 101 102 103 104 13 14 113 140 34 72 60 58 9 10 100 131 25 159 83 84 85 86 157 52 151 24 81 5 41 142 40 17 116 138 32 33 133 134 136 38 39 69 99 8 98 29 30 56 119 120 122 92 20 18 19 78 76 44 66 67 153 75 26 27 62 146 1 45 15 106 59 6 
126 73 143 55 150 50 137 110 112 12 131 148 82 157 92 94 7 160 88 89 42 101 155 64 39 140 34 141 35 36 9 152 56 146 87 85 117 118 162 128 22 129 23 24 124 125 142 4 79 67 133 134 105 103 104 75 3 156 69 70 71 72 59 28 29 97 95 96 84 159 123 21 122 144 145 151 51 52 53 54 149 45 78 76 16 17 116 106 107 63 153 154 31 136 113 13 14 108 109 111 98 99 2 61 62 25 130 120 121 119 48 49 158 90 91 93 6 81 115 15 114 43 44 33 138 32 102 161 65 37 38 139 27 132 26 10 100 57 147 47 86 127 19 20 18 40 41 80 68 66 135 74 60 58 30 83 46 1 77 11 8 5 
127 69 84 124 52 151 102 38 108 109 99 118 120 121 129 50 149 91 92 90 76 33 134 135 112 74 75 34 139 140 56 132 26 49 144 145 146 147 47 55 53 88 89 160 128 22 81 15 114 65 67 68 153 154 63 141 35 14 113 13 70 156 29 95 96 60 58 59 86 87 157 158 82 159 83 94 7 93 125 126 51 79 20 18 40 41 142 104 105 106 107 11 161 101 73 71 72 39 37 110 61 62 25 130 131 8 98 122 123 21 162 117 119 23 24 150 17 116 46 1 45 77 78 136 137 31 138 32 133 12 111 3 10 100 9 57 152 27 148 48 143 54 43 44 42 5 6 115 155 64 66 36 30 28 97 85 80 4 19 103 2 16 
128 108 159 88 151 51 134 113 34 139 8 157 121 119 54 124 125 92 90 91 15 107 153 154 111 39 37 69 70 156 25 26 27 85 118 162 147 47 146 93 94 50 149 150 22 127 1 40 41 64 138 32 102 161 101 36 141 75 3 74 109 110 2 56 57 58 59 60 21 122 144 145 143 83 84 24 129 23 89 160 52 4 5 6 76 77 78 103 104 68 66 67 135 133 72 73 71 13 14 140 9 10 95 96 97 98 99 48 49 148 158 82 120 55 53 126 16 17 18 19 20 114 115 31 136 137 11 106 63 112 12 38 28 29 30 130 131 132 86 87 117 7 42 43 44 45 46 142 65 155 33 35 61 62 152 123 79 80 81 105 100 116 
129 38 148 127 55 53 67 112 74 75 28 146 87 85 124 52 151 94 7 93 46 137 106 107 69 141 35 14 113 13 132 2 61 143 84 159 123 21 122 50 149 91 92 90 23 24 16 81 5 101 155 64 33 138 32 108 109 73 71 72 39 37 130 60 58 9 10 100 82 157 120 121 119 48 49 88 89 160 128 22 54 77 42 43 20 18 19 133 134 105 103 104 68 66 34 139 140 12 111 3 57 152 99 8 98 29 30 117 118 162 147 47 86 125 126 51 114 115 4 79 80 1 45 63 153 154 31 136 11 70 156 36 96 97 95 26 27 62 144 145 83 150 41 142 40 17 116 6 102 161 65 110 131 25 59 158 78 76 44 135 56 15 
130 16 150 28 57 152 71 77 42 43 82 23 160 88 132 2 61 96 97 95 31 156 12 111 46 114 115 4 79 80 21 117 118 91 53 54 126 124 125 60 58 9 10 100 131 25 63 64 65 74 110 108 35 36 141 81 5 41 142 40 17 116 47 48 49 143 144 145 127 128 7 93 94 50 149 99 8 98 29 30 56 11 101 102 103 104 105 14 113 140 34 139 72 73 20 18 19 78 76 44 83 84 85 86 87 157 158 52 151 51 24 129 89 26 27 62 32 33 133 134 135 136 137 38 39 37 69 70 112 1 45 15 119 120 121 122 123 162 92 90 55 59 66 67 68 153 154 155 75 3 109 6 146 147 148 22 106 107 161 13 159 138 
131 42 50 9 152 56 12 142 4 79 157 7 88 89 59 28 29 97 95 96 64 34 35 36 45 78 76 16 17 116 85 118 162 22 23 24 124 125 126 98 99 2 61 62 25 130 134 103 104 3 69 70 71 72 73 6 81 115 15 114 43 44 159 21 122 144 145 143 51 52 53 54 55 149 150 27 132 26 10 100 57 107 153 154 31 136 137 13 14 108 109 110 111 112 19 20 18 40 41 80 121 119 48 49 148 158 82 90 91 92 93 94 160 60 58 30 138 32 102 161 101 65 155 37 38 39 139 140 141 46 1 77 147 47 146 86 87 117 127 128 129 8 68 66 67 135 133 105 74 75 156 5 83 84 123 151 11 106 63 113 120 33 
132 77 92 130 60 58 110 46 114 115 147 126 128 22 28 57 152 99 8 98 133 39 140 34 16 81 5 41 142 40 117 159 83 55 150 50 151 51 52 2 61 96 97 95 26 27 138 63 153 73 75 3 156 69 70 42 43 20 18 19 78 76 86 143 144 121 119 120 94 7 160 88 89 90 91 9 10 100 131 25 59 136 68 66 101 102 161 112 12 113 13 14 108 109 4 79 80 1 45 15 122 123 82 157 158 47 146 129 23 24 124 125 127 29 30 56 65 155 107 11 106 134 135 141 35 36 37 38 139 17 116 6 49 148 48 118 162 84 53 54 149 62 104 105 103 32 33 154 71 72 74 44 87 85 145 93 137 31 67 111 21 64 
133 147 115 138 63 153 58 117 159 83 34 5 142 40 136 68 66 101 102 161 22 152 8 98 86 143 144 121 119 120 3 69 70 43 18 19 78 76 77 65 155 107 11 106 134 135 50 51 52 61 97 95 26 27 132 122 123 82 157 158 47 146 12 13 14 108 109 110 79 80 1 45 46 15 114 104 105 103 32 33 154 7 88 89 90 91 92 10 100 131 25 130 59 60 49 148 48 118 162 84 35 36 37 38 39 139 140 17 116 16 6 81 41 137 31 67 23 24 124 125 126 127 128 29 30 28 56 57 99 87 85 145 71 72 73 74 75 156 44 42 20 64 53 54 55 149 150 151 62 2 96 21 111 112 113 4 93 94 160 9 141 129 
134 159 15 107 153 154 8 157 121 119 139 1 40 41 64 138 32 102 161 101 51 25 26 27 85 118 162 147 47 146 37 70 156 4 5 6 76 77 78 103 104 68 66 67 135 133 125 90 91 2 56 57 58 59 60 21 122 144 145 143 83 84 141 3 74 109 110 108 16 17 18 19 20 114 115 31 136 137 11 106 63 94 149 150 22 127 128 9 10 95 96 97 98 99 48 49 148 158 82 120 73 71 13 14 113 140 34 42 43 44 45 46 142 65 155 33 129 23 89 160 88 52 151 28 29 30 130 131 132 86 87 117 112 12 111 38 39 69 79 80 81 105 55 53 54 126 124 92 61 62 152 123 35 36 75 116 7 93 50 100 72 24 
135 121 114 68 154 63 26 145 147 47 140 18 41 142 105 107 11 161 101 102 90 96 58 59 87 158 82 159 83 84 13 156 69 116 1 45 77 78 76 137 31 138 32 33 133 134 160 22 127 62 130 131 8 98 99 123 21 162 117 118 119 120 72 37 38 110 108 109 44 42 5 6 81 115 15 155 64 65 66 67 153 93 126 124 51 52 151 100 9 57 152 56 27 132 148 48 49 143 144 146 111 112 3 74 75 34 139 80 4 79 19 20 40 103 104 106 24 129 150 50 149 91 92 30 28 29 97 95 60 85 86 157 36 141 35 14 113 70 16 17 46 136 54 55 53 88 89 128 2 61 25 122 73 71 39 43 94 7 125 10 12 23 
136 117 44 133 65 155 97 86 143 144 112 78 80 4 138 63 153 104 105 103 124 30 131 25 147 122 123 82 157 158 69 141 35 20 115 15 116 16 17 68 66 101 102 161 137 31 129 50 149 60 62 2 152 56 57 159 83 49 148 48 118 162 38 108 109 73 71 72 46 1 142 40 41 42 43 107 11 106 134 135 64 127 55 53 88 89 160 99 8 100 9 10 95 96 121 119 120 87 85 145 74 75 34 139 140 12 111 81 5 6 76 77 79 32 33 154 52 151 94 7 93 125 126 132 26 27 28 29 130 47 146 21 14 113 13 70 156 36 18 19 114 67 91 92 90 23 24 150 58 59 61 84 39 37 110 45 128 22 54 98 3 51 
137 143 42 101 155 64 131 148 82 157 12 142 4 79 67 133 134 105 103 104 50 9 152 56 146 87 85 117 118 162 34 35 36 45 78 76 16 17 116 106 107 63 153 154 31 136 7 88 89 59 28 29 97 95 96 84 159 123 21 122 144 145 3 69 70 71 72 73 6 81 115 15 114 43 44 33 138 32 102 161 65 22 23 24 124 125 126 98 99 2 61 62 25 130 120 121 119 48 49 158 13 14 108 109 110 111 112 19 20 18 40 41 80 68 66 135 51 52 53 54 55 149 150 27 132 26 10 100 57 147 47 86 37 38 39 139 140 141 46 1 77 11 90 91 92 93 94 160 60 58 30 83 74 75 156 5 127 128 129 8 113 151 
138 86 18 136 68 66 62 147 122 123 37 116 1 45 133 65 155 107 11 106 94 26 100 9 117 159 83 49 148 48 141 3 74 114 44 42 5 6 81 63 153 104 105 103 32 33 51 129 23 96 58 59 30 28 29 143 144 121 119 120 87 85 139 73 71 13 14 113 41 142 80 4 79 19 20 101 102 161 137 31 67 125 90 91 55 53 54 130 131 8 98 99 2 61 82 157 158 47 146 21 70 156 112 12 111 38 39 77 78 76 16 17 46 134 135 64 149 150 22 127 128 7 93 57 152 56 27 132 10 118 162 84 109 110 108 35 36 75 115 15 43 154 89 160 88 52 151 24 97 95 60 145 140 34 72 40 126 124 92 25 69 50 
139 51 154 37 70 156 119 125 90 91 41 32 161 101 141 3 74 109 110 108 27 162 47 146 94 149 150 22 127 128 6 77 78 104 66 67 135 133 134 73 71 13 14 113 140 34 57 59 60 122 145 143 83 84 159 129 23 89 160 88 52 151 17 19 20 114 115 15 136 137 11 106 107 63 153 112 12 111 38 39 69 10 96 97 98 99 8 49 148 158 82 157 120 121 55 53 54 126 124 92 43 44 45 46 1 142 40 65 155 64 33 138 102 35 36 75 29 30 130 131 25 132 26 86 87 85 117 118 147 7 93 50 79 80 4 81 5 76 105 103 68 72 61 62 2 152 56 58 123 21 144 24 116 16 18 31 100 9 95 48 42 28 
140 90 63 13 156 69 47 160 22 127 142 11 101 102 72 37 38 110 108 109 59 82 83 84 93 126 124 51 52 151 45 78 76 31 32 33 133 134 135 111 112 3 74 75 34 139 131 98 99 21 117 118 119 120 121 24 129 150 50 149 91 92 42 6 81 115 15 114 64 65 66 67 68 153 154 36 141 35 14 113 70 9 152 56 27 132 26 48 49 143 144 145 146 147 54 55 53 88 89 128 4 79 19 20 18 40 41 103 104 105 106 107 161 73 71 39 28 29 97 95 96 60 58 85 86 87 157 158 159 94 7 125 16 17 116 46 1 77 136 137 138 12 2 61 62 25 130 8 122 123 162 23 43 44 5 155 10 100 57 148 80 30 
141 125 105 139 73 71 145 94 149 150 16 135 137 31 37 70 156 112 12 111 130 87 158 82 51 129 23 89 160 88 77 42 43 68 154 63 155 64 65 3 74 109 110 108 35 36 28 57 152 121 123 21 162 117 118 90 91 55 53 54 126 124 46 114 115 4 79 80 107 11 161 101 102 103 104 13 14 113 140 34 72 132 2 61 96 97 95 147 47 148 48 49 143 144 22 127 128 7 93 50 81 5 41 142 40 17 116 138 32 33 133 134 136 38 39 69 60 58 9 10 100 131 25 159 83 84 85 86 157 52 151 24 20 18 19 78 76 44 66 67 153 75 99 8 98 29 30 56 119 120 122 92 1 45 15 106 26 27 62 146 6 59 
142 59 69 45 78 76 127 131 98 99 102 38 108 109 42 6 81 115 15 114 84 124 52 151 9 152 56 27 132 26 33 134 135 112 74 75 34 139 140 4 79 19 20 18 40 41 118 120 121 129 50 149 91 92 90 28 29 97 95 96 60 58 65 67 68 153 154 63 141 35 14 113 13 70 156 16 17 116 46 1 77 49 144 145 146 147 47 55 53 88 89 160 128 22 2 61 62 25 130 8 104 105 106 107 11 161 101 73 71 72 39 37 110 43 44 5 86 87 157 158 82 159 83 94 7 93 125 126 51 10 100 57 136 137 31 138 32 133 12 111 3 80 122 123 21 162 117 119 23 24 150 30 155 64 66 36 148 48 143 54 103 85 
143 137 131 148 82 157 42 101 155 64 50 9 152 56 146 87 85 117 118 162 12 142 4 79 67 133 134 105 103 104 7 88 89 59 28 29 97 95 96 84 159 123 21 122 144 145 34 35 36 45 78 76 16 17 116 106 107 63 153 154 31 136 22 23 24 124 125 126 98 99 2 61 62 25 130 120 121 119 48 49 158 3 69 70 71 72 73 6 81 115 15 114 43 44 33 138 32 102 161 65 51 52 53 54 55 149 150 27 132 26 10 100 57 147 47 86 13 14 108 109 110 111 112 19 20 18 40 41 80 68 66 135 90 91 92 93 94 160 60 58 30 83 37 38 39 139 140 141 46 1 77 11 127 128 129 8 74 75 156 5 151 113 
144 155 25 123 157 158 4 153 105 103 149 2 56 57 83 148 48 118 162 117 35 15 16 17 66 102 161 137 31 136 53 89 160 8 9 10 95 96 97 119 120 87 85 86 145 143 109 71 72 1 40 41 42 43 44 11 106 134 135 133 64 65 151 7 93 125 126 124 26 27 28 29 30 130 131 47 146 147 21 122 82 75 139 140 12 111 112 5 6 76 77 78 79 80 32 33 138 154 63 104 92 90 23 24 129 150 50 58 59 60 61 62 152 84 159 49 113 13 70 156 69 36 141 18 19 20 114 115 116 67 68 101 128 22 127 54 55 88 98 99 100 121 39 37 38 110 108 73 45 46 142 107 51 52 94 132 3 74 34 81 91 14 
145 105 130 87 158 82 16 135 137 31 150 28 57 152 121 123 21 162 117 118 71 77 42 43 68 154 63 155 64 65 23 160 88 132 2 61 96 97 95 147 47 148 48 49 143 144 156 12 111 46 114 115 4 79 80 107 11 161 101 102 103 104 91 53 54 126 124 125 60 58 9 10 100 131 25 159 83 84 85 86 157 74 110 108 35 36 141 81 5 41 142 40 17 116 138 32 33 133 134 136 127 128 7 93 94 50 149 99 8 98 29 30 56 119 120 122 14 113 140 34 139 72 73 20 18 19 78 76 44 66 67 153 52 151 51 24 129 89 26 27 62 146 38 39 37 69 70 112 1 45 15 106 92 90 55 59 75 3 109 6 22 13 
146 101 60 143 84 159 78 67 133 134 128 97 99 8 148 82 157 120 121 119 108 20 115 15 137 106 107 63 153 154 88 151 51 30 131 25 132 26 27 87 85 117 118 162 147 47 113 34 139 44 46 1 142 40 41 155 64 33 138 32 102 161 54 124 125 92 90 91 62 2 152 56 57 58 59 123 21 122 144 145 83 111 39 37 69 70 156 80 4 81 5 6 76 77 105 103 104 68 66 135 93 94 50 149 150 22 127 100 9 10 95 96 98 48 49 158 36 141 75 3 74 109 110 116 16 17 18 19 114 31 136 11 24 129 23 89 160 52 28 29 130 86 72 73 71 13 14 140 42 43 45 65 55 53 126 61 112 12 38 79 7 35 
147 133 58 117 159 83 115 138 63 153 22 152 8 98 86 143 144 121 119 120 34 5 142 40 136 68 66 101 102 161 50 51 52 61 97 95 26 27 132 122 123 82 157 158 47 146 3 69 70 43 18 19 78 76 77 65 155 107 11 106 134 135 7 88 89 90 91 92 10 100 131 25 130 59 60 49 148 48 118 162 84 12 13 14 108 109 110 79 80 1 45 46 15 114 104 105 103 32 33 154 23 24 124 125 126 127 128 29 30 28 56 57 99 87 85 145 35 36 37 38 39 139 140 17 116 16 6 81 41 137 31 67 53 54 55 149 150 151 62 2 96 21 71 72 73 74 75 156 44 42 20 64 93 94 160 9 111 112 113 4 129 141 
148 67 28 146 87 85 46 137 106 107 53 132 2 61 143 84 159 123 21 122 75 16 81 5 101 155 64 33 138 32 151 7 93 130 60 58 9 10 100 82 157 120 121 119 48 49 35 113 13 77 42 43 20 18 19 133 134 105 103 104 68 66 149 92 90 23 24 129 57 152 99 8 98 29 30 117 118 162 147 47 86 109 71 72 39 37 38 114 115 4 79 80 1 45 63 153 154 31 136 11 89 160 128 22 127 54 55 96 97 95 26 27 62 144 145 83 139 140 12 111 112 3 74 41 142 40 17 116 6 102 161 65 125 126 124 51 52 94 131 25 59 158 70 156 69 36 141 14 78 76 44 135 150 50 91 56 110 108 73 15 88 34 
149 35 158 53 89 160 103 109 71 72 57 48 162 117 151 7 93 125 126 124 17 161 31 136 75 139 140 12 111 112 10 96 97 120 85 86 145 143 144 92 90 23 24 129 150 50 41 43 44 106 135 133 64 65 155 113 13 70 156 69 36 141 27 29 30 130 131 25 146 147 21 122 123 82 157 128 22 127 54 55 88 6 77 78 79 80 4 33 138 154 63 153 104 105 39 37 38 110 108 73 59 60 61 62 2 152 56 84 159 83 49 148 118 51 52 94 19 20 114 115 15 116 16 67 68 66 101 102 137 3 74 34 98 99 8 100 9 95 121 119 87 91 45 46 1 142 40 42 107 11 134 14 132 26 28 47 81 5 76 32 58 18 
150 71 82 23 160 88 31 156 12 111 152 21 117 118 91 53 54 126 124 125 43 63 64 65 74 110 108 35 36 141 61 97 95 47 48 49 143 144 145 127 128 7 93 94 50 149 115 79 80 11 101 102 103 104 105 14 113 140 34 139 72 73 58 10 100 131 25 130 83 84 85 86 87 157 158 52 151 51 24 129 89 5 142 40 17 116 16 32 33 133 134 135 136 137 38 39 37 69 70 112 8 98 29 30 28 56 57 119 120 121 122 123 162 92 90 55 18 19 78 76 77 44 42 66 67 68 153 154 155 75 3 109 26 27 132 62 2 96 146 147 148 22 1 45 46 15 114 4 106 107 161 13 59 60 9 159 6 81 41 138 99 20 
151 109 121 149 92 90 135 75 139 140 26 145 147 47 53 89 160 128 22 127 114 68 154 63 35 113 13 70 156 69 96 58 59 87 158 82 159 83 84 7 93 125 126 124 51 52 18 41 142 105 107 11 161 101 102 71 72 39 37 38 110 108 62 130 131 8 98 99 123 21 162 117 118 119 120 23 24 129 150 50 91 116 1 45 77 78 76 137 31 138 32 33 133 134 12 111 112 3 74 34 100 9 57 152 56 27 132 148 48 49 143 144 146 54 55 88 44 42 5 6 81 115 15 155 64 65 66 67 153 36 141 14 30 28 29 97 95 60 85 86 157 94 80 4 79 19 20 40 103 104 106 73 2 61 25 122 16 17 46 136 10 43 
152 43 88 61 97 95 111 115 79 80 118 54 124 125 58 10 100 131 25 130 65 108 36 141 5 142 40 17 116 16 49 144 145 128 93 94 50 149 150 8 98 29 30 28 56 57 102 104 105 113 34 139 72 73 71 18 19 78 76 77 44 42 84 86 87 157 158 82 151 51 24 129 23 89 160 26 27 132 62 2 96 33 134 135 136 137 31 39 37 69 70 156 112 12 1 45 46 15 114 4 120 121 122 123 21 162 117 92 90 91 55 53 126 59 60 9 67 68 153 154 63 155 64 75 3 74 109 110 35 6 81 41 146 147 47 148 48 143 22 127 7 99 106 107 11 161 101 103 13 14 140 20 159 83 85 52 138 32 133 38 119 66 
153 83 40 66 102 161 98 144 119 120 70 19 76 77 155 11 106 134 135 133 52 95 27 132 123 157 158 47 146 147 14 109 110 80 45 46 15 114 115 105 103 32 33 138 154 63 89 91 92 100 25 130 59 60 58 148 48 118 162 117 84 159 36 38 39 139 140 34 116 16 6 81 5 41 142 137 31 136 67 68 101 24 125 126 127 128 22 30 28 56 57 152 99 8 87 85 86 145 143 121 72 73 74 75 3 156 69 44 42 43 20 18 78 64 65 107 54 55 149 150 50 151 51 62 2 61 96 97 26 21 122 82 111 112 12 113 13 108 4 79 1 104 93 94 7 160 88 90 9 10 131 49 141 35 37 17 129 23 124 29 71 53 
154 119 41 32 161 101 27 162 47 146 156 6 77 78 104 66 67 135 133 134 91 57 59 60 122 145 143 83 84 159 74 110 108 17 19 20 114 115 15 136 137 11 106 107 63 153 150 127 128 10 96 97 98 99 8 49 148 158 82 157 120 121 71 14 113 140 34 139 43 44 45 46 1 142 40 65 155 64 33 138 102 23 160 88 52 151 51 29 30 130 131 25 132 26 86 87 85 117 118 147 12 111 38 39 37 69 70 79 80 4 81 5 76 105 103 68 53 54 126 124 125 92 90 61 62 2 152 56 58 123 21 144 35 36 141 75 3 109 116 16 18 31 7 93 94 50 149 22 100 9 95 48 72 73 13 42 24 129 89 28 112 55 
155 144 4 153 105 103 25 123 157 158 35 15 16 17 66 102 161 137 31 136 149 2 56 57 83 148 48 118 162 117 109 71 72 1 40 41 42 43 44 11 106 134 135 133 64 65 53 89 160 8 9 10 95 96 97 119 120 87 85 86 145 143 75 139 140 12 111 112 5 6 76 77 78 79 80 32 33 138 154 63 104 151 7 93 125 126 124 26 27 28 29 30 130 131 47 146 147 21 122 82 113 13 70 156 69 36 141 18 19 20 114 115 116 67 68 101 92 90 23 24 129 150 50 58 59 60 61 62 152 84 159 49 39 37 38 110 108 73 45 46 142 107 128 22 127 54 55 88 98 99 100 121 3 74 34 81 51 52 94 132 14 91 
156 91 101 74 110 108 146 150 127 128 78 67 133 134 71 14 113 140 34 139 60 143 84 159 23 160 88 52 151 51 20 115 15 137 106 107 63 153 154 12 111 38 39 37 69 70 97 99 8 148 82 157 120 121 119 53 54 126 124 125 92 90 44 46 1 142 40 41 155 64 33 138 32 102 161 35 36 141 75 3 109 30 131 25 132 26 27 87 85 117 118 162 147 47 7 93 94 50 149 22 80 4 81 5 6 76 77 105 103 104 68 66 135 72 73 13 62 2 152 56 57 58 59 123 21 122 144 145 83 24 129 89 116 16 17 18 19 114 31 136 11 112 100 9 10 95 96 98 48 49 158 55 42 43 45 65 28 29 130 86 79 61 
157 64 56 85 118 162 79 134 103 104 89 29 95 96 159 21 122 144 145 143 36 76 17 116 107 153 154 31 136 137 24 125 126 99 61 62 25 130 131 121 119 48 49 148 158 82 70 72 73 81 15 114 43 44 42 138 32 102 161 101 65 155 52 54 55 149 150 50 132 26 10 100 9 57 152 147 47 146 86 87 117 14 109 110 111 112 12 20 18 40 41 142 80 4 68 66 67 135 133 105 91 92 93 94 7 160 88 60 58 59 30 28 97 83 84 123 38 39 139 140 34 141 35 46 1 45 77 78 16 11 106 63 127 128 22 129 23 124 8 98 2 120 74 75 3 156 69 71 5 6 115 33 151 51 53 27 113 13 108 19 90 37 
158 103 57 48 162 117 17 161 31 136 160 10 96 97 120 85 86 145 143 144 72 41 43 44 106 135 133 64 65 155 93 126 124 27 29 30 130 131 25 146 147 21 122 123 82 157 140 111 112 6 77 78 79 80 4 33 138 154 63 153 104 105 90 24 129 150 50 149 59 60 61 62 2 152 56 84 159 83 49 148 118 13 156 69 36 141 35 19 20 114 115 15 116 16 67 68 66 101 102 137 22 127 54 55 53 88 89 98 99 8 100 9 95 121 119 87 37 38 110 108 109 73 71 45 46 1 142 40 42 107 11 134 51 52 151 94 7 125 132 26 28 47 3 74 75 34 139 12 81 5 76 32 91 92 23 58 14 113 70 18 128 39 
159 134 8 157 121 119 15 107 153 154 51 25 26 27 85 118 162 147 47 146 139 1 40 41 64 138 32 102 161 101 125 90 91 2 56 57 58 59 60 21 122 144 145 143 83 84 37 70 156 4 5 6 76 77 78 103 104 68 66 67 135 133 94 149 150 22 127 128 9 10 95 96 97 98 99 48 49 148 158 82 120 141 3 74 109 110 108 16 17 18 19 20 114 115 31 136 137 11 106 63 129 23 89 160 88 52 151 28 29 30 130 131 132 86 87 117 73 71 13 14 113 140 34 42 43 44 45 46 142 65 155 33 55 53 54 126 124 92 61 62 152 123 112 12 111 38 39 69 79 80 81 105 7 93 50 100 35 36 75 116 24 72 
160 72 117 93 126 124 136 140 111 112 97 86 143 144 90 24 129 150 50 149 44 133 65 155 13 156 69 36 141 35 30 131 25 147 122 123 82 157 158 22 127 54 55 53 88 89 78 80 4 138 63 153 104 105 103 37 38 110 108 109 73 71 60 62 2 152 56 57 159 83 49 148 48 118 162 51 52 151 94 7 125 20 115 15 116 16 17 68 66 101 102 161 137 31 3 74 75 34 139 12 99 8 100 9 10 95 96 121 119 120 87 85 145 91 92 23 46 1 142 40 41 42 43 107 11 106 134 135 64 14 113 70 132 26 27 28 29 130 47 146 21 128 81 5 6 76 77 79 32 33 154 39 58 59 61 84 18 19 114 67 98 45 
161 120 77 106 135 133 132 158 146 147 110 46 114 115 103 33 138 154 63 153 92 130 60 58 48 162 117 84 159 83 39 140 34 16 81 5 41 142 40 31 136 67 68 66 101 102 126 128 22 28 57 152 99 8 98 85 86 145 143 144 121 119 73 75 3 156 69 70 42 43 20 18 19 78 76 64 65 155 107 11 134 55 150 50 151 51 52 2 61 96 97 95 26 27 21 122 123 82 157 47 112 12 113 13 14 108 109 4 79 80 1 45 15 104 105 32 94 7 160 88 89 90 91 9 10 100 131 25 59 49 148 118 141 35 36 37 38 139 17 116 6 137 129 23 24 124 125 127 29 30 56 87 71 72 74 44 53 54 149 62 111 93 
162 104 96 122 145 143 116 154 136 137 126 62 130 131 119 49 148 158 82 157 73 114 44 42 32 161 101 65 155 64 55 150 50 26 100 9 57 152 56 47 146 86 87 85 117 118 110 112 12 18 41 142 80 4 79 66 67 135 133 134 105 103 92 94 7 160 88 89 58 59 30 28 29 97 95 83 84 159 123 21 144 39 140 34 141 35 36 1 45 77 78 76 16 17 11 106 107 63 153 31 128 22 129 23 24 124 125 8 98 99 2 61 25 120 121 48 75 3 156 69 70 71 72 5 6 81 115 15 43 33 138 102 151 51 52 53 54 149 27 132 10 147 113 13 14 108 109 111 19 20 40 68 90 91 93 60 37 38 139 46 127 74 
