150 9
1 2 3 4 5 6 7 8 9 10 11 12 13 14 15 16 17 18 19 20 21 22 23 24 25 26 27 28 29 30 31 32 33 34 35 36 37 38 39 40 41 42 43 44 45 46 47 48 49 50 51 52 53 54 55 56 57 58 59 60 61 62 63 64 65 66 67 68 69 70 71 72 73 74 75 76 77 78 79 80 81 82 83 84 85 86 87 88 89 90 91 92 93 94 95 96 97 98 99 100 101 102 103 104 105 106 107 108 109 110 111 112 113 114 115 116 117 118 119 120 121 122 123 124 125 126 127 128 129 130 131 132 133 134 135 136 137 138 139 140 141 142 143 144 145 146 147 148 149 150 
2 1 6 7 8 3 4 5 15 16 17 18 19 20 9 10 11 12 13 14 30 31 32 33 34 35 36 37 38 21 22 23 24 25 26 27 28 29 51 52 53 54 55 56 57 58 59 60 61 62 39 40 41 42 43 44 45 46 47 48 49 50 76 77 78 79 80 81 82 83 84 85 86 87 88 63 64 65 66 67 68 69 70 71 72 73 74 75 101 102 103 104 105 106 107 108 109 110 111 112 89 90 91 92 93 94 95 96 97 98 99 100 122 123 124 125 126 127 128 129 130 113 114 115 116 117 118 119 120 121 137 138 139 140 141 142 131 132 133 134 135 136 146 147 148 143 144 145 150 149 
3 6 9 10 11 15 16 17 1 21 22 23 24 25 2 30 31 32 33 34 4 5 39 40 41 42 43 44 45 7 8 51 52 53 54 55 56 57 12 13 14 63 64 65 66 67 68 69 70 71 18 19 20 76 77 78 79 80 81 82 83 84 26 27 28 29 89 90 91 92 93 94 95 96 97 35 36 37 38 101 102 103 104 105 106 107 108 109 46 47 48 49 50 113 114 115 116 117 118 119 58 59 60 61 62 122 123 124 125 126 127 128 72 73 74 75 131 132 133 134 135 85 86 87 88 137 138 139 140 141 98 99 100 143 144 145 110 111 112 146 147 148 120 121 149 129 130 150 136 142 
4 58 10 12 13 80 2 85 21 23 24 26 27 28 101 6 106 7 8 110 39 40 42 43 44 46 47 48 49 15 122 16 17 126 18 19 20 129 63 64 65 67 68 69 70 1 72 73 74 75 30 31 137 32 33 34 140 35 36 37 38 142 89 90 91 92 3 94 95 96 97 5 98 99 100 51 52 53 146 54 55 56 57 148 59 60 61 62 9 113 114 115 116 11 117 118 119 14 120 121 76 77 78 79 150 81 82 83 84 86 87 88 22 131 132 133 25 134 135 29 136 102 103 104 105 107 108 109 111 112 41 143 144 45 145 50 123 124 125 127 128 130 66 149 71 138 139 141 93 147 
5 62 11 13 14 84 88 2 22 24 25 27 28 29 105 109 6 112 7 8 40 41 43 44 45 47 48 49 50 125 15 128 16 17 130 18 19 20 64 65 66 68 69 70 71 72 73 74 75 1 139 30 31 141 32 33 34 142 35 36 37 38 90 91 92 93 94 95 96 97 3 98 99 100 4 147 51 52 53 148 54 55 56 57 58 59 60 61 113 114 115 116 9 117 118 119 10 120 121 12 150 76 77 78 79 80 81 82 83 85 86 87 131 132 133 21 134 135 23 136 26 101 102 103 104 106 107 108 110 111 143 144 39 145 42 46 122 123 124 126 127 129 149 63 67 137 138 140 89 146 
6 3 15 16 17 9 10 11 2 30 31 32 33 34 1 21 22 23 24 25 7 8 51 52 53 54 55 56 57 4 5 39 40 41 42 43 44 45 18 19 20 76 77 78 79 80 81 82 83 84 12 13 14 63 64 65 66 67 68 69 70 71 35 36 37 38 101 102 103 104 105 106 107 108 109 26 27 28 29 89 90 91 92 93 94 95 96 97 58 59 60 61 62 122 123 124 125 126 127 128 46 47 48 49 50 113 114 115 116 117 118 119 85 86 87 88 137 138 139 140 141 72 73 74 75 131 132 133 134 135 110 111 112 146 147 148 98 99 100 143 144 145 129 130 150 120 121 149 142 136 
7 46 16 18 19 67 1 72 30 32 33 35 36 37 89 3 94 4 5 98 51 52 54 55 56 58 59 60 61 9 113 10 11 117 12 13 14 120 76 77 78 80 81 82 83 2 85 86 87 88 21 22 131 23 24 25 134 26 27 28 29 136 101 102 103 104 6 106 107 108 109 8 110 111 112 39 40 41 143 42 43 44 45 145 47 48 49 50 15 122 123 124 125 17 126 127 128 20 129 130 63 64 65 66 149 68 69 70 71 73 74 75 31 137 138 139 34 140 141 38 142 90 91 92 93 95 96 97 99 100 53 146 147 57 148 62 114 115 116 118 119 121 79 150 84 132 133 135 105 144 
8 50 17 19 20 71 75 1 31 33 34 36 37 38 93 97 3 100 4 5 52 53 55 56 57 59 60 61 62 116 9 119 10 11 121 12 13 14 77 78 79 81 82 83 84 85 86 87 88 2 133 21 22 135 23 24 25 136 26 27 28 29 102 103 104 105 106 107 108 109 6 110 111 112 7 144 39 40 41 145 42 43 44 45 46 47 48 49 122 123 124 125 15 126 127 128 16 129 130 18 149 63 64 65 66 67 68 69 70 72 73 74 137 138 139 30 140 141 32 142 35 89 90 91 92 94 95 96 98 99 146 147 51 148 54 58 113 114 115 117 118 120 150 76 80 131 132 134 101 143 
9 15 1 21 22 2 30 31 3 4 5 39 40 41 6 7 8 51 52 53 10 11 12 13 14 63 64 65 66 16 17 18 19 20 76 77 78 79 23 24 25 26 27 28 29 89 90 91 92 93 32 33 34 35 36 37 38 101 102 103 104 105 42 43 44 45 46 47 48 49 50 113 114 115 116 54 55 56 57 58 59 60 61 62 122 123 124 125 67 68 69 70 71 72 73 74 75 131 132 133 80 81 82 83 84 85 86 87 88 137 138 139 94 95 96 97 98 99 100 143 144 106 107 108 109 110 111 112 146 147 117 118 119 120 121 149 126 127 128 129 130 150 134 135 136 140 141 142 145 148 
10 80 21 23 24 101 6 106 4 39 40 42 43 44 58 15 122 16 17 126 12 13 63 64 65 67 68 69 70 2 85 30 31 137 32 33 34 140 26 27 28 89 90 91 92 3 94 95 96 97 7 8 110 51 52 53 146 54 55 56 57 148 46 47 48 49 9 113 114 115 116 11 117 118 119 18 19 20 129 76 77 78 79 150 81 82 83 84 1 72 73 74 75 22 131 132 133 25 134 135 35 36 37 38 142 102 103 104 105 107 108 109 5 98 99 100 41 143 144 45 145 59 60 61 62 123 124 125 127 128 14 120 121 66 149 71 86 87 88 138 139 141 29 136 93 111 112 147 50 130 
11 84 22 24 25 105 109 6 5 40 41 43 44 45 62 125 15 128 16 17 13 14 64 65 66 68 69 70 71 88 2 139 30 31 141 32 33 34 27 28 29 90 91 92 93 94 95 96 97 3 112 7 8 147 51 52 53 148 54 55 56 57 47 48 49 50 113 114 115 116 9 117 118 119 10 130 18 19 20 150 76 77 78 79 80 81 82 83 72 73 74 75 1 131 132 133 21 134 135 23 142 35 36 37 38 101 102 103 104 106 107 108 98 99 100 4 143 144 39 145 42 58 59 60 61 122 123 124 126 127 120 121 12 149 63 67 85 86 87 137 138 140 136 26 89 110 111 146 46 129 
12 35 23 26 27 54 58 59 39 42 43 46 47 48 76 80 81 2 85 86 63 64 67 68 69 1 72 73 74 101 102 6 106 107 7 8 110 111 89 90 91 3 94 95 96 4 5 98 99 100 15 122 123 16 17 126 127 18 19 20 129 130 9 113 114 115 10 11 117 118 119 13 14 120 121 30 31 137 138 32 33 34 140 141 36 37 38 142 21 22 131 132 133 24 25 134 135 28 29 136 51 52 53 146 147 55 56 57 148 60 61 62 40 41 143 144 44 45 145 49 50 77 78 79 150 82 83 84 87 88 65 66 149 70 71 75 103 104 105 108 109 112 92 93 97 124 125 128 116 139 
13 142 24 27 28 148 62 58 40 43 44 47 48 49 150 84 80 88 2 85 64 65 68 69 70 72 73 74 75 105 101 109 6 106 112 7 8 110 90 91 92 94 95 96 97 5 98 99 100 4 125 15 122 128 16 17 126 130 18 19 20 129 113 114 115 116 11 117 118 119 10 14 120 121 12 139 30 31 137 141 32 33 34 140 35 36 37 38 22 131 132 133 21 25 134 135 23 29 136 26 147 51 52 53 146 54 55 56 57 59 60 61 41 143 144 39 45 145 42 50 46 76 77 78 79 81 82 83 86 87 66 149 63 71 67 1 102 103 104 107 108 111 93 89 3 123 124 127 9 138 
14 38 25 28 29 57 61 62 41 44 45 48 49 50 79 83 84 87 88 2 65 66 69 70 71 73 74 75 1 104 105 108 109 6 111 112 7 8 91 92 93 95 96 97 3 98 99 100 4 5 124 125 15 127 128 16 17 129 130 18 19 20 114 115 116 9 117 118 119 10 11 120 121 12 13 138 139 30 31 140 141 32 33 34 142 35 36 37 131 132 133 21 22 134 135 23 24 136 26 27 146 147 51 52 53 148 54 55 56 58 59 60 143 144 39 40 145 42 43 46 47 150 76 77 78 80 81 82 85 86 149 63 64 67 68 72 101 102 103 106 107 110 89 90 94 122 123 126 113 137 
15 9 2 30 31 1 21 22 6 7 8 51 52 53 3 4 5 39 40 41 16 17 18 19 20 76 77 78 79 10 11 12 13 14 63 64 65 66 32 33 34 35 36 37 38 101 102 103 104 105 23 24 25 26 27 28 29 89 90 91 92 93 54 55 56 57 58 59 60 61 62 122 123 124 125 42 43 44 45 46 47 48 49 50 113 114 115 116 80 81 82 83 84 85 86 87 88 137 138 139 67 68 69 70 71 72 73 74 75 131 132 133 106 107 108 109 110 111 112 146 147 94 95 96 97 98 99 100 143 144 126 127 128 129 130 150 117 118 119 120 121 149 140 141 142 134 135 136 148 145 
16 67 30 32 33 89 3 94 7 51 52 54 55 56 46 9 113 10 11 117 18 19 76 77 78 80 81 82 83 1 72 21 22 131 23 24 25 134 35 36 37 101 102 103 104 6 106 107 108 109 4 5 98 39 40 41 143 42 43 44 45 145 58 59 60 61 15 122 123 124 125 17 126 127 128 12 13 14 120 63 64 65 66 149 68 69 70 71 2 85 86 87 88 31 137 138 139 34 140 141 26 27 28 29 136 90 91 92 93 95 96 97 8 110 111 112 53 146 147 57 148 47 48 49 50 114 115 116 118 119 20 129 130 79 150 84 73 74 75 132 133 135 38 142 105 99 100 144 62 121 
17 71 31 33 34 93 97 3 8 52 53 55 56 57 50 116 9 119 10 11 19 20 77 78 79 81 82 83 84 75 1 133 21 22 135 23 24 25 36 37 38 102 103 104 105 106 107 108 109 6 100 4 5 144 39 40 41 145 42 43 44 45 59 60 61 62 122 123 124 125 15 126 127 128 16 121 12 13 14 149 63 64 65 66 67 68 69 70 85 86 87 88 2 137 138 139 30 140 141 32 136 26 27 28 29 89 90 91 92 94 95 96 110 111 112 7 146 147 51 148 54 46 47 48 49 113 114 115 117 118 129 130 18 150 76 80 72 73 74 131 132 134 142 35 101 98 99 143 58 120 
18 26 32 35 36 42 46 47 51 54 55 58 59 60 63 67 68 1 72 73 76 77 80 81 82 2 85 86 87 89 90 3 94 95 4 5 98 99 101 102 103 6 106 107 108 7 8 110 111 112 9 113 114 10 11 117 118 12 13 14 120 121 15 122 123 124 16 17 126 127 128 19 20 129 130 21 22 131 132 23 24 25 134 135 27 28 29 136 30 31 137 138 139 33 34 140 141 37 38 142 39 40 41 143 144 43 44 45 145 48 49 50 52 53 146 147 56 57 148 61 62 64 65 66 149 69 70 71 74 75 78 79 150 83 84 88 91 92 93 96 97 100 104 105 109 115 116 119 125 133 
19 136 33 36 37 145 50 46 52 55 56 59 60 61 149 71 67 75 1 72 77 78 81 82 83 85 86 87 88 93 89 97 3 94 100 4 5 98 102 103 104 106 107 108 109 8 110 111 112 7 116 9 113 119 10 11 117 121 12 13 14 120 122 123 124 125 17 126 127 128 16 20 129 130 18 133 21 22 131 135 23 24 25 134 26 27 28 29 31 137 138 139 30 34 140 141 32 38 142 35 144 39 40 41 143 42 43 44 45 47 48 49 53 146 147 51 57 148 54 62 58 63 64 65 66 68 69 70 73 74 79 150 76 84 80 2 90 91 92 95 96 99 105 101 6 114 115 118 15 132 
20 29 34 37 38 45 49 50 53 56 57 60 61 62 66 70 71 74 75 1 78 79 82 83 84 86 87 88 2 92 93 96 97 3 99 100 4 5 103 104 105 107 108 109 6 110 111 112 7 8 115 116 9 118 119 10 11 120 121 12 13 14 123 124 125 15 126 127 128 16 17 129 130 18 19 132 133 21 22 134 135 23 24 25 136 26 27 28 137 138 139 30 31 140 141 32 33 142 35 36 143 144 39 40 41 145 42 43 44 46 47 48 146 147 51 52 148 54 55 58 59 149 63 64 65 67 68 69 72 73 150 76 77 80 81 85 89 90 91 94 95 98 101 102 106 113 114 117 122 131 
21 101 4 39 40 58 15 122 10 12 13 63 64 65 80 2 85 30 31 137 23 24 26 27 28 89 90 91 92 6 106 7 8 110 51 52 53 146 42 43 44 46 47 48 49 9 113 114 115 116 16 17 126 18 19 20 129 76 77 78 79 150 67 68 69 70 1 72 73 74 75 22 131 132 133 32 33 34 140 35 36 37 38 142 102 103 104 105 3 94 95 96 97 5 98 99 100 41 143 144 54 55 56 57 148 59 60 61 62 123 124 125 11 117 118 119 14 120 121 66 149 81 82 83 84 86 87 88 138 139 25 134 135 29 136 93 107 108 109 111 112 147 45 145 50 127 128 130 71 141 
22 105 5 40 41 62 125 15 11 13 14 64 65 66 84 88 2 139 30 31 24 25 27 28 29 90 91 92 93 109 6 112 7 8 147 51 52 53 43 44 45 47 48 49 50 113 114 115 116 9 128 16 17 130 18 19 20 150 76 77 78 79 68 69 70 71 72 73 74 75 1 131 132 133 21 141 32 33 34 142 35 36 37 38 101 102 103 104 94 95 96 97 3 98 99 100 4 143 144 39 148 54 55 56 57 58 59 60 61 122 123 124 117 118 119 10 120 121 12 149 63 80 81 82 83 85 86 87 137 138 134 135 23 136 26 89 106 107 108 110 111 146 145 42 46 126 127 129 67 140 
23 54 39 42 43 76 80 81 12 63 64 67 68 69 35 101 102 6 106 107 26 27 89 90 91 3 94 95 96 58 59 15 122 123 16 17 126 127 46 47 48 9 113 114 115 10 11 117 118 119 2 85 86 30 31 137 138 32 33 34 140 141 1 72 73 74 21 22 131 132 133 24 25 134 135 7 8 110 111 51 52 53 146 147 55 56 57 148 4 5 98 99 100 40 41 143 144 44 45 145 18 19 20 129 130 77 78 79 150 82 83 84 13 14 120 121 65 66 149 70 71 36 37 38 142 103 104 105 108 109 28 29 136 92 93 97 60 61 62 124 125 128 49 50 116 87 88 139 75 112 
24 148 40 43 44 150 84 80 13 64 65 68 69 70 142 105 101 109 6 106 27 28 90 91 92 94 95 96 97 62 58 125 15 122 128 16 17 126 47 48 49 113 114 115 116 11 117 118 119 10 88 2 85 139 30 31 137 141 32 33 34 140 72 73 74 75 22 131 132 133 21 25 134 135 23 112 7 8 110 147 51 52 53 146 54 55 56 57 5 98 99 100 4 41 143 144 39 45 145 42 130 18 19 20 129 76 77 78 79 81 82 83 14 120 121 12 66 149 63 71 67 35 36 37 38 102 103 104 107 108 29 136 26 93 89 3 59 60 61 123 124 127 50 46 9 86 87 138 1 111 
25 57 41 44 45 79 83 84 14 65 66 69 70 71 38 104 105 108 109 6 28 29 91 92 93 95 96 97 3 61 62 124 125 15 127 128 16 17 48 49 50 114 115 116 9 117 118 119 10 11 87 88 2 138 139 30 31 140 141 32 33 34 73 74 75 1 131 132 133 21 22 134 135 23 24 111 112 7 8 146 147 51 52 53 148 54 55 56 98 99 100 4 5 143 144 39 40 145 42 43 129 130 18 19 20 150 76 77 78 80 81 82 120 121 12 13 149 63 64 67 68 142 35 36 37 101 102 103 106 107 136 26 27 89 90 94 58 59 60 122 123 126 46 47 113 85 86 137 72 110 
26 18 42 46 47 32 35 36 63 67 68 1 72 73 51 54 55 58 59 60 89 90 3 94 95 4 5 98 99 76 77 80 81 82 2 85 86 87 9 113 114 10 11 117 118 12 13 14 120 121 101 102 103 6 106 107 108 7 8 110 111 112 21 22 131 132 23 24 25 134 135 27 28 29 136 15 122 123 124 16 17 126 127 128 19 20 129 130 39 40 41 143 144 43 44 45 145 48 49 50 30 31 137 138 139 33 34 140 141 37 38 142 64 65 66 149 69 70 71 74 75 52 53 146 147 56 57 148 61 62 91 92 93 96 97 100 78 79 150 83 84 88 115 116 119 104 105 109 133 125 
27 130 43 47 48 141 142 35 64 68 69 72 73 74 147 148 54 62 58 59 90 91 94 95 96 5 98 99 100 150 76 84 80 81 88 2 85 86 113 114 115 11 117 118 119 13 14 120 121 12 105 101 102 109 6 106 107 112 7 8 110 111 22 131 132 133 24 25 134 135 23 28 29 136 26 125 15 122 123 128 16 17 126 127 18 19 20 129 40 41 143 144 39 44 45 145 42 49 50 46 139 30 31 137 138 32 33 34 140 36 37 38 65 66 149 63 70 71 67 75 1 51 52 53 146 55 56 57 60 61 92 93 89 97 3 4 77 78 79 82 83 87 116 9 10 103 104 108 21 124 
28 129 44 48 49 140 38 142 65 69 70 73 74 75 146 57 148 61 62 58 91 92 95 96 97 98 99 100 4 79 150 83 84 80 87 88 2 85 114 115 116 117 118 119 10 14 120 121 12 13 104 105 101 108 109 6 106 111 112 7 8 110 131 132 133 21 25 134 135 23 24 29 136 26 27 124 125 15 122 127 128 16 17 126 130 18 19 20 41 143 144 39 40 45 145 42 43 50 46 47 138 139 30 31 137 141 32 33 34 35 36 37 66 149 63 64 71 67 68 1 72 147 51 52 53 54 55 56 59 60 93 89 90 3 94 5 76 77 78 81 82 86 9 113 11 102 103 107 22 123 
29 20 45 49 50 34 37 38 66 70 71 74 75 1 53 56 57 60 61 62 92 93 96 97 3 99 100 4 5 78 79 82 83 84 86 87 88 2 115 116 9 118 119 10 11 120 121 12 13 14 103 104 105 107 108 109 6 110 111 112 7 8 132 133 21 22 134 135 23 24 25 136 26 27 28 123 124 125 15 126 127 128 16 17 129 130 18 19 143 144 39 40 41 145 42 43 44 46 47 48 137 138 139 30 31 140 141 32 33 142 35 36 149 63 64 65 67 68 69 72 73 146 147 51 52 148 54 55 58 59 89 90 91 94 95 98 150 76 77 80 81 85 113 114 117 101 102 106 131 122 
30 89 7 51 52 46 9 113 16 18 19 76 77 78 67 1 72 21 22 131 32 33 35 36 37 101 102 103 104 3 94 4 5 98 39 40 41 143 54 55 56 58 59 60 61 15 122 123 124 125 10 11 117 12 13 14 120 63 64 65 66 149 80 81 82 83 2 85 86 87 88 31 137 138 139 23 24 25 134 26 27 28 29 136 90 91 92 93 6 106 107 108 109 8 110 111 112 53 146 147 42 43 44 45 145 47 48 49 50 114 115 116 17 126 127 128 20 129 130 79 150 68 69 70 71 73 74 75 132 133 34 140 141 38 142 105 95 96 97 99 100 144 57 148 62 118 119 121 84 135 
31 93 8 52 53 50 116 9 17 19 20 77 78 79 71 75 1 133 21 22 33 34 36 37 38 102 103 104 105 97 3 100 4 5 144 39 40 41 55 56 57 59 60 61 62 122 123 124 125 15 119 10 11 121 12 13 14 149 63 64 65 66 81 82 83 84 85 86 87 88 2 137 138 139 30 135 23 24 25 136 26 27 28 29 89 90 91 92 106 107 108 109 6 110 111 112 7 146 147 51 145 42 43 44 45 46 47 48 49 113 114 115 126 127 128 16 129 130 18 150 76 67 68 69 70 72 73 74 131 132 140 141 32 142 35 101 94 95 96 98 99 143 148 54 58 117 118 120 80 134 
32 42 51 54 55 63 67 68 18 76 77 80 81 82 26 89 90 3 94 95 35 36 101 102 103 6 106 107 108 46 47 9 113 114 10 11 117 118 58 59 60 15 122 123 124 16 17 126 127 128 1 72 73 21 22 131 132 23 24 25 134 135 2 85 86 87 30 31 137 138 139 33 34 140 141 4 5 98 99 39 40 41 143 144 43 44 45 145 7 8 110 111 112 52 53 146 147 56 57 148 12 13 14 120 121 64 65 66 149 69 70 71 19 20 129 130 78 79 150 83 84 27 28 29 136 91 92 93 96 97 37 38 142 104 105 109 48 49 50 115 116 119 61 62 125 74 75 133 88 100 
33 145 52 55 56 149 71 67 19 77 78 81 82 83 136 93 89 97 3 94 36 37 102 103 104 106 107 108 109 50 46 116 9 113 119 10 11 117 59 60 61 122 123 124 125 17 126 127 128 16 75 1 72 133 21 22 131 135 23 24 25 134 85 86 87 88 31 137 138 139 30 34 140 141 32 100 4 5 98 144 39 40 41 143 42 43 44 45 8 110 111 112 7 53 146 147 51 57 148 54 121 12 13 14 120 63 64 65 66 68 69 70 20 129 130 18 79 150 76 84 80 26 27 28 29 90 91 92 95 96 38 142 35 105 101 6 47 48 49 114 115 118 62 58 15 73 74 132 2 99 
34 45 53 56 57 66 70 71 20 78 79 82 83 84 29 92 93 96 97 3 37 38 103 104 105 107 108 109 6 49 50 115 116 9 118 119 10 11 60 61 62 123 124 125 15 126 127 128 16 17 74 75 1 132 133 21 22 134 135 23 24 25 86 87 88 2 137 138 139 30 31 140 141 32 33 99 100 4 5 143 144 39 40 41 145 42 43 44 110 111 112 7 8 146 147 51 52 148 54 55 120 121 12 13 14 149 63 64 65 67 68 69 129 130 18 19 150 76 77 80 81 136 26 27 28 89 90 91 94 95 142 35 36 101 102 106 46 47 48 113 114 117 58 59 122 72 73 131 85 98 
35 12 54 58 59 23 26 27 76 80 81 2 85 86 39 42 43 46 47 48 101 102 6 106 107 7 8 110 111 63 64 67 68 69 1 72 73 74 15 122 123 16 17 126 127 18 19 20 129 130 89 90 91 3 94 95 96 4 5 98 99 100 30 31 137 138 32 33 34 140 141 36 37 38 142 9 113 114 115 10 11 117 118 119 13 14 120 121 51 52 53 146 147 55 56 57 148 60 61 62 21 22 131 132 133 24 25 134 135 28 29 136 77 78 79 150 82 83 84 87 88 40 41 143 144 44 45 145 49 50 103 104 105 108 109 112 65 66 149 70 71 75 124 125 128 92 93 97 139 116 
36 121 55 59 60 135 136 26 77 81 82 85 86 87 144 145 42 50 46 47 102 103 106 107 108 8 110 111 112 149 63 71 67 68 75 1 72 73 122 123 124 17 126 127 128 19 20 129 130 18 93 89 90 97 3 94 95 100 4 5 98 99 31 137 138 139 33 34 140 141 32 37 38 142 35 116 9 113 114 119 10 11 117 118 12 13 14 120 52 53 146 147 51 56 57 148 54 61 62 58 133 21 22 131 132 23 24 25 134 27 28 29 78 79 150 76 83 84 80 88 2 39 40 41 143 43 44 45 48 49 104 105 101 109 6 7 64 65 66 69 70 74 125 15 16 91 92 96 30 115 
37 120 56 60 61 134 29 136 78 82 83 86 87 88 143 45 145 49 50 46 103 104 107 108 109 110 111 112 7 66 149 70 71 67 74 75 1 72 123 124 125 126 127 128 16 20 129 130 18 19 92 93 89 96 97 3 94 99 100 4 5 98 137 138 139 30 34 140 141 32 33 38 142 35 36 115 116 9 113 118 119 10 11 117 121 12 13 14 53 146 147 51 52 57 148 54 55 62 58 59 132 133 21 22 131 135 23 24 25 26 27 28 79 150 76 77 84 80 81 2 85 144 39 40 41 42 43 44 47 48 105 101 102 6 106 8 63 64 65 68 69 73 15 122 17 90 91 95 31 114 
38 14 57 61 62 25 28 29 79 83 84 87 88 2 41 44 45 48 49 50 104 105 108 109 6 111 112 7 8 65 66 69 70 71 73 74 75 1 124 125 15 127 128 16 17 129 130 18 19 20 91 92 93 95 96 97 3 98 99 100 4 5 138 139 30 31 140 141 32 33 34 142 35 36 37 114 115 116 9 117 118 119 10 11 120 121 12 13 146 147 51 52 53 148 54 55 56 58 59 60 131 132 133 21 22 134 135 23 24 136 26 27 150 76 77 78 80 81 82 85 86 143 144 39 40 145 42 43 46 47 101 102 103 106 107 110 149 63 64 67 68 72 122 123 126 89 90 94 137 113 
39 76 12 63 64 35 101 102 23 26 27 89 90 91 54 58 59 15 122 123 42 43 46 47 48 9 113 114 115 80 81 2 85 86 30 31 137 138 67 68 69 1 72 73 74 21 22 131 132 133 6 106 107 7 8 110 111 51 52 53 146 147 3 94 95 96 4 5 98 99 100 40 41 143 144 16 17 126 127 18 19 20 129 130 77 78 79 150 10 11 117 118 119 13 14 120 121 65 66 149 32 33 34 140 141 36 37 38 142 103 104 105 24 25 134 135 28 29 136 92 93 55 56 57 148 60 61 62 124 125 44 45 145 49 50 116 82 83 84 87 88 139 70 71 75 108 109 112 97 128 
40 150 13 64 65 142 105 101 24 27 28 90 91 92 148 62 58 125 15 122 43 44 47 48 49 113 114 115 116 84 80 88 2 85 139 30 31 137 68 69 70 72 73 74 75 22 131 132 133 21 109 6 106 112 7 8 110 147 51 52 53 146 94 95 96 97 5 98 99 100 4 41 143 144 39 128 16 17 126 130 18 19 20 129 76 77 78 79 11 117 118 119 10 14 120 121 12 66 149 63 141 32 33 34 140 35 36 37 38 102 103 104 25 134 135 23 29 136 26 93 89 54 55 56 57 59 60 61 123 124 45 145 42 50 46 9 81 82 83 86 87 138 71 67 1 107 108 111 3 127 
41 79 14 65 66 38 104 105 25 28 29 91 92 93 57 61 62 124 125 15 44 45 48 49 50 114 115 116 9 83 84 87 88 2 138 139 30 31 69 70 71 73 74 75 1 131 132 133 21 22 108 109 6 111 112 7 8 146 147 51 52 53 95 96 97 3 98 99 100 4 5 143 144 39 40 127 128 16 17 129 130 18 19 20 150 76 77 78 117 118 119 10 11 120 121 12 13 149 63 64 140 141 32 33 34 142 35 36 37 101 102 103 134 135 23 24 136 26 27 89 90 148 54 55 56 58 59 60 122 123 145 42 43 46 47 113 80 81 82 85 86 137 67 68 72 106 107 110 94 126 
42 32 63 67 68 51 54 55 26 89 90 3 94 95 18 76 77 80 81 82 46 47 9 113 114 10 11 117 118 35 36 101 102 103 6 106 107 108 1 72 73 21 22 131 132 23 24 25 134 135 58 59 60 15 122 123 124 16 17 126 127 128 4 5 98 99 39 40 41 143 144 43 44 45 145 2 85 86 87 30 31 137 138 139 33 34 140 141 12 13 14 120 121 64 65 66 149 69 70 71 7 8 110 111 112 52 53 146 147 56 57 148 27 28 29 136 91 92 93 96 97 19 20 129 130 78 79 150 83 84 48 49 50 115 116 119 37 38 142 104 105 109 74 75 133 61 62 125 100 88 
43 141 64 68 69 147 148 54 27 90 91 94 95 96 130 150 76 84 80 81 47 48 113 114 115 11 117 118 119 142 35 105 101 102 109 6 106 107 72 73 74 22 131 132 133 24 25 134 135 23 62 58 59 125 15 122 123 128 16 17 126 127 5 98 99 100 40 41 143 144 39 44 45 145 42 88 2 85 86 139 30 31 137 138 32 33 34 140 13 14 120 121 12 65 66 149 63 70 71 67 112 7 8 110 111 51 52 53 146 55 56 57 28 29 136 26 92 93 89 97 3 18 19 20 129 77 78 79 82 83 49 50 46 116 9 10 36 37 38 103 104 108 75 1 21 60 61 124 4 87 
44 140 65 69 70 146 57 148 28 91 92 95 96 97 129 79 150 83 84 80 48 49 114 115 116 117 118 119 10 38 142 104 105 101 108 109 6 106 73 74 75 131 132 133 21 25 134 135 23 24 61 62 58 124 125 15 122 127 128 16 17 126 98 99 100 4 41 143 144 39 40 45 145 42 43 87 88 2 85 138 139 30 31 137 141 32 33 34 14 120 121 12 13 66 149 63 64 71 67 68 111 112 7 8 110 147 51 52 53 54 55 56 29 136 26 27 93 89 90 3 94 130 18 19 20 76 77 78 81 82 50 46 47 9 113 11 35 36 37 102 103 107 1 72 22 59 60 123 5 86 
45 34 66 70 71 53 56 57 29 92 93 96 97 3 20 78 79 82 83 84 49 50 115 116 9 118 119 10 11 37 38 103 104 105 107 108 109 6 74 75 1 132 133 21 22 134 135 23 24 25 60 61 62 123 124 125 15 126 127 128 16 17 99 100 4 5 143 144 39 40 41 145 42 43 44 86 87 88 2 137 138 139 30 31 140 141 32 33 120 121 12 13 14 149 63 64 65 67 68 69 110 111 112 7 8 146 147 51 52 148 54 55 136 26 27 28 89 90 91 94 95 129 130 18 19 150 76 77 80 81 46 47 48 113 114 117 142 35 36 101 102 106 72 73 131 58 59 122 98 85 
46 7 67 1 72 16 18 19 89 3 94 4 5 98 30 32 33 35 36 37 9 113 10 11 117 12 13 14 120 51 52 54 55 56 58 59 60 61 21 22 131 23 24 25 134 26 27 28 29 136 76 77 78 80 81 82 83 2 85 86 87 88 39 40 41 143 42 43 44 45 145 47 48 49 50 101 102 103 104 6 106 107 108 109 8 110 111 112 63 64 65 66 149 68 69 70 71 73 74 75 15 122 123 124 125 17 126 127 128 20 129 130 90 91 92 93 95 96 97 99 100 31 137 138 139 34 140 141 38 142 114 115 116 118 119 121 53 146 147 57 148 62 132 133 135 79 150 84 144 105 
47 112 68 72 73 128 130 18 90 94 95 5 98 99 139 141 32 142 35 36 113 114 11 117 118 13 14 120 121 147 51 148 54 55 62 58 59 60 22 131 132 24 25 134 135 27 28 29 136 26 150 76 77 84 80 81 82 88 2 85 86 87 40 41 143 144 43 44 45 145 42 48 49 50 46 105 101 102 103 109 6 106 107 108 7 8 110 111 64 65 66 149 63 69 70 71 67 74 75 1 125 15 122 123 124 16 17 126 127 19 20 129 91 92 93 89 96 97 3 100 4 30 31 137 138 33 34 140 37 38 115 116 9 119 10 12 52 53 146 56 57 61 133 21 23 78 79 83 39 104 
48 111 69 73 74 127 129 130 91 95 96 98 99 100 138 140 141 38 142 35 114 115 117 118 119 14 120 121 12 146 147 57 148 54 61 62 58 59 131 132 133 25 134 135 23 28 29 136 26 27 79 150 76 83 84 80 81 87 88 2 85 86 41 143 144 39 44 45 145 42 43 49 50 46 47 104 105 101 102 108 109 6 106 107 112 7 8 110 65 66 149 63 64 70 71 67 68 75 1 72 124 125 15 122 123 128 16 17 126 18 19 20 92 93 89 90 97 3 94 4 5 139 30 31 137 32 33 34 36 37 116 9 113 10 11 13 51 52 53 55 56 60 21 22 24 77 78 82 40 103 
49 110 70 74 75 126 20 129 92 96 97 99 100 4 137 34 140 37 38 142 115 116 118 119 10 120 121 12 13 53 146 56 57 148 60 61 62 58 132 133 21 134 135 23 24 29 136 26 27 28 78 79 150 82 83 84 80 86 87 88 2 85 143 144 39 40 45 145 42 43 44 50 46 47 48 103 104 105 101 107 108 109 6 106 111 112 7 8 66 149 63 64 65 71 67 68 69 1 72 73 123 124 125 15 122 127 128 16 17 130 18 19 93 89 90 91 3 94 95 5 98 138 139 30 31 141 32 33 35 36 9 113 114 11 117 14 147 51 52 54 55 59 22 131 25 76 77 81 41 102 
50 8 71 75 1 17 19 20 93 97 3 100 4 5 31 33 34 36 37 38 116 9 119 10 11 121 12 13 14 52 53 55 56 57 59 60 61 62 133 21 22 135 23 24 25 136 26 27 28 29 77 78 79 81 82 83 84 85 86 87 88 2 144 39 40 41 145 42 43 44 45 46 47 48 49 102 103 104 105 106 107 108 109 6 110 111 112 7 149 63 64 65 66 67 68 69 70 72 73 74 122 123 124 125 15 126 127 128 16 129 130 18 89 90 91 92 94 95 96 98 99 137 138 139 30 140 141 32 142 35 113 114 115 117 118 120 146 147 51 148 54 58 131 132 134 150 76 80 143 101 
51 63 18 76 77 26 89 90 32 35 36 101 102 103 42 46 47 9 113 114 54 55 58 59 60 15 122 123 124 67 68 1 72 73 21 22 131 132 80 81 82 2 85 86 87 30 31 137 138 139 3 94 95 4 5 98 99 39 40 41 143 144 6 106 107 108 7 8 110 111 112 52 53 146 147 10 11 117 118 12 13 14 120 121 64 65 66 149 16 17 126 127 128 19 20 129 130 78 79 150 23 24 25 134 135 27 28 29 136 91 92 93 33 34 140 141 37 38 142 104 105 43 44 45 145 48 49 50 115 116 56 57 148 61 62 125 69 70 71 74 75 133 83 84 88 96 97 100 109 119 
52 149 19 77 78 136 93 89 33 36 37 102 103 104 145 50 46 116 9 113 55 56 59 60 61 122 123 124 125 71 67 75 1 72 133 21 22 131 81 82 83 85 86 87 88 31 137 138 139 30 97 3 94 100 4 5 98 144 39 40 41 143 106 107 108 109 8 110 111 112 7 53 146 147 51 119 10 11 117 121 12 13 14 120 63 64 65 66 17 126 127 128 16 20 129 130 18 79 150 76 135 23 24 25 134 26 27 28 29 90 91 92 34 140 141 32 38 142 35 105 101 42 43 44 45 47 48 49 114 115 57 148 54 62 58 15 68 69 70 73 74 132 84 80 2 95 96 99 6 118 
53 66 20 78 79 29 92 93 34 37 38 103 104 105 45 49 50 115 116 9 56 57 60 61 62 123 124 125 15 70 71 74 75 1 132 133 21 22 82 83 84 86 87 88 2 137 138 139 30 31 96 97 3 99 100 4 5 143 144 39 40 41 107 108 109 6 110 111 112 7 8 146 147 51 52 118 119 10 11 120 121 12 13 14 149 63 64 65 126 127 128 16 17 129 130 18 19 150 76 77 134 135 23 24 25 136 26 27 28 89 90 91 140 141 32 33 142 35 36 101 102 145 42 43 44 46 47 48 113 114 148 54 55 58 59 122 67 68 69 72 73 131 80 81 85 94 95 98 106 117 
54 23 76 80 81 39 42 43 35 101 102 6 106 107 12 63 64 67 68 69 58 59 15 122 123 16 17 126 127 26 27 89 90 91 3 94 95 96 2 85 86 30 31 137 138 32 33 34 140 141 46 47 48 9 113 114 115 10 11 117 118 119 7 8 110 111 51 52 53 146 147 55 56 57 148 1 72 73 74 21 22 131 132 133 24 25 134 135 18 19 20 129 130 77 78 79 150 82 83 84 4 5 98 99 100 40 41 143 144 44 45 145 36 37 38 142 103 104 105 108 109 13 14 120 121 65 66 149 70 71 60 61 62 124 125 128 28 29 136 92 93 97 87 88 139 49 50 116 112 75 
55 135 77 81 82 144 145 42 36 102 103 106 107 108 121 149 63 71 67 68 59 60 122 123 124 17 126 127 128 136 26 93 89 90 97 3 94 95 85 86 87 31 137 138 139 33 34 140 141 32 50 46 47 116 9 113 114 119 10 11 117 118 8 110 111 112 52 53 146 147 51 56 57 148 54 75 1 72 73 133 21 22 131 132 23 24 25 134 19 20 129 130 18 78 79 150 76 83 84 80 100 4 5 98 99 39 40 41 143 43 44 45 37 38 142 35 104 105 101 109 6 12 13 14 120 64 65 66 69 70 61 62 58 125 15 16 27 28 29 91 92 96 88 2 30 48 49 115 7 74 
56 134 78 82 83 143 45 145 37 103 104 107 108 109 120 66 149 70 71 67 60 61 123 124 125 126 127 128 16 29 136 92 93 89 96 97 3 94 86 87 88 137 138 139 30 34 140 141 32 33 49 50 46 115 116 9 113 118 119 10 11 117 110 111 112 7 53 146 147 51 52 57 148 54 55 74 75 1 72 132 133 21 22 131 135 23 24 25 20 129 130 18 19 79 150 76 77 84 80 81 99 100 4 5 98 144 39 40 41 42 43 44 38 142 35 36 105 101 102 6 106 121 12 13 14 63 64 65 68 69 62 58 59 15 122 17 26 27 28 90 91 95 2 85 31 47 48 114 8 73 
57 25 79 83 84 41 44 45 38 104 105 108 109 6 14 65 66 69 70 71 61 62 124 125 15 127 128 16 17 28 29 91 92 93 95 96 97 3 87 88 2 138 139 30 31 140 141 32 33 34 48 49 50 114 115 116 9 117 118 119 10 11 111 112 7 8 146 147 51 52 53 148 54 55 56 73 74 75 1 131 132 133 21 22 134 135 23 24 129 130 18 19 20 150 76 77 78 80 81 82 98 99 100 4 5 143 144 39 40 145 42 43 142 35 36 37 101 102 103 106 107 120 121 12 13 149 63 64 67 68 58 59 60 122 123 126 136 26 27 89 90 94 85 86 137 46 47 113 110 72 
58 4 80 2 85 10 12 13 101 6 106 7 8 110 21 23 24 26 27 28 15 122 16 17 126 18 19 20 129 39 40 42 43 44 46 47 48 49 30 31 137 32 33 34 140 35 36 37 38 142 63 64 65 67 68 69 70 1 72 73 74 75 51 52 53 146 54 55 56 57 148 59 60 61 62 89 90 91 92 3 94 95 96 97 5 98 99 100 76 77 78 79 150 81 82 83 84 86 87 88 9 113 114 115 116 11 117 118 119 14 120 121 102 103 104 105 107 108 109 111 112 22 131 132 133 25 134 135 29 136 123 124 125 127 128 130 41 143 144 45 145 50 138 139 141 66 149 71 147 93 
59 100 81 85 86 119 121 12 102 106 107 8 110 111 133 135 23 136 26 27 122 123 17 126 127 19 20 129 130 144 39 145 42 43 50 46 47 48 31 137 138 33 34 140 141 36 37 38 142 35 149 63 64 71 67 68 69 75 1 72 73 74 52 53 146 147 55 56 57 148 54 60 61 62 58 93 89 90 91 97 3 94 95 96 4 5 98 99 77 78 79 150 76 82 83 84 80 87 88 2 116 9 113 114 115 10 11 117 118 13 14 120 103 104 105 101 108 109 6 112 7 21 22 131 132 24 25 134 28 29 124 125 15 128 16 18 40 41 143 44 45 49 139 30 32 65 66 70 51 92 
60 99 82 86 87 118 120 121 103 107 108 110 111 112 132 134 135 29 136 26 123 124 126 127 128 20 129 130 18 143 144 45 145 42 49 50 46 47 137 138 139 34 140 141 32 37 38 142 35 36 66 149 63 70 71 67 68 74 75 1 72 73 53 146 147 51 56 57 148 54 55 61 62 58 59 92 93 89 90 96 97 3 94 95 100 4 5 98 78 79 150 76 77 83 84 80 81 88 2 85 115 116 9 113 114 119 10 11 117 12 13 14 104 105 101 102 109 6 106 7 8 133 21 22 131 23 24 25 27 28 125 15 122 16 17 19 39 40 41 43 44 48 30 31 33 64 65 69 52 91 
61 98 83 87 88 117 14 120 104 108 109 111 112 7 131 25 134 28 29 136 124 125 127 128 16 129 130 18 19 41 143 44 45 145 48 49 50 46 138 139 30 140 141 32 33 38 142 35 36 37 65 66 149 69 70 71 67 73 74 75 1 72 146 147 51 52 57 148 54 55 56 62 58 59 60 91 92 93 89 95 96 97 3 94 99 100 4 5 79 150 76 77 78 84 80 81 82 2 85 86 114 115 116 9 113 118 119 10 11 121 12 13 105 101 102 103 6 106 107 8 110 132 133 21 22 135 23 24 26 27 15 122 123 17 126 20 144 39 40 42 43 47 31 137 34 63 64 68 53 90 
62 5 84 88 2 11 13 14 105 109 6 112 7 8 22 24 25 27 28 29 125 15 128 16 17 130 18 19 20 40 41 43 44 45 47 48 49 50 139 30 31 141 32 33 34 142 35 36 37 38 64 65 66 68 69 70 71 72 73 74 75 1 147 51 52 53 148 54 55 56 57 58 59 60 61 90 91 92 93 94 95 96 97 3 98 99 100 4 150 76 77 78 79 80 81 82 83 85 86 87 113 114 115 116 9 117 118 119 10 120 121 12 101 102 103 104 106 107 108 110 111 131 132 133 21 134 135 23 136 26 122 123 124 126 127 129 143 144 39 145 42 46 137 138 140 149 63 67 146 89 
63 51 26 89 90 18 76 77 42 46 47 9 113 114 32 35 36 101 102 103 67 68 1 72 73 21 22 131 132 54 55 58 59 60 15 122 123 124 3 94 95 4 5 98 99 39 40 41 143 144 80 81 82 2 85 86 87 30 31 137 138 139 10 11 117 118 12 13 14 120 121 64 65 66 149 6 106 107 108 7 8 110 111 112 52 53 146 147 23 24 25 134 135 27 28 29 136 91 92 93 16 17 126 127 128 19 20 129 130 78 79 150 43 44 45 145 48 49 50 115 116 33 34 140 141 37 38 142 104 105 69 70 71 74 75 133 56 57 148 61 62 125 96 97 100 83 84 88 119 109 
64 147 27 90 91 130 150 76 43 47 48 113 114 115 141 142 35 105 101 102 68 69 72 73 74 22 131 132 133 148 54 62 58 59 125 15 122 123 94 95 96 5 98 99 100 40 41 143 144 39 84 80 81 88 2 85 86 139 30 31 137 138 11 117 118 119 13 14 120 121 12 65 66 149 63 109 6 106 107 112 7 8 110 111 51 52 53 146 24 25 134 135 23 28 29 136 26 92 93 89 128 16 17 126 127 18 19 20 129 77 78 79 44 45 145 42 49 50 46 116 9 32 33 34 140 36 37 38 103 104 70 71 67 75 1 21 55 56 57 60 61 124 97 3 4 82 83 87 10 108 
65 146 28 91 92 129 79 150 44 48 49 114 115 116 140 38 142 104 105 101 69 70 73 74 75 131 132 133 21 57 148 61 62 58 124 125 15 122 95 96 97 98 99 100 4 41 143 144 39 40 83 84 80 87 88 2 85 138 139 30 31 137 117 118 119 10 14 120 121 12 13 66 149 63 64 108 109 6 106 111 112 7 8 110 147 51 52 53 25 134 135 23 24 29 136 26 27 93 89 90 127 128 16 17 126 130 18 19 20 76 77 78 45 145 42 43 50 46 47 9 113 141 32 33 34 35 36 37 102 103 71 67 68 1 72 22 54 55 56 59 60 123 3 94 5 81 82 86 11 107 
66 53 29 92 93 20 78 79 45 49 50 115 116 9 34 37 38 103 104 105 70 71 74 75 1 132 133 21 22 56 57 60 61 62 123 124 125 15 96 97 3 99 100 4 5 143 144 39 40 41 82 83 84 86 87 88 2 137 138 139 30 31 118 119 10 11 120 121 12 13 14 149 63 64 65 107 108 109 6 110 111 112 7 8 146 147 51 52 134 135 23 24 25 136 26 27 28 89 90 91 126 127 128 16 17 129 130 18 19 150 76 77 145 42 43 44 46 47 48 113 114 140 141 32 33 142 35 36 101 102 67 68 69 72 73 131 148 54 55 58 59 122 94 95 98 80 81 85 117 106 
67 16 89 3 94 30 32 33 46 9 113 10 11 117 7 51 52 54 55 56 1 72 21 22 131 23 24 25 134 18 19 76 77 78 80 81 82 83 4 5 98 39 40 41 143 42 43 44 45 145 35 36 37 101 102 103 104 6 106 107 108 109 12 13 14 120 63 64 65 66 149 68 69 70 71 58 59 60 61 15 122 123 124 125 17 126 127 128 26 27 28 29 136 90 91 92 93 95 96 97 2 85 86 87 88 31 137 138 139 34 140 141 47 48 49 50 114 115 116 118 119 8 110 111 112 53 146 147 57 148 73 74 75 132 133 135 20 129 130 79 150 84 99 100 144 38 142 105 121 62 
68 128 90 94 95 139 141 32 47 113 114 11 117 118 112 147 51 148 54 55 72 73 22 131 132 24 25 134 135 130 18 150 76 77 84 80 81 82 5 98 99 40 41 143 144 43 44 45 145 42 142 35 36 105 101 102 103 109 6 106 107 108 13 14 120 121 64 65 66 149 63 69 70 71 67 62 58 59 60 125 15 122 123 124 16 17 126 127 27 28 29 136 26 91 92 93 89 96 97 3 88 2 85 86 87 30 31 137 138 33 34 140 48 49 50 46 115 116 9 119 10 7 8 110 111 52 53 146 56 57 74 75 1 133 21 23 19 20 129 78 79 83 100 4 39 37 38 104 12 61 
69 127 91 95 96 138 140 141 48 114 115 117 118 119 111 146 147 57 148 54 73 74 131 132 133 25 134 135 23 129 130 79 150 76 83 84 80 81 98 99 100 41 143 144 39 44 45 145 42 43 38 142 35 104 105 101 102 108 109 6 106 107 14 120 121 12 65 66 149 63 64 70 71 67 68 61 62 58 59 124 125 15 122 123 128 16 17 126 28 29 136 26 27 92 93 89 90 97 3 94 87 88 2 85 86 139 30 31 137 32 33 34 49 50 46 47 116 9 113 10 11 112 7 8 110 51 52 53 55 56 75 1 72 21 22 24 18 19 20 77 78 82 4 5 40 36 37 103 13 60 
70 126 92 96 97 137 34 140 49 115 116 118 119 10 110 53 146 56 57 148 74 75 132 133 21 134 135 23 24 20 129 78 79 150 82 83 84 80 99 100 4 143 144 39 40 45 145 42 43 44 37 38 142 103 104 105 101 107 108 109 6 106 120 121 12 13 66 149 63 64 65 71 67 68 69 60 61 62 58 123 124 125 15 122 127 128 16 17 29 136 26 27 28 93 89 90 91 3 94 95 86 87 88 2 85 138 139 30 31 141 32 33 50 46 47 48 9 113 114 11 117 111 112 7 8 147 51 52 54 55 1 72 73 22 131 25 130 18 19 76 77 81 5 98 41 35 36 102 14 59 
71 17 93 97 3 31 33 34 50 116 9 119 10 11 8 52 53 55 56 57 75 1 133 21 22 135 23 24 25 19 20 77 78 79 81 82 83 84 100 4 5 144 39 40 41 145 42 43 44 45 36 37 38 102 103 104 105 106 107 108 109 6 121 12 13 14 149 63 64 65 66 67 68 69 70 59 60 61 62 122 123 124 125 15 126 127 128 16 136 26 27 28 29 89 90 91 92 94 95 96 85 86 87 88 2 137 138 139 30 140 141 32 46 47 48 49 113 114 115 117 118 110 111 112 7 146 147 51 148 54 72 73 74 131 132 134 129 130 18 150 76 80 98 99 143 142 35 101 120 58 
72 88 94 5 98 109 112 7 113 11 117 13 14 120 125 128 16 130 18 19 22 131 24 25 134 27 28 29 136 139 30 141 32 33 142 35 36 37 40 41 143 43 44 45 145 47 48 49 50 46 147 51 52 148 54 55 56 62 58 59 60 61 64 65 66 149 68 69 70 71 67 73 74 75 1 150 76 77 78 84 80 81 82 83 2 85 86 87 90 91 92 93 89 95 96 97 3 99 100 4 105 101 102 103 104 6 106 107 108 8 110 111 114 115 116 9 118 119 10 121 12 15 122 123 124 17 126 127 20 129 132 133 21 135 23 26 31 137 138 34 140 38 144 39 42 53 146 57 63 79 
73 87 95 98 99 108 111 112 114 117 118 14 120 121 124 127 128 129 130 18 131 132 25 134 135 28 29 136 26 138 139 140 141 32 38 142 35 36 41 143 144 44 45 145 42 48 49 50 46 47 146 147 51 57 148 54 55 61 62 58 59 60 65 66 149 63 69 70 71 67 68 74 75 1 72 79 150 76 77 83 84 80 81 82 88 2 85 86 91 92 93 89 90 96 97 3 94 100 4 5 104 105 101 102 103 109 6 106 107 7 8 110 115 116 9 113 119 10 11 12 13 125 15 122 123 16 17 126 19 20 133 21 22 23 24 27 30 31 137 33 34 37 39 40 43 52 53 56 64 78 
74 86 96 99 100 107 110 111 115 118 119 120 121 12 123 126 127 20 129 130 132 133 134 135 23 29 136 26 27 137 138 34 140 141 37 38 142 35 143 144 39 45 145 42 43 49 50 46 47 48 53 146 147 56 57 148 54 60 61 62 58 59 66 149 63 64 70 71 67 68 69 75 1 72 73 78 79 150 76 82 83 84 80 81 87 88 2 85 92 93 89 90 91 97 3 94 95 4 5 98 103 104 105 101 102 108 109 6 106 112 7 8 116 9 113 114 10 11 117 13 14 124 125 15 122 128 16 17 18 19 21 22 131 24 25 28 139 30 31 32 33 36 40 41 44 51 52 55 65 77 
75 85 97 100 4 106 8 110 116 119 10 121 12 13 122 17 126 19 20 129 133 21 135 23 24 136 26 27 28 31 137 33 34 140 36 37 38 142 144 39 40 145 42 43 44 50 46 47 48 49 52 53 146 55 56 57 148 59 60 61 62 58 149 63 64 65 71 67 68 69 70 1 72 73 74 77 78 79 150 81 82 83 84 80 86 87 88 2 93 89 90 91 92 3 94 95 96 5 98 99 102 103 104 105 101 107 108 109 6 111 112 7 9 113 114 115 11 117 118 14 120 123 124 125 15 127 128 16 130 18 22 131 132 25 134 29 138 139 30 141 32 35 41 143 45 147 51 54 66 76 
76 39 35 101 102 12 63 64 54 58 59 15 122 123 23 26 27 89 90 91 80 81 2 85 86 30 31 137 138 42 43 46 47 48 9 113 114 115 6 106 107 7 8 110 111 51 52 53 146 147 67 68 69 1 72 73 74 21 22 131 132 133 16 17 126 127 18 19 20 129 130 77 78 79 150 3 94 95 96 4 5 98 99 100 40 41 143 144 32 33 34 140 141 36 37 38 142 103 104 105 10 11 117 118 119 13 14 120 121 65 66 149 55 56 57 148 60 61 62 124 125 24 25 134 135 28 29 136 92 93 82 83 84 87 88 139 44 45 145 49 50 116 108 109 112 70 71 75 128 97 
77 144 36 102 103 121 149 63 55 59 60 122 123 124 135 136 26 93 89 90 81 82 85 86 87 31 137 138 139 145 42 50 46 47 116 9 113 114 106 107 108 8 110 111 112 52 53 146 147 51 71 67 68 75 1 72 73 133 21 22 131 132 17 126 127 128 19 20 129 130 18 78 79 150 76 97 3 94 95 100 4 5 98 99 39 40 41 143 33 34 140 141 32 37 38 142 35 104 105 101 119 10 11 117 118 12 13 14 120 64 65 66 56 57 148 54 61 62 58 125 15 23 24 25 134 27 28 29 91 92 83 84 80 88 2 30 43 44 45 48 49 115 109 6 7 69 70 74 16 96 
78 143 37 103 104 120 66 149 56 60 61 123 124 125 134 29 136 92 93 89 82 83 86 87 88 137 138 139 30 45 145 49 50 46 115 116 9 113 107 108 109 110 111 112 7 53 146 147 51 52 70 71 67 74 75 1 72 132 133 21 22 131 126 127 128 16 20 129 130 18 19 79 150 76 77 96 97 3 94 99 100 4 5 98 144 39 40 41 34 140 141 32 33 38 142 35 36 105 101 102 118 119 10 11 117 121 12 13 14 63 64 65 57 148 54 55 62 58 59 15 122 135 23 24 25 26 27 28 90 91 84 80 81 2 85 31 42 43 44 47 48 114 6 106 8 68 69 73 17 95 
79 41 38 104 105 14 65 66 57 61 62 124 125 15 25 28 29 91 92 93 83 84 87 88 2 138 139 30 31 44 45 48 49 50 114 115 116 9 108 109 6 111 112 7 8 146 147 51 52 53 69 70 71 73 74 75 1 131 132 133 21 22 127 128 16 17 129 130 18 19 20 150 76 77 78 95 96 97 3 98 99 100 4 5 143 144 39 40 140 141 32 33 34 142 35 36 37 101 102 103 117 118 119 10 11 120 121 12 13 149 63 64 148 54 55 56 58 59 60 122 123 134 135 23 24 136 26 27 89 90 80 81 82 85 86 137 145 42 43 46 47 113 106 107 110 67 68 72 126 94 
80 10 101 6 106 21 23 24 58 15 122 16 17 126 4 39 40 42 43 44 2 85 30 31 137 32 33 34 140 12 13 63 64 65 67 68 69 70 7 8 110 51 52 53 146 54 55 56 57 148 26 27 28 89 90 91 92 3 94 95 96 97 18 19 20 129 76 77 78 79 150 81 82 83 84 46 47 48 49 9 113 114 115 116 11 117 118 119 35 36 37 38 142 102 103 104 105 107 108 109 1 72 73 74 75 22 131 132 133 25 134 135 59 60 61 62 123 124 125 127 128 5 98 99 100 41 143 144 45 145 86 87 88 138 139 141 14 120 121 66 149 71 111 112 147 29 136 93 130 50 
81 119 102 106 107 133 135 23 59 122 123 17 126 127 100 144 39 145 42 43 85 86 31 137 138 33 34 140 141 121 12 149 63 64 71 67 68 69 8 110 111 52 53 146 147 55 56 57 148 54 136 26 27 93 89 90 91 97 3 94 95 96 19 20 129 130 77 78 79 150 76 82 83 84 80 50 46 47 48 116 9 113 114 115 10 11 117 118 36 37 38 142 35 103 104 105 101 108 109 6 75 1 72 73 74 21 22 131 132 24 25 134 60 61 62 58 124 125 15 128 16 4 5 98 99 40 41 143 44 45 87 88 2 139 30 32 13 14 120 65 66 70 112 7 51 28 29 92 18 49 
82 118 103 107 108 132 134 135 60 123 124 126 127 128 99 143 144 45 145 42 86 87 137 138 139 34 140 141 32 120 121 66 149 63 70 71 67 68 110 111 112 53 146 147 51 56 57 148 54 55 29 136 26 92 93 89 90 96 97 3 94 95 20 129 130 18 78 79 150 76 77 83 84 80 81 49 50 46 47 115 116 9 113 114 119 10 11 117 37 38 142 35 36 104 105 101 102 109 6 106 74 75 1 72 73 133 21 22 131 23 24 25 61 62 58 59 125 15 122 16 17 100 4 5 98 39 40 41 43 44 88 2 85 30 31 33 12 13 14 64 65 69 7 8 52 27 28 91 19 48 
83 117 104 108 109 131 25 134 61 124 125 127 128 16 98 41 143 44 45 145 87 88 138 139 30 140 141 32 33 14 120 65 66 149 69 70 71 67 111 112 7 146 147 51 52 57 148 54 55 56 28 29 136 91 92 93 89 95 96 97 3 94 129 130 18 19 79 150 76 77 78 84 80 81 82 48 49 50 46 114 115 116 9 113 118 119 10 11 38 142 35 36 37 105 101 102 103 6 106 107 73 74 75 1 72 132 133 21 22 135 23 24 62 58 59 60 15 122 123 17 126 99 100 4 5 144 39 40 42 43 2 85 86 31 137 34 121 12 13 63 64 68 8 110 53 26 27 90 20 47 
84 11 105 109 6 22 24 25 62 125 15 128 16 17 5 40 41 43 44 45 88 2 139 30 31 141 32 33 34 13 14 64 65 66 68 69 70 71 112 7 8 147 51 52 53 148 54 55 56 57 27 28 29 90 91 92 93 94 95 96 97 3 130 18 19 20 150 76 77 78 79 80 81 82 83 47 48 49 50 113 114 115 116 9 117 118 119 10 142 35 36 37 38 101 102 103 104 106 107 108 72 73 74 75 1 131 132 133 21 134 135 23 58 59 60 61 122 123 124 126 127 98 99 100 4 143 144 39 145 42 85 86 87 137 138 140 120 121 12 149 63 67 110 111 146 136 26 89 129 46 
85 75 106 8 110 97 100 4 122 17 126 19 20 129 116 119 10 121 12 13 31 137 33 34 140 36 37 38 142 133 21 135 23 24 136 26 27 28 52 53 146 55 56 57 148 59 60 61 62 58 144 39 40 145 42 43 44 50 46 47 48 49 77 78 79 150 81 82 83 84 80 86 87 88 2 149 63 64 65 71 67 68 69 70 1 72 73 74 102 103 104 105 101 107 108 109 6 111 112 7 93 89 90 91 92 3 94 95 96 5 98 99 123 124 125 15 127 128 16 130 18 9 113 114 115 11 117 118 14 120 138 139 30 141 32 35 22 131 132 25 134 29 147 51 54 41 143 45 76 66 
86 74 107 110 111 96 99 100 123 126 127 20 129 130 115 118 119 120 121 12 137 138 34 140 141 37 38 142 35 132 133 134 135 23 29 136 26 27 53 146 147 56 57 148 54 60 61 62 58 59 143 144 39 45 145 42 43 49 50 46 47 48 78 79 150 76 82 83 84 80 81 87 88 2 85 66 149 63 64 70 71 67 68 69 75 1 72 73 103 104 105 101 102 108 109 6 106 112 7 8 92 93 89 90 91 97 3 94 95 4 5 98 124 125 15 122 128 16 17 18 19 116 9 113 114 10 11 117 13 14 139 30 31 32 33 36 21 22 131 24 25 28 51 52 55 40 41 44 77 65 
87 73 108 111 112 95 98 99 124 127 128 129 130 18 114 117 118 14 120 121 138 139 140 141 32 38 142 35 36 131 132 25 134 135 28 29 136 26 146 147 51 57 148 54 55 61 62 58 59 60 41 143 144 44 45 145 42 48 49 50 46 47 79 150 76 77 83 84 80 81 82 88 2 85 86 65 66 149 63 69 70 71 67 68 74 75 1 72 104 105 101 102 103 109 6 106 107 7 8 110 91 92 93 89 90 96 97 3 94 100 4 5 125 15 122 123 16 17 126 19 20 115 116 9 113 119 10 11 12 13 30 31 137 33 34 37 133 21 22 23 24 27 52 53 56 39 40 43 78 64 
88 72 109 112 7 94 5 98 125 128 16 130 18 19 113 11 117 13 14 120 139 30 141 32 33 142 35 36 37 22 131 24 25 134 27 28 29 136 147 51 52 148 54 55 56 62 58 59 60 61 40 41 143 43 44 45 145 47 48 49 50 46 150 76 77 78 84 80 81 82 83 2 85 86 87 64 65 66 149 68 69 70 71 67 73 74 75 1 105 101 102 103 104 6 106 107 108 8 110 111 90 91 92 93 89 95 96 97 3 99 100 4 15 122 123 124 17 126 127 20 129 114 115 116 9 118 119 10 121 12 31 137 138 34 140 38 132 133 21 135 23 26 53 146 57 144 39 42 79 63 
89 30 46 9 113 7 51 52 67 1 72 21 22 131 16 18 19 76 77 78 3 94 4 5 98 39 40 41 143 32 33 35 36 37 101 102 103 104 10 11 117 12 13 14 120 63 64 65 66 149 54 55 56 58 59 60 61 15 122 123 124 125 23 24 25 134 26 27 28 29 136 90 91 92 93 80 81 82 83 2 85 86 87 88 31 137 138 139 42 43 44 45 145 47 48 49 50 114 115 116 6 106 107 108 109 8 110 111 112 53 146 147 68 69 70 71 73 74 75 132 133 17 126 127 128 20 129 130 79 150 95 96 97 99 100 144 34 140 141 38 142 105 118 119 121 57 148 62 135 84 
90 139 47 113 114 112 147 51 68 72 73 22 131 132 128 130 18 150 76 77 94 95 5 98 99 40 41 143 144 141 32 142 35 36 105 101 102 103 11 117 118 13 14 120 121 64 65 66 149 63 148 54 55 62 58 59 60 125 15 122 123 124 24 25 134 135 27 28 29 136 26 91 92 93 89 84 80 81 82 88 2 85 86 87 30 31 137 138 43 44 45 145 42 48 49 50 46 115 116 9 109 6 106 107 108 7 8 110 111 52 53 146 69 70 71 67 74 75 1 133 21 16 17 126 127 19 20 129 78 79 96 97 3 100 4 39 33 34 140 37 38 104 119 10 12 56 57 61 23 83 
91 138 48 114 115 111 146 147 69 73 74 131 132 133 127 129 130 79 150 76 95 96 98 99 100 41 143 144 39 140 141 38 142 35 104 105 101 102 117 118 119 14 120 121 12 65 66 149 63 64 57 148 54 61 62 58 59 124 125 15 122 123 25 134 135 23 28 29 136 26 27 92 93 89 90 83 84 80 81 87 88 2 85 86 139 30 31 137 44 45 145 42 43 49 50 46 47 116 9 113 108 109 6 106 107 112 7 8 110 51 52 53 70 71 67 68 75 1 72 21 22 128 16 17 126 18 19 20 77 78 97 3 94 4 5 40 32 33 34 36 37 103 10 11 13 55 56 60 24 82 
92 137 49 115 116 110 53 146 70 74 75 132 133 21 126 20 129 78 79 150 96 97 99 100 4 143 144 39 40 34 140 37 38 142 103 104 105 101 118 119 10 120 121 12 13 66 149 63 64 65 56 57 148 60 61 62 58 123 124 125 15 122 134 135 23 24 29 136 26 27 28 93 89 90 91 82 83 84 80 86 87 88 2 85 138 139 30 31 45 145 42 43 44 50 46 47 48 9 113 114 107 108 109 6 106 111 112 7 8 147 51 52 71 67 68 69 1 72 73 22 131 127 128 16 17 130 18 19 76 77 3 94 95 5 98 41 141 32 33 35 36 102 11 117 14 54 55 59 25 81 
93 31 50 116 9 8 52 53 71 75 1 133 21 22 17 19 20 77 78 79 97 3 100 4 5 144 39 40 41 33 34 36 37 38 102 103 104 105 119 10 11 121 12 13 14 149 63 64 65 66 55 56 57 59 60 61 62 122 123 124 125 15 135 23 24 25 136 26 27 28 29 89 90 91 92 81 82 83 84 85 86 87 88 2 137 138 139 30 145 42 43 44 45 46 47 48 49 113 114 115 106 107 108 109 6 110 111 112 7 146 147 51 67 68 69 70 72 73 74 131 132 126 127 128 16 129 130 18 150 76 94 95 96 98 99 143 140 141 32 142 35 101 117 118 120 148 54 58 134 80 
94 109 113 11 117 125 128 16 72 22 131 24 25 134 88 139 30 141 32 33 5 98 40 41 143 43 44 45 145 112 7 147 51 52 148 54 55 56 13 14 120 64 65 66 149 68 69 70 71 67 130 18 19 150 76 77 78 84 80 81 82 83 27 28 29 136 90 91 92 93 89 95 96 97 3 142 35 36 37 105 101 102 103 104 6 106 107 108 47 48 49 50 46 114 115 116 9 118 119 10 62 58 59 60 61 15 122 123 124 17 126 127 73 74 75 1 132 133 21 135 23 2 85 86 87 31 137 138 34 140 99 100 4 144 39 42 8 110 111 53 146 57 121 12 63 20 129 79 26 38 
95 108 114 117 118 124 127 128 73 131 132 25 134 135 87 138 139 140 141 32 98 99 41 143 144 44 45 145 42 111 112 146 147 51 57 148 54 55 14 120 121 65 66 149 63 69 70 71 67 68 129 130 18 79 150 76 77 83 84 80 81 82 28 29 136 26 91 92 93 89 90 96 97 3 94 38 142 35 36 104 105 101 102 103 109 6 106 107 48 49 50 46 47 115 116 9 113 119 10 11 61 62 58 59 60 125 15 122 123 16 17 126 74 75 1 72 133 21 22 23 24 88 2 85 86 30 31 137 33 34 100 4 5 39 40 43 7 8 110 52 53 56 12 13 64 19 20 78 27 37 
96 107 115 118 119 123 126 127 74 132 133 134 135 23 86 137 138 34 140 141 99 100 143 144 39 45 145 42 43 110 111 53 146 147 56 57 148 54 120 121 12 66 149 63 64 70 71 67 68 69 20 129 130 78 79 150 76 82 83 84 80 81 29 136 26 27 92 93 89 90 91 97 3 94 95 37 38 142 35 103 104 105 101 102 108 109 6 106 49 50 46 47 48 116 9 113 114 10 11 117 60 61 62 58 59 124 125 15 122 128 16 17 75 1 72 73 21 22 131 24 25 87 88 2 85 139 30 31 32 33 4 5 98 40 41 44 112 7 8 51 52 55 13 14 65 18 19 77 28 36 
97 106 116 119 10 122 17 126 75 133 21 135 23 24 85 31 137 33 34 140 100 4 144 39 40 145 42 43 44 8 110 52 53 146 55 56 57 148 121 12 13 149 63 64 65 71 67 68 69 70 19 20 129 77 78 79 150 81 82 83 84 80 136 26 27 28 93 89 90 91 92 3 94 95 96 36 37 38 142 102 103 104 105 101 107 108 109 6 50 46 47 48 49 9 113 114 115 11 117 118 59 60 61 62 58 123 124 125 15 127 128 16 1 72 73 74 22 131 132 25 134 86 87 88 2 138 139 30 141 32 5 98 99 41 143 45 111 112 7 147 51 54 14 120 66 130 18 76 29 35 
98 61 117 14 120 83 87 88 131 25 134 28 29 136 104 108 109 111 112 7 41 143 44 45 145 48 49 50 46 124 125 127 128 16 129 130 18 19 65 66 149 69 70 71 67 73 74 75 1 72 138 139 30 140 141 32 33 38 142 35 36 37 91 92 93 89 95 96 97 3 94 99 100 4 5 146 147 51 52 57 148 54 55 56 62 58 59 60 114 115 116 9 113 118 119 10 11 121 12 13 79 150 76 77 78 84 80 81 82 2 85 86 132 133 21 22 135 23 24 26 27 105 101 102 103 6 106 107 8 110 144 39 40 42 43 47 15 122 123 17 126 20 63 64 68 31 137 34 90 53 
99 60 118 120 121 82 86 87 132 134 135 29 136 26 103 107 108 110 111 112 143 144 45 145 42 49 50 46 47 123 124 126 127 128 20 129 130 18 66 149 63 70 71 67 68 74 75 1 72 73 137 138 139 34 140 141 32 37 38 142 35 36 92 93 89 90 96 97 3 94 95 100 4 5 98 53 146 147 51 56 57 148 54 55 61 62 58 59 115 116 9 113 114 119 10 11 117 12 13 14 78 79 150 76 77 83 84 80 81 88 2 85 133 21 22 131 23 24 25 27 28 104 105 101 102 109 6 106 7 8 39 40 41 43 44 48 125 15 122 16 17 19 64 65 69 30 31 33 91 52 
100 59 119 121 12 81 85 86 133 135 23 136 26 27 102 106 107 8 110 111 144 39 145 42 43 50 46 47 48 122 123 17 126 127 19 20 129 130 149 63 64 71 67 68 69 75 1 72 73 74 31 137 138 33 34 140 141 36 37 38 142 35 93 89 90 91 97 3 94 95 96 4 5 98 99 52 53 146 147 55 56 57 148 54 60 61 62 58 116 9 113 114 115 10 11 117 118 13 14 120 77 78 79 150 76 82 83 84 80 87 88 2 21 22 131 132 24 25 134 28 29 103 104 105 101 108 109 6 112 7 40 41 143 44 45 49 124 125 15 128 16 18 65 66 70 139 30 32 92 51 
101 21 58 15 122 4 39 40 80 2 85 30 31 137 10 12 13 63 64 65 6 106 7 8 110 51 52 53 146 23 24 26 27 28 89 90 91 92 16 17 126 18 19 20 129 76 77 78 79 150 42 43 44 46 47 48 49 9 113 114 115 116 32 33 34 140 35 36 37 38 142 102 103 104 105 67 68 69 70 1 72 73 74 75 22 131 132 133 54 55 56 57 148 59 60 61 62 123 124 125 3 94 95 96 97 5 98 99 100 41 143 144 81 82 83 84 86 87 88 138 139 11 117 118 119 14 120 121 66 149 107 108 109 111 112 147 25 134 135 29 136 93 127 128 130 45 145 50 141 71 
102 133 59 122 123 100 144 39 81 85 86 31 137 138 119 121 12 149 63 64 106 107 8 110 111 52 53 146 147 135 23 136 26 27 93 89 90 91 17 126 127 19 20 129 130 77 78 79 150 76 145 42 43 50 46 47 48 116 9 113 114 115 33 34 140 141 36 37 38 142 35 103 104 105 101 71 67 68 69 75 1 72 73 74 21 22 131 132 55 56 57 148 54 60 61 62 58 124 125 15 97 3 94 95 96 4 5 98 99 40 41 143 82 83 84 80 87 88 2 139 30 10 11 117 118 13 14 120 65 66 108 109 6 112 7 51 24 25 134 28 29 92 128 16 18 44 45 49 32 70 
103 132 60 123 124 99 143 144 82 86 87 137 138 139 118 120 121 66 149 63 107 108 110 111 112 53 146 147 51 134 135 29 136 26 92 93 89 90 126 127 128 20 129 130 18 78 79 150 76 77 45 145 42 49 50 46 47 115 116 9 113 114 34 140 141 32 37 38 142 35 36 104 105 101 102 70 71 67 68 74 75 1 72 73 133 21 22 131 56 57 148 54 55 61 62 58 59 125 15 122 96 97 3 94 95 100 4 5 98 39 40 41 83 84 80 81 88 2 85 30 31 119 10 11 117 12 13 14 64 65 109 6 106 7 8 52 23 24 25 27 28 91 16 17 19 43 44 48 33 69 
104 131 61 124 125 98 41 143 83 87 88 138 139 30 117 14 120 65 66 149 108 109 111 112 7 146 147 51 52 25 134 28 29 136 91 92 93 89 127 128 16 129 130 18 19 79 150 76 77 78 44 45 145 48 49 50 46 114 115 116 9 113 140 141 32 33 38 142 35 36 37 105 101 102 103 69 70 71 67 73 74 75 1 72 132 133 21 22 57 148 54 55 56 62 58 59 60 15 122 123 95 96 97 3 94 99 100 4 5 144 39 40 84 80 81 82 2 85 86 31 137 118 119 10 11 121 12 13 63 64 6 106 107 8 110 53 135 23 24 26 27 90 17 126 20 42 43 47 34 68 
105 22 62 125 15 5 40 41 84 88 2 139 30 31 11 13 14 64 65 66 109 6 112 7 8 147 51 52 53 24 25 27 28 29 90 91 92 93 128 16 17 130 18 19 20 150 76 77 78 79 43 44 45 47 48 49 50 113 114 115 116 9 141 32 33 34 142 35 36 37 38 101 102 103 104 68 69 70 71 72 73 74 75 1 131 132 133 21 148 54 55 56 57 58 59 60 61 122 123 124 94 95 96 97 3 98 99 100 4 143 144 39 80 81 82 83 85 86 87 137 138 117 118 119 10 120 121 12 149 63 106 107 108 110 111 146 134 135 23 136 26 89 126 127 129 145 42 46 140 67 
106 97 122 17 126 116 119 10 85 31 137 33 34 140 75 133 21 135 23 24 8 110 52 53 146 55 56 57 148 100 4 144 39 40 145 42 43 44 19 20 129 77 78 79 150 81 82 83 84 80 121 12 13 149 63 64 65 71 67 68 69 70 36 37 38 142 102 103 104 105 101 107 108 109 6 136 26 27 28 93 89 90 91 92 3 94 95 96 59 60 61 62 58 123 124 125 15 127 128 16 50 46 47 48 49 9 113 114 115 11 117 118 86 87 88 2 138 139 30 141 32 1 72 73 74 22 131 132 25 134 111 112 7 147 51 54 5 98 99 41 143 45 130 18 76 14 120 66 35 29 
107 96 123 126 127 115 118 119 86 137 138 34 140 141 74 132 133 134 135 23 110 111 53 146 147 56 57 148 54 99 100 143 144 39 45 145 42 43 20 129 130 78 79 150 76 82 83 84 80 81 120 121 12 66 149 63 64 70 71 67 68 69 37 38 142 35 103 104 105 101 102 108 109 6 106 29 136 26 27 92 93 89 90 91 97 3 94 95 60 61 62 58 59 124 125 15 122 128 16 17 49 50 46 47 48 116 9 113 114 10 11 117 87 88 2 85 139 30 31 32 33 75 1 72 73 21 22 131 24 25 112 7 8 51 52 55 4 5 98 40 41 44 18 19 77 13 14 65 36 28 
108 95 124 127 128 114 117 118 87 138 139 140 141 32 73 131 132 25 134 135 111 112 146 147 51 57 148 54 55 98 99 41 143 144 44 45 145 42 129 130 18 79 150 76 77 83 84 80 81 82 14 120 121 65 66 149 63 69 70 71 67 68 38 142 35 36 104 105 101 102 103 109 6 106 107 28 29 136 26 91 92 93 89 90 96 97 3 94 61 62 58 59 60 125 15 122 123 16 17 126 48 49 50 46 47 115 116 9 113 119 10 11 88 2 85 86 30 31 137 33 34 74 75 1 72 133 21 22 23 24 7 8 110 52 53 56 100 4 5 39 40 43 19 20 78 12 13 64 37 27 
109 94 125 128 16 113 11 117 88 139 30 141 32 33 72 22 131 24 25 134 112 7 147 51 52 148 54 55 56 5 98 40 41 143 43 44 45 145 130 18 19 150 76 77 78 84 80 81 82 83 13 14 120 64 65 66 149 68 69 70 71 67 142 35 36 37 105 101 102 103 104 6 106 107 108 27 28 29 136 90 91 92 93 89 95 96 97 3 62 58 59 60 61 15 122 123 124 17 126 127 47 48 49 50 46 114 115 116 9 118 119 10 2 85 86 87 31 137 138 34 140 73 74 75 1 132 133 21 135 23 8 110 111 53 146 57 99 100 4 144 39 42 20 129 79 121 12 63 38 26 
110 49 126 20 129 70 74 75 137 34 140 37 38 142 92 96 97 99 100 4 53 146 56 57 148 60 61 62 58 115 116 118 119 10 120 121 12 13 78 79 150 82 83 84 80 86 87 88 2 85 132 133 21 134 135 23 24 29 136 26 27 28 103 104 105 101 107 108 109 6 106 111 112 7 8 143 144 39 40 45 145 42 43 44 50 46 47 48 123 124 125 15 122 127 128 16 17 130 18 19 66 149 63 64 65 71 67 68 69 1 72 73 138 139 30 31 141 32 33 35 36 93 89 90 91 3 94 95 5 98 147 51 52 54 55 59 9 113 114 11 117 14 76 77 81 22 131 25 102 41 
111 48 127 129 130 69 73 74 138 140 141 38 142 35 91 95 96 98 99 100 146 147 57 148 54 61 62 58 59 114 115 117 118 119 14 120 121 12 79 150 76 83 84 80 81 87 88 2 85 86 131 132 133 25 134 135 23 28 29 136 26 27 104 105 101 102 108 109 6 106 107 112 7 8 110 41 143 144 39 44 45 145 42 43 49 50 46 47 124 125 15 122 123 128 16 17 126 18 19 20 65 66 149 63 64 70 71 67 68 75 1 72 139 30 31 137 32 33 34 36 37 92 93 89 90 97 3 94 4 5 51 52 53 55 56 60 116 9 113 10 11 13 77 78 82 21 22 24 103 40 
112 47 128 130 18 68 72 73 139 141 32 142 35 36 90 94 95 5 98 99 147 51 148 54 55 62 58 59 60 113 114 11 117 118 13 14 120 121 150 76 77 84 80 81 82 88 2 85 86 87 22 131 132 24 25 134 135 27 28 29 136 26 105 101 102 103 109 6 106 107 108 7 8 110 111 40 41 143 144 43 44 45 145 42 48 49 50 46 125 15 122 123 124 16 17 126 127 19 20 129 64 65 66 149 63 69 70 71 67 74 75 1 30 31 137 138 33 34 140 37 38 91 92 93 89 96 97 3 100 4 52 53 146 56 57 61 115 116 9 119 10 12 78 79 83 133 21 23 104 39 
113 125 72 22 131 88 139 30 94 5 98 40 41 143 109 112 7 147 51 52 11 117 13 14 120 64 65 66 149 128 16 130 18 19 150 76 77 78 24 25 134 27 28 29 136 90 91 92 93 89 141 32 33 142 35 36 37 105 101 102 103 104 43 44 45 145 47 48 49 50 46 114 115 116 9 148 54 55 56 62 58 59 60 61 15 122 123 124 68 69 70 71 67 73 74 75 1 132 133 21 84 80 81 82 83 2 85 86 87 31 137 138 95 96 97 3 99 100 4 144 39 6 106 107 108 8 110 111 53 146 118 119 10 121 12 63 17 126 127 20 129 79 135 23 26 34 140 38 42 57 
114 124 73 131 132 87 138 139 95 98 99 41 143 144 108 111 112 146 147 51 117 118 14 120 121 65 66 149 63 127 128 129 130 18 79 150 76 77 25 134 135 28 29 136 26 91 92 93 89 90 140 141 32 38 142 35 36 104 105 101 102 103 44 45 145 42 48 49 50 46 47 115 116 9 113 57 148 54 55 61 62 58 59 60 125 15 122 123 69 70 71 67 68 74 75 1 72 133 21 22 83 84 80 81 82 88 2 85 86 30 31 137 96 97 3 94 100 4 5 39 40 109 6 106 107 7 8 110 52 53 119 10 11 12 13 64 16 17 126 19 20 78 23 24 27 33 34 37 43 56 
115 123 74 132 133 86 137 138 96 99 100 143 144 39 107 110 111 53 146 147 118 119 120 121 12 66 149 63 64 126 127 20 129 130 78 79 150 76 134 135 23 29 136 26 27 92 93 89 90 91 34 140 141 37 38 142 35 103 104 105 101 102 45 145 42 43 49 50 46 47 48 116 9 113 114 56 57 148 54 60 61 62 58 59 124 125 15 122 70 71 67 68 69 75 1 72 73 21 22 131 82 83 84 80 81 87 88 2 85 139 30 31 97 3 94 95 4 5 98 40 41 108 109 6 106 112 7 8 51 52 10 11 117 13 14 65 128 16 17 18 19 77 24 25 28 32 33 36 44 55 
116 122 75 133 21 85 31 137 97 100 4 144 39 40 106 8 110 52 53 146 119 10 121 12 13 149 63 64 65 17 126 19 20 129 77 78 79 150 135 23 24 136 26 27 28 93 89 90 91 92 33 34 140 36 37 38 142 102 103 104 105 101 145 42 43 44 50 46 47 48 49 9 113 114 115 55 56 57 148 59 60 61 62 58 123 124 125 15 71 67 68 69 70 1 72 73 74 22 131 132 81 82 83 84 80 86 87 88 2 138 139 30 3 94 95 96 5 98 99 41 143 107 108 109 6 111 112 7 147 51 11 117 118 14 120 66 127 128 16 130 18 76 25 134 29 141 32 35 45 54 
117 83 131 25 134 104 108 109 98 41 143 44 45 145 61 124 125 127 128 16 14 120 65 66 149 69 70 71 67 87 88 138 139 30 140 141 32 33 28 29 136 91 92 93 89 95 96 97 3 94 111 112 7 146 147 51 52 57 148 54 55 56 48 49 50 46 114 115 116 9 113 118 119 10 11 129 130 18 19 79 150 76 77 78 84 80 81 82 73 74 75 1 72 132 133 21 22 135 23 24 38 142 35 36 37 105 101 102 103 6 106 107 99 100 4 5 144 39 40 42 43 62 58 59 60 15 122 123 17 126 121 12 13 63 64 68 2 85 86 31 137 34 26 27 90 8 110 53 47 20 
118 82 132 134 135 103 107 108 99 143 144 45 145 42 60 123 124 126 127 128 120 121 66 149 63 70 71 67 68 86 87 137 138 139 34 140 141 32 29 136 26 92 93 89 90 96 97 3 94 95 110 111 112 53 146 147 51 56 57 148 54 55 49 50 46 47 115 116 9 113 114 119 10 11 117 20 129 130 18 78 79 150 76 77 83 84 80 81 74 75 1 72 73 133 21 22 131 23 24 25 37 38 142 35 36 104 105 101 102 109 6 106 100 4 5 98 39 40 41 43 44 61 62 58 59 125 15 122 16 17 12 13 14 64 65 69 88 2 85 30 31 33 27 28 91 7 8 52 48 19 
119 81 133 135 23 102 106 107 100 144 39 145 42 43 59 122 123 17 126 127 121 12 149 63 64 71 67 68 69 85 86 31 137 138 33 34 140 141 136 26 27 93 89 90 91 97 3 94 95 96 8 110 111 52 53 146 147 55 56 57 148 54 50 46 47 48 116 9 113 114 115 10 11 117 118 19 20 129 130 77 78 79 150 76 82 83 84 80 75 1 72 73 74 21 22 131 132 24 25 134 36 37 38 142 35 103 104 105 101 108 109 6 4 5 98 99 40 41 143 44 45 60 61 62 58 124 125 15 128 16 13 14 120 65 66 70 87 88 2 139 30 32 28 29 92 112 7 51 49 18 
120 37 134 29 136 56 60 61 143 45 145 49 50 46 78 82 83 86 87 88 66 149 70 71 67 74 75 1 72 103 104 107 108 109 110 111 112 7 92 93 89 96 97 3 94 99 100 4 5 98 123 124 125 126 127 128 16 20 129 130 18 19 115 116 9 113 118 119 10 11 117 121 12 13 14 137 138 139 30 34 140 141 32 33 38 142 35 36 132 133 21 22 131 135 23 24 25 26 27 28 53 146 147 51 52 57 148 54 55 62 58 59 144 39 40 41 42 43 44 47 48 79 150 76 77 84 80 81 2 85 63 64 65 68 69 73 105 101 102 6 106 8 90 91 95 15 122 17 114 31 
121 36 135 136 26 55 59 60 144 145 42 50 46 47 77 81 82 85 86 87 149 63 71 67 68 75 1 72 73 102 103 106 107 108 8 110 111 112 93 89 90 97 3 94 95 100 4 5 98 99 122 123 124 17 126 127 128 19 20 129 130 18 116 9 113 114 119 10 11 117 118 12 13 14 120 31 137 138 139 33 34 140 141 32 37 38 142 35 133 21 22 131 132 23 24 25 134 27 28 29 52 53 146 147 51 56 57 148 54 61 62 58 39 40 41 143 43 44 45 48 49 78 79 150 76 83 84 80 88 2 64 65 66 69 70 74 104 105 101 109 6 7 91 92 96 125 15 16 115 30 
122 116 85 31 137 75 133 21 106 8 110 52 53 146 97 100 4 144 39 40 17 126 19 20 129 77 78 79 150 119 10 121 12 13 149 63 64 65 33 34 140 36 37 38 142 102 103 104 105 101 135 23 24 136 26 27 28 93 89 90 91 92 55 56 57 148 59 60 61 62 58 123 124 125 15 145 42 43 44 50 46 47 48 49 9 113 114 115 81 82 83 84 80 86 87 88 2 138 139 30 71 67 68 69 70 1 72 73 74 22 131 132 107 108 109 6 111 112 7 147 51 3 94 95 96 5 98 99 41 143 127 128 16 130 18 76 11 117 118 14 120 66 141 32 35 25 134 29 54 45 
123 115 86 137 138 74 132 133 107 110 111 53 146 147 96 99 100 143 144 39 126 127 20 129 130 78 79 150 76 118 119 120 121 12 66 149 63 64 34 140 141 37 38 142 35 103 104 105 101 102 134 135 23 29 136 26 27 92 93 89 90 91 56 57 148 54 60 61 62 58 59 124 125 15 122 45 145 42 43 49 50 46 47 48 116 9 113 114 82 83 84 80 81 87 88 2 85 139 30 31 70 71 67 68 69 75 1 72 73 21 22 131 108 109 6 106 112 7 8 51 52 97 3 94 95 4 5 98 40 41 128 16 17 18 19 77 10 11 117 13 14 65 32 33 36 24 25 28 55 44 
124 114 87 138 139 73 131 132 108 111 112 146 147 51 95 98 99 41 143 144 127 128 129 130 18 79 150 76 77 117 118 14 120 121 65 66 149 63 140 141 32 38 142 35 36 104 105 101 102 103 25 134 135 28 29 136 26 91 92 93 89 90 57 148 54 55 61 62 58 59 60 125 15 122 123 44 45 145 42 48 49 50 46 47 115 116 9 113 83 84 80 81 82 88 2 85 86 30 31 137 69 70 71 67 68 74 75 1 72 133 21 22 109 6 106 107 7 8 110 52 53 96 97 3 94 100 4 5 39 40 16 17 126 19 20 78 119 10 11 12 13 64 33 34 37 23 24 27 56 43 
125 113 88 139 30 72 22 131 109 112 7 147 51 52 94 5 98 40 41 143 128 16 130 18 19 150 76 77 78 11 117 13 14 120 64 65 66 149 141 32 33 142 35 36 37 105 101 102 103 104 24 25 134 27 28 29 136 90 91 92 93 89 148 54 55 56 62 58 59 60 61 15 122 123 124 43 44 45 145 47 48 49 50 46 114 115 116 9 84 80 81 82 83 2 85 86 87 31 137 138 68 69 70 71 67 73 74 75 1 132 133 21 6 106 107 108 8 110 111 53 146 95 96 97 3 99 100 4 144 39 17 126 127 20 129 79 118 119 10 121 12 63 34 140 38 135 23 26 57 42 
126 70 137 34 140 92 96 97 110 53 146 56 57 148 49 115 116 118 119 10 20 129 78 79 150 82 83 84 80 74 75 132 133 21 134 135 23 24 37 38 142 103 104 105 101 107 108 109 6 106 99 100 4 143 144 39 40 45 145 42 43 44 60 61 62 58 123 124 125 15 122 127 128 16 17 120 121 12 13 66 149 63 64 65 71 67 68 69 86 87 88 2 85 138 139 30 31 141 32 33 29 136 26 27 28 93 89 90 91 3 94 95 111 112 7 8 147 51 52 54 55 50 46 47 48 9 113 114 11 117 130 18 19 76 77 81 1 72 73 22 131 25 35 36 102 5 98 41 59 14 
127 69 138 140 141 91 95 96 111 146 147 57 148 54 48 114 115 117 118 119 129 130 79 150 76 83 84 80 81 73 74 131 132 133 25 134 135 23 38 142 35 104 105 101 102 108 109 6 106 107 98 99 100 41 143 144 39 44 45 145 42 43 61 62 58 59 124 125 15 122 123 128 16 17 126 14 120 121 12 65 66 149 63 64 70 71 67 68 87 88 2 85 86 139 30 31 137 32 33 34 28 29 136 26 27 92 93 89 90 97 3 94 112 7 8 110 51 52 53 55 56 49 50 46 47 116 9 113 10 11 18 19 20 77 78 82 75 1 72 21 22 24 36 37 103 4 5 40 60 13 
128 68 139 141 32 90 94 95 112 147 51 148 54 55 47 113 114 11 117 118 130 18 150 76 77 84 80 81 82 72 73 22 131 132 24 25 134 135 142 35 36 105 101 102 103 109 6 106 107 108 5 98 99 40 41 143 144 43 44 45 145 42 62 58 59 60 125 15 122 123 124 16 17 126 127 13 14 120 121 64 65 66 149 63 69 70 71 67 88 2 85 86 87 30 31 137 138 33 34 140 27 28 29 136 26 91 92 93 89 96 97 3 7 8 110 111 52 53 146 56 57 48 49 50 46 115 116 9 119 10 19 20 129 78 79 83 74 75 1 133 21 23 37 38 104 100 4 39 61 12 
129 28 140 38 142 44 48 49 146 57 148 61 62 58 65 69 70 73 74 75 79 150 83 84 80 87 88 2 85 91 92 95 96 97 98 99 100 4 104 105 101 108 109 6 106 111 112 7 8 110 114 115 116 117 118 119 10 14 120 121 12 13 124 125 15 122 127 128 16 17 126 130 18 19 20 131 132 133 21 25 134 135 23 24 29 136 26 27 138 139 30 31 137 141 32 33 34 35 36 37 41 143 144 39 40 45 145 42 43 50 46 47 147 51 52 53 54 55 56 59 60 66 149 63 64 71 67 68 1 72 76 77 78 81 82 86 93 89 90 3 94 5 102 103 107 9 113 11 123 22 
130 27 141 142 35 43 47 48 147 148 54 62 58 59 64 68 69 72 73 74 150 76 84 80 81 88 2 85 86 90 91 94 95 96 5 98 99 100 105 101 102 109 6 106 107 112 7 8 110 111 113 114 115 11 117 118 119 13 14 120 121 12 125 15 122 123 128 16 17 126 127 18 19 20 129 22 131 132 133 24 25 134 135 23 28 29 136 26 139 30 31 137 138 32 33 34 140 36 37 38 40 41 143 144 39 44 45 145 42 49 50 46 51 52 53 146 55 56 57 60 61 65 66 149 63 70 71 67 75 1 77 78 79 82 83 87 92 93 89 97 3 4 103 104 108 116 9 10 124 21 
131 104 98 41 143 61 124 125 117 14 120 65 66 149 83 87 88 138 139 30 25 134 28 29 136 91 92 93 89 108 109 111 112 7 146 147 51 52 44 45 145 48 49 50 46 114 115 116 9 113 127 128 16 129 130 18 19 79 150 76 77 78 69 70 71 67 73 74 75 1 72 132 133 21 22 140 141 32 33 38 142 35 36 37 105 101 102 103 95 96 97 3 94 99 100 4 5 144 39 40 57 148 54 55 56 62 58 59 60 15 122 123 118 119 10 11 121 12 13 63 64 84 80 81 82 2 85 86 31 137 135 23 24 26 27 90 6 106 107 8 110 53 42 43 47 17 126 20 68 34 
132 103 99 143 144 60 123 124 118 120 121 66 149 63 82 86 87 137 138 139 134 135 29 136 26 92 93 89 90 107 108 110 111 112 53 146 147 51 45 145 42 49 50 46 47 115 116 9 113 114 126 127 128 20 129 130 18 78 79 150 76 77 70 71 67 68 74 75 1 72 73 133 21 22 131 34 140 141 32 37 38 142 35 36 104 105 101 102 96 97 3 94 95 100 4 5 98 39 40 41 56 57 148 54 55 61 62 58 59 125 15 122 119 10 11 117 12 13 14 64 65 83 84 80 81 88 2 85 30 31 23 24 25 27 28 91 109 6 106 7 8 52 43 44 48 16 17 19 69 33 
133 102 100 144 39 59 122 123 119 121 12 149 63 64 81 85 86 31 137 138 135 23 136 26 27 93 89 90 91 106 107 8 110 111 52 53 146 147 145 42 43 50 46 47 48 116 9 113 114 115 17 126 127 19 20 129 130 77 78 79 150 76 71 67 68 69 75 1 72 73 74 21 22 131 132 33 34 140 141 36 37 38 142 35 103 104 105 101 97 3 94 95 96 4 5 98 99 40 41 143 55 56 57 148 54 60 61 62 58 124 125 15 10 11 117 118 13 14 120 65 66 82 83 84 80 87 88 2 139 30 24 25 134 28 29 92 108 109 6 112 7 51 44 45 49 128 16 18 70 32 
134 56 143 45 145 78 82 83 120 66 149 70 71 67 37 103 104 107 108 109 29 136 92 93 89 96 97 3 94 60 61 123 124 125 126 127 128 16 49 50 46 115 116 9 113 118 119 10 11 117 86 87 88 137 138 139 30 34 140 141 32 33 74 75 1 72 132 133 21 22 131 135 23 24 25 110 111 112 7 53 146 147 51 52 57 148 54 55 99 100 4 5 98 144 39 40 41 42 43 44 20 129 130 18 19 79 150 76 77 84 80 81 121 12 13 14 63 64 65 68 69 38 142 35 36 105 101 102 6 106 26 27 28 90 91 95 62 58 59 15 122 17 47 48 114 2 85 31 73 8 
135 55 144 145 42 77 81 82 121 149 63 71 67 68 36 102 103 106 107 108 136 26 93 89 90 97 3 94 95 59 60 122 123 124 17 126 127 128 50 46 47 116 9 113 114 119 10 11 117 118 85 86 87 31 137 138 139 33 34 140 141 32 75 1 72 73 133 21 22 131 132 23 24 25 134 8 110 111 112 52 53 146 147 51 56 57 148 54 100 4 5 98 99 39 40 41 143 43 44 45 19 20 129 130 18 78 79 150 76 83 84 80 12 13 14 120 64 65 66 69 70 37 38 142 35 104 105 101 109 6 27 28 29 91 92 96 61 62 58 125 15 16 48 49 115 88 2 30 74 7 
136 19 145 50 46 33 36 37 149 71 67 75 1 72 52 55 56 59 60 61 93 89 97 3 94 100 4 5 98 77 78 81 82 83 85 86 87 88 116 9 113 119 10 11 117 121 12 13 14 120 102 103 104 106 107 108 109 8 110 111 112 7 133 21 22 131 135 23 24 25 134 26 27 28 29 122 123 124 125 17 126 127 128 16 20 129 130 18 144 39 40 41 143 42 43 44 45 47 48 49 31 137 138 139 30 34 140 141 32 38 142 35 63 64 65 66 68 69 70 73 74 53 146 147 51 57 148 54 62 58 90 91 92 95 96 99 79 150 76 84 80 2 114 115 118 105 101 6 132 15 
137 92 110 53 146 49 115 116 126 20 129 78 79 150 70 74 75 132 133 21 34 140 37 38 142 103 104 105 101 96 97 99 100 4 143 144 39 40 56 57 148 60 61 62 58 123 124 125 15 122 118 119 10 120 121 12 13 66 149 63 64 65 82 83 84 80 86 87 88 2 85 138 139 30 31 134 135 23 24 29 136 26 27 28 93 89 90 91 107 108 109 6 106 111 112 7 8 147 51 52 45 145 42 43 44 50 46 47 48 9 113 114 127 128 16 17 130 18 19 76 77 71 67 68 69 1 72 73 22 131 141 32 33 35 36 102 3 94 95 5 98 41 54 55 59 11 117 14 81 25 
138 91 111 146 147 48 114 115 127 129 130 79 150 76 69 73 74 131 132 133 140 141 38 142 35 104 105 101 102 95 96 98 99 100 41 143 144 39 57 148 54 61 62 58 59 124 125 15 122 123 117 118 119 14 120 121 12 65 66 149 63 64 83 84 80 81 87 88 2 85 86 139 30 31 137 25 134 135 23 28 29 136 26 27 92 93 89 90 108 109 6 106 107 112 7 8 110 51 52 53 44 45 145 42 43 49 50 46 47 116 9 113 128 16 17 126 18 19 20 77 78 70 71 67 68 75 1 72 21 22 32 33 34 36 37 103 97 3 94 4 5 40 55 56 60 10 11 13 82 24 
139 90 112 147 51 47 113 114 128 130 18 150 76 77 68 72 73 22 131 132 141 32 142 35 36 105 101 102 103 94 95 5 98 99 40 41 143 144 148 54 55 62 58 59 60 125 15 122 123 124 11 117 118 13 14 120 121 64 65 66 149 63 84 80 81 82 88 2 85 86 87 30 31 137 138 24 25 134 135 27 28 29 136 26 91 92 93 89 109 6 106 107 108 7 8 110 111 52 53 146 43 44 45 145 42 48 49 50 46 115 116 9 16 17 126 127 19 20 129 78 79 69 70 71 67 74 75 1 133 21 33 34 140 37 38 104 96 97 3 100 4 39 56 57 61 119 10 12 83 23 
140 44 146 57 148 65 69 70 129 79 150 83 84 80 28 91 92 95 96 97 38 142 104 105 101 108 109 6 106 48 49 114 115 116 117 118 119 10 61 62 58 124 125 15 122 127 128 16 17 126 73 74 75 131 132 133 21 25 134 135 23 24 87 88 2 85 138 139 30 31 137 141 32 33 34 98 99 100 4 41 143 144 39 40 45 145 42 43 111 112 7 8 110 147 51 52 53 54 55 56 14 120 121 12 13 66 149 63 64 71 67 68 130 18 19 20 76 77 78 81 82 29 136 26 27 93 89 90 3 94 35 36 37 102 103 107 50 46 47 9 113 11 59 60 123 1 72 22 86 5 
141 43 147 148 54 64 68 69 130 150 76 84 80 81 27 90 91 94 95 96 142 35 105 101 102 109 6 106 107 47 48 113 114 115 11 117 118 119 62 58 59 125 15 122 123 128 16 17 126 127 72 73 74 22 131 132 133 24 25 134 135 23 88 2 85 86 139 30 31 137 138 32 33 34 140 5 98 99 100 40 41 143 144 39 44 45 145 42 112 7 8 110 111 51 52 53 146 55 56 57 13 14 120 121 12 65 66 149 63 70 71 67 18 19 20 129 77 78 79 82 83 28 29 136 26 92 93 89 97 3 36 37 38 103 104 108 49 50 46 116 9 10 60 61 124 75 1 21 87 4 
142 13 148 62 58 24 27 28 150 84 80 88 2 85 40 43 44 47 48 49 105 101 109 6 106 112 7 8 110 64 65 68 69 70 72 73 74 75 125 15 122 128 16 17 126 130 18 19 20 129 90 91 92 94 95 96 97 5 98 99 100 4 139 30 31 137 141 32 33 34 140 35 36 37 38 113 114 115 116 11 117 118 119 10 14 120 121 12 147 51 52 53 146 54 55 56 57 59 60 61 22 131 132 133 21 25 134 135 23 29 136 26 76 77 78 79 81 82 83 86 87 41 143 144 39 45 145 42 50 46 102 103 104 107 108 111 66 149 63 71 67 1 123 124 127 93 89 3 138 9 
143 78 120 66 149 37 103 104 134 29 136 92 93 89 56 60 61 123 124 125 45 145 49 50 46 115 116 9 113 82 83 86 87 88 137 138 139 30 70 71 67 74 75 1 72 132 133 21 22 131 107 108 109 110 111 112 7 53 146 147 51 52 96 97 3 94 99 100 4 5 98 144 39 40 41 126 127 128 16 20 129 130 18 19 79 150 76 77 118 119 10 11 117 121 12 13 14 63 64 65 34 140 141 32 33 38 142 35 36 105 101 102 135 23 24 25 26 27 28 90 91 57 148 54 55 62 58 59 15 122 42 43 44 47 48 114 84 80 81 2 85 31 68 69 73 6 106 8 95 17 
144 77 121 149 63 36 102 103 135 136 26 93 89 90 55 59 60 122 123 124 145 42 50 46 47 116 9 113 114 81 82 85 86 87 31 137 138 139 71 67 68 75 1 72 73 133 21 22 131 132 106 107 108 8 110 111 112 52 53 146 147 51 97 3 94 95 100 4 5 98 99 39 40 41 143 17 126 127 128 19 20 129 130 18 78 79 150 76 119 10 11 117 118 12 13 14 120 64 65 66 33 34 140 141 32 37 38 142 35 104 105 101 23 24 25 134 27 28 29 91 92 56 57 148 54 61 62 58 125 15 43 44 45 48 49 115 83 84 80 88 2 30 69 70 74 109 6 7 96 16 
145 33 149 71 67 52 55 56 136 93 89 97 3 94 19 77 78 81 82 83 50 46 116 9 113 119 10 11 117 36 37 102 103 104 106 107 108 109 75 1 72 133 21 22 131 135 23 24 25 134 59 60 61 122 123 124 125 17 126 127 128 16 100 4 5 98 144 39 40 41 143 42 43 44 45 85 86 87 88 31 137 138 139 30 34 140 141 32 121 12 13 14 120 63 64 65 66 68 69 70 8 110 111 112 7 53 146 147 51 57 148 54 26 27 28 29 90 91 92 95 96 20 129 130 18 79 150 76 84 80 47 48 49 114 115 118 38 142 35 105 101 6 73 74 132 62 58 15 99 2 
146 65 129 79 150 28 91 92 140 38 142 104 105 101 44 48 49 114 115 116 57 148 61 62 58 124 125 15 122 69 70 73 74 75 131 132 133 21 83 84 80 87 88 2 85 138 139 30 31 137 95 96 97 98 99 100 4 41 143 144 39 40 108 109 6 106 111 112 7 8 110 147 51 52 53 117 118 119 10 14 120 121 12 13 66 149 63 64 127 128 16 17 126 130 18 19 20 76 77 78 25 134 135 23 24 29 136 26 27 93 89 90 141 32 33 34 35 36 37 102 103 45 145 42 43 50 46 47 9 113 54 55 56 59 60 123 71 67 68 1 72 22 81 82 86 3 94 5 107 11 
147 64 130 150 76 27 90 91 141 142 35 105 101 102 43 47 48 113 114 115 148 54 62 58 59 125 15 122 123 68 69 72 73 74 22 131 132 133 84 80 81 88 2 85 86 139 30 31 137 138 94 95 96 5 98 99 100 40 41 143 144 39 109 6 106 107 112 7 8 110 111 51 52 53 146 11 117 118 119 13 14 120 121 12 65 66 149 63 128 16 17 126 127 18 19 20 129 77 78 79 24 25 134 135 23 28 29 136 26 92 93 89 32 33 34 140 36 37 38 103 104 44 45 145 42 49 50 46 116 9 55 56 57 60 61 124 70 71 67 75 1 21 82 83 87 97 3 4 108 10 
148 24 150 84 80 40 43 44 142 105 101 109 6 106 13 64 65 68 69 70 62 58 125 15 122 128 16 17 126 27 28 90 91 92 94 95 96 97 88 2 85 139 30 31 137 141 32 33 34 140 47 48 49 113 114 115 116 11 117 118 119 10 112 7 8 110 147 51 52 53 146 54 55 56 57 72 73 74 75 22 131 132 133 21 25 134 135 23 130 18 19 20 129 76 77 78 79 81 82 83 5 98 99 100 4 41 143 144 39 45 145 42 35 36 37 38 102 103 104 107 108 14 120 121 12 66 149 63 71 67 59 60 61 123 124 127 29 136 26 93 89 3 86 87 138 50 46 9 111 1 
149 52 136 93 89 19 77 78 145 50 46 116 9 113 33 36 37 102 103 104 71 67 75 1 72 133 21 22 131 55 56 59 60 61 122 123 124 125 97 3 94 100 4 5 98 144 39 40 41 143 81 82 83 85 86 87 88 31 137 138 139 30 119 10 11 117 121 12 13 14 120 63 64 65 66 106 107 108 109 8 110 111 112 7 53 146 147 51 135 23 24 25 134 26 27 28 29 90 91 92 17 126 127 128 16 20 129 130 18 79 150 76 42 43 44 45 47 48 49 114 115 34 140 141 32 38 142 35 105 101 68 69 70 73 74 132 57 148 54 62 58 15 95 96 99 84 80 2 118 6 
150 40 142 105 101 13 64 65 148 62 58 125 15 122 24 27 28 90 91 92 84 80 88 2 85 139 30 31 137 43 44 47 48 49 113 114 115 116 109 6 106 112 7 8 110 147 51 52 53 146 68 69 70 72 73 74 75 22 131 132 133 21 128 16 17 126 130 18 19 20 129 76 77 78 79 94 95 96 97 5 98 99 100 4 41 143 144 39 141 32 33 34 140 35 36 37 38 102 103 104 11 117 118 119 10 14 120 121 12 66 149 63 54 55 56 57 59 60 61 123 124 25 134 135 23 29 136 26 93 89 81 82 83 86 87 138 45 145 42 50 46 9 107 108 111 71 67 1 127 3 
