132 9
1 2 3 4 5 6 7 8 9 10 11 12 13 14 15 16 17 18 19 20 21 22 23 24 25 26 27 28 29 30 31 32 33 34 35 36 37 38 39 40 41 42 43 44 45 46 47 48 49 50 51 52 53 54 55 56 57 58 59 60 61 62 63 64 65 66 67 68 69 70 71 72 73 74 75 76 77 78 79 80 81 82 83 84 85 86 87 88 89 90 91 92 93 94 95 96 97 98 99 100 101 102 103 104 105 106 107 108 109 110 111 112 113 114 115 116 117 118 119 120 121 122 123 124 125 126 127 128 129 130 131 132 
2 1 6 7 8 3 4 5 14 15 16 17 18 9 10 11 12 13 25 26 27 28 29 30 19 20 21 22 23 24 37 38 39 40 41 42 31 32 33 34 35 36 49 50 51 52 53 54 43 44 45 46 47 48 61 62 63 64 65 66 55 56 57 58 59 60 73 74 75 76 77 78 67 68 69 70 71 72 85 86 87 88 89 90 79 80 81 82 83 84 97 98 99 100 101 102 91 92 93 94 95 96 109 110 111 112 113 114 103 104 105 106 107 108 120 121 122 123 124 115 116 117 118 119 128 129 130 125 126 127 132 131 
3 6 1 9 10 2 14 15 4 5 19 20 21 7 8 25 26 27 11 12 13 31 32 33 16 17 18 37 38 39 22 23 24 43 44 45 28 29 30 49 50 51 34 35 36 55 56 57 40 41 42 61 62 63 46 47 48 67 68 69 52 53 54 73 74 75 58 59 60 79 80 81 64 65 66 85 86 87 70 71 72 91 92 93 76 77 78 97 98 99 82 83 84 103 104 105 88 89 90 109 110 111 94 95 96 115 116 117 100 101 102 120 121 122 106 107 108 125 126 112 113 114 128 129 118 119 131 123 124 132 127 130 
4 16 9 11 12 25 2 28 19 20 1 22 23 6 37 7 8 40 3 31 32 5 34 35 14 15 49 17 18 52 10 43 44 13 46 47 26 27 61 29 30 64 21 55 56 24 58 59 38 39 73 41 42 76 33 67 68 36 70 71 50 51 85 53 54 88 45 79 80 48 82 83 62 63 97 65 66 100 57 91 92 60 94 95 74 75 109 77 78 112 69 103 104 72 106 107 86 87 120 89 90 123 81 115 116 84 118 119 98 99 128 101 102 130 93 125 126 96 127 110 111 132 113 114 105 131 108 121 122 124 117 129 
5 114 10 12 13 122 124 2 20 21 22 23 24 129 6 130 7 8 31 32 33 34 35 36 132 14 15 16 17 18 43 44 45 46 47 48 25 26 27 28 29 30 55 56 57 58 59 60 37 38 39 40 41 42 67 68 69 70 71 72 49 50 51 52 53 54 79 80 81 82 83 84 61 62 63 64 65 66 91 92 93 94 95 96 73 74 75 76 77 78 103 104 105 106 107 108 85 86 87 88 89 90 115 116 117 118 119 1 97 98 99 100 101 102 125 126 3 127 4 109 110 111 112 113 131 9 11 120 121 123 19 128 
6 3 2 14 15 1 9 10 7 8 25 26 27 4 5 19 20 21 16 17 18 37 38 39 11 12 13 31 32 33 28 29 30 49 50 51 22 23 24 43 44 45 40 41 42 61 62 63 34 35 36 55 56 57 52 53 54 73 74 75 46 47 48 67 68 69 64 65 66 85 86 87 58 59 60 79 80 81 76 77 78 97 98 99 70 71 72 91 92 93 88 89 90 109 110 111 82 83 84 103 104 105 100 101 102 120 121 122 94 95 96 115 116 117 112 113 114 128 129 106 107 108 125 126 123 124 132 118 119 131 130 127 
7 11 14 16 17 19 1 22 25 26 2 28 29 3 31 4 5 34 6 37 38 8 40 41 9 10 43 12 13 46 15 49 50 18 52 53 20 21 55 23 24 58 27 61 62 30 64 65 32 33 67 35 36 70 39 73 74 42 76 77 44 45 79 47 48 82 51 85 86 54 88 89 56 57 91 59 60 94 63 97 98 66 100 101 68 69 103 71 72 106 75 109 110 78 112 113 80 81 115 83 84 118 87 120 121 90 123 124 92 93 125 95 96 127 99 128 129 102 130 104 105 131 107 108 111 132 114 116 117 119 122 126 
8 108 15 17 18 117 119 1 26 27 28 29 30 126 3 127 4 5 37 38 39 40 41 42 131 9 10 11 12 13 49 50 51 52 53 54 19 20 21 22 23 24 61 62 63 64 65 66 31 32 33 34 35 36 73 74 75 76 77 78 43 44 45 46 47 48 85 86 87 88 89 90 55 56 57 58 59 60 97 98 99 100 101 102 67 68 69 70 71 72 109 110 111 112 113 114 79 80 81 82 83 84 120 121 122 123 124 2 91 92 93 94 95 96 128 129 6 130 7 103 104 105 106 107 132 14 16 115 116 118 25 125 
9 25 4 19 20 16 6 37 11 12 3 31 32 2 28 14 15 49 1 22 23 10 43 44 7 8 40 26 27 61 5 34 35 21 55 56 17 18 52 38 39 73 13 46 47 33 67 68 29 30 64 50 51 85 24 58 59 45 79 80 41 42 76 62 63 97 36 70 71 57 91 92 53 54 88 74 75 109 48 82 83 69 103 104 65 66 100 86 87 120 60 94 95 81 115 116 77 78 112 98 99 128 72 106 107 93 125 126 89 90 123 110 111 132 84 118 119 105 131 101 102 130 121 122 96 127 117 113 114 129 108 124 
10 122 5 20 21 114 129 6 12 13 31 32 33 124 2 132 14 15 22 23 24 43 44 45 130 7 8 25 26 27 34 35 36 55 56 57 16 17 18 37 38 39 46 47 48 67 68 69 28 29 30 49 50 51 58 59 60 79 80 81 40 41 42 61 62 63 70 71 72 91 92 93 52 53 54 73 74 75 82 83 84 103 104 105 64 65 66 85 86 87 94 95 96 115 116 117 76 77 78 97 98 99 106 107 108 125 126 3 88 89 90 109 110 111 118 119 1 131 9 100 101 102 120 121 127 4 19 112 113 128 11 123 
11 7 19 1 22 14 16 17 3 31 4 5 34 25 26 2 28 29 9 10 43 12 13 46 6 37 38 8 40 41 20 21 55 23 24 58 15 49 50 18 52 53 32 33 67 35 36 70 27 61 62 30 64 65 44 45 79 47 48 82 39 73 74 42 76 77 56 57 91 59 60 94 51 85 86 54 88 89 68 69 103 71 72 106 63 97 98 66 100 101 80 81 115 83 84 118 75 109 110 78 112 113 92 93 125 95 96 127 87 120 121 90 123 124 104 105 131 107 108 99 128 129 102 130 116 117 119 111 132 114 126 122 
12 130 20 22 23 132 114 16 31 32 5 34 35 122 25 124 2 28 10 43 44 13 46 47 129 6 37 7 8 40 21 55 56 24 58 59 14 15 49 17 18 52 33 67 68 36 70 71 26 27 61 29 30 64 45 79 80 48 82 83 38 39 73 41 42 76 57 91 92 60 94 95 50 51 85 53 54 88 69 103 104 72 106 107 62 63 97 65 66 100 81 115 116 84 118 119 74 75 109 77 78 112 93 125 126 96 127 4 86 87 120 89 90 123 105 131 9 108 11 98 99 128 101 102 117 19 1 110 111 113 3 121 
13 102 21 23 24 111 113 114 32 33 34 35 36 121 122 123 124 2 43 44 45 46 47 48 128 129 6 130 7 8 55 56 57 58 59 60 132 14 15 16 17 18 67 68 69 70 71 72 25 26 27 28 29 30 79 80 81 82 83 84 37 38 39 40 41 42 91 92 93 94 95 96 49 50 51 52 53 54 103 104 105 106 107 108 61 62 63 64 65 66 115 116 117 118 119 1 73 74 75 76 77 78 125 126 3 127 4 5 85 86 87 88 89 90 131 9 10 11 12 97 98 99 100 101 19 20 22 109 110 112 31 120 
14 19 7 25 26 11 3 31 16 17 6 37 38 1 22 9 10 43 2 28 29 15 49 50 4 5 34 20 21 55 8 40 41 27 61 62 12 13 46 32 33 67 18 52 53 39 73 74 23 24 58 44 45 79 30 64 65 51 85 86 35 36 70 56 57 91 42 76 77 63 97 98 47 48 82 68 69 103 54 88 89 75 109 110 59 60 94 80 81 115 66 100 101 87 120 121 71 72 106 92 93 125 78 112 113 99 128 129 83 84 118 104 105 131 90 123 124 111 132 95 96 127 116 117 102 130 122 107 108 126 114 119 
15 117 8 26 27 108 126 3 17 18 37 38 39 119 1 131 9 10 28 29 30 49 50 51 127 4 5 19 20 21 40 41 42 61 62 63 11 12 13 31 32 33 52 53 54 73 74 75 22 23 24 43 44 45 64 65 66 85 86 87 34 35 36 55 56 57 76 77 78 97 98 99 46 47 48 67 68 69 88 89 90 109 110 111 58 59 60 79 80 81 100 101 102 120 121 122 70 71 72 91 92 93 112 113 114 128 129 6 82 83 84 103 104 105 123 124 2 132 14 94 95 96 115 116 130 7 25 106 107 125 16 118 
16 4 25 2 28 9 11 12 6 37 7 8 40 19 20 1 22 23 14 15 49 17 18 52 3 31 32 5 34 35 26 27 61 29 30 64 10 43 44 13 46 47 38 39 73 41 42 76 21 55 56 24 58 59 50 51 85 53 54 88 33 67 68 36 70 71 62 63 97 65 66 100 45 79 80 48 82 83 74 75 109 77 78 112 57 91 92 60 94 95 86 87 120 89 90 123 69 103 104 72 106 107 98 99 128 101 102 130 81 115 116 84 118 119 110 111 132 113 114 93 125 126 96 127 121 122 124 105 131 108 129 117 
17 127 26 28 29 131 108 11 37 38 8 40 41 117 19 119 1 22 15 49 50 18 52 53 126 3 31 4 5 34 27 61 62 30 64 65 9 10 43 12 13 46 39 73 74 42 76 77 20 21 55 23 24 58 51 85 86 54 88 89 32 33 67 35 36 70 63 97 98 66 100 101 44 45 79 47 48 82 75 109 110 78 112 113 56 57 91 59 60 94 87 120 121 90 123 124 68 69 103 71 72 106 99 128 129 102 130 7 80 81 115 83 84 118 111 132 14 114 16 92 93 125 95 96 122 25 2 104 105 107 6 116 
18 96 27 29 30 105 107 108 38 39 40 41 42 116 117 118 119 1 49 50 51 52 53 54 125 126 3 127 4 5 61 62 63 64 65 66 131 9 10 11 12 13 73 74 75 76 77 78 19 20 21 22 23 24 85 86 87 88 89 90 31 32 33 34 35 36 97 98 99 100 101 102 43 44 45 46 47 48 109 110 111 112 113 114 55 56 57 58 59 60 120 121 122 123 124 2 67 68 69 70 71 72 128 129 6 130 7 8 79 80 81 82 83 84 132 14 15 16 17 91 92 93 94 95 25 26 28 103 104 106 37 115 
19 14 11 3 31 7 25 26 1 22 9 10 43 16 17 6 37 38 4 5 34 20 21 55 2 28 29 15 49 50 12 13 46 32 33 67 8 40 41 27 61 62 23 24 58 44 45 79 18 52 53 39 73 74 35 36 70 56 57 91 30 64 65 51 85 86 47 48 82 68 69 103 42 76 77 63 97 98 59 60 94 80 81 115 54 88 89 75 109 110 71 72 106 92 93 125 66 100 101 87 120 121 83 84 118 104 105 131 78 112 113 99 128 129 95 96 127 116 117 90 123 124 111 132 107 108 126 102 130 122 119 114 
20 132 12 31 32 130 122 25 22 23 10 43 44 114 16 129 6 37 5 34 35 21 55 56 124 2 28 14 15 49 13 46 47 33 67 68 7 8 40 26 27 61 24 58 59 45 79 80 17 18 52 38 39 73 36 70 71 57 91 92 29 30 64 50 51 85 48 82 83 69 103 104 41 42 76 62 63 97 60 94 95 81 115 116 53 54 88 74 75 109 72 106 107 93 125 126 65 66 100 86 87 120 84 118 119 105 131 9 77 78 112 98 99 128 96 127 4 117 19 89 90 123 110 111 108 11 3 101 102 121 1 113 
21 111 13 32 33 102 121 122 23 24 43 44 45 113 114 128 129 6 34 35 36 55 56 57 123 124 2 132 14 15 46 47 48 67 68 69 130 7 8 25 26 27 58 59 60 79 80 81 16 17 18 37 38 39 70 71 72 91 92 93 28 29 30 49 50 51 82 83 84 103 104 105 40 41 42 61 62 63 94 95 96 115 116 117 52 53 54 73 74 75 106 107 108 125 126 3 64 65 66 85 86 87 118 119 1 131 9 10 76 77 78 97 98 99 127 4 5 19 20 88 89 90 109 110 11 12 31 100 101 120 22 112 
22 124 31 5 34 129 130 7 10 43 12 13 46 132 14 114 16 17 20 21 55 23 24 58 122 25 26 2 28 29 32 33 67 35 36 70 6 37 38 8 40 41 44 45 79 47 48 82 15 49 50 18 52 53 56 57 91 59 60 94 27 61 62 30 64 65 68 69 103 71 72 106 39 73 74 42 76 77 80 81 115 83 84 118 51 85 86 54 88 89 92 93 125 95 96 127 63 97 98 66 100 101 104 105 131 107 108 11 75 109 110 78 112 113 116 117 19 119 1 87 120 121 90 123 126 3 4 99 128 102 9 111 
23 123 32 34 35 128 102 130 43 44 13 46 47 111 132 113 114 16 21 55 56 24 58 59 121 122 25 124 2 28 33 67 68 36 70 71 129 6 37 7 8 40 45 79 80 48 82 83 14 15 49 17 18 52 57 91 92 60 94 95 26 27 61 29 30 64 69 103 104 72 106 107 38 39 73 41 42 76 81 115 116 84 118 119 50 51 85 53 54 88 93 125 126 96 127 4 62 63 97 65 66 100 105 131 9 108 11 12 74 75 109 77 78 112 117 19 20 1 22 86 87 120 89 90 3 31 5 98 99 101 10 110 
24 90 33 35 36 99 101 102 44 45 46 47 48 110 111 112 113 114 55 56 57 58 59 60 120 121 122 123 124 2 67 68 69 70 71 72 128 129 6 130 7 8 79 80 81 82 83 84 132 14 15 16 17 18 91 92 93 94 95 96 25 26 27 28 29 30 103 104 105 106 107 108 37 38 39 40 41 42 115 116 117 118 119 1 49 50 51 52 53 54 125 126 3 127 4 5 61 62 63 64 65 66 131 9 10 11 12 13 73 74 75 76 77 78 19 20 21 22 23 85 86 87 88 89 31 32 34 97 98 100 43 109 
25 9 16 6 37 4 19 20 2 28 14 15 49 11 12 3 31 32 7 8 40 26 27 61 1 22 23 10 43 44 17 18 52 38 39 73 5 34 35 21 55 56 29 30 64 50 51 85 13 46 47 33 67 68 41 42 76 62 63 97 24 58 59 45 79 80 53 54 88 74 75 109 36 70 71 57 91 92 65 66 100 86 87 120 48 82 83 69 103 104 77 78 112 98 99 128 60 94 95 81 115 116 89 90 123 110 111 132 72 106 107 93 125 126 101 102 130 121 122 84 118 119 105 131 113 114 129 96 127 117 124 108 
26 131 17 37 38 127 117 19 28 29 15 49 50 108 11 126 3 31 8 40 41 27 61 62 119 1 22 9 10 43 18 52 53 39 73 74 4 5 34 20 21 55 30 64 65 51 85 86 12 13 46 32 33 67 42 76 77 63 97 98 23 24 58 44 45 79 54 88 89 75 109 110 35 36 70 56 57 91 66 100 101 87 120 121 47 48 82 68 69 103 78 112 113 99 128 129 59 60 94 80 81 115 90 123 124 111 132 14 71 72 106 92 93 125 102 130 7 122 25 83 84 118 104 105 114 16 6 95 96 116 2 107 
27 105 18 38 39 96 116 117 29 30 49 50 51 107 108 125 126 3 40 41 42 61 62 63 118 119 1 131 9 10 52 53 54 73 74 75 127 4 5 19 20 21 64 65 66 85 86 87 11 12 13 31 32 33 76 77 78 97 98 99 22 23 24 43 44 45 88 89 90 109 110 111 34 35 36 55 56 57 100 101 102 120 121 122 46 47 48 67 68 69 112 113 114 128 129 6 58 59 60 79 80 81 123 124 2 132 14 15 70 71 72 91 92 93 130 7 8 25 26 82 83 84 103 104 16 17 37 94 95 115 28 106 
28 119 37 8 40 126 127 4 15 49 17 18 52 131 9 108 11 12 26 27 61 29 30 64 117 19 20 1 22 23 38 39 73 41 42 76 3 31 32 5 34 35 50 51 85 53 54 88 10 43 44 13 46 47 62 63 97 65 66 100 21 55 56 24 58 59 74 75 109 77 78 112 33 67 68 36 70 71 86 87 120 89 90 123 45 79 80 48 82 83 98 99 128 101 102 130 57 91 92 60 94 95 110 111 132 113 114 16 69 103 104 72 106 107 121 122 25 124 2 81 115 116 84 118 129 6 7 93 125 96 14 105 
29 118 38 40 41 125 96 127 49 50 18 52 53 105 131 107 108 11 27 61 62 30 64 65 116 117 19 119 1 22 39 73 74 42 76 77 126 3 31 4 5 34 51 85 86 54 88 89 9 10 43 12 13 46 63 97 98 66 100 101 20 21 55 23 24 58 75 109 110 78 112 113 32 33 67 35 36 70 87 120 121 90 123 124 44 45 79 47 48 82 99 128 129 102 130 7 56 57 91 59 60 94 111 132 14 114 16 17 68 69 103 71 72 106 122 25 26 2 28 80 81 115 83 84 6 37 8 92 93 95 15 104 
30 84 39 41 42 93 95 96 50 51 52 53 54 104 105 106 107 108 61 62 63 64 65 66 115 116 117 118 119 1 73 74 75 76 77 78 125 126 3 127 4 5 85 86 87 88 89 90 131 9 10 11 12 13 97 98 99 100 101 102 19 20 21 22 23 24 109 110 111 112 113 114 31 32 33 34 35 36 120 121 122 123 124 2 43 44 45 46 47 48 128 129 6 130 7 8 55 56 57 58 59 60 132 14 15 16 17 18 67 68 69 70 71 72 25 26 27 28 29 79 80 81 82 83 37 38 40 91 92 94 49 103 
31 129 22 10 43 124 132 14 5 34 20 21 55 130 7 122 25 26 12 13 46 32 33 67 114 16 17 6 37 38 23 24 58 44 45 79 2 28 29 15 49 50 35 36 70 56 57 91 8 40 41 27 61 62 47 48 82 68 69 103 18 52 53 39 73 74 59 60 94 80 81 115 30 64 65 51 85 86 71 72 106 92 93 125 42 76 77 63 97 98 83 84 118 104 105 131 54 88 89 75 109 110 95 96 127 116 117 19 66 100 101 87 120 121 107 108 11 126 3 78 112 113 99 128 119 1 9 90 123 111 4 102 
32 128 23 43 44 123 111 132 34 35 21 55 56 102 130 121 122 25 13 46 47 33 67 68 113 114 16 129 6 37 24 58 59 45 79 80 124 2 28 14 15 49 36 70 71 57 91 92 7 8 40 26 27 61 48 82 83 69 103 104 17 18 52 38 39 73 60 94 95 81 115 116 29 30 64 50 51 85 72 106 107 93 125 126 41 42 76 62 63 97 84 118 119 105 131 9 53 54 88 74 75 109 96 127 4 117 19 20 65 66 100 86 87 120 108 11 12 3 31 77 78 112 98 99 1 22 10 89 90 110 5 101 
33 99 24 44 45 90 110 111 35 36 55 56 57 101 102 120 121 122 46 47 48 67 68 69 112 113 114 128 129 6 58 59 60 79 80 81 123 124 2 132 14 15 70 71 72 91 92 93 130 7 8 25 26 27 82 83 84 103 104 105 16 17 18 37 38 39 94 95 96 115 116 117 28 29 30 49 50 51 106 107 108 125 126 3 40 41 42 61 62 63 118 119 1 131 9 10 52 53 54 73 74 75 127 4 5 19 20 21 64 65 66 85 86 87 11 12 13 31 32 76 77 78 97 98 22 23 43 88 89 109 34 100 
34 113 43 13 46 121 123 124 21 55 23 24 58 128 129 102 130 7 32 33 67 35 36 70 111 132 14 114 16 17 44 45 79 47 48 82 122 25 26 2 28 29 56 57 91 59 60 94 6 37 38 8 40 41 68 69 103 71 72 106 15 49 50 18 52 53 80 81 115 83 84 118 27 61 62 30 64 65 92 93 125 95 96 127 39 73 74 42 76 77 104 105 131 107 108 11 51 85 86 54 88 89 116 117 19 119 1 22 63 97 98 66 100 101 126 3 31 4 5 75 109 110 78 112 9 10 12 87 120 90 20 99 
35 112 44 46 47 120 90 123 55 56 24 58 59 99 128 101 102 130 33 67 68 36 70 71 110 111 132 113 114 16 45 79 80 48 82 83 121 122 25 124 2 28 57 91 92 60 94 95 129 6 37 7 8 40 69 103 104 72 106 107 14 15 49 17 18 52 81 115 116 84 118 119 26 27 61 29 30 64 93 125 126 96 127 4 38 39 73 41 42 76 105 131 9 108 11 12 50 51 85 53 54 88 117 19 20 1 22 23 62 63 97 65 66 100 3 31 32 5 34 74 75 109 77 78 10 43 13 86 87 89 21 98 
36 78 45 47 48 87 89 90 56 57 58 59 60 98 99 100 101 102 67 68 69 70 71 72 109 110 111 112 113 114 79 80 81 82 83 84 120 121 122 123 124 2 91 92 93 94 95 96 128 129 6 130 7 8 103 104 105 106 107 108 132 14 15 16 17 18 115 116 117 118 119 1 25 26 27 28 29 30 125 126 3 127 4 5 37 38 39 40 41 42 131 9 10 11 12 13 49 50 51 52 53 54 19 20 21 22 23 24 61 62 63 64 65 66 31 32 33 34 35 73 74 75 76 77 43 44 46 85 86 88 55 97 
37 126 28 15 49 119 131 9 8 40 26 27 61 127 4 117 19 20 17 18 52 38 39 73 108 11 12 3 31 32 29 30 64 50 51 85 1 22 23 10 43 44 41 42 76 62 63 97 5 34 35 21 55 56 53 54 88 74 75 109 13 46 47 33 67 68 65 66 100 86 87 120 24 58 59 45 79 80 77 78 112 98 99 128 36 70 71 57 91 92 89 90 123 110 111 132 48 82 83 69 103 104 101 102 130 121 122 25 60 94 95 81 115 116 113 114 16 129 6 72 106 107 93 125 124 2 14 84 118 105 7 96 
38 125 29 49 50 118 105 131 40 41 27 61 62 96 127 116 117 19 18 52 53 39 73 74 107 108 11 126 3 31 30 64 65 51 85 86 119 1 22 9 10 43 42 76 77 63 97 98 4 5 34 20 21 55 54 88 89 75 109 110 12 13 46 32 33 67 66 100 101 87 120 121 23 24 58 44 45 79 78 112 113 99 128 129 35 36 70 56 57 91 90 123 124 111 132 14 47 48 82 68 69 103 102 130 7 122 25 26 59 60 94 80 81 115 114 16 17 6 37 71 72 106 92 93 2 28 15 83 84 104 8 95 
39 93 30 50 51 84 104 105 41 42 61 62 63 95 96 115 116 117 52 53 54 73 74 75 106 107 108 125 126 3 64 65 66 85 86 87 118 119 1 131 9 10 76 77 78 97 98 99 127 4 5 19 20 21 88 89 90 109 110 111 11 12 13 31 32 33 100 101 102 120 121 122 22 23 24 43 44 45 112 113 114 128 129 6 34 35 36 55 56 57 123 124 2 132 14 15 46 47 48 67 68 69 130 7 8 25 26 27 58 59 60 79 80 81 16 17 18 37 38 70 71 72 91 92 28 29 49 82 83 103 40 94 
40 107 49 18 52 116 118 119 27 61 29 30 64 125 126 96 127 4 38 39 73 41 42 76 105 131 9 108 11 12 50 51 85 53 54 88 117 19 20 1 22 23 62 63 97 65 66 100 3 31 32 5 34 35 74 75 109 77 78 112 10 43 44 13 46 47 86 87 120 89 90 123 21 55 56 24 58 59 98 99 128 101 102 130 33 67 68 36 70 71 110 111 132 113 114 16 45 79 80 48 82 83 121 122 25 124 2 28 57 91 92 60 94 95 129 6 37 7 8 69 103 104 72 106 14 15 17 81 115 84 26 93 
41 106 50 52 53 115 84 118 61 62 30 64 65 93 125 95 96 127 39 73 74 42 76 77 104 105 131 107 108 11 51 85 86 54 88 89 116 117 19 119 1 22 63 97 98 66 100 101 126 3 31 4 5 34 75 109 110 78 112 113 9 10 43 12 13 46 87 120 121 90 123 124 20 21 55 23 24 58 99 128 129 102 130 7 32 33 67 35 36 70 111 132 14 114 16 17 44 45 79 47 48 82 122 25 26 2 28 29 56 57 91 59 60 94 6 37 38 8 40 68 69 103 71 72 15 49 18 80 81 83 27 92 
42 72 51 53 54 81 83 84 62 63 64 65 66 92 93 94 95 96 73 74 75 76 77 78 103 104 105 106 107 108 85 86 87 88 89 90 115 116 117 118 119 1 97 98 99 100 101 102 125 126 3 127 4 5 109 110 111 112 113 114 131 9 10 11 12 13 120 121 122 123 124 2 19 20 21 22 23 24 128 129 6 130 7 8 31 32 33 34 35 36 132 14 15 16 17 18 43 44 45 46 47 48 25 26 27 28 29 30 55 56 57 58 59 60 37 38 39 40 41 67 68 69 70 71 49 50 52 79 80 82 61 91 
43 121 34 21 55 113 128 129 13 46 32 33 67 123 124 111 132 14 23 24 58 44 45 79 102 130 7 122 25 26 35 36 70 56 57 91 114 16 17 6 37 38 47 48 82 68 69 103 2 28 29 15 49 50 59 60 94 80 81 115 8 40 41 27 61 62 71 72 106 92 93 125 18 52 53 39 73 74 83 84 118 104 105 131 30 64 65 51 85 86 95 96 127 116 117 19 42 76 77 63 97 98 107 108 11 126 3 31 54 88 89 75 109 110 119 1 22 9 10 66 100 101 87 120 4 5 20 78 112 99 12 90 
44 120 35 55 56 112 99 128 46 47 33 67 68 90 123 110 111 132 24 58 59 45 79 80 101 102 130 121 122 25 36 70 71 57 91 92 113 114 16 129 6 37 48 82 83 69 103 104 124 2 28 14 15 49 60 94 95 81 115 116 7 8 40 26 27 61 72 106 107 93 125 126 17 18 52 38 39 73 84 118 119 105 131 9 29 30 64 50 51 85 96 127 4 117 19 20 41 42 76 62 63 97 108 11 12 3 31 32 53 54 88 74 75 109 1 22 23 10 43 65 66 100 86 87 5 34 21 77 78 98 13 89 
45 87 36 56 57 78 98 99 47 48 67 68 69 89 90 109 110 111 58 59 60 79 80 81 100 101 102 120 121 122 70 71 72 91 92 93 112 113 114 128 129 6 82 83 84 103 104 105 123 124 2 132 14 15 94 95 96 115 116 117 130 7 8 25 26 27 106 107 108 125 126 3 16 17 18 37 38 39 118 119 1 131 9 10 28 29 30 49 50 51 127 4 5 19 20 21 40 41 42 61 62 63 11 12 13 31 32 33 52 53 54 73 74 75 22 23 24 43 44 64 65 66 85 86 34 35 55 76 77 97 46 88 
46 101 55 24 58 110 112 113 33 67 35 36 70 120 121 90 123 124 44 45 79 47 48 82 99 128 129 102 130 7 56 57 91 59 60 94 111 132 14 114 16 17 68 69 103 71 72 106 122 25 26 2 28 29 80 81 115 83 84 118 6 37 38 8 40 41 92 93 125 95 96 127 15 49 50 18 52 53 104 105 131 107 108 11 27 61 62 30 64 65 116 117 19 119 1 22 39 73 74 42 76 77 126 3 31 4 5 34 51 85 86 54 88 89 9 10 43 12 13 63 97 98 66 100 20 21 23 75 109 78 32 87 
47 100 56 58 59 109 78 112 67 68 36 70 71 87 120 89 90 123 45 79 80 48 82 83 98 99 128 101 102 130 57 91 92 60 94 95 110 111 132 113 114 16 69 103 104 72 106 107 121 122 25 124 2 28 81 115 116 84 118 119 129 6 37 7 8 40 93 125 126 96 127 4 14 15 49 17 18 52 105 131 9 108 11 12 26 27 61 29 30 64 117 19 20 1 22 23 38 39 73 41 42 76 3 31 32 5 34 35 50 51 85 53 54 88 10 43 44 13 46 62 63 97 65 66 21 55 24 74 75 77 33 86 
48 66 57 59 60 75 77 78 68 69 70 71 72 86 87 88 89 90 79 80 81 82 83 84 97 98 99 100 101 102 91 92 93 94 95 96 109 110 111 112 113 114 103 104 105 106 107 108 120 121 122 123 124 2 115 116 117 118 119 1 128 129 6 130 7 8 125 126 3 127 4 5 132 14 15 16 17 18 131 9 10 11 12 13 25 26 27 28 29 30 19 20 21 22 23 24 37 38 39 40 41 42 31 32 33 34 35 36 49 50 51 52 53 54 43 44 45 46 47 61 62 63 64 65 55 56 58 73 74 76 67 85 
49 116 40 27 61 107 125 126 18 52 38 39 73 118 119 105 131 9 29 30 64 50 51 85 96 127 4 117 19 20 41 42 76 62 63 97 108 11 12 3 31 32 53 54 88 74 75 109 1 22 23 10 43 44 65 66 100 86 87 120 5 34 35 21 55 56 77 78 112 98 99 128 13 46 47 33 67 68 89 90 123 110 111 132 24 58 59 45 79 80 101 102 130 121 122 25 36 70 71 57 91 92 113 114 16 129 6 37 48 82 83 69 103 104 124 2 28 14 15 60 94 95 81 115 7 8 26 72 106 93 17 84 
50 115 41 61 62 106 93 125 52 53 39 73 74 84 118 104 105 131 30 64 65 51 85 86 95 96 127 116 117 19 42 76 77 63 97 98 107 108 11 126 3 31 54 88 89 75 109 110 119 1 22 9 10 43 66 100 101 87 120 121 4 5 34 20 21 55 78 112 113 99 128 129 12 13 46 32 33 67 90 123 124 111 132 14 23 24 58 44 45 79 102 130 7 122 25 26 35 36 70 56 57 91 114 16 17 6 37 38 47 48 82 68 69 103 2 28 29 15 49 59 60 94 80 81 8 40 27 71 72 92 18 83 
51 81 42 62 63 72 92 93 53 54 73 74 75 83 84 103 104 105 64 65 66 85 86 87 94 95 96 115 116 117 76 77 78 97 98 99 106 107 108 125 126 3 88 89 90 109 110 111 118 119 1 131 9 10 100 101 102 120 121 122 127 4 5 19 20 21 112 113 114 128 129 6 11 12 13 31 32 33 123 124 2 132 14 15 22 23 24 43 44 45 130 7 8 25 26 27 34 35 36 55 56 57 16 17 18 37 38 39 46 47 48 67 68 69 28 29 30 49 50 58 59 60 79 80 40 41 61 70 71 91 52 82 
52 95 61 30 64 104 106 107 39 73 41 42 76 115 116 84 118 119 50 51 85 53 54 88 93 125 126 96 127 4 62 63 97 65 66 100 105 131 9 108 11 12 74 75 109 77 78 112 117 19 20 1 22 23 86 87 120 89 90 123 3 31 32 5 34 35 98 99 128 101 102 130 10 43 44 13 46 47 110 111 132 113 114 16 21 55 56 24 58 59 121 122 25 124 2 28 33 67 68 36 70 71 129 6 37 7 8 40 45 79 80 48 82 83 14 15 49 17 18 57 91 92 60 94 26 27 29 69 103 72 38 81 
53 94 62 64 65 103 72 106 73 74 42 76 77 81 115 83 84 118 51 85 86 54 88 89 92 93 125 95 96 127 63 97 98 66 100 101 104 105 131 107 108 11 75 109 110 78 112 113 116 117 19 119 1 22 87 120 121 90 123 124 126 3 31 4 5 34 99 128 129 102 130 7 9 10 43 12 13 46 111 132 14 114 16 17 20 21 55 23 24 58 122 25 26 2 28 29 32 33 67 35 36 70 6 37 38 8 40 41 44 45 79 47 48 82 15 49 50 18 52 56 57 91 59 60 27 61 30 68 69 71 39 80 
54 60 63 65 66 69 71 72 74 75 76 77 78 80 81 82 83 84 85 86 87 88 89 90 91 92 93 94 95 96 97 98 99 100 101 102 103 104 105 106 107 108 109 110 111 112 113 114 115 116 117 118 119 1 120 121 122 123 124 2 125 126 3 127 4 5 128 129 6 130 7 8 131 9 10 11 12 13 132 14 15 16 17 18 19 20 21 22 23 24 25 26 27 28 29 30 31 32 33 34 35 36 37 38 39 40 41 42 43 44 45 46 47 48 49 50 51 52 53 55 56 57 58 59 61 62 64 67 68 70 73 79 
55 110 46 33 67 101 120 121 24 58 44 45 79 112 113 99 128 129 35 36 70 56 57 91 90 123 124 111 132 14 47 48 82 68 69 103 102 130 7 122 25 26 59 60 94 80 81 115 114 16 17 6 37 38 71 72 106 92 93 125 2 28 29 15 49 50 83 84 118 104 105 131 8 40 41 27 61 62 95 96 127 116 117 19 18 52 53 39 73 74 107 108 11 126 3 31 30 64 65 51 85 86 119 1 22 9 10 43 42 76 77 63 97 98 4 5 34 20 21 54 88 89 75 109 12 13 32 66 100 87 23 78 
56 109 47 67 68 100 87 120 58 59 45 79 80 78 112 98 99 128 36 70 71 57 91 92 89 90 123 110 111 132 48 82 83 69 103 104 101 102 130 121 122 25 60 94 95 81 115 116 113 114 16 129 6 37 72 106 107 93 125 126 124 2 28 14 15 49 84 118 119 105 131 9 7 8 40 26 27 61 96 127 4 117 19 20 17 18 52 38 39 73 108 11 12 3 31 32 29 30 64 50 51 85 1 22 23 10 43 44 41 42 76 62 63 97 5 34 35 21 55 53 54 88 74 75 13 46 33 65 66 86 24 77 
57 75 48 68 69 66 86 87 59 60 79 80 81 77 78 97 98 99 70 71 72 91 92 93 88 89 90 109 110 111 82 83 84 103 104 105 100 101 102 120 121 122 94 95 96 115 116 117 112 113 114 128 129 6 106 107 108 125 126 3 123 124 2 132 14 15 118 119 1 131 9 10 130 7 8 25 26 27 127 4 5 19 20 21 16 17 18 37 38 39 11 12 13 31 32 33 28 29 30 49 50 51 22 23 24 43 44 45 40 41 42 61 62 63 34 35 36 55 56 52 53 54 73 74 46 47 67 64 65 85 58 76 
58 89 67 36 70 98 100 101 45 79 47 48 82 109 110 78 112 113 56 57 91 59 60 94 87 120 121 90 123 124 68 69 103 71 72 106 99 128 129 102 130 7 80 81 115 83 84 118 111 132 14 114 16 17 92 93 125 95 96 127 122 25 26 2 28 29 104 105 131 107 108 11 6 37 38 8 40 41 116 117 19 119 1 22 15 49 50 18 52 53 126 3 31 4 5 34 27 61 62 30 64 65 9 10 43 12 13 46 39 73 74 42 76 77 20 21 55 23 24 51 85 86 54 88 32 33 35 63 97 66 44 75 
59 88 68 70 71 97 66 100 79 80 48 82 83 75 109 77 78 112 57 91 92 60 94 95 86 87 120 89 90 123 69 103 104 72 106 107 98 99 128 101 102 130 81 115 116 84 118 119 110 111 132 113 114 16 93 125 126 96 127 4 121 122 25 124 2 28 105 131 9 108 11 12 129 6 37 7 8 40 117 19 20 1 22 23 14 15 49 17 18 52 3 31 32 5 34 35 26 27 61 29 30 64 10 43 44 13 46 47 38 39 73 41 42 76 21 55 56 24 58 50 51 85 53 54 33 67 36 62 63 65 45 74 
60 54 69 71 72 63 65 66 80 81 82 83 84 74 75 76 77 78 91 92 93 94 95 96 85 86 87 88 89 90 103 104 105 106 107 108 97 98 99 100 101 102 115 116 117 118 119 1 109 110 111 112 113 114 125 126 3 127 4 5 120 121 122 123 124 2 131 9 10 11 12 13 128 129 6 130 7 8 19 20 21 22 23 24 132 14 15 16 17 18 31 32 33 34 35 36 25 26 27 28 29 30 43 44 45 46 47 48 37 38 39 40 41 42 55 56 57 58 59 49 50 51 52 53 67 68 70 61 62 64 79 73 
61 104 52 39 73 95 115 116 30 64 50 51 85 106 107 93 125 126 41 42 76 62 63 97 84 118 119 105 131 9 53 54 88 74 75 109 96 127 4 117 19 20 65 66 100 86 87 120 108 11 12 3 31 32 77 78 112 98 99 128 1 22 23 10 43 44 89 90 123 110 111 132 5 34 35 21 55 56 101 102 130 121 122 25 13 46 47 33 67 68 113 114 16 129 6 37 24 58 59 45 79 80 124 2 28 14 15 49 36 70 71 57 91 92 7 8 40 26 27 48 82 83 69 103 17 18 38 60 94 81 29 72 
62 103 53 73 74 94 81 115 64 65 51 85 86 72 106 92 93 125 42 76 77 63 97 98 83 84 118 104 105 131 54 88 89 75 109 110 95 96 127 116 117 19 66 100 101 87 120 121 107 108 11 126 3 31 78 112 113 99 128 129 119 1 22 9 10 43 90 123 124 111 132 14 4 5 34 20 21 55 102 130 7 122 25 26 12 13 46 32 33 67 114 16 17 6 37 38 23 24 58 44 45 79 2 28 29 15 49 50 35 36 70 56 57 91 8 40 41 27 61 47 48 82 68 69 18 52 39 59 60 80 30 71 
63 69 54 74 75 60 80 81 65 66 85 86 87 71 72 91 92 93 76 77 78 97 98 99 82 83 84 103 104 105 88 89 90 109 110 111 94 95 96 115 116 117 100 101 102 120 121 122 106 107 108 125 126 3 112 113 114 128 129 6 118 119 1 131 9 10 123 124 2 132 14 15 127 4 5 19 20 21 130 7 8 25 26 27 11 12 13 31 32 33 16 17 18 37 38 39 22 23 24 43 44 45 28 29 30 49 50 51 34 35 36 55 56 57 40 41 42 61 62 46 47 48 67 68 52 53 73 58 59 79 64 70 
64 83 73 42 76 92 94 95 51 85 53 54 88 103 104 72 106 107 62 63 97 65 66 100 81 115 116 84 118 119 74 75 109 77 78 112 93 125 126 96 127 4 86 87 120 89 90 123 105 131 9 108 11 12 98 99 128 101 102 130 117 19 20 1 22 23 110 111 132 113 114 16 3 31 32 5 34 35 121 122 25 124 2 28 10 43 44 13 46 47 129 6 37 7 8 40 21 55 56 24 58 59 14 15 49 17 18 52 33 67 68 36 70 71 26 27 61 29 30 45 79 80 48 82 38 39 41 57 91 60 50 69 
65 82 74 76 77 91 60 94 85 86 54 88 89 69 103 71 72 106 63 97 98 66 100 101 80 81 115 83 84 118 75 109 110 78 112 113 92 93 125 95 96 127 87 120 121 90 123 124 104 105 131 107 108 11 99 128 129 102 130 7 116 117 19 119 1 22 111 132 14 114 16 17 126 3 31 4 5 34 122 25 26 2 28 29 9 10 43 12 13 46 6 37 38 8 40 41 20 21 55 23 24 58 15 49 50 18 52 53 32 33 67 35 36 70 27 61 62 30 64 44 45 79 47 48 39 73 42 56 57 59 51 68 
66 48 75 77 78 57 59 60 86 87 88 89 90 68 69 70 71 72 97 98 99 100 101 102 79 80 81 82 83 84 109 110 111 112 113 114 91 92 93 94 95 96 120 121 122 123 124 2 103 104 105 106 107 108 128 129 6 130 7 8 115 116 117 118 119 1 132 14 15 16 17 18 125 126 3 127 4 5 25 26 27 28 29 30 131 9 10 11 12 13 37 38 39 40 41 42 19 20 21 22 23 24 49 50 51 52 53 54 31 32 33 34 35 36 61 62 63 64 65 43 44 45 46 47 73 74 76 55 56 58 85 67 
67 98 58 45 79 89 109 110 36 70 56 57 91 100 101 87 120 121 47 48 82 68 69 103 78 112 113 99 128 129 59 60 94 80 81 115 90 123 124 111 132 14 71 72 106 92 93 125 102 130 7 122 25 26 83 84 118 104 105 131 114 16 17 6 37 38 95 96 127 116 117 19 2 28 29 15 49 50 107 108 11 126 3 31 8 40 41 27 61 62 119 1 22 9 10 43 18 52 53 39 73 74 4 5 34 20 21 55 30 64 65 51 85 86 12 13 46 32 33 42 76 77 63 97 23 24 44 54 88 75 35 66 
68 97 59 79 80 88 75 109 70 71 57 91 92 66 100 86 87 120 48 82 83 69 103 104 77 78 112 98 99 128 60 94 95 81 115 116 89 90 123 110 111 132 72 106 107 93 125 126 101 102 130 121 122 25 84 118 119 105 131 9 113 114 16 129 6 37 96 127 4 117 19 20 124 2 28 14 15 49 108 11 12 3 31 32 7 8 40 26 27 61 1 22 23 10 43 44 17 18 52 38 39 73 5 34 35 21 55 56 29 30 64 50 51 85 13 46 47 33 67 41 42 76 62 63 24 58 45 53 54 74 36 65 
69 63 60 80 81 54 74 75 71 72 91 92 93 65 66 85 86 87 82 83 84 103 104 105 76 77 78 97 98 99 94 95 96 115 116 117 88 89 90 109 110 111 106 107 108 125 126 3 100 101 102 120 121 122 118 119 1 131 9 10 112 113 114 128 129 6 127 4 5 19 20 21 123 124 2 132 14 15 11 12 13 31 32 33 130 7 8 25 26 27 22 23 24 43 44 45 16 17 18 37 38 39 34 35 36 55 56 57 28 29 30 49 50 51 46 47 48 67 68 40 41 42 61 62 58 59 79 52 53 73 70 64 
70 77 79 48 82 86 88 89 57 91 59 60 94 97 98 66 100 101 68 69 103 71 72 106 75 109 110 78 112 113 80 81 115 83 84 118 87 120 121 90 123 124 92 93 125 95 96 127 99 128 129 102 130 7 104 105 131 107 108 11 111 132 14 114 16 17 116 117 19 119 1 22 122 25 26 2 28 29 126 3 31 4 5 34 6 37 38 8 40 41 9 10 43 12 13 46 15 49 50 18 52 53 20 21 55 23 24 58 27 61 62 30 64 65 32 33 67 35 36 39 73 74 42 76 44 45 47 51 85 54 56 63 
71 76 80 82 83 85 54 88 91 92 60 94 95 63 97 65 66 100 69 103 104 72 106 107 74 75 109 77 78 112 81 115 116 84 118 119 86 87 120 89 90 123 93 125 126 96 127 4 98 99 128 101 102 130 105 131 9 108 11 12 110 111 132 113 114 16 117 19 20 1 22 23 121 122 25 124 2 28 3 31 32 5 34 35 129 6 37 7 8 40 10 43 44 13 46 47 14 15 49 17 18 52 21 55 56 24 58 59 26 27 61 29 30 64 33 67 68 36 70 38 39 73 41 42 45 79 48 50 51 53 57 62 
72 42 81 83 84 51 53 54 92 93 94 95 96 62 63 64 65 66 103 104 105 106 107 108 73 74 75 76 77 78 115 116 117 118 119 1 85 86 87 88 89 90 125 126 3 127 4 5 97 98 99 100 101 102 131 9 10 11 12 13 109 110 111 112 113 114 19 20 21 22 23 24 120 121 122 123 124 2 31 32 33 34 35 36 128 129 6 130 7 8 43 44 45 46 47 48 132 14 15 16 17 18 55 56 57 58 59 60 25 26 27 28 29 30 67 68 69 70 71 37 38 39 40 41 79 80 82 49 50 52 91 61 
73 92 64 51 85 83 103 104 42 76 62 63 97 94 95 81 115 116 53 54 88 74 75 109 72 106 107 93 125 126 65 66 100 86 87 120 84 118 119 105 131 9 77 78 112 98 99 128 96 127 4 117 19 20 89 90 123 110 111 132 108 11 12 3 31 32 101 102 130 121 122 25 1 22 23 10 43 44 113 114 16 129 6 37 5 34 35 21 55 56 124 2 28 14 15 49 13 46 47 33 67 68 7 8 40 26 27 61 24 58 59 45 79 80 17 18 52 38 39 36 70 71 57 91 29 30 50 48 82 69 41 60 
74 91 65 85 86 82 69 103 76 77 63 97 98 60 94 80 81 115 54 88 89 75 109 110 71 72 106 92 93 125 66 100 101 87 120 121 83 84 118 104 105 131 78 112 113 99 128 129 95 96 127 116 117 19 90 123 124 111 132 14 107 108 11 126 3 31 102 130 7 122 25 26 119 1 22 9 10 43 114 16 17 6 37 38 4 5 34 20 21 55 2 28 29 15 49 50 12 13 46 32 33 67 8 40 41 27 61 62 23 24 58 44 45 79 18 52 53 39 73 35 36 70 56 57 30 64 51 47 48 68 42 59 
75 57 66 86 87 48 68 69 77 78 97 98 99 59 60 79 80 81 88 89 90 109 110 111 70 71 72 91 92 93 100 101 102 120 121 122 82 83 84 103 104 105 112 113 114 128 129 6 94 95 96 115 116 117 123 124 2 132 14 15 106 107 108 125 126 3 130 7 8 25 26 27 118 119 1 131 9 10 16 17 18 37 38 39 127 4 5 19 20 21 28 29 30 49 50 51 11 12 13 31 32 33 40 41 42 61 62 63 22 23 24 43 44 45 52 53 54 73 74 34 35 36 55 56 64 65 85 46 47 67 76 58 
76 71 85 54 88 80 82 83 63 97 65 66 100 91 92 60 94 95 74 75 109 77 78 112 69 103 104 72 106 107 86 87 120 89 90 123 81 115 116 84 118 119 98 99 128 101 102 130 93 125 126 96 127 4 110 111 132 113 114 16 105 131 9 108 11 12 121 122 25 124 2 28 117 19 20 1 22 23 129 6 37 7 8 40 3 31 32 5 34 35 14 15 49 17 18 52 10 43 44 13 46 47 26 27 61 29 30 64 21 55 56 24 58 59 38 39 73 41 42 33 67 68 36 70 50 51 53 45 79 48 62 57 
77 70 86 88 89 79 48 82 97 98 66 100 101 57 91 59 60 94 75 109 110 78 112 113 68 69 103 71 72 106 87 120 121 90 123 124 80 81 115 83 84 118 99 128 129 102 130 7 92 93 125 95 96 127 111 132 14 114 16 17 104 105 131 107 108 11 122 25 26 2 28 29 116 117 19 119 1 22 6 37 38 8 40 41 126 3 31 4 5 34 15 49 50 18 52 53 9 10 43 12 13 46 27 61 62 30 64 65 20 21 55 23 24 58 39 73 74 42 76 32 33 67 35 36 51 85 54 44 45 47 63 56 
78 36 87 89 90 45 47 48 98 99 100 101 102 56 57 58 59 60 109 110 111 112 113 114 67 68 69 70 71 72 120 121 122 123 124 2 79 80 81 82 83 84 128 129 6 130 7 8 91 92 93 94 95 96 132 14 15 16 17 18 103 104 105 106 107 108 25 26 27 28 29 30 115 116 117 118 119 1 37 38 39 40 41 42 125 126 3 127 4 5 49 50 51 52 53 54 131 9 10 11 12 13 61 62 63 64 65 66 19 20 21 22 23 24 73 74 75 76 77 31 32 33 34 35 85 86 88 43 44 46 97 55 
79 86 70 57 91 77 97 98 48 82 68 69 103 88 89 75 109 110 59 60 94 80 81 115 66 100 101 87 120 121 71 72 106 92 93 125 78 112 113 99 128 129 83 84 118 104 105 131 90 123 124 111 132 14 95 96 127 116 117 19 102 130 7 122 25 26 107 108 11 126 3 31 114 16 17 6 37 38 119 1 22 9 10 43 2 28 29 15 49 50 4 5 34 20 21 55 8 40 41 27 61 62 12 13 46 32 33 67 18 52 53 39 73 74 23 24 58 44 45 30 64 65 51 85 35 36 56 42 76 63 47 54 
80 85 71 91 92 76 63 97 82 83 69 103 104 54 88 74 75 109 60 94 95 81 115 116 65 66 100 86 87 120 72 106 107 93 125 126 77 78 112 98 99 128 84 118 119 105 131 9 89 90 123 110 111 132 96 127 4 117 19 20 101 102 130 121 122 25 108 11 12 3 31 32 113 114 16 129 6 37 1 22 23 10 43 44 124 2 28 14 15 49 5 34 35 21 55 56 7 8 40 26 27 61 13 46 47 33 67 68 17 18 52 38 39 73 24 58 59 45 79 29 30 64 50 51 36 70 57 41 42 62 48 53 
81 51 72 92 93 42 62 63 83 84 103 104 105 53 54 73 74 75 94 95 96 115 116 117 64 65 66 85 86 87 106 107 108 125 126 3 76 77 78 97 98 99 118 119 1 131 9 10 88 89 90 109 110 111 127 4 5 19 20 21 100 101 102 120 121 122 11 12 13 31 32 33 112 113 114 128 129 6 22 23 24 43 44 45 123 124 2 132 14 15 34 35 36 55 56 57 130 7 8 25 26 27 46 47 48 67 68 69 16 17 18 37 38 39 58 59 60 79 80 28 29 30 49 50 70 71 91 40 41 61 82 52 
82 65 91 60 94 74 76 77 69 103 71 72 106 85 86 54 88 89 80 81 115 83 84 118 63 97 98 66 100 101 92 93 125 95 96 127 75 109 110 78 112 113 104 105 131 107 108 11 87 120 121 90 123 124 116 117 19 119 1 22 99 128 129 102 130 7 126 3 31 4 5 34 111 132 14 114 16 17 9 10 43 12 13 46 122 25 26 2 28 29 20 21 55 23 24 58 6 37 38 8 40 41 32 33 67 35 36 70 15 49 50 18 52 53 44 45 79 47 48 27 61 62 30 64 56 57 59 39 73 42 68 51 
83 64 92 94 95 73 42 76 103 104 72 106 107 51 85 53 54 88 81 115 116 84 118 119 62 63 97 65 66 100 93 125 126 96 127 4 74 75 109 77 78 112 105 131 9 108 11 12 86 87 120 89 90 123 117 19 20 1 22 23 98 99 128 101 102 130 3 31 32 5 34 35 110 111 132 113 114 16 10 43 44 13 46 47 121 122 25 124 2 28 21 55 56 24 58 59 129 6 37 7 8 40 33 67 68 36 70 71 14 15 49 17 18 52 45 79 80 48 82 26 27 61 29 30 57 91 60 38 39 41 69 50 
84 30 93 95 96 39 41 42 104 105 106 107 108 50 51 52 53 54 115 116 117 118 119 1 61 62 63 64 65 66 125 126 3 127 4 5 73 74 75 76 77 78 131 9 10 11 12 13 85 86 87 88 89 90 19 20 21 22 23 24 97 98 99 100 101 102 31 32 33 34 35 36 109 110 111 112 113 114 43 44 45 46 47 48 120 121 122 123 124 2 55 56 57 58 59 60 128 129 6 130 7 8 67 68 69 70 71 72 132 14 15 16 17 18 79 80 81 82 83 25 26 27 28 29 91 92 94 37 38 40 103 49 
85 80 76 63 97 71 91 92 54 88 74 75 109 82 83 69 103 104 65 66 100 86 87 120 60 94 95 81 115 116 77 78 112 98 99 128 72 106 107 93 125 126 89 90 123 110 111 132 84 118 119 105 131 9 101 102 130 121 122 25 96 127 4 117 19 20 113 114 16 129 6 37 108 11 12 3 31 32 124 2 28 14 15 49 1 22 23 10 43 44 7 8 40 26 27 61 5 34 35 21 55 56 17 18 52 38 39 73 13 46 47 33 67 68 29 30 64 50 51 24 58 59 45 79 41 42 62 36 70 57 53 48 
86 79 77 97 98 70 57 91 88 89 75 109 110 48 82 68 69 103 66 100 101 87 120 121 59 60 94 80 81 115 78 112 113 99 128 129 71 72 106 92 93 125 90 123 124 111 132 14 83 84 118 104 105 131 102 130 7 122 25 26 95 96 127 116 117 19 114 16 17 6 37 38 107 108 11 126 3 31 2 28 29 15 49 50 119 1 22 9 10 43 8 40 41 27 61 62 4 5 34 20 21 55 18 52 53 39 73 74 12 13 46 32 33 67 30 64 65 51 85 23 24 58 44 45 42 76 63 35 36 56 54 47 
87 45 78 98 99 36 56 57 89 90 109 110 111 47 48 67 68 69 100 101 102 120 121 122 58 59 60 79 80 81 112 113 114 128 129 6 70 71 72 91 92 93 123 124 2 132 14 15 82 83 84 103 104 105 130 7 8 25 26 27 94 95 96 115 116 117 16 17 18 37 38 39 106 107 108 125 126 3 28 29 30 49 50 51 118 119 1 131 9 10 40 41 42 61 62 63 127 4 5 19 20 21 52 53 54 73 74 75 11 12 13 31 32 33 64 65 66 85 86 22 23 24 43 44 76 77 97 34 35 55 88 46 
88 59 97 66 100 68 70 71 75 109 77 78 112 79 80 48 82 83 86 87 120 89 90 123 57 91 92 60 94 95 98 99 128 101 102 130 69 103 104 72 106 107 110 111 132 113 114 16 81 115 116 84 118 119 121 122 25 124 2 28 93 125 126 96 127 4 129 6 37 7 8 40 105 131 9 108 11 12 14 15 49 17 18 52 117 19 20 1 22 23 26 27 61 29 30 64 3 31 32 5 34 35 38 39 73 41 42 76 10 43 44 13 46 47 50 51 85 53 54 21 55 56 24 58 62 63 65 33 67 36 74 45 
89 58 98 100 101 67 36 70 109 110 78 112 113 45 79 47 48 82 87 120 121 90 123 124 56 57 91 59 60 94 99 128 129 102 130 7 68 69 103 71 72 106 111 132 14 114 16 17 80 81 115 83 84 118 122 25 26 2 28 29 92 93 125 95 96 127 6 37 38 8 40 41 104 105 131 107 108 11 15 49 50 18 52 53 116 117 19 119 1 22 27 61 62 30 64 65 126 3 31 4 5 34 39 73 74 42 76 77 9 10 43 12 13 46 51 85 86 54 88 20 21 55 23 24 63 97 66 32 33 35 75 44 
90 24 99 101 102 33 35 36 110 111 112 113 114 44 45 46 47 48 120 121 122 123 124 2 55 56 57 58 59 60 128 129 6 130 7 8 67 68 69 70 71 72 132 14 15 16 17 18 79 80 81 82 83 84 25 26 27 28 29 30 91 92 93 94 95 96 37 38 39 40 41 42 103 104 105 106 107 108 49 50 51 52 53 54 115 116 117 118 119 1 61 62 63 64 65 66 125 126 3 127 4 5 73 74 75 76 77 78 131 9 10 11 12 13 85 86 87 88 89 19 20 21 22 23 97 98 100 31 32 34 109 43 
91 74 82 69 103 65 85 86 60 94 80 81 115 76 77 63 97 98 71 72 106 92 93 125 54 88 89 75 109 110 83 84 118 104 105 131 66 100 101 87 120 121 95 96 127 116 117 19 78 112 113 99 128 129 107 108 11 126 3 31 90 123 124 111 132 14 119 1 22 9 10 43 102 130 7 122 25 26 4 5 34 20 21 55 114 16 17 6 37 38 12 13 46 32 33 67 2 28 29 15 49 50 23 24 58 44 45 79 8 40 41 27 61 62 35 36 70 56 57 18 52 53 39 73 47 48 68 30 64 51 59 42 
92 73 83 103 104 64 51 85 94 95 81 115 116 42 76 62 63 97 72 106 107 93 125 126 53 54 88 74 75 109 84 118 119 105 131 9 65 66 100 86 87 120 96 127 4 117 19 20 77 78 112 98 99 128 108 11 12 3 31 32 89 90 123 110 111 132 1 22 23 10 43 44 101 102 130 121 122 25 5 34 35 21 55 56 113 114 16 129 6 37 13 46 47 33 67 68 124 2 28 14 15 49 24 58 59 45 79 80 7 8 40 26 27 61 36 70 71 57 91 17 18 52 38 39 48 82 69 29 30 50 60 41 
93 39 84 104 105 30 50 51 95 96 115 116 117 41 42 61 62 63 106 107 108 125 126 3 52 53 54 73 74 75 118 119 1 131 9 10 64 65 66 85 86 87 127 4 5 19 20 21 76 77 78 97 98 99 11 12 13 31 32 33 88 89 90 109 110 111 22 23 24 43 44 45 100 101 102 120 121 122 34 35 36 55 56 57 112 113 114 128 129 6 46 47 48 67 68 69 123 124 2 132 14 15 58 59 60 79 80 81 130 7 8 25 26 27 70 71 72 91 92 16 17 18 37 38 82 83 103 28 29 49 94 40 
94 53 103 72 106 62 64 65 81 115 83 84 118 73 74 42 76 77 92 93 125 95 96 127 51 85 86 54 88 89 104 105 131 107 108 11 63 97 98 66 100 101 116 117 19 119 1 22 75 109 110 78 112 113 126 3 31 4 5 34 87 120 121 90 123 124 9 10 43 12 13 46 99 128 129 102 130 7 20 21 55 23 24 58 111 132 14 114 16 17 32 33 67 35 36 70 122 25 26 2 28 29 44 45 79 47 48 82 6 37 38 8 40 41 56 57 91 59 60 15 49 50 18 52 68 69 71 27 61 30 80 39 
95 52 104 106 107 61 30 64 115 116 84 118 119 39 73 41 42 76 93 125 126 96 127 4 50 51 85 53 54 88 105 131 9 108 11 12 62 63 97 65 66 100 117 19 20 1 22 23 74 75 109 77 78 112 3 31 32 5 34 35 86 87 120 89 90 123 10 43 44 13 46 47 98 99 128 101 102 130 21 55 56 24 58 59 110 111 132 113 114 16 33 67 68 36 70 71 121 122 25 124 2 28 45 79 80 48 82 83 129 6 37 7 8 40 57 91 92 60 94 14 15 49 17 18 69 103 72 26 27 29 81 38 
96 18 105 107 108 27 29 30 116 117 118 119 1 38 39 40 41 42 125 126 3 127 4 5 49 50 51 52 53 54 131 9 10 11 12 13 61 62 63 64 65 66 19 20 21 22 23 24 73 74 75 76 77 78 31 32 33 34 35 36 85 86 87 88 89 90 43 44 45 46 47 48 97 98 99 100 101 102 55 56 57 58 59 60 109 110 111 112 113 114 67 68 69 70 71 72 120 121 122 123 124 2 79 80 81 82 83 84 128 129 6 130 7 8 91 92 93 94 95 132 14 15 16 17 103 104 106 25 26 28 115 37 
97 68 88 75 109 59 79 80 66 100 86 87 120 70 71 57 91 92 77 78 112 98 99 128 48 82 83 69 103 104 89 90 123 110 111 132 60 94 95 81 115 116 101 102 130 121 122 25 72 106 107 93 125 126 113 114 16 129 6 37 84 118 119 105 131 9 124 2 28 14 15 49 96 127 4 117 19 20 7 8 40 26 27 61 108 11 12 3 31 32 17 18 52 38 39 73 1 22 23 10 43 44 29 30 64 50 51 85 5 34 35 21 55 56 41 42 76 62 63 13 46 47 33 67 53 54 74 24 58 45 65 36 
98 67 89 109 110 58 45 79 100 101 87 120 121 36 70 56 57 91 78 112 113 99 128 129 47 48 82 68 69 103 90 123 124 111 132 14 59 60 94 80 81 115 102 130 7 122 25 26 71 72 106 92 93 125 114 16 17 6 37 38 83 84 118 104 105 131 2 28 29 15 49 50 95 96 127 116 117 19 8 40 41 27 61 62 107 108 11 126 3 31 18 52 53 39 73 74 119 1 22 9 10 43 30 64 65 51 85 86 4 5 34 20 21 55 42 76 77 63 97 12 13 46 32 33 54 88 75 23 24 44 66 35 
99 33 90 110 111 24 44 45 101 102 120 121 122 35 36 55 56 57 112 113 114 128 129 6 46 47 48 67 68 69 123 124 2 132 14 15 58 59 60 79 80 81 130 7 8 25 26 27 70 71 72 91 92 93 16 17 18 37 38 39 82 83 84 103 104 105 28 29 30 49 50 51 94 95 96 115 116 117 40 41 42 61 62 63 106 107 108 125 126 3 52 53 54 73 74 75 118 119 1 131 9 10 64 65 66 85 86 87 127 4 5 19 20 21 76 77 78 97 98 11 12 13 31 32 88 89 109 22 23 43 100 34 
100 47 109 78 112 56 58 59 87 120 89 90 123 67 68 36 70 71 98 99 128 101 102 130 45 79 80 48 82 83 110 111 132 113 114 16 57 91 92 60 94 95 121 122 25 124 2 28 69 103 104 72 106 107 129 6 37 7 8 40 81 115 116 84 118 119 14 15 49 17 18 52 93 125 126 96 127 4 26 27 61 29 30 64 105 131 9 108 11 12 38 39 73 41 42 76 117 19 20 1 22 23 50 51 85 53 54 88 3 31 32 5 34 35 62 63 97 65 66 10 43 44 13 46 74 75 77 21 55 24 86 33 
101 46 110 112 113 55 24 58 120 121 90 123 124 33 67 35 36 70 99 128 129 102 130 7 44 45 79 47 48 82 111 132 14 114 16 17 56 57 91 59 60 94 122 25 26 2 28 29 68 69 103 71 72 106 6 37 38 8 40 41 80 81 115 83 84 118 15 49 50 18 52 53 92 93 125 95 96 127 27 61 62 30 64 65 104 105 131 107 108 11 39 73 74 42 76 77 116 117 19 119 1 22 51 85 86 54 88 89 126 3 31 4 5 34 63 97 98 66 100 9 10 43 12 13 75 109 78 20 21 23 87 32 
102 13 111 113 114 21 23 24 121 122 123 124 2 32 33 34 35 36 128 129 6 130 7 8 43 44 45 46 47 48 132 14 15 16 17 18 55 56 57 58 59 60 25 26 27 28 29 30 67 68 69 70 71 72 37 38 39 40 41 42 79 80 81 82 83 84 49 50 51 52 53 54 91 92 93 94 95 96 61 62 63 64 65 66 103 104 105 106 107 108 73 74 75 76 77 78 115 116 117 118 119 1 85 86 87 88 89 90 125 126 3 127 4 5 97 98 99 100 101 131 9 10 11 12 109 110 112 19 20 22 120 31 
103 62 94 81 115 53 73 74 72 106 92 93 125 64 65 51 85 86 83 84 118 104 105 131 42 76 77 63 97 98 95 96 127 116 117 19 54 88 89 75 109 110 107 108 11 126 3 31 66 100 101 87 120 121 119 1 22 9 10 43 78 112 113 99 128 129 4 5 34 20 21 55 90 123 124 111 132 14 12 13 46 32 33 67 102 130 7 122 25 26 23 24 58 44 45 79 114 16 17 6 37 38 35 36 70 56 57 91 2 28 29 15 49 50 47 48 82 68 69 8 40 41 27 61 59 60 80 18 52 39 71 30 
104 61 95 115 116 52 39 73 106 107 93 125 126 30 64 50 51 85 84 118 119 105 131 9 41 42 76 62 63 97 96 127 4 117 19 20 53 54 88 74 75 109 108 11 12 3 31 32 65 66 100 86 87 120 1 22 23 10 43 44 77 78 112 98 99 128 5 34 35 21 55 56 89 90 123 110 111 132 13 46 47 33 67 68 101 102 130 121 122 25 24 58 59 45 79 80 113 114 16 129 6 37 36 70 71 57 91 92 124 2 28 14 15 49 48 82 83 69 103 7 8 40 26 27 60 94 81 17 18 38 72 29 
105 27 96 116 117 18 38 39 107 108 125 126 3 29 30 49 50 51 118 119 1 131 9 10 40 41 42 61 62 63 127 4 5 19 20 21 52 53 54 73 74 75 11 12 13 31 32 33 64 65 66 85 86 87 22 23 24 43 44 45 76 77 78 97 98 99 34 35 36 55 56 57 88 89 90 109 110 111 46 47 48 67 68 69 100 101 102 120 121 122 58 59 60 79 80 81 112 113 114 128 129 6 70 71 72 91 92 93 123 124 2 132 14 15 82 83 84 103 104 130 7 8 25 26 94 95 115 16 17 37 106 28 
106 41 115 84 118 50 52 53 93 125 95 96 127 61 62 30 64 65 104 105 131 107 108 11 39 73 74 42 76 77 116 117 19 119 1 22 51 85 86 54 88 89 126 3 31 4 5 34 63 97 98 66 100 101 9 10 43 12 13 46 75 109 110 78 112 113 20 21 55 23 24 58 87 120 121 90 123 124 32 33 67 35 36 70 99 128 129 102 130 7 44 45 79 47 48 82 111 132 14 114 16 17 56 57 91 59 60 94 122 25 26 2 28 29 68 69 103 71 72 6 37 38 8 40 80 81 83 15 49 18 92 27 
107 40 116 118 119 49 18 52 125 126 96 127 4 27 61 29 30 64 105 131 9 108 11 12 38 39 73 41 42 76 117 19 20 1 22 23 50 51 85 53 54 88 3 31 32 5 34 35 62 63 97 65 66 100 10 43 44 13 46 47 74 75 109 77 78 112 21 55 56 24 58 59 86 87 120 89 90 123 33 67 68 36 70 71 98 99 128 101 102 130 45 79 80 48 82 83 110 111 132 113 114 16 57 91 92 60 94 95 121 122 25 124 2 28 69 103 104 72 106 129 6 37 7 8 81 115 84 14 15 17 93 26 
108 8 117 119 1 15 17 18 126 3 127 4 5 26 27 28 29 30 131 9 10 11 12 13 37 38 39 40 41 42 19 20 21 22 23 24 49 50 51 52 53 54 31 32 33 34 35 36 61 62 63 64 65 66 43 44 45 46 47 48 73 74 75 76 77 78 55 56 57 58 59 60 85 86 87 88 89 90 67 68 69 70 71 72 97 98 99 100 101 102 79 80 81 82 83 84 109 110 111 112 113 114 91 92 93 94 95 96 120 121 122 123 124 2 103 104 105 106 107 128 129 6 130 7 115 116 118 132 14 16 125 25 
109 56 100 87 120 47 67 68 78 112 98 99 128 58 59 45 79 80 89 90 123 110 111 132 36 70 71 57 91 92 101 102 130 121 122 25 48 82 83 69 103 104 113 114 16 129 6 37 60 94 95 81 115 116 124 2 28 14 15 49 72 106 107 93 125 126 7 8 40 26 27 61 84 118 119 105 131 9 17 18 52 38 39 73 96 127 4 117 19 20 29 30 64 50 51 85 108 11 12 3 31 32 41 42 76 62 63 97 1 22 23 10 43 44 53 54 88 74 75 5 34 35 21 55 65 66 86 13 46 33 77 24 
110 55 101 120 121 46 33 67 112 113 99 128 129 24 58 44 45 79 90 123 124 111 132 14 35 36 70 56 57 91 102 130 7 122 25 26 47 48 82 68 69 103 114 16 17 6 37 38 59 60 94 80 81 115 2 28 29 15 49 50 71 72 106 92 93 125 8 40 41 27 61 62 83 84 118 104 105 131 18 52 53 39 73 74 95 96 127 116 117 19 30 64 65 51 85 86 107 108 11 126 3 31 42 76 77 63 97 98 119 1 22 9 10 43 54 88 89 75 109 4 5 34 20 21 66 100 87 12 13 32 78 23 
111 21 102 121 122 13 32 33 113 114 128 129 6 23 24 43 44 45 123 124 2 132 14 15 34 35 36 55 56 57 130 7 8 25 26 27 46 47 48 67 68 69 16 17 18 37 38 39 58 59 60 79 80 81 28 29 30 49 50 51 70 71 72 91 92 93 40 41 42 61 62 63 82 83 84 103 104 105 52 53 54 73 74 75 94 95 96 115 116 117 64 65 66 85 86 87 106 107 108 125 126 3 76 77 78 97 98 99 118 119 1 131 9 10 88 89 90 109 110 127 4 5 19 20 100 101 120 11 12 31 112 22 
112 35 120 90 123 44 46 47 99 128 101 102 130 55 56 24 58 59 110 111 132 113 114 16 33 67 68 36 70 71 121 122 25 124 2 28 45 79 80 48 82 83 129 6 37 7 8 40 57 91 92 60 94 95 14 15 49 17 18 52 69 103 104 72 106 107 26 27 61 29 30 64 81 115 116 84 118 119 38 39 73 41 42 76 93 125 126 96 127 4 50 51 85 53 54 88 105 131 9 108 11 12 62 63 97 65 66 100 117 19 20 1 22 23 74 75 109 77 78 3 31 32 5 34 86 87 89 10 43 13 98 21 
113 34 121 123 124 43 13 46 128 129 102 130 7 21 55 23 24 58 111 132 14 114 16 17 32 33 67 35 36 70 122 25 26 2 28 29 44 45 79 47 48 82 6 37 38 8 40 41 56 57 91 59 60 94 15 49 50 18 52 53 68 69 103 71 72 106 27 61 62 30 64 65 80 81 115 83 84 118 39 73 74 42 76 77 92 93 125 95 96 127 51 85 86 54 88 89 104 105 131 107 108 11 63 97 98 66 100 101 116 117 19 119 1 22 75 109 110 78 112 126 3 31 4 5 87 120 90 9 10 12 99 20 
114 5 122 124 2 10 12 13 129 6 130 7 8 20 21 22 23 24 132 14 15 16 17 18 31 32 33 34 35 36 25 26 27 28 29 30 43 44 45 46 47 48 37 38 39 40 41 42 55 56 57 58 59 60 49 50 51 52 53 54 67 68 69 70 71 72 61 62 63 64 65 66 79 80 81 82 83 84 73 74 75 76 77 78 91 92 93 94 95 96 85 86 87 88 89 90 103 104 105 106 107 108 97 98 99 100 101 102 115 116 117 118 119 1 109 110 111 112 113 125 126 3 127 4 120 121 123 131 9 11 128 19 
115 50 106 93 125 41 61 62 84 118 104 105 131 52 53 39 73 74 95 96 127 116 117 19 30 64 65 51 85 86 107 108 11 126 3 31 42 76 77 63 97 98 119 1 22 9 10 43 54 88 89 75 109 110 4 5 34 20 21 55 66 100 101 87 120 121 12 13 46 32 33 67 78 112 113 99 128 129 23 24 58 44 45 79 90 123 124 111 132 14 35 36 70 56 57 91 102 130 7 122 25 26 47 48 82 68 69 103 114 16 17 6 37 38 59 60 94 80 81 2 28 29 15 49 71 72 92 8 40 27 83 18 
116 49 107 125 126 40 27 61 118 119 105 131 9 18 52 38 39 73 96 127 4 117 19 20 29 30 64 50 51 85 108 11 12 3 31 32 41 42 76 62 63 97 1 22 23 10 43 44 53 54 88 74 75 109 5 34 35 21 55 56 65 66 100 86 87 120 13 46 47 33 67 68 77 78 112 98 99 128 24 58 59 45 79 80 89 90 123 110 111 132 36 70 71 57 91 92 101 102 130 121 122 25 48 82 83 69 103 104 113 114 16 129 6 37 60 94 95 81 115 124 2 28 14 15 72 106 93 7 8 26 84 17 
117 15 108 126 3 8 26 27 119 1 131 9 10 17 18 37 38 39 127 4 5 19 20 21 28 29 30 49 50 51 11 12 13 31 32 33 40 41 42 61 62 63 22 23 24 43 44 45 52 53 54 73 74 75 34 35 36 55 56 57 64 65 66 85 86 87 46 47 48 67 68 69 76 77 78 97 98 99 58 59 60 79 80 81 88 89 90 109 110 111 70 71 72 91 92 93 100 101 102 120 121 122 82 83 84 103 104 105 112 113 114 128 129 6 94 95 96 115 116 123 124 2 132 14 106 107 125 130 7 25 118 16 
118 29 125 96 127 38 40 41 105 131 107 108 11 49 50 18 52 53 116 117 19 119 1 22 27 61 62 30 64 65 126 3 31 4 5 34 39 73 74 42 76 77 9 10 43 12 13 46 51 85 86 54 88 89 20 21 55 23 24 58 63 97 98 66 100 101 32 33 67 35 36 70 75 109 110 78 112 113 44 45 79 47 48 82 87 120 121 90 123 124 56 57 91 59 60 94 99 128 129 102 130 7 68 69 103 71 72 106 111 132 14 114 16 17 80 81 115 83 84 122 25 26 2 28 92 93 95 6 37 8 104 15 
119 28 126 127 4 37 8 40 131 9 108 11 12 15 49 17 18 52 117 19 20 1 22 23 26 27 61 29 30 64 3 31 32 5 34 35 38 39 73 41 42 76 10 43 44 13 46 47 50 51 85 53 54 88 21 55 56 24 58 59 62 63 97 65 66 100 33 67 68 36 70 71 74 75 109 77 78 112 45 79 80 48 82 83 86 87 120 89 90 123 57 91 92 60 94 95 98 99 128 101 102 130 69 103 104 72 106 107 110 111 132 113 114 16 81 115 116 84 118 121 122 25 124 2 93 125 96 129 6 7 105 14 
120 44 112 99 128 35 55 56 90 123 110 111 132 46 47 33 67 68 101 102 130 121 122 25 24 58 59 45 79 80 113 114 16 129 6 37 36 70 71 57 91 92 124 2 28 14 15 49 48 82 83 69 103 104 7 8 40 26 27 61 60 94 95 81 115 116 17 18 52 38 39 73 72 106 107 93 125 126 29 30 64 50 51 85 84 118 119 105 131 9 41 42 76 62 63 97 96 127 4 117 19 20 53 54 88 74 75 109 108 11 12 3 31 32 65 66 100 86 87 1 22 23 10 43 77 78 98 5 34 21 89 13 
121 43 113 128 129 34 21 55 123 124 111 132 14 13 46 32 33 67 102 130 7 122 25 26 23 24 58 44 45 79 114 16 17 6 37 38 35 36 70 56 57 91 2 28 29 15 49 50 47 48 82 68 69 103 8 40 41 27 61 62 59 60 94 80 81 115 18 52 53 39 73 74 71 72 106 92 93 125 30 64 65 51 85 86 83 84 118 104 105 131 42 76 77 63 97 98 95 96 127 116 117 19 54 88 89 75 109 110 107 108 11 126 3 31 66 100 101 87 120 119 1 22 9 10 78 112 99 4 5 20 90 12 
122 10 114 129 6 5 20 21 124 2 132 14 15 12 13 31 32 33 130 7 8 25 26 27 22 23 24 43 44 45 16 17 18 37 38 39 34 35 36 55 56 57 28 29 30 49 50 51 46 47 48 67 68 69 40 41 42 61 62 63 58 59 60 79 80 81 52 53 54 73 74 75 70 71 72 91 92 93 64 65 66 85 86 87 82 83 84 103 104 105 76 77 78 97 98 99 94 95 96 115 116 117 88 89 90 109 110 111 106 107 108 125 126 3 100 101 102 120 121 118 119 1 131 9 112 113 128 127 4 19 123 11 
123 23 128 102 130 32 34 35 111 132 113 114 16 43 44 13 46 47 121 122 25 124 2 28 21 55 56 24 58 59 129 6 37 7 8 40 33 67 68 36 70 71 14 15 49 17 18 52 45 79 80 48 82 83 26 27 61 29 30 64 57 91 92 60 94 95 38 39 73 41 42 76 69 103 104 72 106 107 50 51 85 53 54 88 81 115 116 84 118 119 62 63 97 65 66 100 93 125 126 96 127 4 74 75 109 77 78 112 105 131 9 108 11 12 86 87 120 89 90 117 19 20 1 22 98 99 101 3 31 5 110 10 
124 22 129 130 7 31 5 34 132 14 114 16 17 10 43 12 13 46 122 25 26 2 28 29 20 21 55 23 24 58 6 37 38 8 40 41 32 33 67 35 36 70 15 49 50 18 52 53 44 45 79 47 48 82 27 61 62 30 64 65 56 57 91 59 60 94 39 73 74 42 76 77 68 69 103 71 72 106 51 85 86 54 88 89 80 81 115 83 84 118 63 97 98 66 100 101 92 93 125 95 96 127 75 109 110 78 112 113 104 105 131 107 108 11 87 120 121 90 123 116 117 19 119 1 99 128 102 126 3 4 111 9 
125 38 118 105 131 29 49 50 96 127 116 117 19 40 41 27 61 62 107 108 11 126 3 31 18 52 53 39 73 74 119 1 22 9 10 43 30 64 65 51 85 86 4 5 34 20 21 55 42 76 77 63 97 98 12 13 46 32 33 67 54 88 89 75 109 110 23 24 58 44 45 79 66 100 101 87 120 121 35 36 70 56 57 91 78 112 113 99 128 129 47 48 82 68 69 103 90 123 124 111 132 14 59 60 94 80 81 115 102 130 7 122 25 26 71 72 106 92 93 114 16 17 6 37 83 84 104 2 28 15 95 8 
126 37 119 131 9 28 15 49 127 4 117 19 20 8 40 26 27 61 108 11 12 3 31 32 17 18 52 38 39 73 1 22 23 10 43 44 29 30 64 50 51 85 5 34 35 21 55 56 41 42 76 62 63 97 13 46 47 33 67 68 53 54 88 74 75 109 24 58 59 45 79 80 65 66 100 86 87 120 36 70 71 57 91 92 77 78 112 98 99 128 48 82 83 69 103 104 89 90 123 110 111 132 60 94 95 81 115 116 101 102 130 121 122 25 72 106 107 93 125 113 114 16 129 6 84 118 105 124 2 14 96 7 
127 17 131 108 11 26 28 29 117 19 119 1 22 37 38 8 40 41 126 3 31 4 5 34 15 49 50 18 52 53 9 10 43 12 13 46 27 61 62 30 64 65 20 21 55 23 24 58 39 73 74 42 76 77 32 33 67 35 36 70 51 85 86 54 88 89 44 45 79 47 48 82 63 97 98 66 100 101 56 57 91 59 60 94 75 109 110 78 112 113 68 69 103 71 72 106 87 120 121 90 123 124 80 81 115 83 84 118 99 128 129 102 130 7 92 93 125 95 96 111 132 14 114 16 104 105 107 122 25 2 116 6 
128 32 123 111 132 23 43 44 102 130 121 122 25 34 35 21 55 56 113 114 16 129 6 37 13 46 47 33 67 68 124 2 28 14 15 49 24 58 59 45 79 80 7 8 40 26 27 61 36 70 71 57 91 92 17 18 52 38 39 73 48 82 83 69 103 104 29 30 64 50 51 85 60 94 95 81 115 116 41 42 76 62 63 97 72 106 107 93 125 126 53 54 88 74 75 109 84 118 119 105 131 9 65 66 100 86 87 120 96 127 4 117 19 20 77 78 112 98 99 108 11 12 3 31 89 90 110 1 22 10 101 5 
129 31 124 132 14 22 10 43 130 7 122 25 26 5 34 20 21 55 114 16 17 6 37 38 12 13 46 32 33 67 2 28 29 15 49 50 23 24 58 44 45 79 8 40 41 27 61 62 35 36 70 56 57 91 18 52 53 39 73 74 47 48 82 68 69 103 30 64 65 51 85 86 59 60 94 80 81 115 42 76 77 63 97 98 71 72 106 92 93 125 54 88 89 75 109 110 83 84 118 104 105 131 66 100 101 87 120 121 95 96 127 116 117 19 78 112 113 99 128 107 108 11 126 3 90 123 111 119 1 9 102 4 
130 12 132 114 16 20 22 23 122 25 124 2 28 31 32 5 34 35 129 6 37 7 8 40 10 43 44 13 46 47 14 15 49 17 18 52 21 55 56 24 58 59 26 27 61 29 30 64 33 67 68 36 70 71 38 39 73 41 42 76 45 79 80 48 82 83 50 51 85 53 54 88 57 91 92 60 94 95 62 63 97 65 66 100 69 103 104 72 106 107 74 75 109 77 78 112 81 115 116 84 118 119 86 87 120 89 90 123 93 125 126 96 127 4 98 99 128 101 102 105 131 9 108 11 110 111 113 117 19 1 121 3 
131 26 127 117 19 17 37 38 108 11 126 3 31 28 29 15 49 50 119 1 22 9 10 43 8 40 41 27 61 62 4 5 34 20 21 55 18 52 53 39 73 74 12 13 46 32 33 67 30 64 65 51 85 86 23 24 58 44 45 79 42 76 77 63 97 98 35 36 70 56 57 91 54 88 89 75 109 110 47 48 82 68 69 103 66 100 101 87 120 121 59 60 94 80 81 115 78 112 113 99 128 129 71 72 106 92 93 125 90 123 124 111 132 14 83 84 118 104 105 102 130 7 122 25 95 96 116 114 16 6 107 2 
132 20 130 122 25 12 31 32 114 16 129 6 37 22 23 10 43 44 124 2 28 14 15 49 5 34 35 21 55 56 7 8 40 26 27 61 13 46 47 33 67 68 17 18 52 38 39 73 24 58 59 45 79 80 29 30 64 50 51 85 36 70 71 57 91 92 41 42 76 62 63 97 48 82 83 69 103 104 53 54 88 74 75 109 60 94 95 81 115 116 65 66 100 86 87 120 72 106 107 93 125 126 77 78 112 98 99 128 84 118 119 105 131 9 89 90 123 110 111 96 127 4 117 19 101 102 121 108 11 3 113 1 
