148 3
1 2 3 4 5 6 7 8 9 10 11 12 13 14 15 16 17 18 19 20 21 22 23 24 25 26 27 28 29 30 31 32 33 34 35 36 37 38 39 40 41 42 43 44 45 46 47 48 49 50 51 52 53 54 55 56 57 58 59 60 61 62 63 64 65 66 67 68 69 70 71 72 73 74 75 76 77 78 79 80 81 82 83 84 85 86 87 88 89 90 91 92 93 94 95 96 97 98 99 100 101 102 103 104 105 106 107 108 109 110 111 112 113 114 115 116 117 118 119 120 121 122 123 124 125 126 127 128 129 130 131 132 133 134 135 136 137 138 139 140 141 142 143 144 145 146 147 148 
2 3 5 6 1 7 9 10 4 11 13 14 8 15 17 18 12 19 21 22 16 23 25 26 20 27 29 30 24 31 33 34 28 35 37 38 32 39 41 42 36 43 45 46 40 47 49 50 44 51 53 54 48 55 57 58 52 59 61 62 56 63 65 66 60 67 69 70 64 71 73 74 68 75 77 78 72 79 81 82 76 83 85 86 80 87 89 90 84 91 93 94 88 95 97 98 92 99 101 102 96 103 105 106 100 107 109 110 104 111 113 114 108 115 117 118 112 119 121 122 116 123 125 126 120 127 129 130 124 131 133 134 128 135 137 138 132 139 141 142 136 143 145 146 140 147 148 144 
3 5 1 7 2 9 4 11 6 13 8 15 10 17 12 19 14 21 16 23 18 25 20 27 22 29 24 31 26 33 28 35 30 37 32 39 34 41 36 43 38 45 40 47 42 49 44 51 46 53 48 55 50 57 52 59 54 61 56 63 58 65 60 67 62 69 64 71 66 73 68 75 70 77 72 79 74 81 76 83 78 85 80 87 82 89 84 91 86 93 88 95 90 97 92 99 94 101 96 103 98 105 100 107 102 109 104 111 106 113 108 115 110 117 112 119 114 121 116 123 118 125 120 127 122 129 124 131 126 133 128 135 130 137 132 139 134 141 136 143 138 145 140 147 142 148 144 146 
4 126 147 8 29 130 3 12 33 134 7 16 37 138 11 20 41 142 15 24 45 146 19 28 49 2 23 32 53 6 27 36 57 10 31 40 61 14 35 44 65 18 39 48 69 22 43 52 73 26 47 56 77 30 51 60 81 34 55 64 85 38 59 68 89 42 63 72 93 46 67 76 97 50 71 80 101 54 75 84 105 58 79 88 109 62 83 92 113 66 87 96 117 70 91 100 121 74 95 104 125 78 99 108 129 82 103 112 133 86 107 116 137 90 111 120 141 94 115 124 145 98 119 128 148 102 123 132 5 106 127 136 9 110 131 140 13 114 135 144 17 118 139 1 21 122 143 25 
5 1 2 9 3 4 6 13 7 8 10 17 11 12 14 21 15 16 18 25 19 20 22 29 23 24 26 33 27 28 30 37 31 32 34 41 35 36 38 45 39 40 42 49 43 44 46 53 47 48 50 57 51 52 54 61 55 56 58 65 59 60 62 69 63 64 66 73 67 68 70 77 71 72 74 81 75 76 78 85 79 80 82 89 83 84 86 93 87 88 90 97 91 92 94 101 95 96 98 105 99 100 102 109 103 104 106 113 107 108 110 117 111 112 114 121 115 116 118 125 119 120 122 129 123 124 126 133 127 128 130 137 131 132 134 141 135 136 138 145 139 140 142 148 143 144 146 147 
6 127 148 10 24 131 5 14 28 135 9 18 32 139 13 22 36 143 17 26 40 147 21 30 44 3 25 34 48 7 29 38 52 11 33 42 56 15 37 46 60 19 41 50 64 23 45 54 68 27 49 58 72 31 53 62 76 35 57 66 80 39 61 70 84 43 65 74 88 47 69 78 92 51 73 82 96 55 77 86 100 59 81 90 104 63 85 94 108 67 89 98 112 71 93 102 116 75 97 106 120 79 101 110 124 83 105 114 128 87 109 118 132 91 113 122 136 95 117 126 140 99 121 130 144 103 125 134 1 107 129 138 4 111 133 142 8 115 137 146 12 119 141 2 16 123 145 20 
7 129 144 11 26 133 1 15 30 137 4 19 34 141 8 23 38 145 12 27 42 148 16 31 46 5 20 35 50 9 24 39 54 13 28 43 58 17 32 47 62 21 36 51 66 25 40 55 70 29 44 59 74 33 48 63 78 37 52 67 82 41 56 71 86 45 60 75 90 49 64 79 94 53 68 83 98 57 72 87 102 61 76 91 106 65 80 95 110 69 84 99 114 73 88 103 118 77 92 107 122 81 96 111 126 85 100 115 130 89 104 119 134 93 108 123 138 97 112 127 142 101 116 131 146 105 120 135 2 109 124 139 6 113 128 143 10 117 132 147 14 121 136 3 18 125 140 22 
8 102 143 12 53 106 147 16 57 110 3 20 61 114 7 24 65 118 11 28 69 122 15 32 73 126 19 36 77 130 23 40 81 134 27 44 85 138 31 48 89 142 35 52 93 146 39 56 97 2 43 60 101 6 47 64 105 10 51 68 109 14 55 72 113 18 59 76 117 22 63 80 121 26 67 84 125 30 71 88 129 34 75 92 133 38 79 96 137 42 83 100 141 46 87 104 145 50 91 108 148 54 95 112 5 58 99 116 9 62 103 120 13 66 107 124 17 70 111 128 21 74 115 132 25 78 119 136 29 82 123 140 33 86 127 144 37 90 131 1 41 94 135 4 45 98 139 49 
9 124 146 13 27 128 2 17 31 132 6 21 35 136 10 25 39 140 14 29 43 144 18 33 47 1 22 37 51 4 26 41 55 8 30 45 59 12 34 49 63 16 38 53 67 20 42 57 71 24 46 61 75 28 50 65 79 32 54 69 83 36 58 73 87 40 62 77 91 44 66 81 95 48 70 85 99 52 74 89 103 56 78 93 107 60 82 97 111 64 86 101 115 68 90 105 119 72 94 109 123 76 98 113 127 80 102 117 131 84 106 121 135 88 110 125 139 92 114 129 143 96 118 133 147 100 122 137 3 104 126 141 7 108 130 145 11 112 134 148 15 116 138 5 19 120 142 23 
10 103 145 14 48 107 148 18 52 111 5 22 56 115 9 26 60 119 13 30 64 123 17 34 68 127 21 38 72 131 25 42 76 135 29 46 80 139 33 50 84 143 37 54 88 147 41 58 92 3 45 62 96 7 49 66 100 11 53 70 104 15 57 74 108 19 61 78 112 23 65 82 116 27 69 86 120 31 73 90 124 35 77 94 128 39 81 98 132 43 85 102 136 47 89 106 140 51 93 110 144 55 97 114 1 59 101 118 4 63 105 122 8 67 109 126 12 71 113 130 16 75 117 134 20 79 121 138 24 83 125 142 28 87 129 146 32 91 133 2 36 95 137 6 40 99 141 44 
11 105 140 15 50 109 144 19 54 113 1 23 58 117 4 27 62 121 8 31 66 125 12 35 70 129 16 39 74 133 20 43 78 137 24 47 82 141 28 51 86 145 32 55 90 148 36 59 94 5 40 63 98 9 44 67 102 13 48 71 106 17 52 75 110 21 56 79 114 25 60 83 118 29 64 87 122 33 68 91 126 37 72 95 130 41 76 99 134 45 80 103 138 49 84 107 142 53 88 111 146 57 92 115 2 61 96 119 6 65 100 123 10 69 104 127 14 73 108 131 18 77 112 135 22 81 116 139 26 85 120 143 30 89 124 147 34 93 128 3 38 97 132 7 42 101 136 46 
12 78 139 16 77 82 143 20 81 86 147 24 85 90 3 28 89 94 7 32 93 98 11 36 97 102 15 40 101 106 19 44 105 110 23 48 109 114 27 52 113 118 31 56 117 122 35 60 121 126 39 64 125 130 43 68 129 134 47 72 133 138 51 76 137 142 55 80 141 146 59 84 145 2 63 88 148 6 67 92 5 10 71 96 9 14 75 100 13 18 79 104 17 22 83 108 21 26 87 112 25 30 91 116 29 34 95 120 33 38 99 124 37 42 103 128 41 46 107 132 45 50 111 136 49 54 115 140 53 58 119 144 57 62 123 1 61 66 127 4 65 70 131 8 69 74 135 73 
13 100 142 17 51 104 146 21 55 108 2 25 59 112 6 29 63 116 10 33 67 120 14 37 71 124 18 41 75 128 22 45 79 132 26 49 83 136 30 53 87 140 34 57 91 144 38 61 95 1 42 65 99 4 46 69 103 8 50 73 107 12 54 77 111 16 58 81 115 20 62 85 119 24 66 89 123 28 70 93 127 32 74 97 131 36 78 101 135 40 82 105 139 44 86 109 143 48 90 113 147 52 94 117 3 56 98 121 7 60 102 125 11 64 106 129 15 68 110 133 19 72 114 137 23 76 118 141 27 80 122 145 31 84 126 148 35 88 130 5 39 92 134 9 43 96 138 47 
14 79 141 18 72 83 145 22 76 87 148 26 80 91 5 30 84 95 9 34 88 99 13 38 92 103 17 42 96 107 21 46 100 111 25 50 104 115 29 54 108 119 33 58 112 123 37 62 116 127 41 66 120 131 45 70 124 135 49 74 128 139 53 78 132 143 57 82 136 147 61 86 140 3 65 90 144 7 69 94 1 11 73 98 4 15 77 102 8 19 81 106 12 23 85 110 16 27 89 114 20 31 93 118 24 35 97 122 28 39 101 126 32 43 105 130 36 47 109 134 40 51 113 138 44 55 117 142 48 59 121 146 52 63 125 2 56 67 129 6 60 71 133 10 64 75 137 68 
15 81 136 19 74 85 140 23 78 89 144 27 82 93 1 31 86 97 4 35 90 101 8 39 94 105 12 43 98 109 16 47 102 113 20 51 106 117 24 55 110 121 28 59 114 125 32 63 118 129 36 67 122 133 40 71 126 137 44 75 130 141 48 79 134 145 52 83 138 148 56 87 142 5 60 91 146 9 64 95 2 13 68 99 6 17 72 103 10 21 76 107 14 25 80 111 18 29 84 115 22 33 88 119 26 37 92 123 30 41 96 127 34 45 100 131 38 49 104 135 42 53 108 139 46 57 112 143 50 61 116 147 54 65 120 3 58 69 124 7 62 73 128 11 66 77 132 70 
16 54 135 20 101 58 139 24 105 62 143 28 109 66 147 32 113 70 3 36 117 74 7 40 121 78 11 44 125 82 15 48 129 86 19 52 133 90 23 56 137 94 27 60 141 98 31 64 145 102 35 68 148 106 39 72 5 110 43 76 9 114 47 80 13 118 51 84 17 122 55 88 21 126 59 92 25 130 63 96 29 134 67 100 33 138 71 104 37 142 75 108 41 146 79 112 45 2 83 116 49 6 87 120 53 10 91 124 57 14 95 128 61 18 99 132 65 22 103 136 69 26 107 140 73 30 111 144 77 34 115 1 81 38 119 4 85 42 123 8 89 46 127 12 93 50 131 97 
17 76 138 21 75 80 142 25 79 84 146 29 83 88 2 33 87 92 6 37 91 96 10 41 95 100 14 45 99 104 18 49 103 108 22 53 107 112 26 57 111 116 30 61 115 120 34 65 119 124 38 69 123 128 42 73 127 132 46 77 131 136 50 81 135 140 54 85 139 144 58 89 143 1 62 93 147 4 66 97 3 8 70 101 7 12 74 105 11 16 78 109 15 20 82 113 19 24 86 117 23 28 90 121 27 32 94 125 31 36 98 129 35 40 102 133 39 44 106 137 43 48 110 141 47 52 114 145 51 56 118 148 55 60 122 5 59 64 126 9 63 68 130 13 67 72 134 71 
18 55 137 22 96 59 141 26 100 63 145 30 104 67 148 34 108 71 5 38 112 75 9 42 116 79 13 46 120 83 17 50 124 87 21 54 128 91 25 58 132 95 29 62 136 99 33 66 140 103 37 70 144 107 41 74 1 111 45 78 4 115 49 82 8 119 53 86 12 123 57 90 16 127 61 94 20 131 65 98 24 135 69 102 28 139 73 106 32 143 77 110 36 147 81 114 40 3 85 118 44 7 89 122 48 11 93 126 52 15 97 130 56 19 101 134 60 23 105 138 64 27 109 142 68 31 113 146 72 35 117 2 76 39 121 6 80 43 125 10 84 47 129 14 88 51 133 92 
19 57 132 23 98 61 136 27 102 65 140 31 106 69 144 35 110 73 1 39 114 77 4 43 118 81 8 47 122 85 12 51 126 89 16 55 130 93 20 59 134 97 24 63 138 101 28 67 142 105 32 71 146 109 36 75 2 113 40 79 6 117 44 83 10 121 48 87 14 125 52 91 18 129 56 95 22 133 60 99 26 137 64 103 30 141 68 107 34 145 72 111 38 148 76 115 42 5 80 119 46 9 84 123 50 13 88 127 54 17 92 131 58 21 96 135 62 25 100 139 66 29 104 143 70 33 108 147 74 37 112 3 78 41 116 7 82 45 120 11 86 49 124 15 90 53 128 94 
20 30 131 24 125 34 135 28 129 38 139 32 133 42 143 36 137 46 147 40 141 50 3 44 145 54 7 48 148 58 11 52 5 62 15 56 9 66 19 60 13 70 23 64 17 74 27 68 21 78 31 72 25 82 35 76 29 86 39 80 33 90 43 84 37 94 47 88 41 98 51 92 45 102 55 96 49 106 59 100 53 110 63 104 57 114 67 108 61 118 71 112 65 122 75 116 69 126 79 120 73 130 83 124 77 134 87 128 81 138 91 132 85 142 95 136 89 146 99 140 93 2 103 144 97 6 107 1 101 10 111 4 105 14 115 8 109 18 119 12 113 22 123 16 117 26 127 121 
21 52 134 25 99 56 138 29 103 60 142 33 107 64 146 37 111 68 2 41 115 72 6 45 119 76 10 49 123 80 14 53 127 84 18 57 131 88 22 61 135 92 26 65 139 96 30 69 143 100 34 73 147 104 38 77 3 108 42 81 7 112 46 85 11 116 50 89 15 120 54 93 19 124 58 97 23 128 62 101 27 132 66 105 31 136 70 109 35 140 74 113 39 144 78 117 43 1 82 121 47 4 86 125 51 8 90 129 55 12 94 133 59 16 98 137 63 20 102 141 67 24 106 145 71 28 110 148 75 32 114 5 79 36 118 9 83 40 122 13 87 44 126 17 91 48 130 95 
22 31 133 26 120 35 137 30 124 39 141 34 128 43 145 38 132 47 148 42 136 51 5 46 140 55 9 50 144 59 13 54 1 63 17 58 4 67 21 62 8 71 25 66 12 75 29 70 16 79 33 74 20 83 37 78 24 87 41 82 28 91 45 86 32 95 49 90 36 99 53 94 40 103 57 98 44 107 61 102 48 111 65 106 52 115 69 110 56 119 73 114 60 123 77 118 64 127 81 122 68 131 85 126 72 135 89 130 76 139 93 134 80 143 97 138 84 147 101 142 88 3 105 146 92 7 109 2 96 11 113 6 100 15 117 10 104 19 121 14 108 23 125 18 112 27 129 116 
23 33 128 27 122 37 132 31 126 41 136 35 130 45 140 39 134 49 144 43 138 53 1 47 142 57 4 51 146 61 8 55 2 65 12 59 6 69 16 63 10 73 20 67 14 77 24 71 18 81 28 75 22 85 32 79 26 89 36 83 30 93 40 87 34 97 44 91 38 101 48 95 42 105 52 99 46 109 56 103 50 113 60 107 54 117 64 111 58 121 68 115 62 125 72 119 66 129 76 123 70 133 80 127 74 137 84 131 78 141 88 135 82 145 92 139 86 148 96 143 90 5 100 147 94 9 104 3 98 13 108 7 102 17 112 11 106 21 116 15 110 25 120 19 114 29 124 118 
24 6 127 28 148 10 131 32 5 14 135 36 9 18 139 40 13 22 143 44 17 26 147 48 21 30 3 52 25 34 7 56 29 38 11 60 33 42 15 64 37 46 19 68 41 50 23 72 45 54 27 76 49 58 31 80 53 62 35 84 57 66 39 88 61 70 43 92 65 74 47 96 69 78 51 100 73 82 55 104 77 86 59 108 81 90 63 112 85 94 67 116 89 98 71 120 93 102 75 124 97 106 79 128 101 110 83 132 105 114 87 136 109 118 91 140 113 122 95 144 117 126 99 1 121 130 103 4 125 134 107 8 129 138 111 12 133 142 115 16 137 146 119 20 141 2 123 145 
25 28 130 29 123 32 134 33 127 36 138 37 131 40 142 41 135 44 146 45 139 48 2 49 143 52 6 53 147 56 10 57 3 60 14 61 7 64 18 65 11 68 22 69 15 72 26 73 19 76 30 77 23 80 34 81 27 84 38 85 31 88 42 89 35 92 46 93 39 96 50 97 43 100 54 101 47 104 58 105 51 108 62 109 55 112 66 113 59 116 70 117 63 120 74 121 67 124 78 125 71 128 82 129 75 132 86 133 79 136 90 137 83 140 94 141 87 144 98 145 91 1 102 148 95 4 106 5 99 8 110 9 103 12 114 13 107 16 118 17 111 20 122 21 115 24 126 119 
26 7 129 30 144 11 133 34 1 15 137 38 4 19 141 42 8 23 145 46 12 27 148 50 16 31 5 54 20 35 9 58 24 39 13 62 28 43 17 66 32 47 21 70 36 51 25 74 40 55 29 78 44 59 33 82 48 63 37 86 52 67 41 90 56 71 45 94 60 75 49 98 64 79 53 102 68 83 57 106 72 87 61 110 76 91 65 114 80 95 69 118 84 99 73 122 88 103 77 126 92 107 81 130 96 111 85 134 100 115 89 138 104 119 93 142 108 123 97 146 112 127 101 2 116 131 105 6 120 135 109 10 124 139 113 14 128 143 117 18 132 147 121 22 136 3 125 140 
27 9 124 31 146 13 128 35 2 17 132 39 6 21 136 43 10 25 140 47 14 29 144 51 18 33 1 55 22 37 4 59 26 41 8 63 30 45 12 67 34 49 16 71 38 53 20 75 42 57 24 79 46 61 28 83 50 65 32 87 54 69 36 91 58 73 40 95 62 77 44 99 66 81 48 103 70 85 52 107 74 89 56 111 78 93 60 115 82 97 64 119 86 101 68 123 90 105 72 127 94 109 76 131 98 113 80 135 102 117 84 139 106 121 88 143 110 125 92 147 114 129 96 3 118 133 100 7 122 137 104 11 126 141 108 15 130 145 112 19 134 148 116 23 138 5 120 142 
28 130 123 32 25 134 127 36 29 138 131 40 33 142 135 44 37 146 139 48 41 2 143 52 45 6 147 56 49 10 3 60 53 14 7 64 57 18 11 68 61 22 15 72 65 26 19 76 69 30 23 80 73 34 27 84 77 38 31 88 81 42 35 92 85 46 39 96 89 50 43 100 93 54 47 104 97 58 51 108 101 62 55 112 105 66 59 116 109 70 63 120 113 74 67 124 117 78 71 128 121 82 75 132 125 86 79 136 129 90 83 140 133 94 87 144 137 98 91 1 141 102 95 4 145 106 99 8 148 110 103 12 5 114 107 16 9 118 111 20 13 122 115 24 17 126 119 21 
29 4 126 33 147 8 130 37 3 12 134 41 7 16 138 45 11 20 142 49 15 24 146 53 19 28 2 57 23 32 6 61 27 36 10 65 31 40 14 69 35 44 18 73 39 48 22 77 43 52 26 81 47 56 30 85 51 60 34 89 55 64 38 93 59 68 42 97 63 72 46 101 67 76 50 105 71 80 54 109 75 84 58 113 79 88 62 117 83 92 66 121 87 96 70 125 91 100 74 129 95 104 78 133 99 108 82 137 103 112 86 141 107 116 90 145 111 120 94 148 115 124 98 5 119 128 102 9 123 132 106 13 127 136 110 17 131 140 114 21 135 144 118 25 139 1 122 143 
30 131 125 34 20 135 129 38 24 139 133 42 28 143 137 46 32 147 141 50 36 3 145 54 40 7 148 58 44 11 5 62 48 15 9 66 52 19 13 70 56 23 17 74 60 27 21 78 64 31 25 82 68 35 29 86 72 39 33 90 76 43 37 94 80 47 41 98 84 51 45 102 88 55 49 106 92 59 53 110 96 63 57 114 100 67 61 118 104 71 65 122 108 75 69 126 112 79 73 130 116 83 77 134 120 87 81 138 124 91 85 142 128 95 89 146 132 99 93 2 136 103 97 6 140 107 101 10 144 111 105 14 1 115 109 18 4 119 113 22 8 123 117 26 12 127 121 16 
31 133 120 35 22 137 124 39 26 141 128 43 30 145 132 47 34 148 136 51 38 5 140 55 42 9 144 59 46 13 1 63 50 17 4 67 54 21 8 71 58 25 12 75 62 29 16 79 66 33 20 83 70 37 24 87 74 41 28 91 78 45 32 95 82 49 36 99 86 53 40 103 90 57 44 107 94 61 48 111 98 65 52 115 102 69 56 119 106 73 60 123 110 77 64 127 114 81 68 131 118 85 72 135 122 89 76 139 126 93 80 143 130 97 84 147 134 101 88 3 138 105 92 7 142 109 96 11 146 113 100 15 2 117 104 19 6 121 108 23 10 125 112 27 14 129 116 18 
32 106 119 36 49 110 123 40 53 114 127 44 57 118 131 48 61 122 135 52 65 126 139 56 69 130 143 60 73 134 147 64 77 138 3 68 81 142 7 72 85 146 11 76 89 2 15 80 93 6 19 84 97 10 23 88 101 14 27 92 105 18 31 96 109 22 35 100 113 26 39 104 117 30 43 108 121 34 47 112 125 38 51 116 129 42 55 120 133 46 59 124 137 50 63 128 141 54 67 132 145 58 71 136 148 62 75 140 5 66 79 144 9 70 83 1 13 74 87 4 17 78 91 8 21 82 95 12 25 86 99 16 29 90 103 20 33 94 107 24 37 98 111 28 41 102 115 45 
33 128 122 37 23 132 126 41 27 136 130 45 31 140 134 49 35 144 138 53 39 1 142 57 43 4 146 61 47 8 2 65 51 12 6 69 55 16 10 73 59 20 14 77 63 24 18 81 67 28 22 85 71 32 26 89 75 36 30 93 79 40 34 97 83 44 38 101 87 48 42 105 91 52 46 109 95 56 50 113 99 60 54 117 103 64 58 121 107 68 62 125 111 72 66 129 115 76 70 133 119 80 74 137 123 84 78 141 127 88 82 145 131 92 86 148 135 96 90 5 139 100 94 9 143 104 98 13 147 108 102 17 3 112 106 21 7 116 110 25 11 120 114 29 15 124 118 19 
34 107 121 38 44 111 125 42 48 115 129 46 52 119 133 50 56 123 137 54 60 127 141 58 64 131 145 62 68 135 148 66 72 139 5 70 76 143 9 74 80 147 13 78 84 3 17 82 88 7 21 86 92 11 25 90 96 15 29 94 100 19 33 98 104 23 37 102 108 27 41 106 112 31 45 110 116 35 49 114 120 39 53 118 124 43 57 122 128 47 61 126 132 51 65 130 136 55 69 134 140 59 73 138 144 63 77 142 1 67 81 146 4 71 85 2 8 75 89 6 12 79 93 10 16 83 97 14 20 87 101 18 24 91 105 22 28 95 109 26 32 99 113 30 36 103 117 40 
35 109 116 39 46 113 120 43 50 117 124 47 54 121 128 51 58 125 132 55 62 129 136 59 66 133 140 63 70 137 144 67 74 141 1 71 78 145 4 75 82 148 8 79 86 5 12 83 90 9 16 87 94 13 20 91 98 17 24 95 102 21 28 99 106 25 32 103 110 29 36 107 114 33 40 111 118 37 44 115 122 41 48 119 126 45 52 123 130 49 56 127 134 53 60 131 138 57 64 135 142 61 68 139 146 65 72 143 2 69 76 147 6 73 80 3 10 77 84 7 14 81 88 11 18 85 92 15 22 89 96 19 26 93 100 23 30 97 104 27 34 101 108 31 38 105 112 42 
36 82 115 40 73 86 119 44 77 90 123 48 81 94 127 52 85 98 131 56 89 102 135 60 93 106 139 64 97 110 143 68 101 114 147 72 105 118 3 76 109 122 7 80 113 126 11 84 117 130 15 88 121 134 19 92 125 138 23 96 129 142 27 100 133 146 31 104 137 2 35 108 141 6 39 112 145 10 43 116 148 14 47 120 5 18 51 124 9 22 55 128 13 26 59 132 17 30 63 136 21 34 67 140 25 38 71 144 29 42 75 1 33 46 79 4 37 50 83 8 41 54 87 12 45 58 91 16 49 62 95 20 53 66 99 24 57 70 103 28 61 74 107 32 65 78 111 69 
37 104 118 41 47 108 122 45 51 112 126 49 55 116 130 53 59 120 134 57 63 124 138 61 67 128 142 65 71 132 146 69 75 136 2 73 79 140 6 77 83 144 10 81 87 1 14 85 91 4 18 89 95 8 22 93 99 12 26 97 103 16 30 101 107 20 34 105 111 24 38 109 115 28 42 113 119 32 46 117 123 36 50 121 127 40 54 125 131 44 58 129 135 48 62 133 139 52 66 137 143 56 70 141 147 60 74 145 3 64 78 148 7 68 82 5 11 72 86 9 15 76 90 13 19 80 94 17 23 84 98 21 27 88 102 25 31 92 106 29 35 96 110 33 39 100 114 43 
38 83 117 42 68 87 121 46 72 91 125 50 76 95 129 54 80 99 133 58 84 103 137 62 88 107 141 66 92 111 145 70 96 115 148 74 100 119 5 78 104 123 9 82 108 127 13 86 112 131 17 90 116 135 21 94 120 139 25 98 124 143 29 102 128 147 33 106 132 3 37 110 136 7 41 114 140 11 45 118 144 15 49 122 1 19 53 126 4 23 57 130 8 27 61 134 12 31 65 138 16 35 69 142 20 39 73 146 24 43 77 2 28 47 81 6 32 51 85 10 36 55 89 14 40 59 93 18 44 63 97 22 48 67 101 26 52 71 105 30 56 75 109 34 60 79 113 64 
39 85 112 43 70 89 116 47 74 93 120 51 78 97 124 55 82 101 128 59 86 105 132 63 90 109 136 67 94 113 140 71 98 117 144 75 102 121 1 79 106 125 4 83 110 129 8 87 114 133 12 91 118 137 16 95 122 141 20 99 126 145 24 103 130 148 28 107 134 5 32 111 138 9 36 115 142 13 40 119 146 17 44 123 2 21 48 127 6 25 52 131 10 29 56 135 14 33 60 139 18 37 64 143 22 41 68 147 26 45 72 3 30 49 76 7 34 53 80 11 38 57 84 15 42 61 88 19 46 65 92 23 50 69 96 27 54 73 100 31 58 77 104 35 62 81 108 66 
40 58 111 44 97 62 115 48 101 66 119 52 105 70 123 56 109 74 127 60 113 78 131 64 117 82 135 68 121 86 139 72 125 90 143 76 129 94 147 80 133 98 3 84 137 102 7 88 141 106 11 92 145 110 15 96 148 114 19 100 5 118 23 104 9 122 27 108 13 126 31 112 17 130 35 116 21 134 39 120 25 138 43 124 29 142 47 128 33 146 51 132 37 2 55 136 41 6 59 140 45 10 63 144 49 14 67 1 53 18 71 4 57 22 75 8 61 26 79 12 65 30 83 16 69 34 87 20 73 38 91 24 77 42 95 28 81 46 99 32 85 50 103 36 89 54 107 93 
41 80 114 45 71 84 118 49 75 88 122 53 79 92 126 57 83 96 130 61 87 100 134 65 91 104 138 69 95 108 142 73 99 112 146 77 103 116 2 81 107 120 6 85 111 124 10 89 115 128 14 93 119 132 18 97 123 136 22 101 127 140 26 105 131 144 30 109 135 1 34 113 139 4 38 117 143 8 42 121 147 12 46 125 3 16 50 129 7 20 54 133 11 24 58 137 15 28 62 141 19 32 66 145 23 36 70 148 27 40 74 5 31 44 78 9 35 48 82 13 39 52 86 17 43 56 90 21 47 60 94 25 51 64 98 29 55 68 102 33 59 72 106 37 63 76 110 67 
42 59 113 46 92 63 117 50 96 67 121 54 100 71 125 58 104 75 129 62 108 79 133 66 112 83 137 70 116 87 141 74 120 91 145 78 124 95 148 82 128 99 5 86 132 103 9 90 136 107 13 94 140 111 17 98 144 115 21 102 1 119 25 106 4 123 29 110 8 127 33 114 12 131 37 118 16 135 41 122 20 139 45 126 24 143 49 130 28 147 53 134 32 3 57 138 36 7 61 142 40 11 65 146 44 15 69 2 48 19 73 6 52 23 77 10 56 27 81 14 60 31 85 18 64 35 89 22 68 39 93 26 72 43 97 30 76 47 101 34 80 51 105 38 84 55 109 88 
43 61 108 47 94 65 112 51 98 69 116 55 102 73 120 59 106 77 124 63 110 81 128 67 114 85 132 71 118 89 136 75 122 93 140 79 126 97 144 83 130 101 1 87 134 105 4 91 138 109 8 95 142 113 12 99 146 117 16 103 2 121 20 107 6 125 24 111 10 129 28 115 14 133 32 119 18 137 36 123 22 141 40 127 26 145 44 131 30 148 48 135 34 5 52 139 38 9 56 143 42 13 60 147 46 17 64 3 50 21 68 7 54 25 72 11 58 29 76 15 62 33 80 19 66 37 84 23 70 41 88 27 74 45 92 31 78 49 96 35 82 53 100 39 86 57 104 90 
44 34 107 48 121 38 111 52 125 42 115 56 129 46 119 60 133 50 123 64 137 54 127 68 141 58 131 72 145 62 135 76 148 66 139 80 5 70 143 84 9 74 147 88 13 78 3 92 17 82 7 96 21 86 11 100 25 90 15 104 29 94 19 108 33 98 23 112 37 102 27 116 41 106 31 120 45 110 35 124 49 114 39 128 53 118 43 132 57 122 47 136 61 126 51 140 65 130 55 144 69 134 59 1 73 138 63 4 77 142 67 8 81 146 71 12 85 2 75 16 89 6 79 20 93 10 83 24 97 14 87 28 101 18 91 32 105 22 95 36 109 26 99 40 113 30 103 117 
45 56 110 49 95 60 114 53 99 64 118 57 103 68 122 61 107 72 126 65 111 76 130 69 115 80 134 73 119 84 138 77 123 88 142 81 127 92 146 85 131 96 2 89 135 100 6 93 139 104 10 97 143 108 14 101 147 112 18 105 3 116 22 109 7 120 26 113 11 124 30 117 15 128 34 121 19 132 38 125 23 136 42 129 27 140 46 133 31 144 50 137 35 1 54 141 39 4 58 145 43 8 62 148 47 12 66 5 51 16 70 9 55 20 74 13 59 24 78 17 63 28 82 21 67 32 86 25 71 36 90 29 75 40 94 33 79 44 98 37 83 48 102 41 87 52 106 91 
46 35 109 50 116 39 113 54 120 43 117 58 124 47 121 62 128 51 125 66 132 55 129 70 136 59 133 74 140 63 137 78 144 67 141 82 1 71 145 86 4 75 148 90 8 79 5 94 12 83 9 98 16 87 13 102 20 91 17 106 24 95 21 110 28 99 25 114 32 103 29 118 36 107 33 122 40 111 37 126 44 115 41 130 48 119 45 134 52 123 49 138 56 127 53 142 60 131 57 146 64 135 61 2 68 139 65 6 72 143 69 10 76 147 73 14 80 3 77 18 84 7 81 22 88 11 85 26 92 15 89 30 96 19 93 34 100 23 97 38 104 27 101 42 108 31 105 112 
47 37 104 51 118 41 108 55 122 45 112 59 126 49 116 63 130 53 120 67 134 57 124 71 138 61 128 75 142 65 132 79 146 69 136 83 2 73 140 87 6 77 144 91 10 81 1 95 14 85 4 99 18 89 8 103 22 93 12 107 26 97 16 111 30 101 20 115 34 105 24 119 38 109 28 123 42 113 32 127 46 117 36 131 50 121 40 135 54 125 44 139 58 129 48 143 62 133 52 147 66 137 56 3 70 141 60 7 74 145 64 11 78 148 68 15 82 5 72 19 86 9 76 23 90 13 80 27 94 17 84 31 98 21 88 35 102 25 92 39 106 29 96 43 110 33 100 114 
48 10 103 52 145 14 107 56 148 18 111 60 5 22 115 64 9 26 119 68 13 30 123 72 17 34 127 76 21 38 131 80 25 42 135 84 29 46 139 88 33 50 143 92 37 54 147 96 41 58 3 100 45 62 7 104 49 66 11 108 53 70 15 112 57 74 19 116 61 78 23 120 65 82 27 124 69 86 31 128 73 90 35 132 77 94 39 136 81 98 43 140 85 102 47 144 89 106 51 1 93 110 55 4 97 114 59 8 101 118 63 12 105 122 67 16 109 126 71 20 113 130 75 24 117 134 79 28 121 138 83 32 125 142 87 36 129 146 91 40 133 2 95 44 137 6 99 141 
49 32 106 53 119 36 110 57 123 40 114 61 127 44 118 65 131 48 122 69 135 52 126 73 139 56 130 77 143 60 134 81 147 64 138 85 3 68 142 89 7 72 146 93 11 76 2 97 15 80 6 101 19 84 10 105 23 88 14 109 27 92 18 113 31 96 22 117 35 100 26 121 39 104 30 125 43 108 34 129 47 112 38 133 51 116 42 137 55 120 46 141 59 124 50 145 63 128 54 148 67 132 58 5 71 136 62 9 75 140 66 13 79 144 70 17 83 1 74 21 87 4 78 25 91 8 82 29 95 12 86 33 99 16 90 37 103 20 94 41 107 24 98 45 111 28 102 115 
50 11 105 54 140 15 109 58 144 19 113 62 1 23 117 66 4 27 121 70 8 31 125 74 12 35 129 78 16 39 133 82 20 43 137 86 24 47 141 90 28 51 145 94 32 55 148 98 36 59 5 102 40 63 9 106 44 67 13 110 48 71 17 114 52 75 21 118 56 79 25 122 60 83 29 126 64 87 33 130 68 91 37 134 72 95 41 138 76 99 45 142 80 103 49 146 84 107 53 2 88 111 57 6 92 115 61 10 96 119 65 14 100 123 69 18 104 127 73 22 108 131 77 26 112 135 81 30 116 139 85 34 120 143 89 38 124 147 93 42 128 3 97 46 132 7 101 136 
51 13 100 55 142 17 104 59 146 21 108 63 2 25 112 67 6 29 116 71 10 33 120 75 14 37 124 79 18 41 128 83 22 45 132 87 26 49 136 91 30 53 140 95 34 57 144 99 38 61 1 103 42 65 4 107 46 69 8 111 50 73 12 115 54 77 16 119 58 81 20 123 62 85 24 127 66 89 28 131 70 93 32 135 74 97 36 139 78 101 40 143 82 105 44 147 86 109 48 3 90 113 52 7 94 117 56 11 98 121 60 15 102 125 64 19 106 129 68 23 110 133 72 27 114 137 76 31 118 141 80 35 122 145 84 39 126 148 88 43 130 5 92 47 134 9 96 138 
52 134 99 56 21 138 103 60 25 142 107 64 29 146 111 68 33 2 115 72 37 6 119 76 41 10 123 80 45 14 127 84 49 18 131 88 53 22 135 92 57 26 139 96 61 30 143 100 65 34 147 104 69 38 3 108 73 42 7 112 77 46 11 116 81 50 15 120 85 54 19 124 89 58 23 128 93 62 27 132 97 66 31 136 101 70 35 140 105 74 39 144 109 78 43 1 113 82 47 4 117 86 51 8 121 90 55 12 125 94 59 16 129 98 63 20 133 102 67 24 137 106 71 28 141 110 75 32 145 114 79 36 148 118 83 40 5 122 87 44 9 126 91 48 13 130 95 17 
53 8 102 57 143 12 106 61 147 16 110 65 3 20 114 69 7 24 118 73 11 28 122 77 15 32 126 81 19 36 130 85 23 40 134 89 27 44 138 93 31 48 142 97 35 52 146 101 39 56 2 105 43 60 6 109 47 64 10 113 51 68 14 117 55 72 18 121 59 76 22 125 63 80 26 129 67 84 30 133 71 88 34 137 75 92 38 141 79 96 42 145 83 100 46 148 87 104 50 5 91 108 54 9 95 112 58 13 99 116 62 17 103 120 66 21 107 124 70 25 111 128 74 29 115 132 78 33 119 136 82 37 123 140 86 41 127 144 90 45 131 1 94 49 135 4 98 139 
54 135 101 58 16 139 105 62 20 143 109 66 24 147 113 70 28 3 117 74 32 7 121 78 36 11 125 82 40 15 129 86 44 19 133 90 48 23 137 94 52 27 141 98 56 31 145 102 60 35 148 106 64 39 5 110 68 43 9 114 72 47 13 118 76 51 17 122 80 55 21 126 84 59 25 130 88 63 29 134 92 67 33 138 96 71 37 142 100 75 41 146 104 79 45 2 108 83 49 6 112 87 53 10 116 91 57 14 120 95 61 18 124 99 65 22 128 103 69 26 132 107 73 30 136 111 77 34 140 115 81 38 144 119 85 42 1 123 89 46 4 127 93 50 8 131 97 12 
55 137 96 59 18 141 100 63 22 145 104 67 26 148 108 71 30 5 112 75 34 9 116 79 38 13 120 83 42 17 124 87 46 21 128 91 50 25 132 95 54 29 136 99 58 33 140 103 62 37 144 107 66 41 1 111 70 45 4 115 74 49 8 119 78 53 12 123 82 57 16 127 86 61 20 131 90 65 24 135 94 69 28 139 98 73 32 143 102 77 36 147 106 81 40 3 110 85 44 7 114 89 48 11 118 93 52 15 122 97 56 19 126 101 60 23 130 105 64 27 134 109 68 31 138 113 72 35 142 117 76 39 146 121 80 43 2 125 84 47 6 129 88 51 10 133 92 14 
56 110 95 60 45 114 99 64 49 118 103 68 53 122 107 72 57 126 111 76 61 130 115 80 65 134 119 84 69 138 123 88 73 142 127 92 77 146 131 96 81 2 135 100 85 6 139 104 89 10 143 108 93 14 147 112 97 18 3 116 101 22 7 120 105 26 11 124 109 30 15 128 113 34 19 132 117 38 23 136 121 42 27 140 125 46 31 144 129 50 35 1 133 54 39 4 137 58 43 8 141 62 47 12 145 66 51 16 148 70 55 20 5 74 59 24 9 78 63 28 13 82 67 32 17 86 71 36 21 90 75 40 25 94 79 44 29 98 83 48 33 102 87 52 37 106 91 41 
57 132 98 61 19 136 102 65 23 140 106 69 27 144 110 73 31 1 114 77 35 4 118 81 39 8 122 85 43 12 126 89 47 16 130 93 51 20 134 97 55 24 138 101 59 28 142 105 63 32 146 109 67 36 2 113 71 40 6 117 75 44 10 121 79 48 14 125 83 52 18 129 87 56 22 133 91 60 26 137 95 64 30 141 99 68 34 145 103 72 38 148 107 76 42 5 111 80 46 9 115 84 50 13 119 88 54 17 123 92 58 21 127 96 62 25 131 100 66 29 135 104 70 33 139 108 74 37 143 112 78 41 147 116 82 45 3 120 86 49 7 124 90 53 11 128 94 15 
58 111 97 62 40 115 101 66 44 119 105 70 48 123 109 74 52 127 113 78 56 131 117 82 60 135 121 86 64 139 125 90 68 143 129 94 72 147 133 98 76 3 137 102 80 7 141 106 84 11 145 110 88 15 148 114 92 19 5 118 96 23 9 122 100 27 13 126 104 31 17 130 108 35 21 134 112 39 25 138 116 43 29 142 120 47 33 146 124 51 37 2 128 55 41 6 132 59 45 10 136 63 49 14 140 67 53 18 144 71 57 22 1 75 61 26 4 79 65 30 8 83 69 34 12 87 73 38 16 91 77 42 20 95 81 46 24 99 85 50 28 103 89 54 32 107 93 36 
59 113 92 63 42 117 96 67 46 121 100 71 50 125 104 75 54 129 108 79 58 133 112 83 62 137 116 87 66 141 120 91 70 145 124 95 74 148 128 99 78 5 132 103 82 9 136 107 86 13 140 111 90 17 144 115 94 21 1 119 98 25 4 123 102 29 8 127 106 33 12 131 110 37 16 135 114 41 20 139 118 45 24 143 122 49 28 147 126 53 32 3 130 57 36 7 134 61 40 11 138 65 44 15 142 69 48 19 146 73 52 23 2 77 56 27 6 81 60 31 10 85 64 35 14 89 68 39 18 93 72 43 22 97 76 47 26 101 80 51 30 105 84 55 34 109 88 38 
60 86 91 64 69 90 95 68 73 94 99 72 77 98 103 76 81 102 107 80 85 106 111 84 89 110 115 88 93 114 119 92 97 118 123 96 101 122 127 100 105 126 131 104 109 130 135 108 113 134 139 112 117 138 143 116 121 142 147 120 125 146 3 124 129 2 7 128 133 6 11 132 137 10 15 136 141 14 19 140 145 18 23 144 148 22 27 1 5 26 31 4 9 30 35 8 13 34 39 12 17 38 43 16 21 42 47 20 25 46 51 24 29 50 55 28 33 54 59 32 37 58 63 36 41 62 67 40 45 66 71 44 49 70 75 48 53 74 79 52 57 78 83 56 61 82 87 65 
61 108 94 65 43 112 98 69 47 116 102 73 51 120 106 77 55 124 110 81 59 128 114 85 63 132 118 89 67 136 122 93 71 140 126 97 75 144 130 101 79 1 134 105 83 4 138 109 87 8 142 113 91 12 146 117 95 16 2 121 99 20 6 125 103 24 10 129 107 28 14 133 111 32 18 137 115 36 22 141 119 40 26 145 123 44 30 148 127 48 34 5 131 52 38 9 135 56 42 13 139 60 46 17 143 64 50 21 147 68 54 25 3 72 58 29 7 76 62 33 11 80 66 37 15 84 70 41 19 88 74 45 23 92 78 49 27 96 82 53 31 100 86 57 35 104 90 39 
62 87 93 66 64 91 97 70 68 95 101 74 72 99 105 78 76 103 109 82 80 107 113 86 84 111 117 90 88 115 121 94 92 119 125 98 96 123 129 102 100 127 133 106 104 131 137 110 108 135 141 114 112 139 145 118 116 143 148 122 120 147 5 126 124 3 9 130 128 7 13 134 132 11 17 138 136 15 21 142 140 19 25 146 144 23 29 2 1 27 33 6 4 31 37 10 8 35 41 14 12 39 45 18 16 43 49 22 20 47 53 26 24 51 57 30 28 55 61 34 32 59 65 38 36 63 69 42 40 67 73 46 44 71 77 50 48 75 81 54 52 79 85 58 56 83 89 60 
63 89 88 67 66 93 92 71 70 97 96 75 74 101 100 79 78 105 104 83 82 109 108 87 86 113 112 91 90 117 116 95 94 121 120 99 98 125 124 103 102 129 128 107 106 133 132 111 110 137 136 115 114 141 140 119 118 145 144 123 122 148 1 127 126 5 4 131 130 9 8 135 134 13 12 139 138 17 16 143 142 21 20 147 146 25 24 3 2 29 28 7 6 33 32 11 10 37 36 15 14 41 40 19 18 45 44 23 22 49 48 27 26 53 52 31 30 57 56 35 34 61 60 39 38 65 64 43 42 69 68 47 46 73 72 51 50 77 76 55 54 81 80 59 58 85 84 62 
64 62 87 68 93 66 91 72 97 70 95 76 101 74 99 80 105 78 103 84 109 82 107 88 113 86 111 92 117 90 115 96 121 94 119 100 125 98 123 104 129 102 127 108 133 106 131 112 137 110 135 116 141 114 139 120 145 118 143 124 148 122 147 128 5 126 3 132 9 130 7 136 13 134 11 140 17 138 15 144 21 142 19 1 25 146 23 4 29 2 27 8 33 6 31 12 37 10 35 16 41 14 39 20 45 18 43 24 49 22 47 28 53 26 51 32 57 30 55 36 61 34 59 40 65 38 63 44 69 42 67 48 73 46 71 52 77 50 75 56 81 54 79 60 85 58 83 89 
65 84 90 69 67 88 94 73 71 92 98 77 75 96 102 81 79 100 106 85 83 104 110 89 87 108 114 93 91 112 118 97 95 116 122 101 99 120 126 105 103 124 130 109 107 128 134 113 111 132 138 117 115 136 142 121 119 140 146 125 123 144 2 129 127 1 6 133 131 4 10 137 135 8 14 141 139 12 18 145 143 16 22 148 147 20 26 5 3 24 30 9 7 28 34 13 11 32 38 17 15 36 42 21 19 40 46 25 23 44 50 29 27 48 54 33 31 52 58 37 35 56 62 41 39 60 66 45 43 64 70 49 47 68 74 53 51 72 78 57 55 76 82 61 59 80 86 63 
66 63 89 70 88 67 93 74 92 71 97 78 96 75 101 82 100 79 105 86 104 83 109 90 108 87 113 94 112 91 117 98 116 95 121 102 120 99 125 106 124 103 129 110 128 107 133 114 132 111 137 118 136 115 141 122 140 119 145 126 144 123 148 130 1 127 5 134 4 131 9 138 8 135 13 142 12 139 17 146 16 143 21 2 20 147 25 6 24 3 29 10 28 7 33 14 32 11 37 18 36 15 41 22 40 19 45 26 44 23 49 30 48 27 53 34 52 31 57 38 56 35 61 42 60 39 65 46 64 43 69 50 68 47 73 54 72 51 77 58 76 55 81 62 80 59 85 84 
67 65 84 71 90 69 88 75 94 73 92 79 98 77 96 83 102 81 100 87 106 85 104 91 110 89 108 95 114 93 112 99 118 97 116 103 122 101 120 107 126 105 124 111 130 109 128 115 134 113 132 119 138 117 136 123 142 121 140 127 146 125 144 131 2 129 1 135 6 133 4 139 10 137 8 143 14 141 12 147 18 145 16 3 22 148 20 7 26 5 24 11 30 9 28 15 34 13 32 19 38 17 36 23 42 21 40 27 46 25 44 31 50 29 48 35 54 33 52 39 58 37 56 43 62 41 60 47 66 45 64 51 70 49 68 55 74 53 72 59 78 57 76 63 82 61 80 86 
68 38 83 72 117 42 87 76 121 46 91 80 125 50 95 84 129 54 99 88 133 58 103 92 137 62 107 96 141 66 111 100 145 70 115 104 148 74 119 108 5 78 123 112 9 82 127 116 13 86 131 120 17 90 135 124 21 94 139 128 25 98 143 132 29 102 147 136 33 106 3 140 37 110 7 144 41 114 11 1 45 118 15 4 49 122 19 8 53 126 23 12 57 130 27 16 61 134 31 20 65 138 35 24 69 142 39 28 73 146 43 32 77 2 47 36 81 6 51 40 85 10 55 44 89 14 59 48 93 18 63 52 97 22 67 56 101 26 71 60 105 30 75 64 109 34 79 113 
69 60 86 73 91 64 90 77 95 68 94 81 99 72 98 85 103 76 102 89 107 80 106 93 111 84 110 97 115 88 114 101 119 92 118 105 123 96 122 109 127 100 126 113 131 104 130 117 135 108 134 121 139 112 138 125 143 116 142 129 147 120 146 133 3 124 2 137 7 128 6 141 11 132 10 145 15 136 14 148 19 140 18 5 23 144 22 9 27 1 26 13 31 4 30 17 35 8 34 21 39 12 38 25 43 16 42 29 47 20 46 33 51 24 50 37 55 28 54 41 59 32 58 45 63 36 62 49 67 40 66 53 71 44 70 57 75 48 74 61 79 52 78 65 83 56 82 87 
70 39 85 74 112 43 89 78 116 47 93 82 120 51 97 86 124 55 101 90 128 59 105 94 132 63 109 98 136 67 113 102 140 71 117 106 144 75 121 110 1 79 125 114 4 83 129 118 8 87 133 122 12 91 137 126 16 95 141 130 20 99 145 134 24 103 148 138 28 107 5 142 32 111 9 146 36 115 13 2 40 119 17 6 44 123 21 10 48 127 25 14 52 131 29 18 56 135 33 22 60 139 37 26 64 143 41 30 68 147 45 34 72 3 49 38 76 7 53 42 80 11 57 46 84 15 61 50 88 19 65 54 92 23 69 58 96 27 73 62 100 31 77 66 104 35 81 108 
71 41 80 75 114 45 84 79 118 49 88 83 122 53 92 87 126 57 96 91 130 61 100 95 134 65 104 99 138 69 108 103 142 73 112 107 146 77 116 111 2 81 120 115 6 85 124 119 10 89 128 123 14 93 132 127 18 97 136 131 22 101 140 135 26 105 144 139 30 109 1 143 34 113 4 147 38 117 8 3 42 121 12 7 46 125 16 11 50 129 20 15 54 133 24 19 58 137 28 23 62 141 32 27 66 145 36 31 70 148 40 35 74 5 44 39 78 9 48 43 82 13 52 47 86 17 56 51 90 21 60 55 94 25 64 59 98 29 68 63 102 33 72 67 106 37 76 110 
72 14 79 76 141 18 83 80 145 22 87 84 148 26 91 88 5 30 95 92 9 34 99 96 13 38 103 100 17 42 107 104 21 46 111 108 25 50 115 112 29 54 119 116 33 58 123 120 37 62 127 124 41 66 131 128 45 70 135 132 49 74 139 136 53 78 143 140 57 82 147 144 61 86 3 1 65 90 7 4 69 94 11 8 73 98 15 12 77 102 19 16 81 106 23 20 85 110 27 24 89 114 31 28 93 118 35 32 97 122 39 36 101 126 43 40 105 130 47 44 109 134 51 48 113 138 55 52 117 142 59 56 121 146 63 60 125 2 67 64 129 6 71 68 133 10 75 137 
73 36 82 77 115 40 86 81 119 44 90 85 123 48 94 89 127 52 98 93 131 56 102 97 135 60 106 101 139 64 110 105 143 68 114 109 147 72 118 113 3 76 122 117 7 80 126 121 11 84 130 125 15 88 134 129 19 92 138 133 23 96 142 137 27 100 146 141 31 104 2 145 35 108 6 148 39 112 10 5 43 116 14 9 47 120 18 13 51 124 22 17 55 128 26 21 59 132 30 25 63 136 34 29 67 140 38 33 71 144 42 37 75 1 46 41 79 4 50 45 83 8 54 49 87 12 58 53 91 16 62 57 95 20 66 61 99 24 70 65 103 28 74 69 107 32 78 111 
74 15 81 78 136 19 85 82 140 23 89 86 144 27 93 90 1 31 97 94 4 35 101 98 8 39 105 102 12 43 109 106 16 47 113 110 20 51 117 114 24 55 121 118 28 59 125 122 32 63 129 126 36 67 133 130 40 71 137 134 44 75 141 138 48 79 145 142 52 83 148 146 56 87 5 2 60 91 9 6 64 95 13 10 68 99 17 14 72 103 21 18 76 107 25 22 80 111 29 26 84 115 33 30 88 119 37 34 92 123 41 38 96 127 45 42 100 131 49 46 104 135 53 50 108 139 57 54 112 143 61 58 116 147 65 62 120 3 69 66 124 7 73 70 128 11 77 132 
75 17 76 79 138 21 80 83 142 25 84 87 146 29 88 91 2 33 92 95 6 37 96 99 10 41 100 103 14 45 104 107 18 49 108 111 22 53 112 115 26 57 116 119 30 61 120 123 34 65 124 127 38 69 128 131 42 73 132 135 46 77 136 139 50 81 140 143 54 85 144 147 58 89 1 3 62 93 4 7 66 97 8 11 70 101 12 15 74 105 16 19 78 109 20 23 82 113 24 27 86 117 28 31 90 121 32 35 94 125 36 39 98 129 40 43 102 133 44 47 106 137 48 51 110 141 52 55 114 145 56 59 118 148 60 63 122 5 64 67 126 9 68 71 130 13 72 134 
76 138 75 80 17 142 79 84 21 146 83 88 25 2 87 92 29 6 91 96 33 10 95 100 37 14 99 104 41 18 103 108 45 22 107 112 49 26 111 116 53 30 115 120 57 34 119 124 61 38 123 128 65 42 127 132 69 46 131 136 73 50 135 140 77 54 139 144 81 58 143 1 85 62 147 4 89 66 3 8 93 70 7 12 97 74 11 16 101 78 15 20 105 82 19 24 109 86 23 28 113 90 27 32 117 94 31 36 121 98 35 40 125 102 39 44 129 106 43 48 133 110 47 52 137 114 51 56 141 118 55 60 145 122 59 64 148 126 63 68 5 130 67 72 9 134 71 13 
77 12 78 81 139 16 82 85 143 20 86 89 147 24 90 93 3 28 94 97 7 32 98 101 11 36 102 105 15 40 106 109 19 44 110 113 23 48 114 117 27 52 118 121 31 56 122 125 35 60 126 129 39 64 130 133 43 68 134 137 47 72 138 141 51 76 142 145 55 80 146 148 59 84 2 5 63 88 6 9 67 92 10 13 71 96 14 17 75 100 18 21 79 104 22 25 83 108 26 29 87 112 30 33 91 116 34 37 95 120 38 41 99 124 42 45 103 128 46 49 107 132 50 53 111 136 54 57 115 140 58 61 119 144 62 65 123 1 66 69 127 4 70 73 131 8 74 135 
78 139 77 82 12 143 81 86 16 147 85 90 20 3 89 94 24 7 93 98 28 11 97 102 32 15 101 106 36 19 105 110 40 23 109 114 44 27 113 118 48 31 117 122 52 35 121 126 56 39 125 130 60 43 129 134 64 47 133 138 68 51 137 142 72 55 141 146 76 59 145 2 80 63 148 6 84 67 5 10 88 71 9 14 92 75 13 18 96 79 17 22 100 83 21 26 104 87 25 30 108 91 29 34 112 95 33 38 116 99 37 42 120 103 41 46 124 107 45 50 128 111 49 54 132 115 53 58 136 119 57 62 140 123 61 66 144 127 65 70 1 131 69 74 4 135 73 8 
79 141 72 83 14 145 76 87 18 148 80 91 22 5 84 95 26 9 88 99 30 13 92 103 34 17 96 107 38 21 100 111 42 25 104 115 46 29 108 119 50 33 112 123 54 37 116 127 58 41 120 131 62 45 124 135 66 49 128 139 70 53 132 143 74 57 136 147 78 61 140 3 82 65 144 7 86 69 1 11 90 73 4 15 94 77 8 19 98 81 12 23 102 85 16 27 106 89 20 31 110 93 24 35 114 97 28 39 118 101 32 43 122 105 36 47 126 109 40 51 130 113 44 55 134 117 48 59 138 121 52 63 142 125 56 67 146 129 60 71 2 133 64 75 6 137 68 10 
80 114 71 84 41 118 75 88 45 122 79 92 49 126 83 96 53 130 87 100 57 134 91 104 61 138 95 108 65 142 99 112 69 146 103 116 73 2 107 120 77 6 111 124 81 10 115 128 85 14 119 132 89 18 123 136 93 22 127 140 97 26 131 144 101 30 135 1 105 34 139 4 109 38 143 8 113 42 147 12 117 46 3 16 121 50 7 20 125 54 11 24 129 58 15 28 133 62 19 32 137 66 23 36 141 70 27 40 145 74 31 44 148 78 35 48 5 82 39 52 9 86 43 56 13 90 47 60 17 94 51 64 21 98 55 68 25 102 59 72 29 106 63 76 33 110 67 37 
81 136 74 85 15 140 78 89 19 144 82 93 23 1 86 97 27 4 90 101 31 8 94 105 35 12 98 109 39 16 102 113 43 20 106 117 47 24 110 121 51 28 114 125 55 32 118 129 59 36 122 133 63 40 126 137 67 44 130 141 71 48 134 145 75 52 138 148 79 56 142 5 83 60 146 9 87 64 2 13 91 68 6 17 95 72 10 21 99 76 14 25 103 80 18 29 107 84 22 33 111 88 26 37 115 92 30 41 119 96 34 45 123 100 38 49 127 104 42 53 131 108 46 57 135 112 50 61 139 116 54 65 143 120 58 69 147 124 62 73 3 128 66 77 7 132 70 11 
82 115 73 86 36 119 77 90 40 123 81 94 44 127 85 98 48 131 89 102 52 135 93 106 56 139 97 110 60 143 101 114 64 147 105 118 68 3 109 122 72 7 113 126 76 11 117 130 80 15 121 134 84 19 125 138 88 23 129 142 92 27 133 146 96 31 137 2 100 35 141 6 104 39 145 10 108 43 148 14 112 47 5 18 116 51 9 22 120 55 13 26 124 59 17 30 128 63 21 34 132 67 25 38 136 71 29 42 140 75 33 46 144 79 37 50 1 83 41 54 4 87 45 58 8 91 49 62 12 95 53 66 16 99 57 70 20 103 61 74 24 107 65 78 28 111 69 32 
83 117 68 87 38 121 72 91 42 125 76 95 46 129 80 99 50 133 84 103 54 137 88 107 58 141 92 111 62 145 96 115 66 148 100 119 70 5 104 123 74 9 108 127 78 13 112 131 82 17 116 135 86 21 120 139 90 25 124 143 94 29 128 147 98 33 132 3 102 37 136 7 106 41 140 11 110 45 144 15 114 49 1 19 118 53 4 23 122 57 8 27 126 61 12 31 130 65 16 35 134 69 20 39 138 73 24 43 142 77 28 47 146 81 32 51 2 85 36 55 6 89 40 59 10 93 44 63 14 97 48 67 18 101 52 71 22 105 56 75 26 109 60 79 30 113 64 34 
84 90 67 88 65 94 71 92 69 98 75 96 73 102 79 100 77 106 83 104 81 110 87 108 85 114 91 112 89 118 95 116 93 122 99 120 97 126 103 124 101 130 107 128 105 134 111 132 109 138 115 136 113 142 119 140 117 146 123 144 121 2 127 1 125 6 131 4 129 10 135 8 133 14 139 12 137 18 143 16 141 22 147 20 145 26 3 24 148 30 7 28 5 34 11 32 9 38 15 36 13 42 19 40 17 46 23 44 21 50 27 48 25 54 31 52 29 58 35 56 33 62 39 60 37 66 43 64 41 70 47 68 45 74 51 72 49 78 55 76 53 82 59 80 57 86 63 61 
85 112 70 89 39 116 74 93 43 120 78 97 47 124 82 101 51 128 86 105 55 132 90 109 59 136 94 113 63 140 98 117 67 144 102 121 71 1 106 125 75 4 110 129 79 8 114 133 83 12 118 137 87 16 122 141 91 20 126 145 95 24 130 148 99 28 134 5 103 32 138 9 107 36 142 13 111 40 146 17 115 44 2 21 119 48 6 25 123 52 10 29 127 56 14 33 131 60 18 37 135 64 22 41 139 68 26 45 143 72 30 49 147 76 34 53 3 80 38 57 7 84 42 61 11 88 46 65 15 92 50 69 19 96 54 73 23 100 58 77 27 104 62 81 31 108 66 35 
86 91 69 90 60 95 73 94 64 99 77 98 68 103 81 102 72 107 85 106 76 111 89 110 80 115 93 114 84 119 97 118 88 123 101 122 92 127 105 126 96 131 109 130 100 135 113 134 104 139 117 138 108 143 121 142 112 147 125 146 116 3 129 2 120 7 133 6 124 11 137 10 128 15 141 14 132 19 145 18 136 23 148 22 140 27 5 26 144 31 9 30 1 35 13 34 4 39 17 38 8 43 21 42 12 47 25 46 16 51 29 50 20 55 33 54 24 59 37 58 28 63 41 62 32 67 45 66 36 71 49 70 40 75 53 74 44 79 57 78 48 83 61 82 52 87 65 56 
87 93 64 91 62 97 68 95 66 101 72 99 70 105 76 103 74 109 80 107 78 113 84 111 82 117 88 115 86 121 92 119 90 125 96 123 94 129 100 127 98 133 104 131 102 137 108 135 106 141 112 139 110 145 116 143 114 148 120 147 118 5 124 3 122 9 128 7 126 13 132 11 130 17 136 15 134 21 140 19 138 25 144 23 142 29 1 27 146 33 4 31 2 37 8 35 6 41 12 39 10 45 16 43 14 49 20 47 18 53 24 51 22 57 28 55 26 61 32 59 30 65 36 63 34 69 40 67 38 73 44 71 42 77 48 75 46 81 52 79 50 85 56 83 54 89 60 58 
88 66 63 92 89 70 67 96 93 74 71 100 97 78 75 104 101 82 79 108 105 86 83 112 109 90 87 116 113 94 91 120 117 98 95 124 121 102 99 128 125 106 103 132 129 110 107 136 133 114 111 140 137 118 115 144 141 122 119 1 145 126 123 4 148 130 127 8 5 134 131 12 9 138 135 16 13 142 139 20 17 146 143 24 21 2 147 28 25 6 3 32 29 10 7 36 33 14 11 40 37 18 15 44 41 22 19 48 45 26 23 52 49 30 27 56 53 34 31 60 57 38 35 64 61 42 39 68 65 46 43 72 69 50 47 76 73 54 51 80 77 58 55 84 81 62 59 85 
89 88 66 93 63 92 70 97 67 96 74 101 71 100 78 105 75 104 82 109 79 108 86 113 83 112 90 117 87 116 94 121 91 120 98 125 95 124 102 129 99 128 106 133 103 132 110 137 107 136 114 141 111 140 118 145 115 144 122 148 119 1 126 5 123 4 130 9 127 8 134 13 131 12 138 17 135 16 142 21 139 20 146 25 143 24 2 29 147 28 6 33 3 32 10 37 7 36 14 41 11 40 18 45 15 44 22 49 19 48 26 53 23 52 30 57 27 56 34 61 31 60 38 65 35 64 42 69 39 68 46 73 43 72 50 77 47 76 54 81 51 80 58 85 55 84 62 59 
90 67 65 94 84 71 69 98 88 75 73 102 92 79 77 106 96 83 81 110 100 87 85 114 104 91 89 118 108 95 93 122 112 99 97 126 116 103 101 130 120 107 105 134 124 111 109 138 128 115 113 142 132 119 117 146 136 123 121 2 140 127 125 6 144 131 129 10 1 135 133 14 4 139 137 18 8 143 141 22 12 147 145 26 16 3 148 30 20 7 5 34 24 11 9 38 28 15 13 42 32 19 17 46 36 23 21 50 40 27 25 54 44 31 29 58 48 35 33 62 52 39 37 66 56 43 41 70 60 47 45 74 64 51 49 78 68 55 53 82 72 59 57 86 76 63 61 80 
91 69 60 95 86 73 64 99 90 77 68 103 94 81 72 107 98 85 76 111 102 89 80 115 106 93 84 119 110 97 88 123 114 101 92 127 118 105 96 131 122 109 100 135 126 113 104 139 130 117 108 143 134 121 112 147 138 125 116 3 142 129 120 7 146 133 124 11 2 137 128 15 6 141 132 19 10 145 136 23 14 148 140 27 18 5 144 31 22 9 1 35 26 13 4 39 30 17 8 43 34 21 12 47 38 25 16 51 42 29 20 55 46 33 24 59 50 37 28 63 54 41 32 67 58 45 36 71 62 49 40 75 66 53 44 79 70 57 48 83 74 61 52 87 78 65 56 82 
92 42 59 96 113 46 63 100 117 50 67 104 121 54 71 108 125 58 75 112 129 62 79 116 133 66 83 120 137 70 87 124 141 74 91 128 145 78 95 132 148 82 99 136 5 86 103 140 9 90 107 144 13 94 111 1 17 98 115 4 21 102 119 8 25 106 123 12 29 110 127 16 33 114 131 20 37 118 135 24 41 122 139 28 45 126 143 32 49 130 147 36 53 134 3 40 57 138 7 44 61 142 11 48 65 146 15 52 69 2 19 56 73 6 23 60 77 10 27 64 81 14 31 68 85 18 35 72 89 22 39 76 93 26 43 80 97 30 47 84 101 34 51 88 105 38 55 109 
93 64 62 97 87 68 66 101 91 72 70 105 95 76 74 109 99 80 78 113 103 84 82 117 107 88 86 121 111 92 90 125 115 96 94 129 119 100 98 133 123 104 102 137 127 108 106 141 131 112 110 145 135 116 114 148 139 120 118 5 143 124 122 9 147 128 126 13 3 132 130 17 7 136 134 21 11 140 138 25 15 144 142 29 19 1 146 33 23 4 2 37 27 8 6 41 31 12 10 45 35 16 14 49 39 20 18 53 43 24 22 57 47 28 26 61 51 32 30 65 55 36 34 69 59 40 38 73 63 44 42 77 67 48 46 81 71 52 50 85 75 56 54 89 79 60 58 83 
94 43 61 98 108 47 65 102 112 51 69 106 116 55 73 110 120 59 77 114 124 63 81 118 128 67 85 122 132 71 89 126 136 75 93 130 140 79 97 134 144 83 101 138 1 87 105 142 4 91 109 146 8 95 113 2 12 99 117 6 16 103 121 10 20 107 125 14 24 111 129 18 28 115 133 22 32 119 137 26 36 123 141 30 40 127 145 34 44 131 148 38 48 135 5 42 52 139 9 46 56 143 13 50 60 147 17 54 64 3 21 58 68 7 25 62 72 11 29 66 76 15 33 70 80 19 37 74 84 23 41 78 88 27 45 82 92 31 49 86 96 35 53 90 100 39 57 104 
95 45 56 99 110 49 60 103 114 53 64 107 118 57 68 111 122 61 72 115 126 65 76 119 130 69 80 123 134 73 84 127 138 77 88 131 142 81 92 135 146 85 96 139 2 89 100 143 6 93 104 147 10 97 108 3 14 101 112 7 18 105 116 11 22 109 120 15 26 113 124 19 30 117 128 23 34 121 132 27 38 125 136 31 42 129 140 35 46 133 144 39 50 137 1 43 54 141 4 47 58 145 8 51 62 148 12 55 66 5 16 59 70 9 20 63 74 13 24 67 78 17 28 71 82 21 32 75 86 25 36 79 90 29 40 83 94 33 44 87 98 37 48 91 102 41 52 106 
96 18 55 100 137 22 59 104 141 26 63 108 145 30 67 112 148 34 71 116 5 38 75 120 9 42 79 124 13 46 83 128 17 50 87 132 21 54 91 136 25 58 95 140 29 62 99 144 33 66 103 1 37 70 107 4 41 74 111 8 45 78 115 12 49 82 119 16 53 86 123 20 57 90 127 24 61 94 131 28 65 98 135 32 69 102 139 36 73 106 143 40 77 110 147 44 81 114 3 48 85 118 7 52 89 122 11 56 93 126 15 60 97 130 19 64 101 134 23 68 105 138 27 72 109 142 31 76 113 146 35 80 117 2 39 84 121 6 43 88 125 10 47 92 129 14 51 133 
97 40 58 101 111 44 62 105 115 48 66 109 119 52 70 113 123 56 74 117 127 60 78 121 131 64 82 125 135 68 86 129 139 72 90 133 143 76 94 137 147 80 98 141 3 84 102 145 7 88 106 148 11 92 110 5 15 96 114 9 19 100 118 13 23 104 122 17 27 108 126 21 31 112 130 25 35 116 134 29 39 120 138 33 43 124 142 37 47 128 146 41 51 132 2 45 55 136 6 49 59 140 10 53 63 144 14 57 67 1 18 61 71 4 22 65 75 8 26 69 79 12 30 73 83 16 34 77 87 20 38 81 91 24 42 85 95 28 46 89 99 32 50 93 103 36 54 107 
98 19 57 102 132 23 61 106 136 27 65 110 140 31 69 114 144 35 73 118 1 39 77 122 4 43 81 126 8 47 85 130 12 51 89 134 16 55 93 138 20 59 97 142 24 63 101 146 28 67 105 2 32 71 109 6 36 75 113 10 40 79 117 14 44 83 121 18 48 87 125 22 52 91 129 26 56 95 133 30 60 99 137 34 64 103 141 38 68 107 145 42 72 111 148 46 76 115 5 50 80 119 9 54 84 123 13 58 88 127 17 62 92 131 21 66 96 135 25 70 100 139 29 74 104 143 33 78 108 147 37 82 112 3 41 86 116 7 45 90 120 11 49 94 124 15 53 128 
99 21 52 103 134 25 56 107 138 29 60 111 142 33 64 115 146 37 68 119 2 41 72 123 6 45 76 127 10 49 80 131 14 53 84 135 18 57 88 139 22 61 92 143 26 65 96 147 30 69 100 3 34 73 104 7 38 77 108 11 42 81 112 15 46 85 116 19 50 89 120 23 54 93 124 27 58 97 128 31 62 101 132 35 66 105 136 39 70 109 140 43 74 113 144 47 78 117 1 51 82 121 4 55 86 125 8 59 90 129 12 63 94 133 16 67 98 137 20 71 102 141 24 75 106 145 28 79 110 148 32 83 114 5 36 87 118 9 40 91 122 13 44 95 126 17 48 130 
100 142 51 104 13 146 55 108 17 2 59 112 21 6 63 116 25 10 67 120 29 14 71 124 33 18 75 128 37 22 79 132 41 26 83 136 45 30 87 140 49 34 91 144 53 38 95 1 57 42 99 4 61 46 103 8 65 50 107 12 69 54 111 16 73 58 115 20 77 62 119 24 81 66 123 28 85 70 127 32 89 74 131 36 93 78 135 40 97 82 139 44 101 86 143 48 105 90 147 52 109 94 3 56 113 98 7 60 117 102 11 64 121 106 15 68 125 110 19 72 129 114 23 76 133 118 27 80 137 122 31 84 141 126 35 88 145 130 39 92 148 134 43 96 5 138 47 9 
101 16 54 105 135 20 58 109 139 24 62 113 143 28 66 117 147 32 70 121 3 36 74 125 7 40 78 129 11 44 82 133 15 48 86 137 19 52 90 141 23 56 94 145 27 60 98 148 31 64 102 5 35 68 106 9 39 72 110 13 43 76 114 17 47 80 118 21 51 84 122 25 55 88 126 29 59 92 130 33 63 96 134 37 67 100 138 41 71 104 142 45 75 108 146 49 79 112 2 53 83 116 6 57 87 120 10 61 91 124 14 65 95 128 18 69 99 132 22 73 103 136 26 77 107 140 30 81 111 144 34 85 115 1 38 89 119 4 42 93 123 8 46 97 127 12 50 131 
102 143 53 106 8 147 57 110 12 3 61 114 16 7 65 118 20 11 69 122 24 15 73 126 28 19 77 130 32 23 81 134 36 27 85 138 40 31 89 142 44 35 93 146 48 39 97 2 52 43 101 6 56 47 105 10 60 51 109 14 64 55 113 18 68 59 117 22 72 63 121 26 76 67 125 30 80 71 129 34 84 75 133 38 88 79 137 42 92 83 141 46 96 87 145 50 100 91 148 54 104 95 5 58 108 99 9 62 112 103 13 66 116 107 17 70 120 111 21 74 124 115 25 78 128 119 29 82 132 123 33 86 136 127 37 90 140 131 41 94 144 135 45 98 1 139 49 4 
103 145 48 107 10 148 52 111 14 5 56 115 18 9 60 119 22 13 64 123 26 17 68 127 30 21 72 131 34 25 76 135 38 29 80 139 42 33 84 143 46 37 88 147 50 41 92 3 54 45 96 7 58 49 100 11 62 53 104 15 66 57 108 19 70 61 112 23 74 65 116 27 78 69 120 31 82 73 124 35 86 77 128 39 90 81 132 43 94 85 136 47 98 89 140 51 102 93 144 55 106 97 1 59 110 101 4 63 114 105 8 67 118 109 12 71 122 113 16 75 126 117 20 79 130 121 24 83 134 125 28 87 138 129 32 91 142 133 36 95 146 137 40 99 2 141 44 6 
104 118 47 108 37 122 51 112 41 126 55 116 45 130 59 120 49 134 63 124 53 138 67 128 57 142 71 132 61 146 75 136 65 2 79 140 69 6 83 144 73 10 87 1 77 14 91 4 81 18 95 8 85 22 99 12 89 26 103 16 93 30 107 20 97 34 111 24 101 38 115 28 105 42 119 32 109 46 123 36 113 50 127 40 117 54 131 44 121 58 135 48 125 62 139 52 129 66 143 56 133 70 147 60 137 74 3 64 141 78 7 68 145 82 11 72 148 86 15 76 5 90 19 80 9 94 23 84 13 98 27 88 17 102 31 92 21 106 35 96 25 110 39 100 29 114 43 33 
105 140 50 109 11 144 54 113 15 1 58 117 19 4 62 121 23 8 66 125 27 12 70 129 31 16 74 133 35 20 78 137 39 24 82 141 43 28 86 145 47 32 90 148 51 36 94 5 55 40 98 9 59 44 102 13 63 48 106 17 67 52 110 21 71 56 114 25 75 60 118 29 79 64 122 33 83 68 126 37 87 72 130 41 91 76 134 45 95 80 138 49 99 84 142 53 103 88 146 57 107 92 2 61 111 96 6 65 115 100 10 69 119 104 14 73 123 108 18 77 127 112 22 81 131 116 26 85 135 120 30 89 139 124 34 93 143 128 38 97 147 132 42 101 3 136 46 7 
106 119 49 110 32 123 53 114 36 127 57 118 40 131 61 122 44 135 65 126 48 139 69 130 52 143 73 134 56 147 77 138 60 3 81 142 64 7 85 146 68 11 89 2 72 15 93 6 76 19 97 10 80 23 101 14 84 27 105 18 88 31 109 22 92 35 113 26 96 39 117 30 100 43 121 34 104 47 125 38 108 51 129 42 112 55 133 46 116 59 137 50 120 63 141 54 124 67 145 58 128 71 148 62 132 75 5 66 136 79 9 70 140 83 13 74 144 87 17 78 1 91 21 82 4 95 25 86 8 99 29 90 12 103 33 94 16 107 37 98 20 111 41 102 24 115 45 28 
107 121 44 111 34 125 48 115 38 129 52 119 42 133 56 123 46 137 60 127 50 141 64 131 54 145 68 135 58 148 72 139 62 5 76 143 66 9 80 147 70 13 84 3 74 17 88 7 78 21 92 11 82 25 96 15 86 29 100 19 90 33 104 23 94 37 108 27 98 41 112 31 102 45 116 35 106 49 120 39 110 53 124 43 114 57 128 47 118 61 132 51 122 65 136 55 126 69 140 59 130 73 144 63 134 77 1 67 138 81 4 71 142 85 8 75 146 89 12 79 2 93 16 83 6 97 20 87 10 101 24 91 14 105 28 95 18 109 32 99 22 113 36 103 26 117 40 30 
108 94 43 112 61 98 47 116 65 102 51 120 69 106 55 124 73 110 59 128 77 114 63 132 81 118 67 136 85 122 71 140 89 126 75 144 93 130 79 1 97 134 83 4 101 138 87 8 105 142 91 12 109 146 95 16 113 2 99 20 117 6 103 24 121 10 107 28 125 14 111 32 129 18 115 36 133 22 119 40 137 26 123 44 141 30 127 48 145 34 131 52 148 38 135 56 5 42 139 60 9 46 143 64 13 50 147 68 17 54 3 72 21 58 7 76 25 62 11 80 29 66 15 84 33 70 19 88 37 74 23 92 41 78 27 96 45 82 31 100 49 86 35 104 53 90 39 57 
109 116 46 113 35 120 50 117 39 124 54 121 43 128 58 125 47 132 62 129 51 136 66 133 55 140 70 137 59 144 74 141 63 1 78 145 67 4 82 148 71 8 86 5 75 12 90 9 79 16 94 13 83 20 98 17 87 24 102 21 91 28 106 25 95 32 110 29 99 36 114 33 103 40 118 37 107 44 122 41 111 48 126 45 115 52 130 49 119 56 134 53 123 60 138 57 127 64 142 61 131 68 146 65 135 72 2 69 139 76 6 73 143 80 10 77 147 84 14 81 3 88 18 85 7 92 22 89 11 96 26 93 15 100 30 97 19 104 34 101 23 108 38 105 27 112 42 31 
110 95 45 114 56 99 49 118 60 103 53 122 64 107 57 126 68 111 61 130 72 115 65 134 76 119 69 138 80 123 73 142 84 127 77 146 88 131 81 2 92 135 85 6 96 139 89 10 100 143 93 14 104 147 97 18 108 3 101 22 112 7 105 26 116 11 109 30 120 15 113 34 124 19 117 38 128 23 121 42 132 27 125 46 136 31 129 50 140 35 133 54 144 39 137 58 1 43 141 62 4 47 145 66 8 51 148 70 12 55 5 74 16 59 9 78 20 63 13 82 24 67 17 86 28 71 21 90 32 75 25 94 36 79 29 98 40 83 33 102 44 87 37 106 48 91 41 52 
111 97 40 115 58 101 44 119 62 105 48 123 66 109 52 127 70 113 56 131 74 117 60 135 78 121 64 139 82 125 68 143 86 129 72 147 90 133 76 3 94 137 80 7 98 141 84 11 102 145 88 15 106 148 92 19 110 5 96 23 114 9 100 27 118 13 104 31 122 17 108 35 126 21 112 39 130 25 116 43 134 29 120 47 138 33 124 51 142 37 128 55 146 41 132 59 2 45 136 63 6 49 140 67 10 53 144 71 14 57 1 75 18 61 4 79 22 65 8 83 26 69 12 87 30 73 16 91 34 77 20 95 38 81 24 99 42 85 28 103 46 89 32 107 50 93 36 54 
112 70 39 116 85 74 43 120 89 78 47 124 93 82 51 128 97 86 55 132 101 90 59 136 105 94 63 140 109 98 67 144 113 102 71 1 117 106 75 4 121 110 79 8 125 114 83 12 129 118 87 16 133 122 91 20 137 126 95 24 141 130 99 28 145 134 103 32 148 138 107 36 5 142 111 40 9 146 115 44 13 2 119 48 17 6 123 52 21 10 127 56 25 14 131 60 29 18 135 64 33 22 139 68 37 26 143 72 41 30 147 76 45 34 3 80 49 38 7 84 53 42 11 88 57 46 15 92 61 50 19 96 65 54 23 100 69 58 27 104 73 62 31 108 77 66 35 81 
113 92 42 117 59 96 46 121 63 100 50 125 67 104 54 129 71 108 58 133 75 112 62 137 79 116 66 141 83 120 70 145 87 124 74 148 91 128 78 5 95 132 82 9 99 136 86 13 103 140 90 17 107 144 94 21 111 1 98 25 115 4 102 29 119 8 106 33 123 12 110 37 127 16 114 41 131 20 118 45 135 24 122 49 139 28 126 53 143 32 130 57 147 36 134 61 3 40 138 65 7 44 142 69 11 48 146 73 15 52 2 77 19 56 6 81 23 60 10 85 27 64 14 89 31 68 18 93 35 72 22 97 39 76 26 101 43 80 30 105 47 84 34 109 51 88 38 55 
114 71 41 118 80 75 45 122 84 79 49 126 88 83 53 130 92 87 57 134 96 91 61 138 100 95 65 142 104 99 69 146 108 103 73 2 112 107 77 6 116 111 81 10 120 115 85 14 124 119 89 18 128 123 93 22 132 127 97 26 136 131 101 30 140 135 105 34 144 139 109 38 1 143 113 42 4 147 117 46 8 3 121 50 12 7 125 54 16 11 129 58 20 15 133 62 24 19 137 66 28 23 141 70 32 27 145 74 36 31 148 78 40 35 5 82 44 39 9 86 48 43 13 90 52 47 17 94 56 51 21 98 60 55 25 102 64 59 29 106 68 63 33 110 72 67 37 76 
115 73 36 119 82 77 40 123 86 81 44 127 90 85 48 131 94 89 52 135 98 93 56 139 102 97 60 143 106 101 64 147 110 105 68 3 114 109 72 7 118 113 76 11 122 117 80 15 126 121 84 19 130 125 88 23 134 129 92 27 138 133 96 31 142 137 100 35 146 141 104 39 2 145 108 43 6 148 112 47 10 5 116 51 14 9 120 55 18 13 124 59 22 17 128 63 26 21 132 67 30 25 136 71 34 29 140 75 38 33 144 79 42 37 1 83 46 41 4 87 50 45 8 91 54 49 12 95 58 53 16 99 62 57 20 103 66 61 24 107 70 65 28 111 74 69 32 78 
116 46 35 120 109 50 39 124 113 54 43 128 117 58 47 132 121 62 51 136 125 66 55 140 129 70 59 144 133 74 63 1 137 78 67 4 141 82 71 8 145 86 75 12 148 90 79 16 5 94 83 20 9 98 87 24 13 102 91 28 17 106 95 32 21 110 99 36 25 114 103 40 29 118 107 44 33 122 111 48 37 126 115 52 41 130 119 56 45 134 123 60 49 138 127 64 53 142 131 68 57 146 135 72 61 2 139 76 65 6 143 80 69 10 147 84 73 14 3 88 77 18 7 92 81 22 11 96 85 26 15 100 89 30 19 104 93 34 23 108 97 38 27 112 101 42 31 105 
117 68 38 121 83 72 42 125 87 76 46 129 91 80 50 133 95 84 54 137 99 88 58 141 103 92 62 145 107 96 66 148 111 100 70 5 115 104 74 9 119 108 78 13 123 112 82 17 127 116 86 21 131 120 90 25 135 124 94 29 139 128 98 33 143 132 102 37 147 136 106 41 3 140 110 45 7 144 114 49 11 1 118 53 15 4 122 57 19 8 126 61 23 12 130 65 27 16 134 69 31 20 138 73 35 24 142 77 39 28 146 81 43 32 2 85 47 36 6 89 51 40 10 93 55 44 14 97 59 48 18 101 63 52 22 105 67 56 26 109 71 60 30 113 75 64 34 79 
118 47 37 122 104 51 41 126 108 55 45 130 112 59 49 134 116 63 53 138 120 67 57 142 124 71 61 146 128 75 65 2 132 79 69 6 136 83 73 10 140 87 77 14 144 91 81 18 1 95 85 22 4 99 89 26 8 103 93 30 12 107 97 34 16 111 101 38 20 115 105 42 24 119 109 46 28 123 113 50 32 127 117 54 36 131 121 58 40 135 125 62 44 139 129 66 48 143 133 70 52 147 137 74 56 3 141 78 60 7 145 82 64 11 148 86 68 15 5 90 72 19 9 94 76 23 13 98 80 27 17 102 84 31 21 106 88 35 25 110 92 39 29 114 96 43 33 100 
119 49 32 123 106 53 36 127 110 57 40 131 114 61 44 135 118 65 48 139 122 69 52 143 126 73 56 147 130 77 60 3 134 81 64 7 138 85 68 11 142 89 72 15 146 93 76 19 2 97 80 23 6 101 84 27 10 105 88 31 14 109 92 35 18 113 96 39 22 117 100 43 26 121 104 47 30 125 108 51 34 129 112 55 38 133 116 59 42 137 120 63 46 141 124 67 50 145 128 71 54 148 132 75 58 5 136 79 62 9 140 83 66 13 144 87 70 17 1 91 74 21 4 95 78 25 8 99 82 29 12 103 86 33 16 107 90 37 20 111 94 41 24 115 98 45 28 102 
120 22 31 124 133 26 35 128 137 30 39 132 141 34 43 136 145 38 47 140 148 42 51 144 5 46 55 1 9 50 59 4 13 54 63 8 17 58 67 12 21 62 71 16 25 66 75 20 29 70 79 24 33 74 83 28 37 78 87 32 41 82 91 36 45 86 95 40 49 90 99 44 53 94 103 48 57 98 107 52 61 102 111 56 65 106 115 60 69 110 119 64 73 114 123 68 77 118 127 72 81 122 131 76 85 126 135 80 89 130 139 84 93 134 143 88 97 138 147 92 101 142 3 96 105 146 7 100 109 2 11 104 113 6 15 108 117 10 19 112 121 14 23 116 125 18 27 129 
121 44 34 125 107 48 38 129 111 52 42 133 115 56 46 137 119 60 50 141 123 64 54 145 127 68 58 148 131 72 62 5 135 76 66 9 139 80 70 13 143 84 74 17 147 88 78 21 3 92 82 25 7 96 86 29 11 100 90 33 15 104 94 37 19 108 98 41 23 112 102 45 27 116 106 49 31 120 110 53 35 124 114 57 39 128 118 61 43 132 122 65 47 136 126 69 51 140 130 73 55 144 134 77 59 1 138 81 63 4 142 85 67 8 146 89 71 12 2 93 75 16 6 97 79 20 10 101 83 24 14 105 87 28 18 109 91 32 22 113 95 36 26 117 99 40 30 103 
122 23 33 126 128 27 37 130 132 31 41 134 136 35 45 138 140 39 49 142 144 43 53 146 1 47 57 2 4 51 61 6 8 55 65 10 12 59 69 14 16 63 73 18 20 67 77 22 24 71 81 26 28 75 85 30 32 79 89 34 36 83 93 38 40 87 97 42 44 91 101 46 48 95 105 50 52 99 109 54 56 103 113 58 60 107 117 62 64 111 121 66 68 115 125 70 72 119 129 74 76 123 133 78 80 127 137 82 84 131 141 86 88 135 145 90 92 139 148 94 96 143 5 98 100 147 9 102 104 3 13 106 108 7 17 110 112 11 21 114 116 15 25 118 120 19 29 124 
123 25 28 127 130 29 32 131 134 33 36 135 138 37 40 139 142 41 44 143 146 45 48 147 2 49 52 3 6 53 56 7 10 57 60 11 14 61 64 15 18 65 68 19 22 69 72 23 26 73 76 27 30 77 80 31 34 81 84 35 38 85 88 39 42 89 92 43 46 93 96 47 50 97 100 51 54 101 104 55 58 105 108 59 62 109 112 63 66 113 116 67 70 117 120 71 74 121 124 75 78 125 128 79 82 129 132 83 86 133 136 87 90 137 140 91 94 141 144 95 98 145 1 99 102 148 4 103 106 5 8 107 110 9 12 111 114 13 16 115 118 17 20 119 122 21 24 126 
124 146 27 128 9 2 31 132 13 6 35 136 17 10 39 140 21 14 43 144 25 18 47 1 29 22 51 4 33 26 55 8 37 30 59 12 41 34 63 16 45 38 67 20 49 42 71 24 53 46 75 28 57 50 79 32 61 54 83 36 65 58 87 40 69 62 91 44 73 66 95 48 77 70 99 52 81 74 103 56 85 78 107 60 89 82 111 64 93 86 115 68 97 90 119 72 101 94 123 76 105 98 127 80 109 102 131 84 113 106 135 88 117 110 139 92 121 114 143 96 125 118 147 100 129 122 3 104 133 126 7 108 137 130 11 112 141 134 15 116 145 138 19 120 148 142 23 5 
125 20 30 129 131 24 34 133 135 28 38 137 139 32 42 141 143 36 46 145 147 40 50 148 3 44 54 5 7 48 58 9 11 52 62 13 15 56 66 17 19 60 70 21 23 64 74 25 27 68 78 29 31 72 82 33 35 76 86 37 39 80 90 41 43 84 94 45 47 88 98 49 51 92 102 53 55 96 106 57 59 100 110 61 63 104 114 65 67 108 118 69 71 112 122 73 75 116 126 77 79 120 130 81 83 124 134 85 87 128 138 89 91 132 142 93 95 136 146 97 99 140 2 101 103 144 6 105 107 1 10 109 111 4 14 113 115 8 18 117 119 12 22 121 123 16 26 127 
126 147 29 130 4 3 33 134 8 7 37 138 12 11 41 142 16 15 45 146 20 19 49 2 24 23 53 6 28 27 57 10 32 31 61 14 36 35 65 18 40 39 69 22 44 43 73 26 48 47 77 30 52 51 81 34 56 55 85 38 60 59 89 42 64 63 93 46 68 67 97 50 72 71 101 54 76 75 105 58 80 79 109 62 84 83 113 66 88 87 117 70 92 91 121 74 96 95 125 78 100 99 129 82 104 103 133 86 108 107 137 90 112 111 141 94 116 115 145 98 120 119 148 102 124 123 5 106 128 127 9 110 132 131 13 114 136 135 17 118 140 139 21 122 144 143 25 1 
127 148 24 131 6 5 28 135 10 9 32 139 14 13 36 143 18 17 40 147 22 21 44 3 26 25 48 7 30 29 52 11 34 33 56 15 38 37 60 19 42 41 64 23 46 45 68 27 50 49 72 31 54 53 76 35 58 57 80 39 62 61 84 43 66 65 88 47 70 69 92 51 74 73 96 55 78 77 100 59 82 81 104 63 86 85 108 67 90 89 112 71 94 93 116 75 98 97 120 79 102 101 124 83 106 105 128 87 110 109 132 91 114 113 136 95 118 117 140 99 122 121 144 103 126 125 1 107 130 129 4 111 134 133 8 115 138 137 12 119 142 141 16 123 146 145 20 2 
128 122 23 132 33 126 27 136 37 130 31 140 41 134 35 144 45 138 39 1 49 142 43 4 53 146 47 8 57 2 51 12 61 6 55 16 65 10 59 20 69 14 63 24 73 18 67 28 77 22 71 32 81 26 75 36 85 30 79 40 89 34 83 44 93 38 87 48 97 42 91 52 101 46 95 56 105 50 99 60 109 54 103 64 113 58 107 68 117 62 111 72 121 66 115 76 125 70 119 80 129 74 123 84 133 78 127 88 137 82 131 92 141 86 135 96 145 90 139 100 148 94 143 104 5 98 147 108 9 102 3 112 13 106 7 116 17 110 11 120 21 114 15 124 25 118 19 29 
129 144 26 133 7 1 30 137 11 4 34 141 15 8 38 145 19 12 42 148 23 16 46 5 27 20 50 9 31 24 54 13 35 28 58 17 39 32 62 21 43 36 66 25 47 40 70 29 51 44 74 33 55 48 78 37 59 52 82 41 63 56 86 45 67 60 90 49 71 64 94 53 75 68 98 57 79 72 102 61 83 76 106 65 87 80 110 69 91 84 114 73 95 88 118 77 99 92 122 81 103 96 126 85 107 100 130 89 111 104 134 93 115 108 138 97 119 112 142 101 123 116 146 105 127 120 2 109 131 124 6 113 135 128 10 117 139 132 14 121 143 136 18 125 147 140 22 3 
130 123 25 134 28 127 29 138 32 131 33 142 36 135 37 146 40 139 41 2 44 143 45 6 48 147 49 10 52 3 53 14 56 7 57 18 60 11 61 22 64 15 65 26 68 19 69 30 72 23 73 34 76 27 77 38 80 31 81 42 84 35 85 46 88 39 89 50 92 43 93 54 96 47 97 58 100 51 101 62 104 55 105 66 108 59 109 70 112 63 113 74 116 67 117 78 120 71 121 82 124 75 125 86 128 79 129 90 132 83 133 94 136 87 137 98 140 91 141 102 144 95 145 106 1 99 148 110 4 103 5 114 8 107 9 118 12 111 13 122 16 115 17 126 20 119 21 24 
131 125 20 135 30 129 24 139 34 133 28 143 38 137 32 147 42 141 36 3 46 145 40 7 50 148 44 11 54 5 48 15 58 9 52 19 62 13 56 23 66 17 60 27 70 21 64 31 74 25 68 35 78 29 72 39 82 33 76 43 86 37 80 47 90 41 84 51 94 45 88 55 98 49 92 59 102 53 96 63 106 57 100 67 110 61 104 71 114 65 108 75 118 69 112 79 122 73 116 83 126 77 120 87 130 81 124 91 134 85 128 95 138 89 132 99 142 93 136 103 146 97 140 107 2 101 144 111 6 105 1 115 10 109 4 119 14 113 8 123 18 117 12 127 22 121 16 26 
132 98 19 136 57 102 23 140 61 106 27 144 65 110 31 1 69 114 35 4 73 118 39 8 77 122 43 12 81 126 47 16 85 130 51 20 89 134 55 24 93 138 59 28 97 142 63 32 101 146 67 36 105 2 71 40 109 6 75 44 113 10 79 48 117 14 83 52 121 18 87 56 125 22 91 60 129 26 95 64 133 30 99 68 137 34 103 72 141 38 107 76 145 42 111 80 148 46 115 84 5 50 119 88 9 54 123 92 13 58 127 96 17 62 131 100 21 66 135 104 25 70 139 108 29 74 143 112 33 78 147 116 37 82 3 120 41 86 7 124 45 90 11 128 49 94 15 53 
133 120 22 137 31 124 26 141 35 128 30 145 39 132 34 148 43 136 38 5 47 140 42 9 51 144 46 13 55 1 50 17 59 4 54 21 63 8 58 25 67 12 62 29 71 16 66 33 75 20 70 37 79 24 74 41 83 28 78 45 87 32 82 49 91 36 86 53 95 40 90 57 99 44 94 61 103 48 98 65 107 52 102 69 111 56 106 73 115 60 110 77 119 64 114 81 123 68 118 85 127 72 122 89 131 76 126 93 135 80 130 97 139 84 134 101 143 88 138 105 147 92 142 109 3 96 146 113 7 100 2 117 11 104 6 121 15 108 10 125 19 112 14 129 23 116 18 27 
134 99 21 138 52 103 25 142 56 107 29 146 60 111 33 2 64 115 37 6 68 119 41 10 72 123 45 14 76 127 49 18 80 131 53 22 84 135 57 26 88 139 61 30 92 143 65 34 96 147 69 38 100 3 73 42 104 7 77 46 108 11 81 50 112 15 85 54 116 19 89 58 120 23 93 62 124 27 97 66 128 31 101 70 132 35 105 74 136 39 109 78 140 43 113 82 144 47 117 86 1 51 121 90 4 55 125 94 8 59 129 98 12 63 133 102 16 67 137 106 20 71 141 110 24 75 145 114 28 79 148 118 32 83 5 122 36 87 9 126 40 91 13 130 44 95 17 48 
135 101 16 139 54 105 20 143 58 109 24 147 62 113 28 3 66 117 32 7 70 121 36 11 74 125 40 15 78 129 44 19 82 133 48 23 86 137 52 27 90 141 56 31 94 145 60 35 98 148 64 39 102 5 68 43 106 9 72 47 110 13 76 51 114 17 80 55 118 21 84 59 122 25 88 63 126 29 92 67 130 33 96 71 134 37 100 75 138 41 104 79 142 45 108 83 146 49 112 87 2 53 116 91 6 57 120 95 10 61 124 99 14 65 128 103 18 69 132 107 22 73 136 111 26 77 140 115 30 81 144 119 34 85 1 123 38 89 4 127 42 93 8 131 46 97 12 50 
136 74 15 140 81 78 19 144 85 82 23 1 89 86 27 4 93 90 31 8 97 94 35 12 101 98 39 16 105 102 43 20 109 106 47 24 113 110 51 28 117 114 55 32 121 118 59 36 125 122 63 40 129 126 67 44 133 130 71 48 137 134 75 52 141 138 79 56 145 142 83 60 148 146 87 64 5 2 91 68 9 6 95 72 13 10 99 76 17 14 103 80 21 18 107 84 25 22 111 88 29 26 115 92 33 30 119 96 37 34 123 100 41 38 127 104 45 42 131 108 49 46 135 112 53 50 139 116 57 54 143 120 61 58 147 124 65 62 3 128 69 66 7 132 73 70 11 77 
137 96 18 141 55 100 22 145 59 104 26 148 63 108 30 5 67 112 34 9 71 116 38 13 75 120 42 17 79 124 46 21 83 128 50 25 87 132 54 29 91 136 58 33 95 140 62 37 99 144 66 41 103 1 70 45 107 4 74 49 111 8 78 53 115 12 82 57 119 16 86 61 123 20 90 65 127 24 94 69 131 28 98 73 135 32 102 77 139 36 106 81 143 40 110 85 147 44 114 89 3 48 118 93 7 52 122 97 11 56 126 101 15 60 130 105 19 64 134 109 23 68 138 113 27 72 142 117 31 76 146 121 35 80 2 125 39 84 6 129 43 88 10 133 47 92 14 51 
138 75 17 142 76 79 21 146 80 83 25 2 84 87 29 6 88 91 33 10 92 95 37 14 96 99 41 18 100 103 45 22 104 107 49 26 108 111 53 30 112 115 57 34 116 119 61 38 120 123 65 42 124 127 69 46 128 131 73 50 132 135 77 54 136 139 81 58 140 143 85 62 144 147 89 66 1 3 93 70 4 7 97 74 8 11 101 78 12 15 105 82 16 19 109 86 20 23 113 90 24 27 117 94 28 31 121 98 32 35 125 102 36 39 129 106 40 43 133 110 44 47 137 114 48 51 141 118 52 55 145 122 56 59 148 126 60 63 5 130 64 67 9 134 68 71 13 72 
139 77 12 143 78 81 16 147 82 85 20 3 86 89 24 7 90 93 28 11 94 97 32 15 98 101 36 19 102 105 40 23 106 109 44 27 110 113 48 31 114 117 52 35 118 121 56 39 122 125 60 43 126 129 64 47 130 133 68 51 134 137 72 55 138 141 76 59 142 145 80 63 146 148 84 67 2 5 88 71 6 9 92 75 10 13 96 79 14 17 100 83 18 21 104 87 22 25 108 91 26 29 112 95 30 33 116 99 34 37 120 103 38 41 124 107 42 45 128 111 46 49 132 115 50 53 136 119 54 57 140 123 58 61 144 127 62 65 1 131 66 69 4 135 70 73 8 74 
140 50 11 144 105 54 15 1 109 58 19 4 113 62 23 8 117 66 27 12 121 70 31 16 125 74 35 20 129 78 39 24 133 82 43 28 137 86 47 32 141 90 51 36 145 94 55 40 148 98 59 44 5 102 63 48 9 106 67 52 13 110 71 56 17 114 75 60 21 118 79 64 25 122 83 68 29 126 87 72 33 130 91 76 37 134 95 80 41 138 99 84 45 142 103 88 49 146 107 92 53 2 111 96 57 6 115 100 61 10 119 104 65 14 123 108 69 18 127 112 73 22 131 116 77 26 135 120 81 30 139 124 85 34 143 128 89 38 147 132 93 42 3 136 97 46 7 101 
141 72 14 145 79 76 18 148 83 80 22 5 87 84 26 9 91 88 30 13 95 92 34 17 99 96 38 21 103 100 42 25 107 104 46 29 111 108 50 33 115 112 54 37 119 116 58 41 123 120 62 45 127 124 66 49 131 128 70 53 135 132 74 57 139 136 78 61 143 140 82 65 147 144 86 69 3 1 90 73 7 4 94 77 11 8 98 81 15 12 102 85 19 16 106 89 23 20 110 93 27 24 114 97 31 28 118 101 35 32 122 105 39 36 126 109 43 40 130 113 47 44 134 117 51 48 138 121 55 52 142 125 59 56 146 129 63 60 2 133 67 64 6 137 71 68 10 75 
142 51 13 146 100 55 17 2 104 59 21 6 108 63 25 10 112 67 29 14 116 71 33 18 120 75 37 22 124 79 41 26 128 83 45 30 132 87 49 34 136 91 53 38 140 95 57 42 144 99 61 46 1 103 65 50 4 107 69 54 8 111 73 58 12 115 77 62 16 119 81 66 20 123 85 70 24 127 89 74 28 131 93 78 32 135 97 82 36 139 101 86 40 143 105 90 44 147 109 94 48 3 113 98 52 7 117 102 56 11 121 106 60 15 125 110 64 19 129 114 68 23 133 118 72 27 137 122 76 31 141 126 80 35 145 130 84 39 148 134 88 43 5 138 92 47 9 96 
143 53 8 147 102 57 12 3 106 61 16 7 110 65 20 11 114 69 24 15 118 73 28 19 122 77 32 23 126 81 36 27 130 85 40 31 134 89 44 35 138 93 48 39 142 97 52 43 146 101 56 47 2 105 60 51 6 109 64 55 10 113 68 59 14 117 72 63 18 121 76 67 22 125 80 71 26 129 84 75 30 133 88 79 34 137 92 83 38 141 96 87 42 145 100 91 46 148 104 95 50 5 108 99 54 9 112 103 58 13 116 107 62 17 120 111 66 21 124 115 70 25 128 119 74 29 132 123 78 33 136 127 82 37 140 131 86 41 144 135 90 45 1 139 94 49 4 98 
144 26 7 1 129 30 11 4 133 34 15 8 137 38 19 12 141 42 23 16 145 46 27 20 148 50 31 24 5 54 35 28 9 58 39 32 13 62 43 36 17 66 47 40 21 70 51 44 25 74 55 48 29 78 59 52 33 82 63 56 37 86 67 60 41 90 71 64 45 94 75 68 49 98 79 72 53 102 83 76 57 106 87 80 61 110 91 84 65 114 95 88 69 118 99 92 73 122 103 96 77 126 107 100 81 130 111 104 85 134 115 108 89 138 119 112 93 142 123 116 97 146 127 120 101 2 131 124 105 6 135 128 109 10 139 132 113 14 143 136 117 18 147 140 121 22 3 125 
145 48 10 148 103 52 14 5 107 56 18 9 111 60 22 13 115 64 26 17 119 68 30 21 123 72 34 25 127 76 38 29 131 80 42 33 135 84 46 37 139 88 50 41 143 92 54 45 147 96 58 49 3 100 62 53 7 104 66 57 11 108 70 61 15 112 74 65 19 116 78 69 23 120 82 73 27 124 86 77 31 128 90 81 35 132 94 85 39 136 98 89 43 140 102 93 47 144 106 97 51 1 110 101 55 4 114 105 59 8 118 109 63 12 122 113 67 16 126 117 71 20 130 121 75 24 134 125 79 28 138 129 83 32 142 133 87 36 146 137 91 40 2 141 95 44 6 99 
146 27 9 2 124 31 13 6 128 35 17 10 132 39 21 14 136 43 25 18 140 47 29 22 144 51 33 26 1 55 37 30 4 59 41 34 8 63 45 38 12 67 49 42 16 71 53 46 20 75 57 50 24 79 61 54 28 83 65 58 32 87 69 62 36 91 73 66 40 95 77 70 44 99 81 74 48 103 85 78 52 107 89 82 56 111 93 86 60 115 97 90 64 119 101 94 68 123 105 98 72 127 109 102 76 131 113 106 80 135 117 110 84 139 121 114 88 143 125 118 92 147 129 122 96 3 133 126 100 7 137 130 104 11 141 134 108 15 145 138 112 19 148 142 116 23 5 120 
147 29 4 3 126 33 8 7 130 37 12 11 134 41 16 15 138 45 20 19 142 49 24 23 146 53 28 27 2 57 32 31 6 61 36 35 10 65 40 39 14 69 44 43 18 73 48 47 22 77 52 51 26 81 56 55 30 85 60 59 34 89 64 63 38 93 68 67 42 97 72 71 46 101 76 75 50 105 80 79 54 109 84 83 58 113 88 87 62 117 92 91 66 121 96 95 70 125 100 99 74 129 104 103 78 133 108 107 82 137 112 111 86 141 116 115 90 145 120 119 94 148 124 123 98 5 128 127 102 9 132 131 106 13 136 135 110 17 140 139 114 21 144 143 118 25 1 122 
148 24 6 5 127 28 10 9 131 32 14 13 135 36 18 17 139 40 22 21 143 44 26 25 147 48 30 29 3 52 34 33 7 56 38 37 11 60 42 41 15 64 46 45 19 68 50 49 23 72 54 53 27 76 58 57 31 80 62 61 35 84 66 65 39 88 70 69 43 92 74 73 47 96 78 77 51 100 82 81 55 104 86 85 59 108 90 89 63 112 94 93 67 116 98 97 71 120 102 101 75 124 106 105 79 128 110 109 83 132 114 113 87 136 118 117 91 140 122 121 95 144 126 125 99 1 130 129 103 4 134 133 107 8 138 137 111 12 142 141 115 16 146 145 119 20 2 123 
