144 70
1 2 3 4 5 6 7 8 9 10 11 12 13 14 15 16 17 18 19 20 21 22 23 24 25 26 27 28 29 30 31 32 33 34 35 36 37 38 39 40 41 42 43 44 45 46 47 48 49 50 51 52 53 54 55 56 57 58 59 60 61 62 63 64 65 66 67 68 69 70 71 72 73 74 75 76 77 78 79 80 81 82 83 84 85 86 87 88 89 90 91 92 93 94 95 96 97 98 99 100 101 102 103 104 105 106 107 108 109 110 111 112 113 114 115 116 117 118 119 120 121 122 123 124 125 126 127 128 129 130 131 132 133 134 135 136 137 138 139 140 141 142 143 144 
2 1 8 9 10 11 12 3 4 5 6 7 25 26 27 28 29 30 31 32 33 34 35 36 13 14 15 16 17 18 19 20 21 22 23 24 55 56 57 58 59 60 61 62 63 64 65 66 67 68 69 70 71 72 37 38 39 40 41 42 43 44 45 46 47 48 49 50 51 52 53 54 91 92 93 94 95 96 97 98 99 100 101 102 103 104 105 106 107 108 73 74 75 76 77 78 79 80 81 82 83 84 85 86 87 88 89 90 121 122 123 124 125 126 127 128 129 130 131 132 109 110 111 112 113 114 115 116 117 118 119 120 138 139 140 141 142 133 134 135 136 137 144 143 
3 27 5 13 14 15 16 33 57 59 8 61 18 6 21 22 37 38 39 40 41 42 43 44 66 2 10 70 92 94 25 96 26 98 28 100 45 19 48 49 1 23 52 53 73 74 75 76 77 78 79 80 81 82 101 9 30 105 11 12 34 108 121 55 123 56 125 58 127 60 128 62 46 83 84 4 50 87 88 7 54 90 109 110 111 112 113 114 115 116 29 63 129 31 32 67 132 35 36 71 91 138 93 140 95 141 97 99 17 85 117 118 20 89 120 24 133 134 135 136 64 65 102 142 68 69 106 72 122 144 124 126 47 119 137 51 143 103 104 130 107 139 86 131 
4 9 13 17 18 19 20 25 29 30 31 32 37 38 39 40 1 45 46 47 48 49 50 51 55 56 57 58 2 63 64 65 66 67 68 69 3 73 74 75 76 77 78 79 5 6 7 83 84 85 86 87 88 89 8 91 92 93 94 95 96 97 10 11 12 101 102 103 104 105 106 107 14 15 16 109 110 111 112 113 114 115 21 22 23 24 117 118 119 120 26 27 28 121 122 123 124 125 126 127 33 34 35 36 129 130 131 132 41 42 43 44 133 134 135 136 52 53 54 137 59 60 61 62 138 139 140 141 70 71 72 142 80 81 82 143 90 98 99 100 144 108 116 128 
5 10 14 18 6 21 22 26 30 11 33 34 38 15 41 42 45 19 48 49 1 23 52 53 56 27 59 60 63 31 66 67 2 35 70 71 73 39 76 77 3 43 80 81 46 83 84 4 50 87 88 7 54 90 91 57 94 95 8 61 98 99 64 101 102 9 68 105 106 12 72 108 74 109 110 13 78 113 114 16 82 116 17 85 117 118 20 89 120 24 92 121 122 25 96 125 126 28 100 128 29 103 129 130 32 107 132 36 37 111 133 134 40 115 136 44 47 119 137 51 55 123 138 139 58 127 141 62 65 131 142 69 75 135 143 79 86 93 140 144 97 104 112 124 
6 11 15 19 21 1 23 27 31 33 2 35 39 41 3 43 46 48 4 50 5 52 7 54 57 59 8 61 64 66 9 68 10 70 12 72 74 76 13 78 14 80 16 82 83 17 85 18 87 20 89 22 90 24 92 94 25 96 26 98 28 100 101 29 103 30 105 32 107 34 108 36 109 37 111 38 113 40 115 42 116 44 45 117 47 119 49 120 51 53 121 55 123 56 125 58 127 60 128 62 63 129 65 131 67 132 69 71 73 133 75 135 77 136 79 81 84 137 86 88 91 138 93 140 95 141 97 99 102 142 104 106 110 143 112 114 118 122 144 124 126 130 134 139 
7 36 16 20 22 23 24 62 69 71 72 2 40 42 43 44 47 49 50 51 52 53 54 1 97 99 100 8 104 106 107 9 108 10 11 12 75 77 78 79 80 81 82 3 84 85 86 87 88 89 4 90 5 6 124 126 127 25 128 26 27 28 130 131 29 132 30 31 32 33 34 35 110 111 112 113 114 115 13 116 14 15 117 118 119 17 120 18 19 21 139 140 55 141 56 57 58 59 60 61 142 63 64 65 66 67 68 70 133 134 135 37 136 38 39 41 137 45 46 48 144 91 92 93 94 95 96 98 101 102 103 105 143 73 74 76 83 121 122 123 125 129 109 138 
8 15 10 25 26 27 28 21 39 41 3 43 30 11 33 34 55 56 57 58 59 60 61 62 48 1 5 52 74 76 13 78 14 80 16 82 63 31 66 67 2 35 70 71 91 92 93 94 95 96 97 98 99 100 83 4 18 87 6 7 22 90 109 37 111 38 113 40 115 42 116 44 64 101 102 9 68 105 106 12 72 108 121 122 123 124 125 126 127 128 17 45 117 19 20 49 120 23 24 53 73 133 75 135 77 136 79 81 29 103 129 130 32 107 132 36 138 139 140 141 46 47 84 137 50 51 88 54 110 143 112 114 65 131 142 69 144 85 86 118 89 134 104 119 
9 4 25 29 30 31 32 13 17 18 19 20 55 56 57 58 2 63 64 65 66 67 68 69 37 38 39 40 1 45 46 47 48 49 50 51 8 91 92 93 94 95 96 97 10 11 12 101 102 103 104 105 106 107 3 73 74 75 76 77 78 79 5 6 7 83 84 85 86 87 88 89 26 27 28 121 122 123 124 125 126 127 33 34 35 36 129 130 131 132 14 15 16 109 110 111 112 113 114 115 21 22 23 24 117 118 119 120 59 60 61 62 138 139 140 141 70 71 72 142 41 42 43 44 133 134 135 136 52 53 54 137 98 99 100 144 108 80 81 82 143 90 128 116 
10 5 26 30 11 33 34 14 18 6 21 22 56 27 59 60 63 31 66 67 2 35 70 71 38 15 41 42 45 19 48 49 1 23 52 53 91 57 94 95 8 61 98 99 64 101 102 9 68 105 106 12 72 108 73 39 76 77 3 43 80 81 46 83 84 4 50 87 88 7 54 90 92 121 122 25 96 125 126 28 100 128 29 103 129 130 32 107 132 36 74 109 110 13 78 113 114 16 82 116 17 85 117 118 20 89 120 24 55 123 138 139 58 127 141 62 65 131 142 69 37 111 133 134 40 115 136 44 47 119 137 51 93 140 144 97 104 75 135 143 79 86 124 112 
11 6 27 31 33 2 35 15 19 21 1 23 57 59 8 61 64 66 9 68 10 70 12 72 39 41 3 43 46 48 4 50 5 52 7 54 92 94 25 96 26 98 28 100 101 29 103 30 105 32 107 34 108 36 74 76 13 78 14 80 16 82 83 17 85 18 87 20 89 22 90 24 121 55 123 56 125 58 127 60 128 62 63 129 65 131 67 132 69 71 109 37 111 38 113 40 115 42 116 44 45 117 47 119 49 120 51 53 91 138 93 140 95 141 97 99 102 142 104 106 73 133 75 135 77 136 79 81 84 137 86 88 122 144 124 126 130 110 143 112 114 118 139 134 
12 24 28 32 34 35 36 44 51 53 54 1 58 60 61 62 65 67 68 69 70 71 72 2 79 81 82 3 86 88 89 4 90 5 6 7 93 95 96 97 98 99 100 8 102 103 104 105 106 107 9 108 10 11 112 114 115 13 116 14 15 16 118 119 17 120 18 19 20 21 22 23 122 123 124 125 126 127 25 128 26 27 129 130 131 29 132 30 31 33 134 135 37 136 38 39 40 41 42 43 137 45 46 47 48 49 50 52 138 139 140 55 141 56 57 59 142 63 64 66 143 73 74 75 76 77 78 80 83 84 85 87 144 91 92 94 101 109 110 111 113 117 121 133 
13 57 18 37 38 39 40 66 92 94 25 96 45 19 48 49 3 73 74 75 76 77 78 79 101 9 30 105 27 121 55 123 56 125 58 127 5 46 83 84 4 50 87 88 14 15 16 109 110 111 112 113 114 115 33 29 63 129 31 32 67 132 59 8 61 91 138 93 140 95 141 97 6 21 22 17 85 117 118 20 89 120 41 42 43 44 133 134 135 136 2 10 70 64 65 102 142 68 69 106 26 98 28 100 122 144 124 126 1 23 52 53 47 119 137 51 80 81 82 143 11 12 34 108 103 104 130 107 60 128 62 139 7 54 90 86 116 35 36 71 131 99 24 72 
14 59 6 38 15 41 42 2 94 8 26 98 19 21 1 23 73 39 76 77 3 43 80 81 9 10 11 12 121 25 56 125 27 28 60 128 46 48 4 50 5 52 7 54 74 109 110 13 78 113 114 16 82 116 29 30 31 32 33 34 35 36 55 91 138 57 58 95 141 61 62 99 83 17 85 18 87 20 89 22 90 24 37 111 133 134 40 115 136 44 63 64 65 66 67 68 69 70 71 72 92 93 122 144 96 97 126 100 45 117 47 119 49 120 51 53 75 135 143 79 101 102 103 104 105 106 107 108 123 124 139 127 84 137 86 88 112 129 130 131 132 140 118 142 
15 8 21 39 41 3 43 10 25 26 27 28 48 1 5 52 74 76 13 78 14 80 16 82 30 11 33 34 55 56 57 58 59 60 61 62 83 4 18 87 6 7 22 90 109 37 111 38 113 40 115 42 116 44 63 31 66 67 2 35 70 71 91 92 93 94 95 96 97 98 99 100 17 45 117 19 20 49 120 23 24 53 73 133 75 135 77 136 79 81 64 101 102 9 68 105 106 12 72 108 121 122 123 124 125 126 127 128 46 47 84 137 50 51 88 54 110 143 112 114 29 103 129 130 32 107 132 36 138 139 140 141 85 86 118 89 134 65 131 142 69 144 119 104 
16 100 22 40 42 43 44 108 127 128 62 27 49 23 52 53 75 77 78 79 80 81 82 3 132 36 71 33 140 141 97 57 99 59 8 61 84 50 87 88 7 54 90 5 110 111 112 113 114 115 13 116 14 15 142 69 106 66 72 2 10 70 144 124 92 126 94 25 96 26 98 28 85 117 118 20 89 120 18 24 6 21 133 134 135 37 136 38 39 41 104 130 101 107 9 30 105 11 12 34 139 121 55 123 56 125 58 60 47 119 137 45 51 19 48 1 143 73 74 76 131 29 63 129 31 32 67 35 91 138 93 95 86 46 83 4 109 64 65 102 68 122 17 103 
17 29 37 1 45 46 47 55 2 63 64 65 3 73 74 75 4 5 6 7 83 84 85 86 8 91 92 93 9 10 11 12 101 102 103 104 13 14 15 16 109 110 111 112 18 19 20 21 22 23 24 117 118 119 25 26 27 28 121 122 123 124 30 31 32 33 34 35 36 129 130 131 38 39 40 41 42 43 44 133 134 135 48 49 50 51 52 53 54 137 56 57 58 59 60 61 62 138 139 140 66 67 68 69 70 71 72 142 76 77 78 79 80 81 82 143 87 88 89 90 94 95 96 97 98 99 100 144 105 106 107 108 113 114 115 116 120 125 126 127 128 132 136 141 
18 30 38 45 19 48 49 56 63 31 66 67 73 39 76 77 5 46 83 84 4 50 87 88 91 57 94 95 10 64 101 102 9 68 105 106 14 74 109 110 13 78 113 114 6 21 22 17 85 117 118 20 89 120 26 92 121 122 25 96 125 126 11 33 34 29 103 129 130 32 107 132 15 41 42 37 111 133 134 40 115 136 1 23 52 53 47 119 137 51 27 59 60 55 123 138 139 58 127 141 2 35 70 71 65 131 142 69 3 43 80 81 75 135 143 79 7 54 90 86 8 61 98 99 93 140 144 97 12 72 108 104 16 82 116 112 24 28 100 128 124 36 44 62 
19 31 39 46 48 4 50 57 64 66 9 68 74 76 13 78 6 83 17 85 18 87 20 89 92 94 25 96 11 101 29 103 30 105 32 107 15 109 37 111 38 113 40 115 21 1 23 45 117 47 119 49 120 51 27 121 55 123 56 125 58 127 33 2 35 63 129 65 131 67 132 69 41 3 43 73 133 75 135 77 136 79 5 52 7 54 84 137 86 88 59 8 61 91 138 93 140 95 141 97 10 70 12 72 102 142 104 106 14 80 16 82 110 143 112 114 22 90 24 118 26 98 28 100 122 144 124 126 34 108 36 130 42 116 44 134 53 60 128 62 139 71 81 99 
20 69 40 47 49 50 51 97 104 106 107 9 75 77 78 79 7 84 85 86 87 88 89 4 124 126 127 25 36 130 131 29 132 30 31 32 16 110 111 112 113 114 115 13 22 23 24 117 118 119 17 120 18 19 62 139 140 55 141 56 57 58 71 72 2 142 63 64 65 66 67 68 42 43 44 133 134 135 37 136 38 39 52 53 54 1 137 45 46 48 99 100 8 144 91 92 93 94 95 96 108 10 11 12 101 102 103 105 80 81 82 3 143 73 74 76 90 5 6 83 128 26 27 28 121 122 123 125 33 34 35 129 116 14 15 109 21 59 60 61 138 70 41 98 
21 33 41 48 1 5 52 59 66 2 10 70 76 3 14 80 83 4 18 87 6 7 22 90 94 8 26 98 101 9 30 105 11 12 34 108 109 13 38 113 15 16 42 116 17 45 117 19 20 49 120 23 24 53 121 25 56 125 27 28 60 128 29 63 129 31 32 67 132 35 36 71 37 73 133 39 40 77 136 43 44 81 46 47 84 137 50 51 88 54 55 91 138 57 58 95 141 61 62 99 64 65 102 142 68 69 106 72 74 75 110 143 78 79 114 82 85 86 118 89 92 93 122 144 96 97 126 100 103 104 130 107 111 112 134 115 119 123 124 139 127 131 135 140 
22 71 42 49 23 52 53 99 106 72 108 10 77 43 80 81 84 50 87 88 7 54 90 5 126 100 128 26 130 107 132 30 36 11 33 34 110 78 113 114 16 82 116 14 85 117 118 20 89 120 18 24 6 21 139 127 141 56 62 27 59 60 131 142 63 69 31 66 67 2 35 70 111 133 134 40 115 136 38 44 15 41 47 119 137 45 51 19 48 1 140 144 91 97 57 94 95 8 61 98 104 64 101 102 9 68 105 12 75 135 143 73 79 39 76 3 86 46 83 4 124 92 121 122 25 96 125 28 29 103 129 32 112 74 109 13 17 55 123 138 58 65 37 93 
23 72 43 50 52 7 54 100 107 108 36 11 78 80 16 82 85 87 20 89 22 90 24 6 127 128 62 27 131 132 69 31 71 33 2 35 111 113 40 115 42 116 44 15 117 47 119 49 120 51 19 53 21 1 140 141 97 57 99 59 8 61 142 104 64 106 66 9 68 10 70 12 133 75 135 77 136 79 39 81 41 3 84 137 86 46 88 48 4 5 144 124 92 126 94 25 96 26 98 28 130 101 29 103 30 105 32 34 110 143 112 74 114 76 13 14 118 83 17 18 139 121 55 123 56 125 58 60 63 129 65 67 134 109 37 38 45 91 138 93 95 102 73 122 
24 12 44 51 53 54 1 28 32 34 35 36 79 81 82 3 86 88 89 4 90 5 6 7 58 60 61 62 65 67 68 69 70 71 72 2 112 114 115 13 116 14 15 16 118 119 17 120 18 19 20 21 22 23 93 95 96 97 98 99 100 8 102 103 104 105 106 107 9 108 10 11 134 135 37 136 38 39 40 41 42 43 137 45 46 47 48 49 50 52 122 123 124 125 126 127 25 128 26 27 129 130 131 29 132 30 31 33 143 73 74 75 76 77 78 80 83 84 85 87 138 139 140 55 141 56 57 59 142 63 64 66 109 110 111 113 117 144 91 92 94 101 133 121 
25 39 30 55 56 57 58 48 74 76 13 78 63 31 66 67 8 91 92 93 94 95 96 97 83 4 18 87 15 109 37 111 38 113 40 115 10 64 101 102 9 68 105 106 26 27 28 121 122 123 124 125 126 127 21 17 45 117 19 20 49 120 41 3 43 73 133 75 135 77 136 79 11 33 34 29 103 129 130 32 107 132 59 60 61 62 138 139 140 141 1 5 52 46 47 84 137 50 51 88 14 80 16 82 110 143 112 114 2 35 70 71 65 131 142 69 98 99 100 144 6 7 22 90 85 86 118 89 42 116 44 134 12 72 108 104 128 23 24 53 119 81 36 54 
26 41 11 56 27 59 60 1 76 3 14 80 31 33 2 35 91 57 94 95 8 61 98 99 4 5 6 7 109 13 38 113 15 16 42 116 64 66 9 68 10 70 12 72 92 121 122 25 96 125 126 28 100 128 17 18 19 20 21 22 23 24 37 73 133 39 40 77 136 43 44 81 101 29 103 30 105 32 107 34 108 36 55 123 138 139 58 127 141 62 45 46 47 48 49 50 51 52 53 54 74 75 110 143 78 79 114 82 63 129 65 131 67 132 69 71 93 140 144 97 83 84 85 86 87 88 89 90 111 112 134 115 102 142 104 106 124 117 118 119 120 135 130 137 
27 3 33 57 59 8 61 5 13 14 15 16 66 2 10 70 92 94 25 96 26 98 28 100 18 6 21 22 37 38 39 40 41 42 43 44 101 9 30 105 11 12 34 108 121 55 123 56 125 58 127 60 128 62 45 19 48 49 1 23 52 53 73 74 75 76 77 78 79 80 81 82 29 63 129 31 32 67 132 35 36 71 91 138 93 140 95 141 97 99 46 83 84 4 50 87 88 7 54 90 109 110 111 112 113 114 115 116 64 65 102 142 68 69 106 72 122 144 124 126 17 85 117 118 20 89 120 24 133 134 135 136 103 104 130 107 139 47 119 137 51 143 131 86 
28 82 34 58 60 61 62 90 115 116 44 15 67 35 70 71 93 95 96 97 98 99 100 8 120 24 53 21 135 136 79 39 81 41 3 43 102 68 105 106 12 72 108 10 122 123 124 125 126 127 25 128 26 27 137 51 88 48 54 1 5 52 143 112 74 114 76 13 78 14 80 16 103 129 130 32 107 132 30 36 11 33 138 139 140 55 141 56 57 59 86 118 83 89 4 18 87 6 7 22 134 109 37 111 38 113 40 42 65 131 142 63 69 31 66 2 144 91 92 94 119 17 45 117 19 20 49 23 73 133 75 77 104 64 101 9 121 46 47 84 50 110 29 85 
29 17 55 2 63 64 65 37 1 45 46 47 8 91 92 93 9 10 11 12 101 102 103 104 3 73 74 75 4 5 6 7 83 84 85 86 25 26 27 28 121 122 123 124 30 31 32 33 34 35 36 129 130 131 13 14 15 16 109 110 111 112 18 19 20 21 22 23 24 117 118 119 56 57 58 59 60 61 62 138 139 140 66 67 68 69 70 71 72 142 38 39 40 41 42 43 44 133 134 135 48 49 50 51 52 53 54 137 94 95 96 97 98 99 100 144 105 106 107 108 76 77 78 79 80 81 82 143 87 88 89 90 125 126 127 128 132 113 114 115 116 120 141 136 
30 18 56 63 31 66 67 38 45 19 48 49 91 57 94 95 10 64 101 102 9 68 105 106 73 39 76 77 5 46 83 84 4 50 87 88 26 92 121 122 25 96 125 126 11 33 34 29 103 129 130 32 107 132 14 74 109 110 13 78 113 114 6 21 22 17 85 117 118 20 89 120 27 59 60 55 123 138 139 58 127 141 2 35 70 71 65 131 142 69 15 41 42 37 111 133 134 40 115 136 1 23 52 53 47 119 137 51 8 61 98 99 93 140 144 97 12 72 108 104 3 43 80 81 75 135 143 79 7 54 90 86 28 100 128 124 36 16 82 116 112 24 62 44 
31 19 57 64 66 9 68 39 46 48 4 50 92 94 25 96 11 101 29 103 30 105 32 107 74 76 13 78 6 83 17 85 18 87 20 89 27 121 55 123 56 125 58 127 33 2 35 63 129 65 131 67 132 69 15 109 37 111 38 113 40 115 21 1 23 45 117 47 119 49 120 51 59 8 61 91 138 93 140 95 141 97 10 70 12 72 102 142 104 106 41 3 43 73 133 75 135 77 136 79 5 52 7 54 84 137 86 88 26 98 28 100 122 144 124 126 34 108 36 130 14 80 16 82 110 143 112 114 22 90 24 118 60 128 62 139 71 42 116 44 134 53 99 81 
32 51 58 65 67 68 69 79 86 88 89 4 93 95 96 97 12 102 103 104 105 106 107 9 112 114 115 13 24 118 119 17 120 18 19 20 28 122 123 124 125 126 127 25 34 35 36 129 130 131 29 132 30 31 44 134 135 37 136 38 39 40 53 54 1 137 45 46 47 48 49 50 60 61 62 138 139 140 55 141 56 57 70 71 72 2 142 63 64 66 81 82 3 143 73 74 75 76 77 78 90 5 6 7 83 84 85 87 98 99 100 8 144 91 92 94 108 10 11 101 116 14 15 16 109 110 111 113 21 22 23 117 128 26 27 121 33 41 42 43 133 52 59 80 
33 21 59 66 2 10 70 41 48 1 5 52 94 8 26 98 101 9 30 105 11 12 34 108 76 3 14 80 83 4 18 87 6 7 22 90 121 25 56 125 27 28 60 128 29 63 129 31 32 67 132 35 36 71 109 13 38 113 15 16 42 116 17 45 117 19 20 49 120 23 24 53 55 91 138 57 58 95 141 61 62 99 64 65 102 142 68 69 106 72 37 73 133 39 40 77 136 43 44 81 46 47 84 137 50 51 88 54 92 93 122 144 96 97 126 100 103 104 130 107 74 75 110 143 78 79 114 82 85 86 118 89 123 124 139 127 131 111 112 134 115 119 140 135 
34 53 60 67 35 70 71 81 88 54 90 5 95 61 98 99 102 68 105 106 12 72 108 10 114 82 116 14 118 89 120 18 24 6 21 22 122 96 125 126 28 100 128 26 103 129 130 32 107 132 30 36 11 33 134 115 136 38 44 15 41 42 119 137 45 51 19 48 49 1 23 52 123 138 139 58 127 141 56 62 27 59 65 131 142 63 69 31 66 2 135 143 73 79 39 76 77 3 43 80 86 46 83 84 4 50 87 7 93 140 144 91 97 57 94 8 104 64 101 9 112 74 109 110 13 78 113 16 17 85 117 20 124 92 121 25 29 37 111 133 40 47 55 75 
35 54 61 68 70 12 72 82 89 90 24 6 96 98 28 100 103 105 32 107 34 108 36 11 115 116 44 15 119 120 51 19 53 21 1 23 123 125 58 127 60 128 62 27 129 65 131 67 132 69 31 71 33 2 135 136 79 39 81 41 3 43 137 86 46 88 48 4 50 5 52 7 138 93 140 95 141 97 57 99 59 8 102 142 104 64 106 66 9 10 143 112 74 114 76 13 78 14 80 16 118 83 17 85 18 87 20 22 122 144 124 92 126 94 25 26 130 101 29 30 134 109 37 111 38 113 40 42 45 117 47 49 139 121 55 56 63 73 133 75 77 84 91 110 
36 7 62 69 71 72 2 16 20 22 23 24 97 99 100 8 104 106 107 9 108 10 11 12 40 42 43 44 47 49 50 51 52 53 54 1 124 126 127 25 128 26 27 28 130 131 29 132 30 31 32 33 34 35 75 77 78 79 80 81 82 3 84 85 86 87 88 89 4 90 5 6 139 140 55 141 56 57 58 59 60 61 142 63 64 65 66 67 68 70 110 111 112 113 114 115 13 116 14 15 117 118 119 17 120 18 19 21 144 91 92 93 94 95 96 98 101 102 103 105 133 134 135 37 136 38 39 41 137 45 46 48 121 122 123 125 129 143 73 74 76 83 138 109 
37 92 45 3 73 74 75 101 27 121 55 123 5 46 83 84 13 14 15 16 109 110 111 112 33 29 63 129 57 59 8 61 91 138 93 140 18 6 21 22 17 85 117 118 38 39 40 41 42 43 44 133 134 135 66 2 10 70 64 65 102 142 94 25 96 26 98 28 100 122 144 124 19 48 49 1 23 52 53 47 119 137 76 77 78 79 80 81 82 143 9 30 105 11 12 34 108 103 104 130 56 125 58 127 60 128 62 139 4 50 87 88 7 54 90 86 113 114 115 116 31 32 67 132 35 36 71 131 95 141 97 99 20 89 120 24 136 68 69 106 72 126 51 107 
38 94 19 73 39 76 77 9 121 25 56 125 46 48 4 50 14 74 109 110 13 78 113 114 29 30 31 32 59 55 91 138 57 58 95 141 6 83 17 85 18 87 20 89 15 41 42 37 111 133 134 40 115 136 2 63 64 65 66 67 68 69 8 26 98 92 93 122 144 96 97 126 21 1 23 45 117 47 119 49 120 51 3 43 80 81 75 135 143 79 10 11 12 101 102 103 104 105 106 107 27 28 60 128 123 124 139 127 5 52 7 54 84 137 86 88 16 82 116 112 33 34 35 36 129 130 131 132 61 62 99 140 22 90 24 118 44 70 71 72 142 100 53 108 
39 25 48 74 76 13 78 30 55 56 57 58 83 4 18 87 15 109 37 111 38 113 40 115 63 31 66 67 8 91 92 93 94 95 96 97 21 17 45 117 19 20 49 120 41 3 43 73 133 75 135 77 136 79 10 64 101 102 9 68 105 106 26 27 28 121 122 123 124 125 126 127 1 5 52 46 47 84 137 50 51 88 14 80 16 82 110 143 112 114 11 33 34 29 103 129 130 32 107 132 59 60 61 62 138 139 140 141 6 7 22 90 85 86 118 89 42 116 44 134 2 35 70 71 65 131 142 69 98 99 100 144 23 24 53 119 81 12 72 108 104 128 54 36 
40 127 49 75 77 78 79 132 140 141 97 57 84 50 87 88 16 110 111 112 113 114 115 13 142 69 106 66 100 144 124 92 126 94 25 96 22 85 117 118 20 89 120 18 42 43 44 133 134 135 37 136 38 39 108 104 130 101 107 9 30 105 128 62 27 139 121 55 123 56 125 58 23 52 53 47 119 137 45 51 19 48 80 81 82 3 143 73 74 76 36 71 33 131 29 63 129 31 32 67 99 59 8 61 91 138 93 95 7 54 90 5 86 46 83 4 116 14 15 109 72 2 10 70 64 65 102 68 26 98 28 122 24 6 21 17 41 11 12 34 103 60 1 35 
41 26 1 76 3 14 80 11 56 27 59 60 4 5 6 7 109 13 38 113 15 16 42 116 31 33 2 35 91 57 94 95 8 61 98 99 17 18 19 20 21 22 23 24 37 73 133 39 40 77 136 43 44 81 64 66 9 68 10 70 12 72 92 121 122 25 96 125 126 28 100 128 45 46 47 48 49 50 51 52 53 54 74 75 110 143 78 79 114 82 101 29 103 30 105 32 107 34 108 36 55 123 138 139 58 127 141 62 83 84 85 86 87 88 89 90 111 112 134 115 63 129 65 131 67 132 69 71 93 140 144 97 117 118 119 120 135 102 142 104 106 124 137 130 
42 128 23 77 43 80 81 36 141 62 99 59 50 52 7 54 110 78 113 114 16 82 116 14 69 71 72 2 144 97 126 94 100 8 26 98 85 87 20 89 22 90 24 6 111 133 134 40 115 136 38 44 15 41 104 106 107 9 108 10 11 12 124 139 121 127 25 56 125 27 28 60 117 47 119 49 120 51 19 53 21 1 75 135 143 73 79 39 76 3 130 131 29 132 30 31 32 33 34 35 140 55 91 138 57 58 95 61 84 137 86 46 88 48 4 5 112 74 109 13 142 63 64 65 66 67 68 70 92 93 122 96 118 83 17 18 37 101 102 103 105 123 45 129 
43 62 52 78 80 16 82 71 97 99 100 8 87 7 22 90 111 113 40 115 42 116 44 15 106 72 108 10 124 126 127 25 128 26 27 28 117 20 49 120 23 24 53 21 133 75 135 77 136 79 39 81 41 3 130 107 132 30 36 11 33 34 139 140 55 141 56 57 58 59 60 61 47 84 137 50 51 88 48 54 1 5 110 143 112 74 114 76 13 14 131 142 63 69 31 66 67 2 35 70 144 91 92 93 94 95 96 98 85 86 118 83 89 4 18 6 134 109 37 38 104 64 101 102 9 68 105 12 121 122 123 125 119 17 45 19 73 29 103 129 32 138 46 65 
44 61 53 79 81 82 3 70 96 98 28 100 88 54 90 5 112 114 115 13 116 14 15 16 105 12 34 108 123 125 58 127 60 128 62 27 118 89 120 18 24 6 21 22 134 135 37 136 38 39 40 41 42 43 129 32 67 132 35 36 71 33 138 93 140 95 141 97 57 99 59 8 119 137 45 51 19 48 49 1 23 52 143 73 74 75 76 77 78 80 65 102 142 68 69 106 66 72 2 10 122 144 124 92 126 94 25 26 86 46 83 84 4 50 87 7 109 110 111 113 103 104 130 101 107 9 30 11 139 121 55 56 17 85 117 20 133 131 29 63 31 91 47 64 
45 63 73 5 46 83 84 91 10 64 101 102 14 74 109 110 18 6 21 22 17 85 117 118 26 92 121 122 30 11 33 34 29 103 129 130 38 15 41 42 37 111 133 134 19 48 49 1 23 52 53 47 119 137 56 27 59 60 55 123 138 139 31 66 67 2 35 70 71 65 131 142 39 76 77 3 43 80 81 75 135 143 4 50 87 88 7 54 90 86 57 94 95 8 61 98 99 93 140 144 9 68 105 106 12 72 108 104 13 78 113 114 16 82 116 112 20 89 120 24 25 96 125 126 28 100 128 124 32 107 132 36 40 115 136 44 51 58 127 141 62 69 79 97 
46 64 74 6 83 17 85 92 11 101 29 103 15 109 37 111 19 21 1 23 45 117 47 119 27 121 55 123 31 33 2 35 63 129 65 131 39 41 3 43 73 133 75 135 48 4 50 5 52 7 54 84 137 86 57 59 8 61 91 138 93 140 66 9 68 10 70 12 72 102 142 104 76 13 78 14 80 16 82 110 143 112 18 87 20 89 22 90 24 118 94 25 96 26 98 28 100 122 144 124 30 105 32 107 34 108 36 130 38 113 40 115 42 116 44 134 49 120 51 53 56 125 58 127 60 128 62 139 67 132 69 71 77 136 79 81 88 95 141 97 99 106 114 126 
47 104 75 7 84 85 86 124 36 130 131 29 16 110 111 112 20 22 23 24 117 118 119 17 62 139 140 55 69 71 72 2 142 63 64 65 40 42 43 44 133 134 135 37 49 50 51 52 53 54 1 137 45 46 97 99 100 8 144 91 92 93 106 107 9 108 10 11 12 101 102 103 77 78 79 80 81 82 3 143 73 74 87 88 89 4 90 5 6 83 126 127 25 128 26 27 28 121 122 123 132 30 31 32 33 34 35 129 113 114 115 13 116 14 15 109 120 18 19 21 141 56 57 58 59 60 61 138 66 67 68 70 136 38 39 41 48 94 95 96 98 105 76 125 
48 66 76 83 4 18 87 94 101 9 30 105 109 13 38 113 21 17 45 117 19 20 49 120 121 25 56 125 33 29 63 129 31 32 67 132 41 37 73 133 39 40 77 136 1 5 52 46 47 84 137 50 51 88 59 55 91 138 57 58 95 141 2 10 70 64 65 102 142 68 69 106 3 14 80 74 75 110 143 78 79 114 6 7 22 90 85 86 118 89 8 26 98 92 93 122 144 96 97 126 11 12 34 108 103 104 130 107 15 16 42 116 111 112 134 115 23 24 53 119 27 28 60 128 123 124 139 127 35 36 71 131 43 44 81 135 54 61 62 99 140 72 82 100 
49 106 77 84 50 87 88 126 130 107 132 30 110 78 113 114 22 85 117 118 20 89 120 18 139 127 141 56 71 131 142 63 69 31 66 67 42 111 133 134 40 115 136 38 23 52 53 47 119 137 45 51 19 48 99 140 144 91 97 57 94 95 72 108 10 104 64 101 102 9 68 105 43 80 81 75 135 143 73 79 39 76 7 54 90 5 86 46 83 4 100 128 26 124 92 121 122 25 96 125 36 11 33 34 29 103 129 32 16 82 116 14 112 74 109 13 24 6 21 17 62 27 59 60 55 123 138 58 2 35 70 65 44 15 41 37 1 8 61 98 93 12 3 28 
50 107 78 85 87 20 89 127 131 132 69 31 111 113 40 115 23 117 47 119 49 120 51 19 140 141 97 57 72 142 104 64 106 66 9 68 43 133 75 135 77 136 79 39 52 7 54 84 137 86 46 88 48 4 100 144 124 92 126 94 25 96 108 36 11 130 101 29 103 30 105 32 80 16 82 110 143 112 74 114 76 13 22 90 24 6 118 83 17 18 128 62 27 139 121 55 123 56 125 58 71 33 2 35 63 129 65 67 42 116 44 15 134 109 37 38 53 21 1 45 99 59 8 61 91 138 93 95 10 70 12 102 81 41 3 73 5 26 98 28 122 34 14 60 
51 32 79 86 88 89 4 58 65 67 68 69 112 114 115 13 24 118 119 17 120 18 19 20 93 95 96 97 12 102 103 104 105 106 107 9 44 134 135 37 136 38 39 40 53 54 1 137 45 46 47 48 49 50 28 122 123 124 125 126 127 25 34 35 36 129 130 131 29 132 30 31 81 82 3 143 73 74 75 76 77 78 90 5 6 7 83 84 85 87 60 61 62 138 139 140 55 141 56 57 70 71 72 2 142 63 64 66 116 14 15 16 109 110 111 113 21 22 23 117 98 99 100 8 144 91 92 94 108 10 11 101 41 42 43 133 52 128 26 27 121 33 80 59 
52 108 80 87 7 22 90 128 132 36 71 33 113 16 42 116 117 20 49 120 23 24 53 21 141 62 99 59 142 69 106 66 72 2 10 70 133 40 77 136 43 44 81 41 47 84 137 50 51 88 48 54 1 5 144 97 126 94 100 8 26 98 104 130 101 107 9 30 105 11 12 34 75 110 143 78 79 114 76 82 3 14 85 86 118 83 89 4 18 6 124 139 121 127 25 56 125 27 28 60 131 29 63 129 31 32 67 35 111 112 134 109 115 13 38 15 119 17 45 19 140 55 91 138 57 58 95 61 64 65 102 68 135 37 73 39 46 92 93 122 96 103 74 123 
53 34 81 88 54 90 5 60 67 35 70 71 114 82 116 14 118 89 120 18 24 6 21 22 95 61 98 99 102 68 105 106 12 72 108 10 134 115 136 38 44 15 41 42 119 137 45 51 19 48 49 1 23 52 122 96 125 126 28 100 128 26 103 129 130 32 107 132 30 36 11 33 135 143 73 79 39 76 77 3 43 80 86 46 83 84 4 50 87 7 123 138 139 58 127 141 56 62 27 59 65 131 142 63 69 31 66 2 112 74 109 110 13 78 113 16 17 85 117 20 93 140 144 91 97 57 94 8 104 64 101 9 37 111 133 40 47 124 92 121 25 29 75 55 
54 35 82 89 90 24 6 61 68 70 12 72 115 116 44 15 119 120 51 19 53 21 1 23 96 98 28 100 103 105 32 107 34 108 36 11 135 136 79 39 81 41 3 43 137 86 46 88 48 4 50 5 52 7 123 125 58 127 60 128 62 27 129 65 131 67 132 69 31 71 33 2 143 112 74 114 76 13 78 14 80 16 118 83 17 85 18 87 20 22 138 93 140 95 141 97 57 99 59 8 102 142 104 64 106 66 9 10 134 109 37 111 38 113 40 42 45 117 47 49 122 144 124 92 126 94 25 26 130 101 29 30 73 133 75 77 84 139 121 55 56 63 110 91 
55 74 63 8 91 92 93 83 15 109 37 111 10 64 101 102 25 26 27 28 121 122 123 124 21 17 45 117 39 41 3 43 73 133 75 135 30 11 33 34 29 103 129 130 56 57 58 59 60 61 62 138 139 140 48 1 5 52 46 47 84 137 76 13 78 14 80 16 82 110 143 112 31 66 67 2 35 70 71 65 131 142 94 95 96 97 98 99 100 144 4 18 87 6 7 22 90 85 86 118 38 113 40 115 42 116 44 134 9 68 105 106 12 72 108 104 125 126 127 128 19 20 49 120 23 24 53 119 77 136 79 81 32 107 132 36 141 50 51 88 54 114 69 89 
56 76 31 91 57 94 95 4 109 13 38 113 64 66 9 68 26 92 121 122 25 96 125 126 17 18 19 20 41 37 73 133 39 40 77 136 11 101 29 103 30 105 32 107 27 59 60 55 123 138 139 58 127 141 1 45 46 47 48 49 50 51 3 14 80 74 75 110 143 78 79 114 33 2 35 63 129 65 131 67 132 69 8 61 98 99 93 140 144 97 5 6 7 83 84 85 86 87 88 89 15 16 42 116 111 112 134 115 10 70 12 72 102 142 104 106 28 100 128 124 21 22 23 24 117 118 119 120 43 44 81 135 34 108 36 130 62 52 53 54 137 82 71 90 
57 13 66 92 94 25 96 18 37 38 39 40 101 9 30 105 27 121 55 123 56 125 58 127 45 19 48 49 3 73 74 75 76 77 78 79 33 29 63 129 31 32 67 132 59 8 61 91 138 93 140 95 141 97 5 46 83 84 4 50 87 88 14 15 16 109 110 111 112 113 114 115 2 10 70 64 65 102 142 68 69 106 26 98 28 100 122 144 124 126 6 21 22 17 85 117 118 20 89 120 41 42 43 44 133 134 135 136 11 12 34 108 103 104 130 107 60 128 62 139 1 23 52 53 47 119 137 51 80 81 82 143 35 36 71 131 99 7 54 90 86 116 72 24 
58 115 67 93 95 96 97 120 135 136 79 39 102 68 105 106 28 122 123 124 125 126 127 25 137 51 88 48 82 143 112 74 114 76 13 78 34 103 129 130 32 107 132 30 60 61 62 138 139 140 55 141 56 57 90 86 118 83 89 4 18 87 116 44 15 134 109 37 111 38 113 40 35 70 71 65 131 142 63 69 31 66 98 99 100 8 144 91 92 94 24 53 21 119 17 45 117 19 20 49 81 41 3 43 73 133 75 77 12 72 108 10 104 64 101 9 128 26 27 121 54 1 5 52 46 47 84 50 14 80 16 110 36 11 33 29 59 6 7 22 85 42 2 23 
59 14 2 94 8 26 98 6 38 15 41 42 9 10 11 12 121 25 56 125 27 28 60 128 19 21 1 23 73 39 76 77 3 43 80 81 29 30 31 32 33 34 35 36 55 91 138 57 58 95 141 61 62 99 46 48 4 50 5 52 7 54 74 109 110 13 78 113 114 16 82 116 63 64 65 66 67 68 69 70 71 72 92 93 122 144 96 97 126 100 83 17 85 18 87 20 89 22 90 24 37 111 133 134 40 115 136 44 101 102 103 104 105 106 107 108 123 124 139 127 45 117 47 119 49 120 51 53 75 135 143 79 129 130 131 132 140 84 137 86 88 112 142 118 
60 116 35 95 61 98 99 24 136 44 81 41 68 70 12 72 122 96 125 126 28 100 128 26 51 53 54 1 143 79 114 76 82 3 14 80 103 105 32 107 34 108 36 11 123 138 139 58 127 141 56 62 27 59 86 88 89 4 90 5 6 7 112 134 109 115 13 38 113 15 16 42 129 65 131 67 132 69 31 71 33 2 93 140 144 91 97 57 94 8 118 119 17 120 18 19 20 21 22 23 135 37 73 133 39 40 77 43 102 142 104 64 106 66 9 10 124 92 121 25 137 45 46 47 48 49 50 52 74 75 110 78 130 101 29 30 55 83 84 85 87 111 63 117 
61 44 70 96 98 28 100 53 79 81 82 3 105 12 34 108 123 125 58 127 60 128 62 27 88 54 90 5 112 114 115 13 116 14 15 16 129 32 67 132 35 36 71 33 138 93 140 95 141 97 57 99 59 8 118 89 120 18 24 6 21 22 134 135 37 136 38 39 40 41 42 43 65 102 142 68 69 106 66 72 2 10 122 144 124 92 126 94 25 26 119 137 45 51 19 48 49 1 23 52 143 73 74 75 76 77 78 80 103 104 130 101 107 9 30 11 139 121 55 56 86 46 83 84 4 50 87 7 109 110 111 113 131 29 63 31 91 17 85 117 20 133 64 47 
62 43 71 97 99 100 8 52 78 80 16 82 106 72 108 10 124 126 127 25 128 26 27 28 87 7 22 90 111 113 40 115 42 116 44 15 130 107 132 30 36 11 33 34 139 140 55 141 56 57 58 59 60 61 117 20 49 120 23 24 53 21 133 75 135 77 136 79 39 81 41 3 131 142 63 69 31 66 67 2 35 70 144 91 92 93 94 95 96 98 47 84 137 50 51 88 48 54 1 5 110 143 112 74 114 76 13 14 104 64 101 102 9 68 105 12 121 122 123 125 85 86 118 83 89 4 18 6 134 109 37 38 29 103 129 32 138 119 17 45 19 73 65 46 
63 45 91 10 64 101 102 73 5 46 83 84 26 92 121 122 30 11 33 34 29 103 129 130 14 74 109 110 18 6 21 22 17 85 117 118 56 27 59 60 55 123 138 139 31 66 67 2 35 70 71 65 131 142 38 15 41 42 37 111 133 134 19 48 49 1 23 52 53 47 119 137 57 94 95 8 61 98 99 93 140 144 9 68 105 106 12 72 108 104 39 76 77 3 43 80 81 75 135 143 4 50 87 88 7 54 90 86 25 96 125 126 28 100 128 124 32 107 132 36 13 78 113 114 16 82 116 112 20 89 120 24 58 127 141 62 69 40 115 136 44 51 97 79 
64 46 92 11 101 29 103 74 6 83 17 85 27 121 55 123 31 33 2 35 63 129 65 131 15 109 37 111 19 21 1 23 45 117 47 119 57 59 8 61 91 138 93 140 66 9 68 10 70 12 72 102 142 104 39 41 3 43 73 133 75 135 48 4 50 5 52 7 54 84 137 86 94 25 96 26 98 28 100 122 144 124 30 105 32 107 34 108 36 130 76 13 78 14 80 16 82 110 143 112 18 87 20 89 22 90 24 118 56 125 58 127 60 128 62 139 67 132 69 71 38 113 40 115 42 116 44 134 49 120 51 53 95 141 97 99 106 77 136 79 81 88 126 114 
65 86 93 12 102 103 104 112 24 118 119 17 28 122 123 124 32 34 35 36 129 130 131 29 44 134 135 37 51 53 54 1 137 45 46 47 58 60 61 62 138 139 140 55 67 68 69 70 71 72 2 142 63 64 79 81 82 3 143 73 74 75 88 89 4 90 5 6 7 83 84 85 95 96 97 98 99 100 8 144 91 92 105 106 107 9 108 10 11 101 114 115 13 116 14 15 16 109 110 111 120 18 19 20 21 22 23 117 125 126 127 25 128 26 27 121 132 30 31 33 136 38 39 40 41 42 43 133 48 49 50 52 141 56 57 59 66 76 77 78 80 87 94 113 
66 48 94 101 9 30 105 76 83 4 18 87 121 25 56 125 33 29 63 129 31 32 67 132 109 13 38 113 21 17 45 117 19 20 49 120 59 55 91 138 57 58 95 141 2 10 70 64 65 102 142 68 69 106 41 37 73 133 39 40 77 136 1 5 52 46 47 84 137 50 51 88 8 26 98 92 93 122 144 96 97 126 11 12 34 108 103 104 130 107 3 14 80 74 75 110 143 78 79 114 6 7 22 90 85 86 118 89 27 28 60 128 123 124 139 127 35 36 71 131 15 16 42 116 111 112 134 115 23 24 53 119 61 62 99 140 72 43 44 81 135 54 100 82 
67 88 95 102 68 105 106 114 118 89 120 18 122 96 125 126 34 103 129 130 32 107 132 30 134 115 136 38 53 119 137 45 51 19 48 49 60 123 138 139 58 127 141 56 35 70 71 65 131 142 63 69 31 66 81 135 143 73 79 39 76 77 54 90 5 86 46 83 84 4 50 87 61 98 99 93 140 144 91 97 57 94 12 72 108 10 104 64 101 9 82 116 14 112 74 109 110 13 78 113 24 6 21 22 17 85 117 20 28 100 128 26 124 92 121 25 36 11 33 29 44 15 41 42 37 111 133 40 1 23 52 47 62 27 59 55 2 3 43 80 75 7 8 16 
68 89 96 103 105 32 107 115 119 120 51 19 123 125 58 127 35 129 65 131 67 132 69 31 135 136 79 39 54 137 86 46 88 48 4 50 61 138 93 140 95 141 97 57 70 12 72 102 142 104 64 106 66 9 82 143 112 74 114 76 13 78 90 24 6 118 83 17 85 18 87 20 98 28 100 122 144 124 92 126 94 25 34 108 36 11 130 101 29 30 116 44 15 134 109 37 111 38 113 40 53 21 1 23 45 117 47 49 60 128 62 27 139 121 55 56 71 33 2 63 81 41 3 43 73 133 75 77 5 52 7 84 99 59 8 91 10 14 80 16 110 22 26 42 
69 20 97 104 106 107 9 40 47 49 50 51 124 126 127 25 36 130 131 29 132 30 31 32 75 77 78 79 7 84 85 86 87 88 89 4 62 139 140 55 141 56 57 58 71 72 2 142 63 64 65 66 67 68 16 110 111 112 113 114 115 13 22 23 24 117 118 119 17 120 18 19 99 100 8 144 91 92 93 94 95 96 108 10 11 12 101 102 103 105 42 43 44 133 134 135 37 136 38 39 52 53 54 1 137 45 46 48 128 26 27 28 121 122 123 125 33 34 35 129 80 81 82 3 143 73 74 76 90 5 6 83 59 60 61 138 70 116 14 15 109 21 98 41 
70 90 98 105 12 34 108 116 120 24 53 21 125 28 60 128 129 32 67 132 35 36 71 33 136 44 81 41 137 51 88 48 54 1 5 52 138 58 95 141 61 62 99 59 65 102 142 68 69 106 66 72 2 10 143 79 114 76 82 3 14 80 86 118 83 89 4 18 87 6 7 22 93 122 144 96 97 126 94 100 8 26 103 104 130 101 107 9 30 11 112 134 109 115 13 38 113 15 16 42 119 17 45 117 19 20 49 23 123 124 139 121 127 25 56 27 131 29 63 31 135 37 73 133 39 40 77 43 46 47 84 50 140 55 91 57 64 74 75 110 78 85 92 111 
71 22 99 106 72 108 10 42 49 23 52 53 126 100 128 26 130 107 132 30 36 11 33 34 77 43 80 81 84 50 87 88 7 54 90 5 139 127 141 56 62 27 59 60 131 142 63 69 31 66 67 2 35 70 110 78 113 114 16 82 116 14 85 117 118 20 89 120 18 24 6 21 140 144 91 97 57 94 95 8 61 98 104 64 101 102 9 68 105 12 111 133 134 40 115 136 38 44 15 41 47 119 137 45 51 19 48 1 124 92 121 122 25 96 125 28 29 103 129 32 75 135 143 73 79 39 76 3 86 46 83 4 55 123 138 58 65 112 74 109 13 17 93 37 
72 23 100 107 108 36 11 43 50 52 7 54 127 128 62 27 131 132 69 31 71 33 2 35 78 80 16 82 85 87 20 89 22 90 24 6 140 141 97 57 99 59 8 61 142 104 64 106 66 9 68 10 70 12 111 113 40 115 42 116 44 15 117 47 119 49 120 51 19 53 21 1 144 124 92 126 94 25 96 26 98 28 130 101 29 103 30 105 32 34 133 75 135 77 136 79 39 81 41 3 84 137 86 46 88 48 4 5 139 121 55 123 56 125 58 60 63 129 65 67 110 143 112 74 114 76 13 14 118 83 17 18 91 138 93 95 102 134 109 37 38 45 122 73 
73 121 46 14 74 109 110 29 59 55 91 138 6 83 17 85 38 15 41 42 37 111 133 134 2 63 64 65 94 8 26 98 92 93 122 144 19 21 1 23 45 117 47 119 39 76 77 3 43 80 81 75 135 143 9 10 11 12 101 102 103 104 25 56 125 27 28 60 128 123 124 139 48 4 50 5 52 7 54 84 137 86 13 78 113 114 16 82 116 112 30 31 32 33 34 35 36 129 130 131 57 58 95 141 61 62 99 140 18 87 20 89 22 90 24 118 40 115 136 44 66 67 68 69 70 71 72 142 96 97 126 100 49 120 51 53 79 105 106 107 108 127 88 132 
74 55 83 15 109 37 111 63 8 91 92 93 21 17 45 117 39 41 3 43 73 133 75 135 10 64 101 102 25 26 27 28 121 122 123 124 48 1 5 52 46 47 84 137 76 13 78 14 80 16 82 110 143 112 30 11 33 34 29 103 129 130 56 57 58 59 60 61 62 138 139 140 4 18 87 6 7 22 90 85 86 118 38 113 40 115 42 116 44 134 31 66 67 2 35 70 71 65 131 142 94 95 96 97 98 99 100 144 19 20 49 120 23 24 53 119 77 136 79 81 9 68 105 106 12 72 108 104 125 126 127 128 50 51 88 54 114 32 107 132 36 141 89 69 
75 140 84 16 110 111 112 142 100 144 124 92 22 85 117 118 40 42 43 44 133 134 135 37 108 104 130 101 127 128 62 27 139 121 55 123 49 23 52 53 47 119 137 45 77 78 79 80 81 82 3 143 73 74 132 36 71 33 131 29 63 129 141 97 57 99 59 8 61 91 138 93 50 87 88 7 54 90 5 86 46 83 113 114 115 13 116 14 15 109 69 106 66 72 2 10 70 64 65 102 126 94 25 96 26 98 28 122 20 89 120 18 24 6 21 17 136 38 39 41 107 9 30 105 11 12 34 103 56 125 58 60 51 19 48 1 76 31 32 67 35 95 4 68 
76 56 4 109 13 38 113 31 91 57 94 95 17 18 19 20 41 37 73 133 39 40 77 136 64 66 9 68 26 92 121 122 25 96 125 126 1 45 46 47 48 49 50 51 3 14 80 74 75 110 143 78 79 114 11 101 29 103 30 105 32 107 27 59 60 55 123 138 139 58 127 141 5 6 7 83 84 85 86 87 88 89 15 16 42 116 111 112 134 115 33 2 35 63 129 65 131 67 132 69 8 61 98 99 93 140 144 97 21 22 23 24 117 118 119 120 43 44 81 135 10 70 12 72 102 142 104 106 28 100 128 124 52 53 54 137 82 34 108 36 130 62 90 71 
77 141 50 110 78 113 114 69 144 97 126 94 85 87 20 89 42 111 133 134 40 115 136 38 104 106 107 9 128 124 139 121 127 25 56 125 23 117 47 119 49 120 51 19 43 80 81 75 135 143 73 79 39 76 36 130 131 29 132 30 31 32 62 99 59 140 55 91 138 57 58 95 52 7 54 84 137 86 46 88 48 4 16 82 116 14 112 74 109 13 71 72 2 142 63 64 65 66 67 68 100 8 26 98 92 93 122 96 22 90 24 6 118 83 17 18 44 15 41 37 108 10 11 12 101 102 103 105 27 28 60 123 53 21 1 45 3 33 34 35 129 61 5 70 
78 97 87 111 113 40 115 106 124 126 127 25 117 20 49 120 43 133 75 135 77 136 79 39 130 107 132 30 62 139 140 55 141 56 57 58 52 47 84 137 50 51 88 48 80 16 82 110 143 112 74 114 76 13 71 131 142 63 69 31 66 67 99 100 8 144 91 92 93 94 95 96 7 22 90 85 86 118 83 89 4 18 42 116 44 15 134 109 37 38 72 108 10 104 64 101 102 9 68 105 128 26 27 28 121 122 123 125 23 24 53 21 119 17 45 19 81 41 3 73 36 11 33 34 29 103 129 32 59 60 61 138 54 1 5 46 14 2 35 70 65 98 6 12 
79 96 88 112 114 115 13 105 123 125 58 127 118 89 120 18 44 134 135 37 136 38 39 40 129 32 67 132 61 138 93 140 95 141 97 57 53 119 137 45 51 19 48 49 81 82 3 143 73 74 75 76 77 78 70 65 102 142 68 69 106 66 98 28 100 122 144 124 92 126 94 25 54 90 5 86 46 83 84 4 50 87 116 14 15 16 109 110 111 113 12 34 108 103 104 130 101 107 9 30 60 128 62 27 139 121 55 56 24 6 21 22 17 85 117 20 41 42 43 133 35 36 71 33 131 29 63 31 99 59 8 91 1 23 52 47 80 72 2 10 64 26 7 11 
80 99 7 113 16 42 116 72 126 100 128 26 20 22 23 24 133 40 77 136 43 44 81 41 107 108 36 11 139 127 141 56 62 27 59 60 47 49 50 51 52 53 54 1 75 110 143 78 79 114 76 82 3 14 131 132 69 31 71 33 2 35 140 144 91 97 57 94 95 8 61 98 84 85 86 87 88 89 4 90 5 6 111 112 134 109 115 13 38 15 142 104 64 106 66 9 68 10 70 12 124 92 121 122 25 96 125 28 117 118 119 17 120 18 19 21 135 37 73 39 130 101 29 103 30 105 32 34 55 123 138 58 137 45 46 48 74 63 129 65 67 93 83 102 
81 98 54 114 82 116 14 12 125 28 60 128 89 90 24 6 134 115 136 38 44 15 41 42 32 34 35 36 138 58 95 141 61 62 99 59 119 120 51 19 53 21 1 23 135 143 73 79 39 76 77 3 43 80 65 67 68 69 70 71 72 2 93 122 144 96 97 126 94 100 8 26 137 86 46 88 48 4 50 5 52 7 112 74 109 110 13 78 113 16 102 103 104 105 106 107 9 108 10 11 123 124 139 121 127 25 56 27 118 83 17 85 18 87 20 22 37 111 133 40 129 130 131 29 132 30 31 33 140 55 91 57 45 117 47 49 75 142 63 64 66 92 84 101 
82 28 90 115 116 44 15 34 58 60 61 62 120 24 53 21 135 136 79 39 81 41 3 43 67 35 70 71 93 95 96 97 98 99 100 8 137 51 88 48 54 1 5 52 143 112 74 114 76 13 78 14 80 16 102 68 105 106 12 72 108 10 122 123 124 125 126 127 25 128 26 27 86 118 83 89 4 18 87 6 7 22 134 109 37 111 38 113 40 42 103 129 130 32 107 132 30 36 11 33 138 139 140 55 141 56 57 59 119 17 45 117 19 20 49 23 73 133 75 77 65 131 142 63 69 31 66 2 144 91 92 94 46 47 84 50 110 104 64 101 9 121 85 29 
83 101 109 21 17 45 117 121 33 29 63 129 41 37 73 133 48 1 5 52 46 47 84 137 59 55 91 138 66 2 10 70 64 65 102 142 76 3 14 80 74 75 110 143 4 18 87 6 7 22 90 85 86 118 94 8 26 98 92 93 122 144 9 30 105 11 12 34 108 103 104 130 13 38 113 15 16 42 116 111 112 134 19 20 49 120 23 24 53 119 25 56 125 27 28 60 128 123 124 139 31 32 67 132 35 36 71 131 39 40 77 136 43 44 81 135 50 51 88 54 57 58 95 141 61 62 99 140 68 69 106 72 78 79 114 82 89 96 97 126 100 107 115 127 
84 130 110 22 85 117 118 139 71 131 142 63 42 111 133 134 49 23 52 53 47 119 137 45 99 140 144 91 106 72 108 10 104 64 101 102 77 43 80 81 75 135 143 73 50 87 88 7 54 90 5 86 46 83 126 100 128 26 124 92 121 122 107 132 30 36 11 33 34 29 103 129 78 113 114 16 82 116 14 112 74 109 20 89 120 18 24 6 21 17 127 141 56 62 27 59 60 55 123 138 69 31 66 67 2 35 70 65 40 115 136 38 44 15 41 37 51 19 48 1 97 57 94 95 8 61 98 93 9 68 105 12 79 39 76 3 4 25 96 125 28 32 13 58 
85 131 111 23 117 47 119 140 72 142 104 64 43 133 75 135 50 52 7 54 84 137 86 46 100 144 124 92 107 108 36 11 130 101 29 103 78 80 16 82 110 143 112 74 87 20 89 22 90 24 6 118 83 17 127 128 62 27 139 121 55 123 132 69 31 71 33 2 35 63 129 65 113 40 115 42 116 44 15 134 109 37 49 120 51 19 53 21 1 45 141 97 57 99 59 8 61 91 138 93 106 66 9 68 10 70 12 102 77 136 79 39 81 41 3 73 88 48 4 5 126 94 25 96 26 98 28 122 30 105 32 34 114 76 13 14 18 56 125 58 60 67 38 95 
86 65 112 24 118 119 17 93 12 102 103 104 44 134 135 37 51 53 54 1 137 45 46 47 28 122 123 124 32 34 35 36 129 130 131 29 79 81 82 3 143 73 74 75 88 89 4 90 5 6 7 83 84 85 58 60 61 62 138 139 140 55 67 68 69 70 71 72 2 142 63 64 114 115 13 116 14 15 16 109 110 111 120 18 19 20 21 22 23 117 95 96 97 98 99 100 8 144 91 92 105 106 107 9 108 10 11 101 136 38 39 40 41 42 43 133 48 49 50 52 125 126 127 25 128 26 27 121 132 30 31 33 76 77 78 80 87 141 56 57 59 66 113 94 
87 132 113 117 20 49 120 141 142 69 106 66 133 40 77 136 52 47 84 137 50 51 88 48 144 97 126 94 108 104 130 101 107 9 30 105 80 75 110 143 78 79 114 76 7 22 90 85 86 118 83 89 4 18 128 124 139 121 127 25 56 125 36 71 33 131 29 63 129 31 32 67 16 42 116 111 112 134 109 115 13 38 23 24 53 21 119 17 45 19 62 99 59 140 55 91 138 57 58 95 72 2 10 70 64 65 102 68 43 44 81 41 135 37 73 39 54 1 5 46 100 8 26 98 92 93 122 96 11 12 34 103 82 3 14 74 6 27 28 60 123 35 15 61 
88 67 114 118 89 120 18 95 102 68 105 106 134 115 136 38 53 119 137 45 51 19 48 49 122 96 125 126 34 103 129 130 32 107 132 30 81 135 143 73 79 39 76 77 54 90 5 86 46 83 84 4 50 87 60 123 138 139 58 127 141 56 35 70 71 65 131 142 63 69 31 66 82 116 14 112 74 109 110 13 78 113 24 6 21 22 17 85 117 20 61 98 99 93 140 144 91 97 57 94 12 72 108 10 104 64 101 9 44 15 41 42 37 111 133 40 1 23 52 47 28 100 128 26 124 92 121 25 36 11 33 29 3 43 80 75 7 62 27 59 55 2 16 8 
89 68 115 119 120 51 19 96 103 105 32 107 135 136 79 39 54 137 86 46 88 48 4 50 123 125 58 127 35 129 65 131 67 132 69 31 82 143 112 74 114 76 13 78 90 24 6 118 83 17 85 18 87 20 61 138 93 140 95 141 97 57 70 12 72 102 142 104 64 106 66 9 116 44 15 134 109 37 111 38 113 40 53 21 1 23 45 117 47 49 98 28 100 122 144 124 92 126 94 25 34 108 36 11 130 101 29 30 81 41 3 43 73 133 75 77 5 52 7 84 60 128 62 27 139 121 55 56 71 33 2 63 14 80 16 110 22 99 59 8 91 10 42 26 
90 70 116 120 24 53 21 98 105 12 34 108 136 44 81 41 137 51 88 48 54 1 5 52 125 28 60 128 129 32 67 132 35 36 71 33 143 79 114 76 82 3 14 80 86 118 83 89 4 18 87 6 7 22 138 58 95 141 61 62 99 59 65 102 142 68 69 106 66 72 2 10 112 134 109 115 13 38 113 15 16 42 119 17 45 117 19 20 49 23 93 122 144 96 97 126 94 100 8 26 103 104 130 101 107 9 30 11 135 37 73 133 39 40 77 43 46 47 84 50 123 124 139 121 127 25 56 27 131 29 63 31 74 75 110 78 85 140 55 91 57 64 111 92 
91 109 64 26 92 121 122 17 41 37 73 133 11 101 29 103 56 27 59 60 55 123 138 139 1 45 46 47 76 3 14 80 74 75 110 143 31 33 2 35 63 129 65 131 57 94 95 8 61 98 99 93 140 144 4 5 6 7 83 84 85 86 13 38 113 15 16 42 116 111 112 134 66 9 68 10 70 12 72 102 142 104 25 96 125 126 28 100 128 124 18 19 20 21 22 23 24 117 118 119 39 40 77 136 43 44 81 135 30 105 32 107 34 108 36 130 58 127 141 62 48 49 50 51 52 53 54 137 78 79 114 82 67 132 69 71 97 87 88 89 90 115 106 120 
92 37 101 27 121 55 123 45 3 73 74 75 33 29 63 129 57 59 8 61 91 138 93 140 5 46 83 84 13 14 15 16 109 110 111 112 66 2 10 70 64 65 102 142 94 25 96 26 98 28 100 122 144 124 18 6 21 22 17 85 117 118 38 39 40 41 42 43 44 133 134 135 9 30 105 11 12 34 108 103 104 130 56 125 58 127 60 128 62 139 19 48 49 1 23 52 53 47 119 137 76 77 78 79 80 81 82 143 31 32 67 132 35 36 71 131 95 141 97 99 4 50 87 88 7 54 90 86 113 114 115 116 68 69 106 72 126 20 89 120 24 136 107 51 
93 135 102 28 122 123 124 137 82 143 112 74 34 103 129 130 58 60 61 62 138 139 140 55 90 86 118 83 115 116 44 15 134 109 37 111 67 35 70 71 65 131 142 63 95 96 97 98 99 100 8 144 91 92 120 24 53 21 119 17 45 117 136 79 39 81 41 3 43 73 133 75 68 105 106 12 72 108 10 104 64 101 125 126 127 25 128 26 27 121 51 88 48 54 1 5 52 46 47 84 114 76 13 78 14 80 16 110 32 107 132 30 36 11 33 29 141 56 57 59 89 4 18 87 6 7 22 85 38 113 40 42 69 31 66 2 94 19 20 49 23 77 9 50 
94 38 9 121 25 56 125 19 73 39 76 77 29 30 31 32 59 55 91 138 57 58 95 141 46 48 4 50 14 74 109 110 13 78 113 114 2 63 64 65 66 67 68 69 8 26 98 92 93 122 144 96 97 126 6 83 17 85 18 87 20 89 15 41 42 37 111 133 134 40 115 136 10 11 12 101 102 103 104 105 106 107 27 28 60 128 123 124 139 127 21 1 23 45 117 47 119 49 120 51 3 43 80 81 75 135 143 79 33 34 35 36 129 130 131 132 61 62 99 140 5 52 7 54 84 137 86 88 16 82 116 112 70 71 72 142 100 22 90 24 118 44 108 53 
95 136 68 122 96 125 126 51 143 79 114 76 103 105 32 107 60 123 138 139 58 127 141 56 86 88 89 4 116 112 134 109 115 13 38 113 35 129 65 131 67 132 69 31 61 98 99 93 140 144 91 97 57 94 24 118 119 17 120 18 19 20 44 81 41 135 37 73 133 39 40 77 70 12 72 102 142 104 64 106 66 9 28 100 128 26 124 92 121 25 53 54 1 137 45 46 47 48 49 50 82 3 14 80 74 75 110 78 34 108 36 11 130 101 29 30 62 27 59 55 90 5 6 7 83 84 85 87 15 16 42 111 71 33 2 63 8 21 22 23 117 43 10 52 
96 79 105 123 125 58 127 88 112 114 115 13 129 32 67 132 61 138 93 140 95 141 97 57 118 89 120 18 44 134 135 37 136 38 39 40 70 65 102 142 68 69 106 66 98 28 100 122 144 124 92 126 94 25 53 119 137 45 51 19 48 49 81 82 3 143 73 74 75 76 77 78 12 34 108 103 104 130 101 107 9 30 60 128 62 27 139 121 55 56 54 90 5 86 46 83 84 4 50 87 116 14 15 16 109 110 111 113 35 36 71 33 131 29 63 31 99 59 8 91 24 6 21 22 17 85 117 20 41 42 43 133 72 2 10 64 26 1 23 52 47 80 11 7 
97 78 106 124 126 127 25 87 111 113 40 115 130 107 132 30 62 139 140 55 141 56 57 58 117 20 49 120 43 133 75 135 77 136 79 39 71 131 142 63 69 31 66 67 99 100 8 144 91 92 93 94 95 96 52 47 84 137 50 51 88 48 80 16 82 110 143 112 74 114 76 13 72 108 10 104 64 101 102 9 68 105 128 26 27 28 121 122 123 125 7 22 90 85 86 118 83 89 4 18 42 116 44 15 134 109 37 38 36 11 33 34 29 103 129 32 59 60 61 138 23 24 53 21 119 17 45 19 81 41 3 73 2 35 70 65 98 54 1 5 46 14 12 6 
98 81 12 125 28 60 128 54 114 82 116 14 32 34 35 36 138 58 95 141 61 62 99 59 89 90 24 6 134 115 136 38 44 15 41 42 65 67 68 69 70 71 72 2 93 122 144 96 97 126 94 100 8 26 119 120 51 19 53 21 1 23 135 143 73 79 39 76 77 3 43 80 102 103 104 105 106 107 9 108 10 11 123 124 139 121 127 25 56 27 137 86 46 88 48 4 50 5 52 7 112 74 109 110 13 78 113 16 129 130 131 29 132 30 31 33 140 55 91 57 118 83 17 85 18 87 20 22 37 111 133 40 142 63 64 66 92 45 117 47 49 75 101 84 
99 80 72 126 100 128 26 7 113 16 42 116 107 108 36 11 139 127 141 56 62 27 59 60 20 22 23 24 133 40 77 136 43 44 81 41 131 132 69 31 71 33 2 35 140 144 91 97 57 94 95 8 61 98 47 49 50 51 52 53 54 1 75 110 143 78 79 114 76 82 3 14 142 104 64 106 66 9 68 10 70 12 124 92 121 122 25 96 125 28 84 85 86 87 88 89 4 90 5 6 111 112 134 109 115 13 38 15 130 101 29 103 30 105 32 34 55 123 138 58 117 118 119 17 120 18 19 21 135 37 73 39 63 129 65 67 93 137 45 46 48 74 102 83 
100 16 108 127 128 62 27 22 40 42 43 44 132 36 71 33 140 141 97 57 99 59 8 61 49 23 52 53 75 77 78 79 80 81 82 3 142 69 106 66 72 2 10 70 144 124 92 126 94 25 96 26 98 28 84 50 87 88 7 54 90 5 110 111 112 113 114 115 13 116 14 15 104 130 101 107 9 30 105 11 12 34 139 121 55 123 56 125 58 60 85 117 118 20 89 120 18 24 6 21 133 134 135 37 136 38 39 41 131 29 63 129 31 32 67 35 91 138 93 95 47 119 137 45 51 19 48 1 143 73 74 76 64 65 102 68 122 86 46 83 4 109 103 17 
101 83 121 33 29 63 129 109 21 17 45 117 59 55 91 138 66 2 10 70 64 65 102 142 41 37 73 133 48 1 5 52 46 47 84 137 94 8 26 98 92 93 122 144 9 30 105 11 12 34 108 103 104 130 76 3 14 80 74 75 110 143 4 18 87 6 7 22 90 85 86 118 25 56 125 27 28 60 128 123 124 139 31 32 67 132 35 36 71 131 13 38 113 15 16 42 116 111 112 134 19 20 49 120 23 24 53 119 57 58 95 141 61 62 99 140 68 69 106 72 39 40 77 136 43 44 81 135 50 51 88 54 96 97 126 100 107 78 79 114 82 89 127 115 
102 118 122 34 103 129 130 134 53 119 137 45 60 123 138 139 67 35 70 71 65 131 142 63 81 135 143 73 88 54 90 5 86 46 83 84 95 61 98 99 93 140 144 91 68 105 106 12 72 108 10 104 64 101 114 82 116 14 112 74 109 110 89 120 18 24 6 21 22 17 85 117 96 125 126 28 100 128 26 124 92 121 32 107 132 30 36 11 33 29 115 136 38 44 15 41 42 37 111 133 51 19 48 49 1 23 52 47 58 127 141 56 62 27 59 55 69 31 66 2 79 39 76 77 3 43 80 75 4 50 87 7 97 57 94 8 9 13 78 113 16 20 25 40 
103 119 123 35 129 65 131 135 54 137 86 46 61 138 93 140 68 70 12 72 102 142 104 64 82 143 112 74 89 90 24 6 118 83 17 85 96 98 28 100 122 144 124 92 105 32 107 34 108 36 11 130 101 29 115 116 44 15 134 109 37 111 120 51 19 53 21 1 23 45 117 47 125 58 127 60 128 62 27 139 121 55 67 132 69 31 71 33 2 63 136 79 39 81 41 3 43 73 133 75 88 48 4 50 5 52 7 84 95 141 97 57 99 59 8 91 106 66 9 10 114 76 13 78 14 80 16 110 18 87 20 22 126 94 25 26 30 38 113 40 42 49 56 77 
104 47 124 36 130 131 29 75 7 84 85 86 62 139 140 55 69 71 72 2 142 63 64 65 16 110 111 112 20 22 23 24 117 118 119 17 97 99 100 8 144 91 92 93 106 107 9 108 10 11 12 101 102 103 40 42 43 44 133 134 135 37 49 50 51 52 53 54 1 137 45 46 126 127 25 128 26 27 28 121 122 123 132 30 31 32 33 34 35 129 77 78 79 80 81 82 3 143 73 74 87 88 89 4 90 5 6 83 141 56 57 58 59 60 61 138 66 67 68 70 113 114 115 13 116 14 15 109 120 18 19 21 94 95 96 98 105 136 38 39 41 48 125 76 
105 120 125 129 32 67 132 136 137 51 88 48 138 58 95 141 70 65 102 142 68 69 106 66 143 79 114 76 90 86 118 83 89 4 18 87 98 93 122 144 96 97 126 94 12 34 108 103 104 130 101 107 9 30 116 112 134 109 115 13 38 113 24 53 21 119 17 45 117 19 20 49 28 60 128 123 124 139 121 127 25 56 35 36 71 33 131 29 63 31 44 81 41 135 37 73 133 39 40 77 54 1 5 52 46 47 84 50 61 62 99 59 140 55 91 57 72 2 10 64 82 3 14 80 74 75 110 78 6 7 22 85 100 8 26 92 11 15 16 42 111 23 27 43 
106 49 126 130 107 132 30 77 84 50 87 88 139 127 141 56 71 131 142 63 69 31 66 67 110 78 113 114 22 85 117 118 20 89 120 18 99 140 144 91 97 57 94 95 72 108 10 104 64 101 102 9 68 105 42 111 133 134 40 115 136 38 23 52 53 47 119 137 45 51 19 48 100 128 26 124 92 121 122 25 96 125 36 11 33 34 29 103 129 32 43 80 81 75 135 143 73 79 39 76 7 54 90 5 86 46 83 4 62 27 59 60 55 123 138 58 2 35 70 65 16 82 116 14 112 74 109 13 24 6 21 17 8 61 98 93 12 44 15 41 37 1 28 3 
107 50 127 131 132 69 31 78 85 87 20 89 140 141 97 57 72 142 104 64 106 66 9 68 111 113 40 115 23 117 47 119 49 120 51 19 100 144 124 92 126 94 25 96 108 36 11 130 101 29 103 30 105 32 43 133 75 135 77 136 79 39 52 7 54 84 137 86 46 88 48 4 128 62 27 139 121 55 123 56 125 58 71 33 2 35 63 129 65 67 80 16 82 110 143 112 74 114 76 13 22 90 24 6 118 83 17 18 99 59 8 61 91 138 93 95 10 70 12 102 42 116 44 15 134 109 37 38 53 21 1 45 26 98 28 122 34 81 41 3 73 5 60 14 
108 52 128 132 36 71 33 80 87 7 22 90 141 62 99 59 142 69 106 66 72 2 10 70 113 16 42 116 117 20 49 120 23 24 53 21 144 97 126 94 100 8 26 98 104 130 101 107 9 30 105 11 12 34 133 40 77 136 43 44 81 41 47 84 137 50 51 88 48 54 1 5 124 139 121 127 25 56 125 27 28 60 131 29 63 129 31 32 67 35 75 110 143 78 79 114 76 82 3 14 85 86 118 83 89 4 18 6 140 55 91 138 57 58 95 61 64 65 102 68 111 112 134 109 115 13 38 15 119 17 45 19 92 93 122 96 103 135 37 73 39 46 123 74 
109 91 17 41 37 73 133 64 26 92 121 122 1 45 46 47 76 3 14 80 74 75 110 143 11 101 29 103 56 27 59 60 55 123 138 139 4 5 6 7 83 84 85 86 13 38 113 15 16 42 116 111 112 134 31 33 2 35 63 129 65 131 57 94 95 8 61 98 99 93 140 144 18 19 20 21 22 23 24 117 118 119 39 40 77 136 43 44 81 135 66 9 68 10 70 12 72 102 142 104 25 96 125 126 28 100 128 124 48 49 50 51 52 53 54 137 78 79 114 82 30 105 32 107 34 108 36 130 58 127 141 62 87 88 89 90 115 67 132 69 71 97 120 106 
110 144 85 42 111 133 134 104 128 124 139 121 23 117 47 119 77 43 80 81 75 135 143 73 36 130 131 29 141 62 99 59 140 55 91 138 50 52 7 54 84 137 86 46 78 113 114 16 82 116 14 112 74 109 69 71 72 2 142 63 64 65 97 126 94 100 8 26 98 92 93 122 87 20 89 22 90 24 6 118 83 17 40 115 136 38 44 15 41 37 106 107 9 108 10 11 12 101 102 103 127 25 56 125 27 28 60 123 49 120 51 19 53 21 1 45 79 39 76 3 132 30 31 32 33 34 35 129 57 58 95 61 88 48 4 5 13 66 67 68 70 96 18 105 
111 124 117 43 133 75 135 130 62 139 140 55 52 47 84 137 78 80 16 82 110 143 112 74 71 131 142 63 97 99 100 8 144 91 92 93 87 7 22 90 85 86 118 83 113 40 115 42 116 44 15 134 109 37 106 72 108 10 104 64 101 102 126 127 25 128 26 27 28 121 122 123 20 49 120 23 24 53 21 119 17 45 77 136 79 39 81 41 3 73 107 132 30 36 11 33 34 29 103 129 141 56 57 58 59 60 61 138 50 51 88 48 54 1 5 46 114 76 13 14 69 31 66 67 2 35 70 65 94 95 96 98 89 4 18 6 38 9 68 105 12 125 19 32 
112 123 118 44 134 135 37 129 61 138 93 140 53 119 137 45 79 81 82 3 143 73 74 75 70 65 102 142 96 98 28 100 122 144 124 92 88 54 90 5 86 46 83 84 114 115 13 116 14 15 16 109 110 111 105 12 34 108 103 104 130 101 125 58 127 60 128 62 27 139 121 55 89 120 18 24 6 21 22 17 85 117 136 38 39 40 41 42 43 133 32 67 132 35 36 71 33 131 29 63 95 141 97 57 99 59 8 91 51 19 48 49 1 23 52 47 76 77 78 80 68 69 106 66 72 2 10 64 126 94 25 26 4 50 87 7 113 107 9 30 11 56 20 31 
113 126 20 133 40 77 136 107 139 127 141 56 47 49 50 51 80 75 110 143 78 79 114 76 131 132 69 31 99 140 144 91 97 57 94 95 7 84 85 86 87 88 89 4 16 42 116 111 112 134 109 115 13 38 72 142 104 64 106 66 9 68 100 128 26 124 92 121 122 25 96 125 22 23 24 117 118 119 17 120 18 19 43 44 81 41 135 37 73 39 108 36 11 130 101 29 103 30 105 32 62 27 59 60 55 123 138 58 52 53 54 1 137 45 46 48 82 3 14 74 71 33 2 35 63 129 65 67 8 61 98 93 90 5 6 83 15 10 70 12 102 28 21 34 
114 125 89 134 115 136 38 32 138 58 95 141 119 120 51 19 81 135 143 73 79 39 76 77 65 67 68 69 98 93 122 144 96 97 126 94 54 137 86 46 88 48 4 50 82 116 14 112 74 109 110 13 78 113 12 102 103 104 105 106 107 9 28 60 128 123 124 139 121 127 25 56 90 24 6 118 83 17 85 18 87 20 44 15 41 42 37 111 133 40 34 35 36 129 130 131 29 132 30 31 61 62 99 59 140 55 91 57 53 21 1 23 45 117 47 49 3 43 80 75 70 71 72 2 142 63 64 66 100 8 26 92 5 52 7 84 16 108 10 11 101 27 22 33 
115 58 120 135 136 79 39 67 93 95 96 97 137 51 88 48 82 143 112 74 114 76 13 78 102 68 105 106 28 122 123 124 125 126 127 25 90 86 118 83 89 4 18 87 116 44 15 134 109 37 111 38 113 40 34 103 129 130 32 107 132 30 60 61 62 138 139 140 55 141 56 57 24 53 21 119 17 45 117 19 20 49 81 41 3 43 73 133 75 77 35 70 71 65 131 142 63 69 31 66 98 99 100 8 144 91 92 94 54 1 5 52 46 47 84 50 14 80 16 110 12 72 108 10 104 64 101 9 128 26 27 121 6 7 22 85 42 36 11 33 29 59 23 2 
116 60 24 136 44 81 41 35 95 61 98 99 51 53 54 1 143 79 114 76 82 3 14 80 68 70 12 72 122 96 125 126 28 100 128 26 86 88 89 4 90 5 6 7 112 134 109 115 13 38 113 15 16 42 103 105 32 107 34 108 36 11 123 138 139 58 127 141 56 62 27 59 118 119 17 120 18 19 20 21 22 23 135 37 73 133 39 40 77 43 129 65 131 67 132 69 31 71 33 2 93 140 144 91 97 57 94 8 137 45 46 47 48 49 50 52 74 75 110 78 102 142 104 64 106 66 9 10 124 92 121 25 83 84 85 87 111 130 101 29 30 55 117 63 
117 142 133 52 47 84 137 144 108 104 130 101 80 75 110 143 87 7 22 90 85 86 118 83 128 124 139 121 132 36 71 33 131 29 63 129 113 16 42 116 111 112 134 109 20 49 120 23 24 53 21 119 17 45 141 62 99 59 140 55 91 138 69 106 66 72 2 10 70 64 65 102 40 77 136 43 44 81 41 135 37 73 50 51 88 48 54 1 5 46 97 126 94 100 8 26 98 92 93 122 107 9 30 105 11 12 34 103 78 79 114 76 82 3 14 74 89 4 18 6 127 25 56 125 27 28 60 123 31 32 67 35 115 13 38 15 19 57 58 95 61 68 39 96 
118 102 134 53 119 137 45 122 34 103 129 130 81 135 143 73 88 54 90 5 86 46 83 84 60 123 138 139 67 35 70 71 65 131 142 63 114 82 116 14 112 74 109 110 89 120 18 24 6 21 22 17 85 117 95 61 98 99 93 140 144 91 68 105 106 12 72 108 10 104 64 101 115 136 38 44 15 41 42 37 111 133 51 19 48 49 1 23 52 47 96 125 126 28 100 128 26 124 92 121 32 107 132 30 36 11 33 29 79 39 76 77 3 43 80 75 4 50 87 7 58 127 141 56 62 27 59 55 69 31 66 2 13 78 113 16 20 97 57 94 8 9 40 25 
119 103 135 54 137 86 46 123 35 129 65 131 82 143 112 74 89 90 24 6 118 83 17 85 61 138 93 140 68 70 12 72 102 142 104 64 115 116 44 15 134 109 37 111 120 51 19 53 21 1 23 45 117 47 96 98 28 100 122 144 124 92 105 32 107 34 108 36 11 130 101 29 136 79 39 81 41 3 43 73 133 75 88 48 4 50 5 52 7 84 125 58 127 60 128 62 27 139 121 55 67 132 69 31 71 33 2 63 114 76 13 78 14 80 16 110 18 87 20 22 95 141 97 57 99 59 8 91 106 66 9 10 38 113 40 42 49 126 94 25 26 30 77 56 
120 105 136 137 51 88 48 125 129 32 67 132 143 79 114 76 90 86 118 83 89 4 18 87 138 58 95 141 70 65 102 142 68 69 106 66 116 112 134 109 115 13 38 113 24 53 21 119 17 45 117 19 20 49 98 93 122 144 96 97 126 94 12 34 108 103 104 130 101 107 9 30 44 81 41 135 37 73 133 39 40 77 54 1 5 52 46 47 84 50 28 60 128 123 124 139 121 127 25 56 35 36 71 33 131 29 63 31 82 3 14 80 74 75 110 78 6 7 22 85 61 62 99 59 140 55 91 57 72 2 10 64 15 16 42 111 23 100 8 26 92 11 43 27 
121 73 29 59 55 91 138 46 14 74 109 110 2 63 64 65 94 8 26 98 92 93 122 144 6 83 17 85 38 15 41 42 37 111 133 134 9 10 11 12 101 102 103 104 25 56 125 27 28 60 128 123 124 139 19 21 1 23 45 117 47 119 39 76 77 3 43 80 81 75 135 143 30 31 32 33 34 35 36 129 130 131 57 58 95 141 61 62 99 140 48 4 50 5 52 7 54 84 137 86 13 78 113 114 16 82 116 112 66 67 68 69 70 71 72 142 96 97 126 100 18 87 20 89 22 90 24 118 40 115 136 44 105 106 107 108 127 49 120 51 53 79 132 88 
122 143 103 60 123 138 139 86 116 112 134 109 35 129 65 131 95 61 98 99 93 140 144 91 24 118 119 17 136 44 81 41 135 37 73 133 68 70 12 72 102 142 104 64 96 125 126 28 100 128 26 124 92 121 51 53 54 1 137 45 46 47 79 114 76 82 3 14 80 74 75 110 105 32 107 34 108 36 11 130 101 29 58 127 141 56 62 27 59 55 88 89 4 90 5 6 7 83 84 85 115 13 38 113 15 16 42 111 67 132 69 31 71 33 2 63 97 57 94 8 120 18 19 20 21 22 23 117 39 40 77 43 106 66 9 10 25 48 49 50 52 78 30 87 
123 112 129 61 138 93 140 118 44 134 135 37 70 65 102 142 96 98 28 100 122 144 124 92 53 119 137 45 79 81 82 3 143 73 74 75 105 12 34 108 103 104 130 101 125 58 127 60 128 62 27 139 121 55 88 54 90 5 86 46 83 84 114 115 13 116 14 15 16 109 110 111 32 67 132 35 36 71 33 131 29 63 95 141 97 57 99 59 8 91 89 120 18 24 6 21 22 17 85 117 136 38 39 40 41 42 43 133 68 69 106 66 72 2 10 64 126 94 25 26 51 19 48 49 1 23 52 47 76 77 78 80 107 9 30 11 56 4 50 87 7 113 31 20 
124 111 130 62 139 140 55 117 43 133 75 135 71 131 142 63 97 99 100 8 144 91 92 93 52 47 84 137 78 80 16 82 110 143 112 74 106 72 108 10 104 64 101 102 126 127 25 128 26 27 28 121 122 123 87 7 22 90 85 86 118 83 113 40 115 42 116 44 15 134 109 37 107 132 30 36 11 33 34 29 103 129 141 56 57 58 59 60 61 138 20 49 120 23 24 53 21 119 17 45 77 136 79 39 81 41 3 73 69 31 66 67 2 35 70 65 94 95 96 98 50 51 88 48 54 1 5 46 114 76 13 14 9 68 105 12 125 89 4 18 6 38 32 19 
125 114 32 138 58 95 141 89 134 115 136 38 65 67 68 69 98 93 122 144 96 97 126 94 119 120 51 19 81 135 143 73 79 39 76 77 12 102 103 104 105 106 107 9 28 60 128 123 124 139 121 127 25 56 54 137 86 46 88 48 4 50 82 116 14 112 74 109 110 13 78 113 34 35 36 129 130 131 29 132 30 31 61 62 99 59 140 55 91 57 90 24 6 118 83 17 85 18 87 20 44 15 41 42 37 111 133 40 70 71 72 2 142 63 64 66 100 8 26 92 53 21 1 23 45 117 47 49 3 43 80 75 108 10 11 101 27 5 52 7 84 16 33 22 
126 113 107 139 127 141 56 20 133 40 77 136 131 132 69 31 99 140 144 91 97 57 94 95 47 49 50 51 80 75 110 143 78 79 114 76 72 142 104 64 106 66 9 68 100 128 26 124 92 121 122 25 96 125 7 84 85 86 87 88 89 4 16 42 116 111 112 134 109 115 13 38 108 36 11 130 101 29 103 30 105 32 62 27 59 60 55 123 138 58 22 23 24 117 118 119 17 120 18 19 43 44 81 41 135 37 73 39 71 33 2 35 63 129 65 67 8 61 98 93 52 53 54 1 137 45 46 48 82 3 14 74 10 70 12 102 28 90 5 6 83 15 34 21 
127 40 132 140 141 97 57 49 75 77 78 79 142 69 106 66 100 144 124 92 126 94 25 96 84 50 87 88 16 110 111 112 113 114 115 13 108 104 130 101 107 9 30 105 128 62 27 139 121 55 123 56 125 58 22 85 117 118 20 89 120 18 42 43 44 133 134 135 37 136 38 39 36 71 33 131 29 63 129 31 32 67 99 59 8 61 91 138 93 95 23 52 53 47 119 137 45 51 19 48 80 81 82 3 143 73 74 76 72 2 10 70 64 65 102 68 26 98 28 122 7 54 90 5 86 46 83 4 116 14 15 109 11 12 34 103 60 24 6 21 17 41 35 1 
128 42 36 141 62 99 59 23 77 43 80 81 69 71 72 2 144 97 126 94 100 8 26 98 50 52 7 54 110 78 113 114 16 82 116 14 104 106 107 9 108 10 11 12 124 139 121 127 25 56 125 27 28 60 85 87 20 89 22 90 24 6 111 133 134 40 115 136 38 44 15 41 130 131 29 132 30 31 32 33 34 35 140 55 91 138 57 58 95 61 117 47 119 49 120 51 19 53 21 1 75 135 143 73 79 39 76 3 142 63 64 65 66 67 68 70 92 93 122 96 84 137 86 46 88 48 4 5 112 74 109 13 101 102 103 105 123 118 83 17 18 37 129 45 
129 137 138 70 65 102 142 143 90 86 118 83 98 93 122 144 105 12 34 108 103 104 130 101 116 112 134 109 120 24 53 21 119 17 45 117 125 28 60 128 123 124 139 121 32 67 132 35 36 71 33 131 29 63 136 44 81 41 135 37 73 133 51 88 48 54 1 5 52 46 47 84 58 95 141 61 62 99 59 140 55 91 68 69 106 66 72 2 10 64 79 114 76 82 3 14 80 74 75 110 89 4 18 87 6 7 22 85 96 97 126 94 100 8 26 92 107 9 30 11 115 13 38 113 15 16 42 111 19 20 49 23 127 25 56 27 31 39 40 77 43 50 57 78 
130 84 139 71 131 142 63 110 22 85 117 118 99 140 144 91 106 72 108 10 104 64 101 102 42 111 133 134 49 23 52 53 47 119 137 45 126 100 128 26 124 92 121 122 107 132 30 36 11 33 34 29 103 129 77 43 80 81 75 135 143 73 50 87 88 7 54 90 5 86 46 83 127 141 56 62 27 59 60 55 123 138 69 31 66 67 2 35 70 65 78 113 114 16 82 116 14 112 74 109 20 89 120 18 24 6 21 17 97 57 94 95 8 61 98 93 9 68 105 12 40 115 136 38 44 15 41 37 51 19 48 1 25 96 125 28 32 79 39 76 3 4 58 13 
131 85 140 72 142 104 64 111 23 117 47 119 100 144 124 92 107 108 36 11 130 101 29 103 43 133 75 135 50 52 7 54 84 137 86 46 127 128 62 27 139 121 55 123 132 69 31 71 33 2 35 63 129 65 78 80 16 82 110 143 112 74 87 20 89 22 90 24 6 118 83 17 141 97 57 99 59 8 61 91 138 93 106 66 9 68 10 70 12 102 113 40 115 42 116 44 15 134 109 37 49 120 51 19 53 21 1 45 126 94 25 96 26 98 28 122 30 105 32 34 77 136 79 39 81 41 3 73 88 48 4 5 56 125 58 60 67 114 76 13 14 18 95 38 
132 87 141 142 69 106 66 113 117 20 49 120 144 97 126 94 108 104 130 101 107 9 30 105 133 40 77 136 52 47 84 137 50 51 88 48 128 124 139 121 127 25 56 125 36 71 33 131 29 63 129 31 32 67 80 75 110 143 78 79 114 76 7 22 90 85 86 118 83 89 4 18 62 99 59 140 55 91 138 57 58 95 72 2 10 70 64 65 102 68 16 42 116 111 112 134 109 115 13 38 23 24 53 21 119 17 45 19 100 8 26 98 92 93 122 96 11 12 34 103 43 44 81 41 135 37 73 39 54 1 5 46 27 28 60 123 35 82 3 14 74 6 61 15 
133 139 47 80 75 110 143 131 99 140 144 91 7 84 85 86 113 16 42 116 111 112 134 109 72 142 104 64 126 100 128 26 124 92 121 122 20 22 23 24 117 118 119 17 40 77 136 43 44 81 41 135 37 73 107 108 36 11 130 101 29 103 127 141 56 62 27 59 60 55 123 138 49 50 51 52 53 54 1 137 45 46 78 79 114 76 82 3 14 74 132 69 31 71 33 2 35 63 129 65 97 57 94 95 8 61 98 93 87 88 89 4 90 5 6 83 115 13 38 15 106 66 9 68 10 70 12 102 25 96 125 28 120 18 19 21 39 30 105 32 34 58 48 67 
134 138 119 81 135 143 73 65 98 93 122 144 54 137 86 46 114 82 116 14 112 74 109 110 12 102 103 104 125 28 60 128 123 124 139 121 89 90 24 6 118 83 17 85 115 136 38 44 15 41 42 37 111 133 32 34 35 36 129 130 131 29 58 95 141 61 62 99 59 140 55 91 120 51 19 53 21 1 23 45 117 47 79 39 76 77 3 43 80 75 67 68 69 70 71 72 2 142 63 64 96 97 126 94 100 8 26 92 88 48 4 50 5 52 7 84 13 78 113 16 105 106 107 9 108 10 11 101 127 25 56 27 18 87 20 22 40 132 30 31 33 57 49 66 
135 93 137 82 143 112 74 102 28 122 123 124 90 86 118 83 115 116 44 15 134 109 37 111 34 103 129 130 58 60 61 62 138 139 140 55 120 24 53 21 119 17 45 117 136 79 39 81 41 3 43 73 133 75 67 35 70 71 65 131 142 63 95 96 97 98 99 100 8 144 91 92 51 88 48 54 1 5 52 46 47 84 114 76 13 78 14 80 16 110 68 105 106 12 72 108 10 104 64 101 125 126 127 25 128 26 27 121 89 4 18 87 6 7 22 85 38 113 40 42 32 107 132 30 36 11 33 29 141 56 57 59 19 20 49 23 77 69 31 66 2 94 50 9 
136 95 51 143 79 114 76 68 122 96 125 126 86 88 89 4 116 112 134 109 115 13 38 113 103 105 32 107 60 123 138 139 58 127 141 56 24 118 119 17 120 18 19 20 44 81 41 135 37 73 133 39 40 77 35 129 65 131 67 132 69 31 61 98 99 93 140 144 91 97 57 94 53 54 1 137 45 46 47 48 49 50 82 3 14 80 74 75 110 78 70 12 72 102 142 104 64 106 66 9 28 100 128 26 124 92 121 25 90 5 6 7 83 84 85 87 15 16 42 111 34 108 36 11 130 101 29 30 62 27 59 55 21 22 23 117 43 71 33 2 63 8 52 10 
137 129 143 90 86 118 83 138 70 65 102 142 116 112 134 109 120 24 53 21 119 17 45 117 98 93 122 144 105 12 34 108 103 104 130 101 136 44 81 41 135 37 73 133 51 88 48 54 1 5 52 46 47 84 125 28 60 128 123 124 139 121 32 67 132 35 36 71 33 131 29 63 79 114 76 82 3 14 80 74 75 110 89 4 18 87 6 7 22 85 58 95 141 61 62 99 59 140 55 91 68 69 106 66 72 2 10 64 115 13 38 113 15 16 42 111 19 20 49 23 96 97 126 94 100 8 26 92 107 9 30 11 39 40 77 43 50 127 25 56 27 31 78 57 
138 134 65 98 93 122 144 119 81 135 143 73 12 102 103 104 125 28 60 128 123 124 139 121 54 137 86 46 114 82 116 14 112 74 109 110 32 34 35 36 129 130 131 29 58 95 141 61 62 99 59 140 55 91 89 90 24 6 118 83 17 85 115 136 38 44 15 41 42 37 111 133 67 68 69 70 71 72 2 142 63 64 96 97 126 94 100 8 26 92 120 51 19 53 21 1 23 45 117 47 79 39 76 77 3 43 80 75 105 106 107 9 108 10 11 101 127 25 56 27 88 48 4 50 5 52 7 84 13 78 113 16 132 30 31 33 57 18 87 20 22 40 66 49 
139 133 131 99 140 144 91 47 80 75 110 143 72 142 104 64 126 100 128 26 124 92 121 122 7 84 85 86 113 16 42 116 111 112 134 109 107 108 36 11 130 101 29 103 127 141 56 62 27 59 60 55 123 138 20 22 23 24 117 118 119 17 40 77 136 43 44 81 41 135 37 73 132 69 31 71 33 2 35 63 129 65 97 57 94 95 8 61 98 93 49 50 51 52 53 54 1 137 45 46 78 79 114 76 82 3 14 74 106 66 9 68 10 70 12 102 25 96 125 28 87 88 89 4 90 5 6 83 115 13 38 15 30 105 32 34 58 120 18 19 21 39 67 48 
140 75 142 100 144 124 92 84 16 110 111 112 108 104 130 101 127 128 62 27 139 121 55 123 22 85 117 118 40 42 43 44 133 134 135 37 132 36 71 33 131 29 63 129 141 97 57 99 59 8 61 91 138 93 49 23 52 53 47 119 137 45 77 78 79 80 81 82 3 143 73 74 69 106 66 72 2 10 70 64 65 102 126 94 25 96 26 98 28 122 50 87 88 7 54 90 5 86 46 83 113 114 115 13 116 14 15 109 107 9 30 105 11 12 34 103 56 125 58 60 20 89 120 18 24 6 21 17 136 38 39 41 31 32 67 35 95 51 19 48 1 76 68 4 
141 77 69 144 97 126 94 50 110 78 113 114 104 106 107 9 128 124 139 121 127 25 56 125 85 87 20 89 42 111 133 134 40 115 136 38 36 130 131 29 132 30 31 32 62 99 59 140 55 91 138 57 58 95 23 117 47 119 49 120 51 19 43 80 81 75 135 143 73 79 39 76 71 72 2 142 63 64 65 66 67 68 100 8 26 98 92 93 122 96 52 7 54 84 137 86 46 88 48 4 16 82 116 14 112 74 109 13 108 10 11 12 101 102 103 105 27 28 60 123 22 90 24 6 118 83 17 18 44 15 41 37 33 34 35 129 61 53 21 1 45 3 70 5 
142 117 144 108 104 130 101 133 52 47 84 137 128 124 139 121 132 36 71 33 131 29 63 129 80 75 110 143 87 7 22 90 85 86 118 83 141 62 99 59 140 55 91 138 69 106 66 72 2 10 70 64 65 102 113 16 42 116 111 112 134 109 20 49 120 23 24 53 21 119 17 45 97 126 94 100 8 26 98 92 93 122 107 9 30 105 11 12 34 103 40 77 136 43 44 81 41 135 37 73 50 51 88 48 54 1 5 46 127 25 56 125 27 28 60 123 31 32 67 35 78 79 114 76 82 3 14 74 89 4 18 6 57 58 95 61 68 115 13 38 15 19 96 39 
143 122 86 116 112 134 109 103 60 123 138 139 24 118 119 17 136 44 81 41 135 37 73 133 35 129 65 131 95 61 98 99 93 140 144 91 51 53 54 1 137 45 46 47 79 114 76 82 3 14 80 74 75 110 68 70 12 72 102 142 104 64 96 125 126 28 100 128 26 124 92 121 88 89 4 90 5 6 7 83 84 85 115 13 38 113 15 16 42 111 105 32 107 34 108 36 11 130 101 29 58 127 141 56 62 27 59 55 120 18 19 20 21 22 23 117 39 40 77 43 67 132 69 31 71 33 2 63 97 57 94 8 48 49 50 52 78 106 66 9 10 25 87 30 
144 110 104 128 124 139 121 85 42 111 133 134 36 130 131 29 141 62 99 59 140 55 91 138 23 117 47 119 77 43 80 81 75 135 143 73 69 71 72 2 142 63 64 65 97 126 94 100 8 26 98 92 93 122 50 52 7 54 84 137 86 46 78 113 114 16 82 116 14 112 74 109 106 107 9 108 10 11 12 101 102 103 127 25 56 125 27 28 60 123 87 20 89 22 90 24 6 118 83 17 40 115 136 38 44 15 41 37 132 30 31 32 33 34 35 129 57 58 95 61 49 120 51 19 53 21 1 45 79 39 76 3 66 67 68 70 96 88 48 4 5 13 105 18 
