160 95
1 2 3 4 5 6 7 8 9 10 11 12 13 14 15 16 17 18 19 20 21 22 23 24 25 26 27 28 29 30 31 32 33 34 35 36 37 38 39 40 41 42 43 44 45 46 47 48 49 50 51 52 53 54 55 56 57 58 59 60 61 62 63 64 65 66 67 68 69 70 71 72 73 74 75 76 77 78 79 80 81 82 83 84 85 86 87 88 89 90 91 92 93 94 95 96 97 98 99 100 101 102 103 104 105 106 107 108 109 110 111 112 113 114 115 116 117 118 119 120 121 122 123 124 125 126 127 128 129 130 131 132 133 134 135 136 137 138 139 140 141 142 143 144 145 146 147 148 149 150 151 152 153 154 155 156 157 158 159 160 
2 1 8 9 10 11 12 3 4 5 6 7 24 25 26 27 28 29 30 31 32 33 34 13 14 15 16 17 18 19 20 21 22 23 50 51 52 53 54 55 56 57 58 59 60 61 62 63 64 35 36 37 38 39 40 41 42 43 44 45 46 47 48 49 81 82 83 84 85 86 87 88 89 90 91 92 93 94 95 96 65 66 67 68 69 70 71 72 73 74 75 76 77 78 79 80 112 113 114 115 116 117 118 119 120 121 122 123 124 125 126 97 98 99 100 101 102 103 104 105 106 107 108 109 110 111 138 139 140 141 142 143 144 145 146 147 148 127 128 129 130 131 132 133 134 135 136 137 154 155 156 157 158 149 150 151 152 153 160 159 
3 26 6 13 14 15 16 2 51 53 8 55 18 20 1 22 35 36 37 38 39 40 41 9 10 11 12 81 24 83 25 85 27 87 42 4 44 5 46 7 48 65 66 67 68 69 70 71 72 28 29 30 31 32 33 34 50 112 52 114 54 116 56 118 17 73 19 75 21 77 23 79 97 98 99 100 101 102 103 104 57 58 59 60 61 62 63 64 82 138 84 140 86 142 88 144 43 105 45 107 47 109 49 111 127 128 129 130 131 132 133 89 90 91 92 93 94 95 96 113 154 115 156 117 157 119 74 134 76 136 78 137 80 149 150 151 152 120 121 122 123 124 125 126 139 160 141 143 106 153 108 110 159 145 146 147 148 155 135 158 
4 28 13 5 17 18 19 50 2 9 57 58 14 35 36 37 1 20 21 42 43 44 45 8 24 81 82 10 11 12 29 30 89 90 3 38 39 65 66 67 68 6 7 46 47 73 74 75 76 25 26 27 51 52 112 113 31 32 33 34 59 60 120 121 15 16 69 70 97 98 99 100 22 23 77 78 105 106 107 108 53 54 55 56 83 84 138 139 61 62 63 64 91 92 145 146 40 41 101 102 127 128 129 130 48 49 109 110 134 135 136 85 86 87 88 114 115 154 155 93 94 95 96 122 123 158 71 72 131 132 149 150 151 79 80 137 153 116 117 118 119 140 141 160 124 125 126 147 103 104 152 159 111 142 143 144 156 148 133 157 
5 10 14 17 1 20 21 25 28 2 31 32 35 3 38 39 4 42 43 6 7 46 47 50 8 53 54 9 57 58 11 12 61 62 13 65 66 15 16 69 70 18 19 73 74 22 23 77 78 24 81 82 26 27 85 86 29 30 89 90 33 34 93 94 36 37 97 98 40 41 101 102 44 45 105 106 48 49 109 110 51 52 112 113 55 56 116 117 59 60 120 121 63 64 124 125 67 68 127 128 71 72 131 132 75 76 134 135 79 80 137 83 84 138 139 87 88 142 143 91 92 145 146 95 96 148 99 100 149 150 103 104 152 107 108 153 111 114 115 154 155 118 119 157 122 123 158 126 129 130 159 133 136 140 141 160 144 147 151 156 
6 11 15 18 20 1 22 26 29 31 2 33 36 38 3 40 42 4 44 5 46 7 48 51 53 8 55 57 9 59 10 61 12 63 65 13 67 14 69 16 71 17 73 19 75 21 77 23 79 81 24 83 25 85 27 87 28 89 30 91 32 93 34 95 35 97 37 99 39 101 41 103 43 105 45 107 47 109 49 111 50 112 52 114 54 116 56 118 58 120 60 122 62 124 64 126 66 127 68 129 70 131 72 133 74 134 76 136 78 137 80 82 138 84 140 86 142 88 144 90 145 92 147 94 148 96 98 149 100 151 102 152 104 106 153 108 110 113 154 115 156 117 157 119 121 158 123 125 128 159 130 132 135 139 160 141 143 146 150 155 
7 96 16 19 21 22 23 119 123 125 126 2 37 39 40 41 43 44 45 46 47 48 49 141 143 144 8 146 147 9 148 10 11 12 66 67 68 69 70 71 72 73 74 75 76 77 78 79 80 155 156 24 157 25 26 27 158 28 29 30 31 32 33 34 97 98 99 100 101 102 103 104 105 106 107 108 109 110 111 1 160 50 51 52 53 54 55 56 57 58 59 60 61 62 63 64 127 128 129 130 131 132 133 3 134 135 136 4 137 5 6 81 82 83 84 85 86 87 88 89 90 91 92 93 94 95 149 150 151 13 152 14 15 153 17 18 20 112 113 114 115 116 117 118 120 121 122 124 159 35 36 38 42 138 139 140 142 145 65 154 
8 15 11 24 25 26 27 1 36 38 3 40 29 31 2 33 50 51 52 53 54 55 56 4 5 6 7 65 13 67 14 69 16 71 57 9 59 10 61 12 63 81 82 83 84 85 86 87 88 17 18 19 20 21 22 23 35 97 37 99 39 101 41 103 28 89 30 91 32 93 34 95 112 113 114 115 116 117 118 119 42 43 44 45 46 47 48 49 66 127 68 129 70 131 72 133 58 120 60 122 62 124 64 126 138 139 140 141 142 143 144 73 74 75 76 77 78 79 80 98 149 100 151 102 152 104 90 145 92 147 94 148 96 154 155 156 157 105 106 107 108 109 110 111 128 159 130 132 121 158 123 125 160 134 135 136 137 150 146 153 
9 17 24 10 28 29 30 35 1 4 42 43 25 50 51 52 2 31 32 57 58 59 60 3 13 65 66 5 6 7 18 19 73 74 8 53 54 81 82 83 84 11 12 61 62 89 90 91 92 14 15 16 36 37 97 98 20 21 22 23 44 45 105 106 26 27 85 86 112 113 114 115 33 34 93 94 120 121 122 123 38 39 40 41 67 68 127 128 46 47 48 49 75 76 134 135 55 56 116 117 138 139 140 141 63 64 124 125 145 146 147 69 70 71 72 99 100 149 150 77 78 79 80 107 108 153 87 88 142 143 154 155 156 95 96 148 158 101 102 103 104 129 130 159 109 110 111 136 118 119 157 160 126 131 132 133 151 137 144 152 
10 5 25 28 2 31 32 14 17 1 20 21 50 8 53 54 9 57 58 11 12 61 62 35 3 38 39 4 42 43 6 7 46 47 24 81 82 26 27 85 86 29 30 89 90 33 34 93 94 13 65 66 15 16 69 70 18 19 73 74 22 23 77 78 51 52 112 113 55 56 116 117 59 60 120 121 63 64 124 125 36 37 97 98 40 41 101 102 44 45 105 106 48 49 109 110 83 84 138 139 87 88 142 143 91 92 145 146 95 96 148 67 68 127 128 71 72 131 132 75 76 134 135 79 80 137 114 115 154 155 118 119 157 122 123 158 126 99 100 149 150 103 104 152 107 108 153 111 140 141 160 144 147 129 130 159 133 136 156 151 
11 6 26 29 31 2 33 15 18 20 1 22 51 53 8 55 57 9 59 10 61 12 63 36 38 3 40 42 4 44 5 46 7 48 81 24 83 25 85 27 87 28 89 30 91 32 93 34 95 65 13 67 14 69 16 71 17 73 19 75 21 77 23 79 50 112 52 114 54 116 56 118 58 120 60 122 62 124 64 126 35 97 37 99 39 101 41 103 43 105 45 107 47 109 49 111 82 138 84 140 86 142 88 144 90 145 92 147 94 148 96 66 127 68 129 70 131 72 133 74 134 76 136 78 137 80 113 154 115 156 117 157 119 121 158 123 125 98 149 100 151 102 152 104 106 153 108 110 139 160 141 143 146 128 159 130 132 135 155 150 
12 80 27 30 32 33 34 104 108 110 111 1 52 54 55 56 58 59 60 61 62 63 64 130 132 133 3 135 136 4 137 5 6 7 82 83 84 85 86 87 88 89 90 91 92 93 94 95 96 150 151 13 152 14 15 16 153 17 18 19 20 21 22 23 112 113 114 115 116 117 118 119 120 121 122 123 124 125 126 2 159 35 36 37 38 39 40 41 42 43 44 45 46 47 48 49 138 139 140 141 142 143 144 8 145 146 147 9 148 10 11 65 66 67 68 69 70 71 72 73 74 75 76 77 78 79 154 155 156 24 157 25 26 158 28 29 31 97 98 99 100 101 102 103 105 106 107 109 160 50 51 53 57 127 128 129 131 134 81 149 
13 81 18 14 35 36 37 28 26 51 50 112 20 42 4 44 3 38 39 65 66 67 68 2 9 57 58 53 8 55 24 83 82 138 6 5 46 17 73 19 75 15 16 69 70 97 98 99 100 10 11 12 29 30 89 90 25 85 27 87 52 114 113 154 1 22 21 77 43 105 45 107 40 41 101 102 127 128 129 130 31 32 33 34 59 60 120 121 54 116 56 118 84 140 139 160 7 48 47 109 74 134 76 136 71 72 131 132 149 150 151 61 62 63 64 91 92 145 146 86 142 88 144 115 156 155 23 79 78 137 106 153 108 103 104 152 159 93 94 95 96 122 123 158 117 157 119 141 49 111 110 135 133 124 125 126 147 143 80 148 
14 53 20 35 3 38 39 10 81 26 25 85 42 6 5 46 13 65 66 15 16 69 70 28 2 31 32 51 50 112 8 55 54 116 18 17 73 1 22 21 77 36 37 97 98 40 41 101 102 9 57 58 11 12 61 62 24 83 82 138 27 87 86 142 4 44 43 105 7 48 47 109 67 68 127 128 71 72 131 132 29 30 89 90 33 34 93 94 52 114 113 154 56 118 117 157 19 75 74 134 23 79 78 137 99 100 149 150 103 104 152 59 60 120 121 63 64 124 125 84 140 139 160 88 144 143 45 107 106 153 49 111 110 129 130 159 133 91 92 145 146 95 96 148 115 156 155 119 76 136 135 80 151 122 123 158 126 141 108 147 
15 8 1 36 38 3 40 11 24 25 26 27 4 5 6 7 65 13 67 14 69 16 71 29 31 2 33 50 51 52 53 54 55 56 17 18 19 20 21 22 23 35 97 37 99 39 101 41 103 57 9 59 10 61 12 63 81 82 83 84 85 86 87 88 42 43 44 45 46 47 48 49 66 127 68 129 70 131 72 133 28 89 30 91 32 93 34 95 112 113 114 115 116 117 118 119 73 74 75 76 77 78 79 80 98 149 100 151 102 152 104 58 120 60 122 62 124 64 126 138 139 140 141 142 143 144 105 106 107 108 109 110 111 128 159 130 132 90 145 92 147 94 148 96 154 155 156 157 134 135 136 137 150 121 158 123 125 160 153 146 
16 144 22 37 39 40 41 96 156 157 119 26 44 46 7 48 66 67 68 69 70 71 72 123 125 126 2 160 141 51 143 53 8 55 73 19 75 21 77 23 79 97 98 99 100 101 102 103 104 146 147 9 148 10 11 12 155 81 24 83 25 85 27 87 43 105 45 107 47 109 49 111 127 128 129 130 131 132 133 3 158 28 29 30 31 32 33 34 50 112 52 114 54 116 56 118 74 134 76 136 78 137 80 6 149 150 151 13 152 14 15 57 58 59 60 61 62 63 64 82 138 84 140 86 142 88 106 153 108 18 110 20 1 159 35 36 38 89 90 91 92 93 94 95 113 154 115 117 135 42 4 5 65 120 121 122 124 139 17 145 
17 9 35 1 4 42 43 24 10 28 29 30 3 13 65 66 5 6 7 18 19 73 74 25 50 51 52 2 31 32 57 58 59 60 14 15 16 36 37 97 98 20 21 22 23 44 45 105 106 8 53 54 81 82 83 84 11 12 61 62 89 90 91 92 38 39 40 41 67 68 127 128 46 47 48 49 75 76 134 135 26 27 85 86 112 113 114 115 33 34 93 94 120 121 122 123 69 70 71 72 99 100 149 150 77 78 79 80 107 108 153 55 56 116 117 138 139 140 141 63 64 124 125 145 146 147 101 102 103 104 129 130 159 109 110 111 136 87 88 142 143 154 155 156 95 96 148 158 131 132 133 151 137 118 119 157 160 126 152 144 
18 57 36 20 42 4 44 81 11 29 28 89 38 65 13 67 6 5 46 17 73 19 75 26 51 50 112 31 2 33 9 59 58 120 15 14 69 35 97 37 99 1 22 21 77 43 105 45 107 53 8 55 24 83 82 138 10 61 12 63 30 91 90 145 3 40 39 101 66 127 68 129 7 48 47 109 74 134 76 136 25 85 27 87 52 114 113 154 32 93 34 95 60 122 121 158 16 71 70 131 98 149 100 151 23 79 78 137 106 153 108 54 116 56 118 84 140 139 160 62 124 64 126 92 147 146 41 103 102 152 128 159 130 49 111 110 135 86 142 88 144 115 156 155 94 148 96 123 72 133 132 150 80 117 157 119 141 125 104 143 
19 146 37 21 43 44 45 155 96 123 158 28 39 66 67 68 7 46 47 73 74 75 76 119 141 160 50 125 126 2 147 9 57 58 16 69 70 97 98 99 100 22 23 77 78 105 106 107 108 143 144 8 156 24 81 82 148 10 11 12 29 30 89 90 40 41 101 102 127 128 129 130 48 49 109 110 134 135 136 4 157 25 26 27 51 52 112 113 31 32 33 34 59 60 120 121 71 72 131 132 149 150 151 13 79 80 137 5 153 17 18 53 54 55 56 83 84 138 139 61 62 63 64 91 92 145 103 104 152 14 159 35 36 111 1 20 42 85 86 87 88 114 115 154 93 94 95 122 133 3 38 65 6 116 117 118 140 124 15 142 
20 31 38 42 6 5 46 53 57 11 10 61 65 15 14 69 18 17 73 1 22 21 77 81 26 25 85 29 28 89 2 33 32 93 36 35 97 3 40 39 101 4 44 43 105 7 48 47 109 51 50 112 8 55 54 116 9 59 58 120 12 63 62 124 13 67 66 127 16 71 70 131 19 75 74 134 23 79 78 137 24 83 82 138 27 87 86 142 30 91 90 145 34 95 94 148 37 99 98 149 41 103 102 152 45 107 106 153 49 111 110 52 114 113 154 56 118 117 157 60 122 121 158 64 126 125 68 129 128 159 72 133 132 76 136 135 80 84 140 139 160 88 144 143 92 147 146 96 100 151 150 104 108 115 156 155 119 123 130 141 
21 125 39 43 7 46 47 143 146 96 148 10 66 16 69 70 19 73 74 22 23 77 78 155 119 157 25 123 158 28 126 2 31 32 37 97 98 40 41 101 102 44 45 105 106 48 49 109 110 141 160 50 144 8 53 54 147 9 57 58 11 12 61 62 67 68 127 128 71 72 131 132 75 76 134 135 79 80 137 5 156 24 81 82 26 27 85 86 29 30 89 90 33 34 93 94 99 100 149 150 103 104 152 14 107 108 153 17 111 1 20 51 52 112 113 55 56 116 117 59 60 120 121 63 64 124 129 130 159 35 133 3 38 136 4 42 6 83 84 138 139 87 88 142 91 92 145 95 151 13 65 15 18 114 115 154 118 122 36 140 
22 126 40 44 46 7 48 144 147 148 96 11 67 69 16 71 73 19 75 21 77 23 79 156 157 119 26 158 123 29 125 31 2 33 97 37 99 39 101 41 103 43 105 45 107 47 109 49 111 160 141 51 143 53 8 55 146 57 9 59 10 61 12 63 66 127 68 129 70 131 72 133 74 134 76 136 78 137 80 6 155 81 24 83 25 85 27 87 28 89 30 91 32 93 34 95 98 149 100 151 102 152 104 15 106 153 108 18 110 20 1 50 112 52 114 54 116 56 118 58 120 60 122 62 124 64 128 159 130 36 132 38 3 135 42 4 5 82 138 84 140 86 142 88 90 145 92 94 150 65 13 14 17 113 154 115 117 121 35 139 
23 64 41 45 47 48 49 88 92 94 95 96 68 70 71 72 74 75 76 77 78 79 80 115 117 118 119 121 122 123 124 125 126 2 98 99 100 101 102 103 104 105 106 107 108 109 110 111 1 139 140 141 142 143 144 8 145 146 147 9 148 10 11 12 127 128 129 130 131 132 133 3 134 135 136 4 137 5 6 7 154 155 156 24 157 25 26 27 158 28 29 30 31 32 33 34 149 150 151 13 152 14 15 16 153 17 18 19 20 21 22 160 50 51 52 53 54 55 56 57 58 59 60 61 62 63 159 35 36 37 38 39 40 42 43 44 46 81 82 83 84 85 86 87 89 90 91 93 65 66 67 69 73 112 113 114 116 120 97 138 
24 65 29 25 50 51 52 17 15 36 35 97 31 57 9 59 8 53 54 81 82 83 84 1 4 42 43 38 3 40 13 67 66 127 11 10 61 28 89 30 91 26 27 85 86 112 113 114 115 5 6 7 18 19 73 74 14 69 16 71 37 99 98 149 2 33 32 93 58 120 60 122 55 56 116 117 138 139 140 141 20 21 22 23 44 45 105 106 39 101 41 103 68 129 128 159 12 63 62 124 90 145 92 147 87 88 142 143 154 155 156 46 47 48 49 75 76 134 135 70 131 72 133 100 151 150 34 95 94 148 121 158 123 118 119 157 160 77 78 79 80 107 108 153 102 152 104 130 64 126 125 146 144 109 110 111 136 132 96 137 
25 38 31 50 8 53 54 5 65 15 14 69 57 11 10 61 24 81 82 26 27 85 86 17 1 20 21 36 35 97 3 40 39 101 29 28 89 2 33 32 93 51 52 112 113 55 56 116 117 4 42 43 6 7 46 47 13 67 66 127 16 71 70 131 9 59 58 120 12 63 62 124 83 84 138 139 87 88 142 143 18 19 73 74 22 23 77 78 37 99 98 149 41 103 102 152 30 91 90 145 34 95 94 148 114 115 154 155 118 119 157 44 45 105 106 48 49 109 110 68 129 128 159 72 133 132 60 122 121 158 64 126 125 140 141 160 144 75 76 134 135 79 80 137 100 151 150 104 92 147 146 96 156 107 108 153 111 130 123 136 
26 3 2 51 53 8 55 6 13 14 15 16 9 10 11 12 81 24 83 25 85 27 87 18 20 1 22 35 36 37 38 39 40 41 28 29 30 31 32 33 34 50 112 52 114 54 116 56 118 42 4 44 5 46 7 48 65 66 67 68 69 70 71 72 57 58 59 60 61 62 63 64 82 138 84 140 86 142 88 144 17 73 19 75 21 77 23 79 97 98 99 100 101 102 103 104 89 90 91 92 93 94 95 96 113 154 115 156 117 157 119 43 105 45 107 47 109 49 111 127 128 129 130 131 132 133 120 121 122 123 124 125 126 139 160 141 143 74 134 76 136 78 137 80 149 150 151 152 145 146 147 148 155 106 153 108 110 159 158 135 
27 133 33 52 54 55 56 80 151 152 104 15 59 61 12 63 82 83 84 85 86 87 88 108 110 111 1 159 130 36 132 38 3 40 89 30 91 32 93 34 95 112 113 114 115 116 117 118 119 135 136 4 137 5 6 7 150 65 13 67 14 69 16 71 58 120 60 122 62 124 64 126 138 139 140 141 142 143 144 8 153 17 18 19 20 21 22 23 35 97 37 99 39 101 41 103 90 145 92 147 94 148 96 11 154 155 156 24 157 25 26 42 43 44 45 46 47 48 49 66 127 68 129 70 131 72 121 158 123 29 125 31 2 160 50 51 53 73 74 75 76 77 78 79 98 149 100 102 146 57 9 10 81 105 106 107 109 128 28 134 
28 4 50 2 9 57 58 13 5 17 18 19 8 24 81 82 10 11 12 29 30 89 90 14 35 36 37 1 20 21 42 43 44 45 25 26 27 51 52 112 113 31 32 33 34 59 60 120 121 3 38 39 65 66 67 68 6 7 46 47 73 74 75 76 53 54 55 56 83 84 138 139 61 62 63 64 91 92 145 146 15 16 69 70 97 98 99 100 22 23 77 78 105 106 107 108 85 86 87 88 114 115 154 155 93 94 95 96 122 123 158 40 41 101 102 127 128 129 130 48 49 109 110 134 135 136 116 117 118 119 140 141 160 124 125 126 147 71 72 131 132 149 150 151 79 80 137 153 142 143 144 156 148 103 104 152 159 111 157 133 
29 42 51 31 57 9 59 65 6 18 17 73 53 81 24 83 11 10 61 28 89 30 91 15 36 35 97 20 1 22 4 44 43 105 26 25 85 50 112 52 114 2 33 32 93 58 120 60 122 38 3 40 13 67 66 127 5 46 7 48 19 75 74 134 8 55 54 116 82 138 84 140 12 63 62 124 90 145 92 147 14 69 16 71 37 99 98 149 21 77 23 79 45 107 106 153 27 87 86 142 113 154 115 156 34 95 94 148 121 158 123 39 101 41 103 68 129 128 159 47 109 49 111 76 136 135 56 118 117 157 139 160 141 64 126 125 146 70 131 72 133 100 151 150 78 137 80 108 88 144 143 155 96 102 152 104 130 110 119 132 
30 135 52 32 58 59 60 150 80 108 153 17 54 82 83 84 12 61 62 89 90 91 92 104 130 159 35 110 111 1 136 4 42 43 27 85 86 112 113 114 115 33 34 93 94 120 121 122 123 132 133 3 151 13 65 66 137 5 6 7 18 19 73 74 55 56 116 117 138 139 140 141 63 64 124 125 145 146 147 9 152 14 15 16 36 37 97 98 20 21 22 23 44 45 105 106 87 88 142 143 154 155 156 24 95 96 148 10 158 28 29 38 39 40 41 67 68 127 128 46 47 48 49 75 76 134 118 119 157 25 160 50 51 126 2 31 57 69 70 71 72 99 100 149 77 78 79 107 144 8 53 81 11 101 102 103 129 109 26 131 
31 20 53 57 11 10 61 38 42 6 5 46 81 26 25 85 29 28 89 2 33 32 93 65 15 14 69 18 17 73 1 22 21 77 51 50 112 8 55 54 116 9 59 58 120 12 63 62 124 36 35 97 3 40 39 101 4 44 43 105 7 48 47 109 24 83 82 138 27 87 86 142 30 91 90 145 34 95 94 148 13 67 66 127 16 71 70 131 19 75 74 134 23 79 78 137 52 114 113 154 56 118 117 157 60 122 121 158 64 126 125 37 99 98 149 41 103 102 152 45 107 106 153 49 111 110 84 140 139 160 88 144 143 92 147 146 96 68 129 128 159 72 133 132 76 136 135 80 115 156 155 119 123 100 151 150 104 108 141 130 
32 110 54 58 12 61 62 132 135 80 137 5 82 27 85 86 30 89 90 33 34 93 94 150 104 152 14 108 153 17 111 1 20 21 52 112 113 55 56 116 117 59 60 120 121 63 64 124 125 130 159 35 133 3 38 39 136 4 42 43 6 7 46 47 83 84 138 139 87 88 142 143 91 92 145 146 95 96 148 10 151 13 65 66 15 16 69 70 18 19 73 74 22 23 77 78 114 115 154 155 118 119 157 25 122 123 158 28 126 2 31 36 37 97 98 40 41 101 102 44 45 105 106 48 49 109 140 141 160 50 144 8 53 147 9 57 11 67 68 127 128 71 72 131 75 76 134 79 156 24 81 26 29 99 100 149 103 107 51 129 
33 111 55 59 61 12 63 133 136 137 80 6 83 85 27 87 89 30 91 32 93 34 95 151 152 104 15 153 108 18 110 20 1 22 112 52 114 54 116 56 118 58 120 60 122 62 124 64 126 159 130 36 132 38 3 40 135 42 4 44 5 46 7 48 82 138 84 140 86 142 88 144 90 145 92 147 94 148 96 11 150 65 13 67 14 69 16 71 17 73 19 75 21 77 23 79 113 154 115 156 117 157 119 26 121 158 123 29 125 31 2 35 97 37 99 39 101 41 103 43 105 45 107 47 109 49 139 160 141 51 143 53 8 146 57 9 10 66 127 68 129 70 131 72 74 134 76 78 155 81 24 25 28 98 149 100 102 106 50 128 
34 49 56 60 62 63 64 72 76 78 79 80 84 86 87 88 90 91 92 93 94 95 96 100 102 103 104 106 107 108 109 110 111 1 113 114 115 116 117 118 119 120 121 122 123 124 125 126 2 128 129 130 131 132 133 3 134 135 136 4 137 5 6 7 138 139 140 141 142 143 144 8 145 146 147 9 148 10 11 12 149 150 151 13 152 14 15 16 153 17 18 19 20 21 22 23 154 155 156 24 157 25 26 27 158 28 29 30 31 32 33 159 35 36 37 38 39 40 41 42 43 44 45 46 47 48 160 50 51 52 53 54 55 57 58 59 61 65 66 67 68 69 70 71 73 74 75 77 81 82 83 85 89 97 98 99 101 105 112 127 
35 51 42 3 13 65 66 9 53 81 24 83 6 18 17 73 14 15 16 36 37 97 98 10 28 29 30 26 25 85 50 112 52 114 20 1 22 4 44 43 105 38 39 40 41 67 68 127 128 2 31 32 57 58 59 60 8 55 54 116 82 138 84 140 5 46 7 48 19 75 74 134 69 70 71 72 99 100 149 150 11 12 61 62 89 90 91 92 27 87 86 142 113 154 115 156 21 77 23 79 45 107 106 153 101 102 103 104 129 130 159 33 34 93 94 120 121 122 123 56 118 117 157 139 160 141 47 109 49 111 76 136 135 131 132 133 151 63 64 124 125 145 146 147 88 144 143 155 78 137 80 108 152 95 96 148 158 119 110 126 
36 50 4 38 65 13 67 57 8 24 81 82 5 17 18 19 15 14 69 35 97 37 99 11 29 28 89 25 26 27 51 52 112 113 1 20 21 42 43 44 45 3 40 39 101 66 127 68 129 31 2 33 9 59 58 120 53 54 55 56 83 84 138 139 6 7 46 47 73 74 75 76 16 71 70 131 98 149 100 151 10 61 12 63 30 91 90 145 85 86 87 88 114 115 154 155 22 23 77 78 105 106 107 108 41 103 102 152 128 159 130 32 93 34 95 60 122 121 158 116 117 118 119 140 141 160 48 49 109 110 134 135 136 72 133 132 150 62 124 64 126 92 147 146 142 143 144 156 79 80 137 153 104 94 148 96 123 157 111 125 
37 160 44 39 66 67 68 146 144 156 155 81 46 73 19 75 16 69 70 97 98 99 100 96 123 158 28 157 119 26 141 51 50 112 22 21 77 43 105 45 107 40 41 101 102 127 128 129 130 125 126 2 147 9 57 58 143 53 8 55 24 83 82 138 7 48 47 109 74 134 76 136 71 72 131 132 149 150 151 13 148 10 11 12 29 30 89 90 25 85 27 87 52 114 113 154 23 79 78 137 106 153 108 18 103 104 152 14 159 35 36 31 32 33 34 59 60 120 121 54 116 56 118 84 140 139 49 111 110 20 135 42 4 133 3 38 65 61 62 63 64 91 92 145 86 142 88 115 80 6 5 17 15 93 94 95 122 117 1 124 
38 25 5 65 15 14 69 31 50 8 53 54 17 1 20 21 36 35 97 3 40 39 101 57 11 10 61 24 81 82 26 27 85 86 4 42 43 6 7 46 47 13 67 66 127 16 71 70 131 29 28 89 2 33 32 93 51 52 112 113 55 56 116 117 18 19 73 74 22 23 77 78 37 99 98 149 41 103 102 152 9 59 58 120 12 63 62 124 83 84 138 139 87 88 142 143 44 45 105 106 48 49 109 110 68 129 128 159 72 133 132 30 91 90 145 34 95 94 148 114 115 154 155 118 119 157 75 76 134 135 79 80 137 100 151 150 104 60 122 121 158 64 126 125 140 141 160 144 107 108 153 111 130 92 147 146 96 156 136 123 
39 157 46 66 16 69 70 125 160 144 143 53 73 22 21 77 37 97 98 40 41 101 102 146 96 148 10 156 155 81 119 26 25 85 44 43 105 7 48 47 109 67 68 127 128 71 72 131 132 123 158 28 126 2 31 32 141 51 50 112 8 55 54 116 19 75 74 134 23 79 78 137 99 100 149 150 103 104 152 14 147 9 57 58 11 12 61 62 24 83 82 138 27 87 86 142 45 107 106 153 49 111 110 20 129 130 159 35 133 3 38 29 30 89 90 33 34 93 94 52 114 113 154 56 118 117 76 136 135 42 80 6 5 151 13 65 15 59 60 120 121 63 64 124 84 140 139 88 108 18 17 1 36 91 92 145 95 115 4 122 
40 119 7 67 69 16 71 126 141 143 144 8 19 21 22 23 97 37 99 39 101 41 103 147 148 96 11 155 156 24 157 25 26 27 43 44 45 46 47 48 49 66 127 68 129 70 131 72 133 158 123 29 125 31 2 33 160 50 51 52 53 54 55 56 73 74 75 76 77 78 79 80 98 149 100 151 102 152 104 15 146 57 9 59 10 61 12 63 81 82 83 84 85 86 87 88 105 106 107 108 109 110 111 1 128 159 130 36 132 38 3 28 89 30 91 32 93 34 95 112 113 114 115 116 117 118 134 135 136 4 137 5 6 150 65 13 14 58 120 60 122 62 124 64 138 139 140 142 153 17 18 20 35 90 145 92 94 154 42 121 
41 118 48 68 70 71 72 64 140 142 88 144 75 77 23 79 98 99 100 101 102 103 104 92 94 95 96 154 115 156 117 157 119 26 105 45 107 47 109 49 111 127 128 129 130 131 132 133 3 121 122 123 124 125 126 2 139 160 141 51 143 53 8 55 74 134 76 136 78 137 80 6 149 150 151 13 152 14 15 16 145 146 147 9 148 10 11 12 155 81 24 83 25 85 27 87 106 153 108 18 110 20 1 22 159 35 36 37 38 39 40 158 28 29 30 31 32 33 34 50 112 52 114 54 116 56 135 42 4 44 5 46 7 65 66 67 69 57 58 59 60 61 62 63 82 138 84 86 17 73 19 21 97 89 90 91 93 113 43 120 
42 29 65 6 18 17 73 51 31 57 9 59 15 36 35 97 20 1 22 4 44 43 105 53 81 24 83 11 10 61 28 89 30 91 38 3 40 13 67 66 127 5 46 7 48 19 75 74 134 26 25 85 50 112 52 114 2 33 32 93 58 120 60 122 14 69 16 71 37 99 98 149 21 77 23 79 45 107 106 153 8 55 54 116 82 138 84 140 12 63 62 124 90 145 92 147 39 101 41 103 68 129 128 159 47 109 49 111 76 136 135 27 87 86 142 113 154 115 156 34 95 94 148 121 158 123 70 131 72 133 100 151 150 78 137 80 108 56 118 117 157 139 160 141 64 126 125 146 102 152 104 130 110 88 144 143 155 96 132 119 
43 123 66 7 19 73 74 141 125 146 147 9 16 37 97 98 21 22 23 44 45 105 106 143 155 156 24 96 148 10 158 28 29 30 39 40 41 67 68 127 128 46 47 48 49 75 76 134 135 119 157 25 160 50 51 52 126 2 31 32 57 58 59 60 69 70 71 72 99 100 149 150 77 78 79 80 107 108 153 17 144 8 53 54 81 82 83 84 11 12 61 62 89 90 91 92 101 102 103 104 129 130 159 35 109 110 111 1 136 4 42 26 27 85 86 112 113 114 115 33 34 93 94 120 121 122 131 132 133 3 151 13 65 137 5 6 18 55 56 116 117 138 139 140 63 64 124 145 152 14 15 36 20 87 88 142 154 95 38 118 
44 158 67 46 73 19 75 160 126 147 146 57 69 97 37 99 22 21 77 43 105 45 107 144 156 155 81 148 96 11 123 29 28 89 40 39 101 66 127 68 129 7 48 47 109 74 134 76 136 157 119 26 141 51 50 112 125 31 2 33 9 59 58 120 16 71 70 131 98 149 100 151 23 79 78 137 106 153 108 18 143 53 8 55 24 83 82 138 10 61 12 63 30 91 90 145 41 103 102 152 128 159 130 36 49 111 110 20 135 42 4 25 85 27 87 52 114 113 154 32 93 34 95 60 122 121 72 133 132 38 150 65 13 80 6 5 17 54 116 56 118 84 140 139 62 124 64 92 104 15 14 35 1 86 142 88 115 94 3 117 
45 121 68 47 74 75 76 139 64 92 145 146 70 98 99 100 23 77 78 105 106 107 108 88 115 154 155 94 95 96 122 123 158 28 41 101 102 127 128 129 130 48 49 109 110 134 135 136 4 117 118 119 140 141 160 50 124 125 126 2 147 9 57 58 71 72 131 132 149 150 151 13 79 80 137 5 153 17 18 19 142 143 144 8 156 24 81 82 148 10 11 12 29 30 89 90 103 104 152 14 159 35 36 37 111 1 20 21 42 43 44 157 25 26 27 51 52 112 113 31 32 33 34 59 60 120 133 3 38 39 65 66 67 6 7 46 73 53 54 55 56 83 84 138 61 62 63 91 15 16 69 97 22 85 86 87 114 93 40 116 
46 148 69 73 22 21 77 157 158 126 125 31 97 40 39 101 44 43 105 7 48 47 109 160 144 143 53 147 146 57 96 11 10 61 67 66 127 16 71 70 131 19 75 74 134 23 79 78 137 156 155 81 119 26 25 85 123 29 28 89 2 33 32 93 37 99 98 149 41 103 102 152 45 107 106 153 49 111 110 20 141 51 50 112 8 55 54 116 9 59 58 120 12 63 62 124 68 129 128 159 72 133 132 38 76 136 135 42 80 6 5 24 83 82 138 27 87 86 142 30 91 90 145 34 95 94 100 151 150 65 104 15 14 108 18 17 1 52 114 113 154 56 118 117 60 122 121 64 130 36 35 3 4 84 140 139 88 92 13 115 
47 94 70 74 23 77 78 117 121 64 124 125 98 41 101 102 45 105 106 48 49 109 110 139 88 142 143 92 145 146 95 96 148 10 68 127 128 71 72 131 132 75 76 134 135 79 80 137 5 115 154 155 118 119 157 25 122 123 158 28 126 2 31 32 99 100 149 150 103 104 152 14 107 108 153 17 111 1 20 21 140 141 160 50 144 8 53 54 147 9 57 58 11 12 61 62 129 130 159 35 133 3 38 39 136 4 42 43 6 7 46 156 24 81 82 26 27 85 86 29 30 89 90 33 34 93 151 13 65 66 15 16 69 18 19 73 22 51 52 112 113 55 56 116 59 60 120 63 36 37 97 40 44 83 84 138 87 91 67 114 
48 95 71 75 77 23 79 118 122 124 64 126 99 101 41 103 105 45 107 47 109 49 111 140 142 88 144 145 92 147 94 148 96 11 127 68 129 70 131 72 133 74 134 76 136 78 137 80 6 154 115 156 117 157 119 26 121 158 123 29 125 31 2 33 98 149 100 151 102 152 104 15 106 153 108 18 110 20 1 22 139 160 141 51 143 53 8 55 146 57 9 59 10 61 12 63 128 159 130 36 132 38 3 40 135 42 4 44 5 46 7 155 81 24 83 25 85 27 87 28 89 30 91 32 93 34 150 65 13 67 14 69 16 17 73 19 21 50 112 52 114 54 116 56 58 120 60 62 35 97 37 39 43 82 138 84 86 90 66 113 
49 34 72 76 78 79 80 56 60 62 63 64 100 102 103 104 106 107 108 109 110 111 1 84 86 87 88 90 91 92 93 94 95 96 128 129 130 131 132 133 3 134 135 136 4 137 5 6 7 113 114 115 116 117 118 119 120 121 122 123 124 125 126 2 149 150 151 13 152 14 15 16 153 17 18 19 20 21 22 23 138 139 140 141 142 143 144 8 145 146 147 9 148 10 11 12 159 35 36 37 38 39 40 41 42 43 44 45 46 47 48 154 155 156 24 157 25 26 27 158 28 29 30 31 32 33 65 66 67 68 69 70 71 73 74 75 77 160 50 51 52 53 54 55 57 58 59 61 97 98 99 101 105 81 82 83 85 89 127 112 
50 36 57 8 24 81 82 4 38 65 13 67 11 29 28 89 25 26 27 51 52 112 113 5 17 18 19 15 14 69 35 97 37 99 31 2 33 9 59 58 120 53 54 55 56 83 84 138 139 1 20 21 42 43 44 45 3 40 39 101 66 127 68 129 10 61 12 63 30 91 90 145 85 86 87 88 114 115 154 155 6 7 46 47 73 74 75 76 16 71 70 131 98 149 100 151 32 93 34 95 60 122 121 158 116 117 118 119 140 141 160 22 23 77 78 105 106 107 108 41 103 102 152 128 159 130 62 124 64 126 92 147 146 142 143 144 156 48 49 109 110 134 135 136 72 133 132 150 94 148 96 123 157 79 80 137 153 104 125 111 
51 35 9 53 81 24 83 42 3 13 65 66 10 28 29 30 26 25 85 50 112 52 114 6 18 17 73 14 15 16 36 37 97 98 2 31 32 57 58 59 60 8 55 54 116 82 138 84 140 20 1 22 4 44 43 105 38 39 40 41 67 68 127 128 11 12 61 62 89 90 91 92 27 87 86 142 113 154 115 156 5 46 7 48 19 75 74 134 69 70 71 72 99 100 149 150 33 34 93 94 120 121 122 123 56 118 117 157 139 160 141 21 77 23 79 45 107 106 153 101 102 103 104 129 130 159 63 64 124 125 145 146 147 88 144 143 155 47 109 49 111 76 136 135 131 132 133 151 95 96 148 158 119 78 137 80 108 152 126 110 
52 159 59 54 82 83 84 135 133 151 150 65 61 89 30 91 27 85 86 112 113 114 115 80 108 153 17 152 104 15 130 36 35 97 33 32 93 58 120 60 122 55 56 116 117 138 139 140 141 110 111 1 136 4 42 43 132 38 3 40 13 67 66 127 12 63 62 124 90 145 92 147 87 88 142 143 154 155 156 24 137 5 6 7 18 19 73 74 14 69 16 71 37 99 98 149 34 95 94 148 121 158 123 29 118 119 157 25 160 50 51 20 21 22 23 44 45 105 106 39 101 41 103 68 129 128 64 126 125 31 146 57 9 144 8 53 81 46 47 48 49 75 76 134 70 131 72 100 96 11 10 28 26 77 78 79 107 102 2 109 
53 14 10 81 26 25 85 20 35 3 38 39 28 2 31 32 51 50 112 8 55 54 116 42 6 5 46 13 65 66 15 16 69 70 9 57 58 11 12 61 62 24 83 82 138 27 87 86 142 18 17 73 1 22 21 77 36 37 97 98 40 41 101 102 29 30 89 90 33 34 93 94 52 114 113 154 56 118 117 157 4 44 43 105 7 48 47 109 67 68 127 128 71 72 131 132 59 60 120 121 63 64 124 125 84 140 139 160 88 144 143 19 75 74 134 23 79 78 137 99 100 149 150 103 104 152 91 92 145 146 95 96 148 115 156 155 119 45 107 106 153 49 111 110 129 130 159 133 122 123 158 126 141 76 136 135 80 151 147 108 
54 152 61 82 27 85 86 110 159 133 132 38 89 33 32 93 52 112 113 55 56 116 117 135 80 137 5 151 150 65 104 15 14 69 59 58 120 12 63 62 124 83 84 138 139 87 88 142 143 108 153 17 111 1 20 21 130 36 35 97 3 40 39 101 30 91 90 145 34 95 94 148 114 115 154 155 118 119 157 25 136 4 42 43 6 7 46 47 13 67 66 127 16 71 70 131 60 122 121 158 64 126 125 31 140 141 160 50 144 8 53 18 19 73 74 22 23 77 78 37 99 98 149 41 103 102 92 147 146 57 96 11 10 156 24 81 26 44 45 105 106 48 49 109 68 129 128 72 123 29 28 2 51 75 76 134 79 100 9 107 
55 104 12 83 85 27 87 111 130 132 133 3 30 32 33 34 112 52 114 54 116 56 118 136 137 80 6 150 151 13 152 14 15 16 58 59 60 61 62 63 64 82 138 84 140 86 142 88 144 153 108 18 110 20 1 22 159 35 36 37 38 39 40 41 89 90 91 92 93 94 95 96 113 154 115 156 117 157 119 26 135 42 4 44 5 46 7 48 65 66 67 68 69 70 71 72 120 121 122 123 124 125 126 2 139 160 141 51 143 53 8 17 73 19 75 21 77 23 79 97 98 99 100 101 102 103 145 146 147 9 148 10 11 155 81 24 25 43 105 45 107 47 109 49 127 128 129 131 158 28 29 31 50 74 134 76 78 149 57 106 
56 103 63 84 86 87 88 49 129 131 72 133 91 93 34 95 113 114 115 116 117 118 119 76 78 79 80 149 100 151 102 152 104 15 120 60 122 62 124 64 126 138 139 140 141 142 143 144 8 106 107 108 109 110 111 1 128 159 130 36 132 38 3 40 90 145 92 147 94 148 96 11 154 155 156 24 157 25 26 27 134 135 136 4 137 5 6 7 150 65 13 67 14 69 16 71 121 158 123 29 125 31 2 33 160 50 51 52 53 54 55 153 17 18 19 20 21 22 23 35 97 37 99 39 101 41 146 57 9 59 10 61 12 81 82 83 85 42 43 44 45 46 47 48 66 127 68 70 28 89 30 32 112 73 74 75 77 98 58 105 
57 18 81 11 29 28 89 36 20 42 4 44 26 51 50 112 31 2 33 9 59 58 120 38 65 13 67 6 5 46 17 73 19 75 53 8 55 24 83 82 138 10 61 12 63 30 91 90 145 15 14 69 35 97 37 99 1 22 21 77 43 105 45 107 25 85 27 87 52 114 113 154 32 93 34 95 60 122 121 158 3 40 39 101 66 127 68 129 7 48 47 109 74 134 76 136 54 116 56 118 84 140 139 160 62 124 64 126 92 147 146 16 71 70 131 98 149 100 151 23 79 78 137 106 153 108 86 142 88 144 115 156 155 94 148 96 123 41 103 102 152 128 159 130 49 111 110 135 117 157 119 141 125 72 133 132 150 80 143 104 
58 108 82 12 30 89 90 130 110 135 136 4 27 52 112 113 32 33 34 59 60 120 121 132 150 151 13 80 137 5 153 17 18 19 54 55 56 83 84 138 139 61 62 63 64 91 92 145 146 104 152 14 159 35 36 37 111 1 20 21 42 43 44 45 85 86 87 88 114 115 154 155 93 94 95 96 122 123 158 28 133 3 38 39 65 66 67 68 6 7 46 47 73 74 75 76 116 117 118 119 140 141 160 50 124 125 126 2 147 9 57 15 16 69 70 97 98 99 100 22 23 77 78 105 106 107 142 143 144 8 156 24 81 148 10 11 29 40 41 101 102 127 128 129 48 49 109 134 157 25 26 51 31 71 72 131 149 79 53 103 
59 153 83 61 89 30 91 159 111 136 135 42 85 112 52 114 33 32 93 58 120 60 122 133 151 150 65 137 80 6 108 18 17 73 55 54 116 82 138 84 140 12 63 62 124 90 145 92 147 152 104 15 130 36 35 97 110 20 1 22 4 44 43 105 27 87 86 142 113 154 115 156 34 95 94 148 121 158 123 29 132 38 3 40 13 67 66 127 5 46 7 48 19 75 74 134 56 118 117 157 139 160 141 51 64 126 125 31 146 57 9 14 69 16 71 37 99 98 149 21 77 23 79 45 107 106 88 144 143 53 155 81 24 96 11 10 28 39 101 41 103 68 129 128 47 109 49 76 119 26 25 50 2 70 131 72 100 78 8 102 
60 106 84 62 90 91 92 128 49 76 134 135 86 113 114 115 34 93 94 120 121 122 123 72 100 149 150 78 79 80 107 108 153 17 56 116 117 138 139 140 141 63 64 124 125 145 146 147 9 102 103 104 129 130 159 35 109 110 111 1 136 4 42 43 87 88 142 143 154 155 156 24 95 96 148 10 158 28 29 30 131 132 133 3 151 13 65 66 137 5 6 7 18 19 73 74 118 119 157 25 160 50 51 52 126 2 31 32 57 58 59 152 14 15 16 36 37 97 98 20 21 22 23 44 45 105 144 8 53 54 81 82 83 11 12 61 89 38 39 40 41 67 68 127 46 47 48 75 26 27 85 112 33 69 70 71 99 77 55 101 
61 137 85 89 33 32 93 152 153 111 110 20 112 55 54 116 59 58 120 12 63 62 124 159 133 132 38 136 135 42 80 6 5 46 83 82 138 27 87 86 142 30 91 90 145 34 95 94 148 151 150 65 104 15 14 69 108 18 17 73 1 22 21 77 52 114 113 154 56 118 117 157 60 122 121 158 64 126 125 31 130 36 35 97 3 40 39 101 4 44 43 105 7 48 47 109 84 140 139 160 88 144 143 53 92 147 146 57 96 11 10 13 67 66 127 16 71 70 131 19 75 74 134 23 79 78 115 156 155 81 119 26 25 123 29 28 2 37 99 98 149 41 103 102 45 107 106 49 141 51 50 8 9 68 129 128 72 76 24 100 
62 78 86 90 34 93 94 102 106 49 109 110 113 56 116 117 60 120 121 63 64 124 125 128 72 131 132 76 134 135 79 80 137 5 84 138 139 87 88 142 143 91 92 145 146 95 96 148 10 100 149 150 103 104 152 14 107 108 153 17 111 1 20 21 114 115 154 155 118 119 157 25 122 123 158 28 126 2 31 32 129 130 159 35 133 3 38 39 136 4 42 43 6 7 46 47 140 141 160 50 144 8 53 54 147 9 57 58 11 12 61 151 13 65 66 15 16 69 70 18 19 73 74 22 23 77 156 24 81 82 26 27 85 29 30 89 33 36 37 97 98 40 41 101 44 45 105 48 51 52 112 55 59 67 68 127 71 75 83 99 
63 79 87 91 93 34 95 103 107 109 49 111 114 116 56 118 120 60 122 62 124 64 126 129 131 72 133 134 76 136 78 137 80 6 138 84 140 86 142 88 144 90 145 92 147 94 148 96 11 149 100 151 102 152 104 15 106 153 108 18 110 20 1 22 113 154 115 156 117 157 119 26 121 158 123 29 125 31 2 33 128 159 130 36 132 38 3 40 135 42 4 44 5 46 7 48 139 160 141 51 143 53 8 55 146 57 9 59 10 61 12 150 65 13 67 14 69 16 71 17 73 19 75 21 77 23 155 81 24 83 25 85 27 28 89 30 32 35 97 37 99 39 101 41 43 105 45 47 50 112 52 54 58 66 127 68 70 74 82 98 
64 23 88 92 94 95 96 41 45 47 48 49 115 117 118 119 121 122 123 124 125 126 2 68 70 71 72 74 75 76 77 78 79 80 139 140 141 142 143 144 8 145 146 147 9 148 10 11 12 98 99 100 101 102 103 104 105 106 107 108 109 110 111 1 154 155 156 24 157 25 26 27 158 28 29 30 31 32 33 34 127 128 129 130 131 132 133 3 134 135 136 4 137 5 6 7 160 50 51 52 53 54 55 56 57 58 59 60 61 62 63 149 150 151 13 152 14 15 16 153 17 18 19 20 21 22 81 82 83 84 85 86 87 89 90 91 93 159 35 36 37 38 39 40 42 43 44 46 112 113 114 116 120 65 66 67 69 73 138 97 
65 24 17 15 36 35 97 29 25 50 51 52 1 4 42 43 38 3 40 13 67 66 127 31 57 9 59 8 53 54 81 82 83 84 5 6 7 18 19 73 74 14 69 16 71 37 99 98 149 11 10 61 28 89 30 91 26 27 85 86 112 113 114 115 20 21 22 23 44 45 105 106 39 101 41 103 68 129 128 159 2 33 32 93 58 120 60 122 55 56 116 117 138 139 140 141 46 47 48 49 75 76 134 135 70 131 72 133 100 151 150 12 63 62 124 90 145 92 147 87 88 142 143 154 155 156 77 78 79 80 107 108 153 102 152 104 130 34 95 94 148 121 158 123 118 119 157 160 109 110 111 136 132 64 126 125 146 144 137 96 
66 156 73 16 37 97 98 123 157 160 141 51 22 44 43 105 39 40 41 67 68 127 128 125 146 147 9 144 143 53 155 81 24 83 46 7 48 19 75 74 134 69 70 71 72 99 100 149 150 96 148 10 158 28 29 30 119 26 25 85 50 112 52 114 21 77 23 79 45 107 106 153 101 102 103 104 129 130 159 35 126 2 31 32 57 58 59 60 8 55 54 116 82 138 84 140 47 109 49 111 76 136 135 42 131 132 133 3 151 13 65 11 12 61 62 89 90 91 92 27 87 86 142 113 154 115 78 137 80 6 108 18 17 152 14 15 36 33 34 93 94 120 121 122 56 118 117 139 110 20 1 4 38 63 64 124 145 88 5 95 
67 155 19 69 97 37 99 158 119 141 160 50 21 43 44 45 40 39 101 66 127 68 129 126 147 146 57 143 144 8 156 24 81 82 7 46 47 73 74 75 76 16 71 70 131 98 149 100 151 148 96 11 123 29 28 89 157 25 26 27 51 52 112 113 22 23 77 78 105 106 107 108 41 103 102 152 128 159 130 36 125 31 2 33 9 59 58 120 53 54 55 56 83 84 138 139 48 49 109 110 134 135 136 4 72 133 132 38 150 65 13 10 61 12 63 30 91 90 145 85 86 87 88 114 115 154 79 80 137 5 153 17 18 104 15 14 35 32 93 34 95 60 122 121 116 117 118 140 111 1 20 42 3 62 124 64 92 142 6 94 
68 154 75 70 98 99 100 121 118 140 139 160 77 105 45 107 41 101 102 127 128 129 130 64 92 145 146 142 88 144 115 156 155 81 48 47 109 74 134 76 136 71 72 131 132 149 150 151 13 94 95 96 122 123 158 28 117 157 119 26 141 51 50 112 23 79 78 137 106 153 108 18 103 104 152 14 159 35 36 37 124 125 126 2 147 9 57 58 143 53 8 55 24 83 82 138 49 111 110 20 135 42 4 44 133 3 38 39 65 66 67 148 10 11 12 29 30 89 90 25 85 27 87 52 114 113 80 6 5 46 17 73 19 15 16 69 97 31 32 33 34 59 60 120 54 116 56 84 1 22 21 43 40 61 62 63 91 86 7 93 
69 143 21 97 40 39 101 148 155 119 157 25 43 7 46 47 67 66 127 16 71 70 131 158 126 125 31 141 160 50 144 8 53 54 19 73 74 22 23 77 78 37 99 98 149 41 103 102 152 147 146 57 96 11 10 61 156 24 81 82 26 27 85 86 44 45 105 106 48 49 109 110 68 129 128 159 72 133 132 38 123 29 28 89 2 33 32 93 51 52 112 113 55 56 116 117 75 76 134 135 79 80 137 5 100 151 150 65 104 15 14 9 59 58 120 12 63 62 124 83 84 138 139 87 88 142 107 108 153 17 111 1 20 130 36 35 3 30 91 90 145 34 95 94 114 115 154 118 136 4 42 6 13 60 122 121 64 140 18 92 
70 142 77 98 41 101 102 94 154 118 117 157 105 48 47 109 68 127 128 71 72 131 132 121 64 124 125 140 139 160 88 144 143 53 75 74 134 23 79 78 137 99 100 149 150 103 104 152 14 92 145 146 95 96 148 10 115 156 155 81 119 26 25 85 45 107 106 153 49 111 110 20 129 130 159 35 133 3 38 39 122 123 158 28 126 2 31 32 141 51 50 112 8 55 54 116 76 136 135 42 80 6 5 46 151 13 65 66 15 16 69 147 9 57 58 11 12 61 62 24 83 82 138 27 87 86 108 18 17 73 1 22 21 36 37 97 40 29 30 89 90 33 34 93 52 114 113 56 4 44 43 7 67 59 60 120 63 84 19 91 
71 88 23 99 101 41 103 95 115 117 118 119 45 47 48 49 127 68 129 70 131 72 133 122 124 64 126 139 140 141 142 143 144 8 74 75 76 77 78 79 80 98 149 100 151 102 152 104 15 145 92 147 94 148 96 11 154 155 156 24 157 25 26 27 105 106 107 108 109 110 111 1 128 159 130 36 132 38 3 40 121 158 123 29 125 31 2 33 160 50 51 52 53 54 55 56 134 135 136 4 137 5 6 7 150 65 13 67 14 69 16 146 57 9 59 10 61 12 63 81 82 83 84 85 86 87 153 17 18 19 20 21 22 35 97 37 39 28 89 30 91 32 93 34 112 113 114 116 42 43 44 46 66 58 120 60 62 138 73 90 
72 87 79 100 102 103 104 34 114 116 56 118 107 109 49 111 128 129 130 131 132 133 3 60 62 63 64 138 84 140 86 142 88 144 134 76 136 78 137 80 6 149 150 151 13 152 14 15 16 90 91 92 93 94 95 96 113 154 115 156 117 157 119 26 106 153 108 18 110 20 1 22 159 35 36 37 38 39 40 41 120 121 122 123 124 125 126 2 139 160 141 51 143 53 8 55 135 42 4 44 5 46 7 48 65 66 67 68 69 70 71 145 146 147 9 148 10 11 12 155 81 24 83 25 85 27 17 73 19 75 21 77 23 97 98 99 101 158 28 29 30 31 32 33 50 112 52 54 43 105 45 47 127 57 58 59 61 82 74 89 
73 147 97 22 44 43 105 156 148 158 123 29 40 67 66 127 46 7 48 19 75 74 134 157 160 141 51 126 125 31 146 57 9 59 69 16 71 37 99 98 149 21 77 23 79 45 107 106 153 144 143 53 155 81 24 83 96 11 10 61 28 89 30 91 39 101 41 103 68 129 128 159 47 109 49 111 76 136 135 42 119 26 25 85 50 112 52 114 2 33 32 93 58 120 60 122 70 131 72 133 100 151 150 65 78 137 80 6 108 18 17 8 55 54 116 82 138 84 140 12 63 62 124 90 145 92 102 152 104 15 130 36 35 110 20 1 4 27 87 86 142 113 154 115 34 95 94 121 132 38 3 13 5 56 118 117 139 64 14 88 
74 92 98 23 45 105 106 115 94 121 122 123 41 68 127 128 47 48 49 75 76 134 135 117 139 140 141 64 124 125 145 146 147 9 70 71 72 99 100 149 150 77 78 79 80 107 108 153 17 88 142 143 154 155 156 24 95 96 148 10 158 28 29 30 101 102 103 104 129 130 159 35 109 110 111 1 136 4 42 43 118 119 157 25 160 50 51 52 126 2 31 32 57 58 59 60 131 132 133 3 151 13 65 66 137 5 6 7 18 19 73 144 8 53 54 81 82 83 84 11 12 61 62 89 90 91 152 14 15 16 36 37 97 20 21 22 44 26 27 85 86 112 113 114 33 34 93 120 38 39 40 67 46 55 56 116 138 63 69 87 
75 145 99 77 105 45 107 154 95 122 121 158 101 127 68 129 48 47 109 74 134 76 136 118 140 139 160 124 64 126 92 147 146 57 71 70 131 98 149 100 151 23 79 78 137 106 153 108 18 142 88 144 115 156 155 81 94 148 96 11 123 29 28 89 41 103 102 152 128 159 130 36 49 111 110 20 135 42 4 44 117 157 119 26 141 51 50 112 125 31 2 33 9 59 58 120 72 133 132 38 150 65 13 67 80 6 5 46 17 73 19 143 53 8 55 24 83 82 138 10 61 12 63 30 91 90 104 15 14 69 35 97 37 1 22 21 43 25 85 27 87 52 114 113 32 93 34 60 3 40 39 66 7 54 116 56 84 62 16 86 
76 90 100 78 106 107 108 113 34 60 120 121 102 128 129 130 49 109 110 134 135 136 4 56 84 138 139 62 63 64 91 92 145 146 72 131 132 149 150 151 13 79 80 137 5 153 17 18 19 86 87 88 114 115 154 155 93 94 95 96 122 123 158 28 103 104 152 14 159 35 36 37 111 1 20 21 42 43 44 45 116 117 118 119 140 141 160 50 124 125 126 2 147 9 57 58 133 3 38 39 65 66 67 68 6 7 46 47 73 74 75 142 143 144 8 156 24 81 82 148 10 11 12 29 30 89 15 16 69 70 97 98 99 22 23 77 105 157 25 26 27 51 52 112 31 32 33 59 40 41 101 127 48 53 54 55 83 61 71 85 
77 124 101 105 48 47 109 142 145 95 94 148 127 71 70 131 75 74 134 23 79 78 137 154 118 117 157 122 121 158 64 126 125 31 99 98 149 41 103 102 152 45 107 106 153 49 111 110 20 140 139 160 88 144 143 53 92 147 146 57 96 11 10 61 68 129 128 159 72 133 132 38 76 136 135 42 80 6 5 46 115 156 155 81 119 26 25 85 123 29 28 89 2 33 32 93 100 151 150 65 104 15 14 69 108 18 17 73 1 22 21 141 51 50 112 8 55 54 116 9 59 58 120 12 63 62 130 36 35 97 3 40 39 4 44 43 7 24 83 82 138 27 87 86 30 91 90 34 13 67 66 16 19 52 114 113 56 60 37 84 
78 62 102 106 49 109 110 86 90 34 93 94 128 72 131 132 76 134 135 79 80 137 5 113 56 116 117 60 120 121 63 64 124 125 100 149 150 103 104 152 14 107 108 153 17 111 1 20 21 84 138 139 87 88 142 143 91 92 145 146 95 96 148 10 129 130 159 35 133 3 38 39 136 4 42 43 6 7 46 47 114 115 154 155 118 119 157 25 122 123 158 28 126 2 31 32 151 13 65 66 15 16 69 70 18 19 73 74 22 23 77 140 141 160 50 144 8 53 54 147 9 57 58 11 12 61 36 37 97 98 40 41 101 44 45 105 48 156 24 81 82 26 27 85 29 30 89 33 67 68 127 71 75 51 52 112 55 59 99 83 
79 63 103 107 109 49 111 87 91 93 34 95 129 131 72 133 134 76 136 78 137 80 6 114 116 56 118 120 60 122 62 124 64 126 149 100 151 102 152 104 15 106 153 108 18 110 20 1 22 138 84 140 86 142 88 144 90 145 92 147 94 148 96 11 128 159 130 36 132 38 3 40 135 42 4 44 5 46 7 48 113 154 115 156 117 157 119 26 121 158 123 29 125 31 2 33 150 65 13 67 14 69 16 71 17 73 19 75 21 77 23 139 160 141 51 143 53 8 55 146 57 9 59 10 61 12 35 97 37 99 39 101 41 43 105 45 47 155 81 24 83 25 85 27 28 89 30 32 66 127 68 70 74 50 112 52 54 58 98 82 
80 12 104 108 110 111 1 27 30 32 33 34 130 132 133 3 135 136 4 137 5 6 7 52 54 55 56 58 59 60 61 62 63 64 150 151 13 152 14 15 16 153 17 18 19 20 21 22 23 82 83 84 85 86 87 88 89 90 91 92 93 94 95 96 159 35 36 37 38 39 40 41 42 43 44 45 46 47 48 49 112 113 114 115 116 117 118 119 120 121 122 123 124 125 126 2 65 66 67 68 69 70 71 72 73 74 75 76 77 78 79 138 139 140 141 142 143 144 8 145 146 147 9 148 10 11 97 98 99 100 101 102 103 105 106 107 109 154 155 156 24 157 25 26 158 28 29 31 127 128 129 131 134 160 50 51 53 57 149 81 
81 13 28 26 51 50 112 18 14 35 36 37 2 9 57 58 53 8 55 24 83 82 138 20 42 4 44 3 38 39 65 66 67 68 10 11 12 29 30 89 90 25 85 27 87 52 114 113 154 6 5 46 17 73 19 75 15 16 69 70 97 98 99 100 31 32 33 34 59 60 120 121 54 116 56 118 84 140 139 160 1 22 21 77 43 105 45 107 40 41 101 102 127 128 129 130 61 62 63 64 91 92 145 146 86 142 88 144 115 156 155 7 48 47 109 74 134 76 136 71 72 131 132 149 150 151 93 94 95 96 122 123 158 117 157 119 141 23 79 78 137 106 153 108 103 104 152 159 124 125 126 147 143 49 111 110 135 133 148 80 
82 151 89 27 52 112 113 108 152 159 130 36 33 59 58 120 54 55 56 83 84 138 139 110 135 136 4 133 132 38 150 65 13 67 61 12 63 30 91 90 145 85 86 87 88 114 115 154 155 80 137 5 153 17 18 19 104 15 14 69 35 97 37 99 32 93 34 95 60 122 121 158 116 117 118 119 140 141 160 50 111 1 20 21 42 43 44 45 3 40 39 101 66 127 68 129 62 124 64 126 92 147 146 57 142 143 144 8 156 24 81 6 7 46 47 73 74 75 76 16 71 70 131 98 149 100 94 148 96 11 123 29 28 157 25 26 51 22 23 77 78 105 106 107 41 103 102 128 125 31 2 9 53 48 49 109 134 72 10 79 
83 150 30 85 112 52 114 153 104 130 159 35 32 58 59 60 55 54 116 82 138 84 140 111 136 135 42 132 133 3 151 13 65 66 12 61 62 89 90 91 92 27 87 86 142 113 154 115 156 137 80 6 108 18 17 73 152 14 15 16 36 37 97 98 33 34 93 94 120 121 122 123 56 118 117 157 139 160 141 51 110 20 1 22 4 44 43 105 38 39 40 41 67 68 127 128 63 64 124 125 145 146 147 9 88 144 143 53 155 81 24 5 46 7 48 19 75 74 134 69 70 71 72 99 100 149 95 96 148 10 158 28 29 119 26 25 50 21 77 23 79 45 107 106 101 102 103 129 126 2 31 57 8 47 109 49 76 131 11 78 
84 149 91 86 113 114 115 106 103 129 128 159 93 120 60 122 56 116 117 138 139 140 141 49 76 134 135 131 72 133 100 151 150 65 63 62 124 90 145 92 147 87 88 142 143 154 155 156 24 78 79 80 107 108 153 17 102 152 104 15 130 36 35 97 34 95 94 148 121 158 123 29 118 119 157 25 160 50 51 52 109 110 111 1 136 4 42 43 132 38 3 40 13 67 66 127 64 126 125 31 146 57 9 59 144 8 53 54 81 82 83 137 5 6 7 18 19 73 74 14 69 16 71 37 99 98 96 11 10 61 28 89 30 26 27 85 112 20 21 22 23 44 45 105 39 101 41 68 2 33 32 58 55 46 47 48 75 70 12 77 
85 132 32 112 55 54 116 137 150 104 152 14 58 12 61 62 83 82 138 27 87 86 142 153 111 110 20 130 159 35 133 3 38 39 30 89 90 33 34 93 94 52 114 113 154 56 118 117 157 136 135 42 80 6 5 46 151 13 65 66 15 16 69 70 59 60 120 121 63 64 124 125 84 140 139 160 88 144 143 53 108 18 17 73 1 22 21 77 36 37 97 98 40 41 101 102 91 92 145 146 95 96 148 10 115 156 155 81 119 26 25 4 44 43 105 7 48 47 109 67 68 127 128 71 72 131 122 123 158 28 126 2 31 141 51 50 8 19 75 74 134 23 79 78 99 100 149 103 147 9 57 11 24 45 107 106 49 129 29 76 
86 131 93 113 56 116 117 78 149 103 102 152 120 63 62 124 84 138 139 87 88 142 143 106 49 109 110 129 128 159 72 133 132 38 91 90 145 34 95 94 148 114 115 154 155 118 119 157 25 76 134 135 79 80 137 5 100 151 150 65 104 15 14 69 60 122 121 158 64 126 125 31 140 141 160 50 144 8 53 54 107 108 153 17 111 1 20 21 130 36 35 97 3 40 39 101 92 147 146 57 96 11 10 61 156 24 81 82 26 27 85 136 4 42 43 6 7 46 47 13 67 66 127 16 71 70 123 29 28 89 2 33 32 51 52 112 55 18 19 73 74 22 23 77 37 99 98 41 9 59 58 12 83 44 45 105 48 68 30 75 
87 72 34 114 116 56 118 79 100 102 103 104 60 62 63 64 138 84 140 86 142 88 144 107 109 49 111 128 129 130 131 132 133 3 90 91 92 93 94 95 96 113 154 115 156 117 157 119 26 134 76 136 78 137 80 6 149 150 151 13 152 14 15 16 120 121 122 123 124 125 126 2 139 160 141 51 143 53 8 55 106 153 108 18 110 20 1 22 159 35 36 37 38 39 40 41 145 146 147 9 148 10 11 12 155 81 24 83 25 85 27 135 42 4 44 5 46 7 48 65 66 67 68 69 70 71 158 28 29 30 31 32 33 50 112 52 54 17 73 19 75 21 77 23 97 98 99 101 57 58 59 61 82 43 105 45 47 127 89 74 
88 71 95 115 117 118 119 23 99 101 41 103 122 124 64 126 139 140 141 142 143 144 8 45 47 48 49 127 68 129 70 131 72 133 145 92 147 94 148 96 11 154 155 156 24 157 25 26 27 74 75 76 77 78 79 80 98 149 100 151 102 152 104 15 121 158 123 29 125 31 2 33 160 50 51 52 53 54 55 56 105 106 107 108 109 110 111 1 128 159 130 36 132 38 3 40 146 57 9 59 10 61 12 63 81 82 83 84 85 86 87 134 135 136 4 137 5 6 7 150 65 13 67 14 69 16 28 89 30 91 32 93 34 112 113 114 116 153 17 18 19 20 21 22 35 97 37 39 58 120 60 62 138 42 43 44 46 66 90 73 
89 136 112 33 59 58 120 151 137 153 108 18 55 83 82 138 61 12 63 30 91 90 145 152 159 130 36 111 110 20 135 42 4 44 85 27 87 52 114 113 154 32 93 34 95 60 122 121 158 133 132 38 150 65 13 67 80 6 5 46 17 73 19 75 54 116 56 118 84 140 139 160 62 124 64 126 92 147 146 57 104 15 14 69 35 97 37 99 1 22 21 77 43 105 45 107 86 142 88 144 115 156 155 81 94 148 96 11 123 29 28 3 40 39 101 66 127 68 129 7 48 47 109 74 134 76 117 157 119 26 141 51 50 125 31 2 9 16 71 70 131 98 149 100 23 79 78 106 143 53 8 24 10 41 103 102 128 49 25 72 
90 76 113 34 60 120 121 100 78 106 107 108 56 84 138 139 62 63 64 91 92 145 146 102 128 129 130 49 109 110 134 135 136 4 86 87 88 114 115 154 155 93 94 95 96 122 123 158 28 72 131 132 149 150 151 13 79 80 137 5 153 17 18 19 116 117 118 119 140 141 160 50 124 125 126 2 147 9 57 58 103 104 152 14 159 35 36 37 111 1 20 21 42 43 44 45 142 143 144 8 156 24 81 82 148 10 11 12 29 30 89 133 3 38 39 65 66 67 68 6 7 46 47 73 74 75 157 25 26 27 51 52 112 31 32 33 59 15 16 69 70 97 98 99 22 23 77 105 53 54 55 83 61 40 41 101 127 48 85 71 
91 134 114 93 120 60 122 149 79 107 106 153 116 138 84 140 63 62 124 90 145 92 147 103 129 128 159 109 49 111 76 136 135 42 87 86 142 113 154 115 156 34 95 94 148 121 158 123 29 131 72 133 100 151 150 65 78 137 80 6 108 18 17 73 56 118 117 157 139 160 141 51 64 126 125 31 146 57 9 59 102 152 104 15 130 36 35 97 110 20 1 22 4 44 43 105 88 144 143 53 155 81 24 83 96 11 10 61 28 89 30 132 38 3 40 13 67 66 127 5 46 7 48 19 75 74 119 26 25 85 50 112 52 2 33 32 58 14 69 16 71 37 99 98 21 77 23 45 8 55 54 82 12 39 101 41 68 47 27 70 
92 74 115 94 121 122 123 98 23 45 105 106 117 139 140 141 64 124 125 145 146 147 9 41 68 127 128 47 48 49 75 76 134 135 88 142 143 154 155 156 24 95 96 148 10 158 28 29 30 70 71 72 99 100 149 150 77 78 79 80 107 108 153 17 118 119 157 25 160 50 51 52 126 2 31 32 57 58 59 60 101 102 103 104 129 130 159 35 109 110 111 1 136 4 42 43 144 8 53 54 81 82 83 84 11 12 61 62 89 90 91 131 132 133 3 151 13 65 66 137 5 6 7 18 19 73 26 27 85 86 112 113 114 33 34 93 120 152 14 15 16 36 37 97 20 21 22 44 55 56 116 138 63 38 39 40 67 46 87 69 
93 109 116 120 63 62 124 131 134 79 78 137 138 87 86 142 91 90 145 34 95 94 148 149 103 102 152 107 106 153 49 111 110 20 114 113 154 56 118 117 157 60 122 121 158 64 126 125 31 129 128 159 72 133 132 38 76 136 135 42 80 6 5 46 84 140 139 160 88 144 143 53 92 147 146 57 96 11 10 61 100 151 150 65 104 15 14 69 108 18 17 73 1 22 21 77 115 156 155 81 119 26 25 85 123 29 28 89 2 33 32 130 36 35 97 3 40 39 101 4 44 43 105 7 48 47 141 51 50 112 8 55 54 9 59 58 12 13 67 66 127 16 71 70 19 75 74 23 24 83 82 27 30 37 99 98 41 45 52 68 
94 47 117 121 64 124 125 70 74 23 77 78 139 88 142 143 92 145 146 95 96 148 10 98 41 101 102 45 105 106 48 49 109 110 115 154 155 118 119 157 25 122 123 158 28 126 2 31 32 68 127 128 71 72 131 132 75 76 134 135 79 80 137 5 140 141 160 50 144 8 53 54 147 9 57 58 11 12 61 62 99 100 149 150 103 104 152 14 107 108 153 17 111 1 20 21 156 24 81 82 26 27 85 86 29 30 89 90 33 34 93 129 130 159 35 133 3 38 39 136 4 42 43 6 7 46 51 52 112 113 55 56 116 59 60 120 63 151 13 65 66 15 16 69 18 19 73 22 83 84 138 87 91 36 37 97 40 44 114 67 
95 48 118 122 124 64 126 71 75 77 23 79 140 142 88 144 145 92 147 94 148 96 11 99 101 41 103 105 45 107 47 109 49 111 154 115 156 117 157 119 26 121 158 123 29 125 31 2 33 127 68 129 70 131 72 133 74 134 76 136 78 137 80 6 139 160 141 51 143 53 8 55 146 57 9 59 10 61 12 63 98 149 100 151 102 152 104 15 106 153 108 18 110 20 1 22 155 81 24 83 25 85 27 87 28 89 30 91 32 93 34 128 159 130 36 132 38 3 40 135 42 4 44 5 46 7 50 112 52 114 54 116 56 58 120 60 62 150 65 13 67 14 69 16 17 73 19 21 82 138 84 86 90 35 97 37 39 43 113 66 
96 7 119 123 125 126 2 16 19 21 22 23 141 143 144 8 146 147 9 148 10 11 12 37 39 40 41 43 44 45 46 47 48 49 155 156 24 157 25 26 27 158 28 29 30 31 32 33 34 66 67 68 69 70 71 72 73 74 75 76 77 78 79 80 160 50 51 52 53 54 55 56 57 58 59 60 61 62 63 64 97 98 99 100 101 102 103 104 105 106 107 108 109 110 111 1 81 82 83 84 85 86 87 88 89 90 91 92 93 94 95 127 128 129 130 131 132 133 3 134 135 136 4 137 5 6 112 113 114 115 116 117 118 120 121 122 124 149 150 151 13 152 14 15 153 17 18 20 138 139 140 142 145 159 35 36 38 42 154 65 
97 141 43 40 67 66 127 147 143 155 156 24 7 19 73 74 69 16 71 37 99 98 149 148 158 123 29 119 157 25 160 50 51 52 21 22 23 44 45 105 106 39 101 41 103 68 129 128 159 126 125 31 146 57 9 59 144 8 53 54 81 82 83 84 46 47 48 49 75 76 134 135 70 131 72 133 100 151 150 65 96 11 10 61 28 89 30 91 26 27 85 86 112 113 114 115 77 78 79 80 107 108 153 17 102 152 104 15 130 36 35 2 33 32 93 58 120 60 122 55 56 116 117 138 139 140 109 110 111 1 136 4 42 132 38 3 13 12 63 62 124 90 145 92 87 88 142 154 137 5 6 18 14 34 95 94 121 118 20 64 
98 140 105 41 68 127 128 92 142 154 115 156 48 75 74 134 70 71 72 99 100 149 150 94 121 122 123 118 117 157 139 160 141 51 77 23 79 45 107 106 153 101 102 103 104 129 130 159 35 64 124 125 145 146 147 9 88 144 143 53 155 81 24 83 47 109 49 111 76 136 135 42 131 132 133 3 151 13 65 66 95 96 148 10 158 28 29 30 119 26 25 85 50 112 52 114 78 137 80 6 108 18 17 73 152 14 15 16 36 37 97 126 2 31 32 57 58 59 60 8 55 54 116 82 138 84 110 20 1 22 4 44 43 38 39 40 67 11 12 61 62 89 90 91 27 87 86 113 5 46 7 19 69 33 34 93 120 56 21 63 
99 139 45 101 127 68 129 145 88 115 154 155 47 74 75 76 71 70 131 98 149 100 151 95 122 121 158 117 118 119 140 141 160 50 23 77 78 105 106 107 108 41 103 102 152 128 159 130 36 124 64 126 92 147 146 57 142 143 144 8 156 24 81 82 48 49 109 110 134 135 136 4 72 133 132 38 150 65 13 67 94 148 96 11 123 29 28 89 157 25 26 27 51 52 112 113 79 80 137 5 153 17 18 19 104 15 14 69 35 97 37 125 31 2 33 9 59 58 120 53 54 55 56 83 84 138 111 1 20 21 42 43 44 3 40 39 66 10 61 12 63 30 91 90 85 86 87 114 6 7 46 73 16 32 93 34 60 116 22 62 
100 138 107 102 128 129 130 90 87 114 113 154 109 134 76 136 72 131 132 149 150 151 13 34 60 120 121 116 56 118 84 140 139 160 79 78 137 106 153 108 18 103 104 152 14 159 35 36 37 62 63 64 91 92 145 146 86 142 88 144 115 156 155 81 49 111 110 20 135 42 4 44 133 3 38 39 65 66 67 68 93 94 95 96 122 123 158 28 117 157 119 26 141 51 50 112 80 6 5 46 17 73 19 75 15 16 69 70 97 98 99 124 125 126 2 147 9 57 58 143 53 8 55 24 83 82 1 22 21 77 43 105 45 40 41 101 127 148 10 11 12 29 30 89 25 85 27 52 7 48 47 74 71 31 32 33 59 54 23 61 
101 117 47 127 71 70 131 124 139 88 142 143 74 23 77 78 99 98 149 41 103 102 152 145 95 94 148 115 154 155 118 119 157 25 45 105 106 48 49 109 110 68 129 128 159 72 133 132 38 122 121 158 64 126 125 31 140 141 160 50 144 8 53 54 75 76 134 135 79 80 137 5 100 151 150 65 104 15 14 69 92 147 146 57 96 11 10 61 156 24 81 82 26 27 85 86 107 108 153 17 111 1 20 21 130 36 35 97 3 40 39 123 29 28 89 2 33 32 93 51 52 112 113 55 56 116 136 4 42 43 6 7 46 13 67 66 16 9 59 58 120 12 63 62 83 84 138 87 18 19 73 22 37 30 91 90 34 114 44 60 
102 116 109 128 72 131 132 62 138 87 86 142 134 79 78 137 100 149 150 103 104 152 14 90 34 93 94 114 113 154 56 118 117 157 107 106 153 49 111 110 20 129 130 159 35 133 3 38 39 60 120 121 63 64 124 125 84 140 139 160 88 144 143 53 76 136 135 42 80 6 5 46 151 13 65 66 15 16 69 70 91 92 145 146 95 96 148 10 115 156 155 81 119 26 25 85 108 18 17 73 1 22 21 77 36 37 97 98 40 41 101 122 123 158 28 126 2 31 32 141 51 50 112 8 55 54 4 44 43 105 7 48 47 67 68 127 71 147 9 57 58 11 12 61 24 83 82 27 19 75 74 23 99 29 30 89 33 52 45 59 
103 56 49 129 131 72 133 63 84 86 87 88 76 78 79 80 149 100 151 102 152 104 15 91 93 34 95 113 114 115 116 117 118 119 106 107 108 109 110 111 1 128 159 130 36 132 38 3 40 120 60 122 62 124 64 126 138 139 140 141 142 143 144 8 134 135 136 4 137 5 6 7 150 65 13 67 14 69 16 71 90 145 92 147 94 148 96 11 154 155 156 24 157 25 26 27 153 17 18 19 20 21 22 23 35 97 37 99 39 101 41 121 158 123 29 125 31 2 33 160 50 51 52 53 54 55 42 43 44 45 46 47 48 66 127 68 70 146 57 9 59 10 61 12 81 82 83 85 73 74 75 77 98 28 89 30 32 112 105 58 
104 55 111 130 132 133 3 12 83 85 27 87 136 137 80 6 150 151 13 152 14 15 16 30 32 33 34 112 52 114 54 116 56 118 153 108 18 110 20 1 22 159 35 36 37 38 39 40 41 58 59 60 61 62 63 64 82 138 84 140 86 142 88 144 135 42 4 44 5 46 7 48 65 66 67 68 69 70 71 72 89 90 91 92 93 94 95 96 113 154 115 156 117 157 119 26 17 73 19 75 21 77 23 79 97 98 99 100 101 102 103 120 121 122 123 124 125 126 2 139 160 141 51 143 53 8 43 105 45 107 47 109 49 127 128 129 131 145 146 147 9 148 10 11 155 81 24 25 74 134 76 78 149 158 28 29 31 50 106 57 
105 122 127 48 75 74 134 140 124 145 92 147 71 99 98 149 77 23 79 45 107 106 153 142 154 115 156 95 94 148 121 158 123 29 101 41 103 68 129 128 159 47 109 49 111 76 136 135 42 118 117 157 139 160 141 51 64 126 125 31 146 57 9 59 70 131 72 133 100 151 150 65 78 137 80 6 108 18 17 73 88 144 143 53 155 81 24 83 96 11 10 61 28 89 30 91 102 152 104 15 130 36 35 97 110 20 1 22 4 44 43 119 26 25 85 50 112 52 114 2 33 32 93 58 120 60 132 38 3 40 13 67 66 5 46 7 19 8 55 54 116 82 138 84 12 63 62 90 14 69 16 37 21 27 87 86 113 34 39 56 
106 60 128 49 76 134 135 84 62 90 91 92 72 100 149 150 78 79 80 107 108 153 17 86 113 114 115 34 93 94 120 121 122 123 102 103 104 129 130 159 35 109 110 111 1 136 4 42 43 56 116 117 138 139 140 141 63 64 124 125 145 146 147 9 131 132 133 3 151 13 65 66 137 5 6 7 18 19 73 74 87 88 142 143 154 155 156 24 95 96 148 10 158 28 29 30 152 14 15 16 36 37 97 98 20 21 22 23 44 45 105 118 119 157 25 160 50 51 52 126 2 31 32 57 58 59 38 39 40 41 67 68 127 46 47 48 75 144 8 53 54 81 82 83 11 12 61 89 69 70 71 99 77 26 27 85 112 33 101 55 
107 120 129 109 134 76 136 138 63 91 90 145 131 149 100 151 79 78 137 106 153 108 18 87 114 113 154 93 34 95 60 122 121 158 103 102 152 128 159 130 36 49 111 110 20 135 42 4 44 116 56 118 84 140 139 160 62 124 64 126 92 147 146 57 72 133 132 38 150 65 13 67 80 6 5 46 17 73 19 75 86 142 88 144 115 156 155 81 94 148 96 11 123 29 28 89 104 15 14 69 35 97 37 99 1 22 21 77 43 105 45 117 157 119 26 141 51 50 112 125 31 2 33 9 59 58 3 40 39 101 66 127 68 7 48 47 74 143 53 8 55 24 83 82 10 61 12 30 16 71 70 98 23 25 85 27 52 32 41 54 
108 58 130 110 135 136 4 82 12 30 89 90 132 150 151 13 80 137 5 153 17 18 19 27 52 112 113 32 33 34 59 60 120 121 104 152 14 159 35 36 37 111 1 20 21 42 43 44 45 54 55 56 83 84 138 139 61 62 63 64 91 92 145 146 133 3 38 39 65 66 67 68 6 7 46 47 73 74 75 76 85 86 87 88 114 115 154 155 93 94 95 96 122 123 158 28 15 16 69 70 97 98 99 100 22 23 77 78 105 106 107 116 117 118 119 140 141 160 50 124 125 126 2 147 9 57 40 41 101 102 127 128 129 48 49 109 134 142 143 144 8 156 24 81 148 10 11 29 71 72 131 149 79 157 25 26 51 31 103 53 
109 93 131 134 79 78 137 116 120 63 62 124 149 103 102 152 107 106 153 49 111 110 20 138 87 86 142 91 90 145 34 95 94 148 129 128 159 72 133 132 38 76 136 135 42 80 6 5 46 114 113 154 56 118 117 157 60 122 121 158 64 126 125 31 100 151 150 65 104 15 14 69 108 18 17 73 1 22 21 77 84 140 139 160 88 144 143 53 92 147 146 57 96 11 10 61 130 36 35 97 3 40 39 101 4 44 43 105 7 48 47 115 156 155 81 119 26 25 85 123 29 28 89 2 33 32 13 67 66 127 16 71 70 19 75 74 23 141 51 50 112 8 55 54 9 59 58 12 37 99 98 41 45 24 83 82 27 30 68 52 
110 32 132 135 80 137 5 54 58 12 61 62 150 104 152 14 108 153 17 111 1 20 21 82 27 85 86 30 89 90 33 34 93 94 130 159 35 133 3 38 39 136 4 42 43 6 7 46 47 52 112 113 55 56 116 117 59 60 120 121 63 64 124 125 151 13 65 66 15 16 69 70 18 19 73 74 22 23 77 78 83 84 138 139 87 88 142 143 91 92 145 146 95 96 148 10 36 37 97 98 40 41 101 102 44 45 105 106 48 49 109 114 115 154 155 118 119 157 25 122 123 158 28 126 2 31 67 68 127 128 71 72 131 75 76 134 79 140 141 160 50 144 8 53 147 9 57 11 99 100 149 103 107 156 24 81 26 29 129 51 
111 33 133 136 137 80 6 55 59 61 12 63 151 152 104 15 153 108 18 110 20 1 22 83 85 27 87 89 30 91 32 93 34 95 159 130 36 132 38 3 40 135 42 4 44 5 46 7 48 112 52 114 54 116 56 118 58 120 60 122 62 124 64 126 150 65 13 67 14 69 16 71 17 73 19 75 21 77 23 79 82 138 84 140 86 142 88 144 90 145 92 147 94 148 96 11 35 97 37 99 39 101 41 103 43 105 45 107 47 109 49 113 154 115 156 117 157 119 26 121 158 123 29 125 31 2 66 127 68 129 70 131 72 74 134 76 78 139 160 141 51 143 53 8 146 57 9 10 98 149 100 102 106 155 81 24 25 28 128 50 
112 130 58 55 83 82 138 136 132 150 151 13 12 30 89 90 85 27 87 52 114 113 154 137 153 108 18 104 152 14 159 35 36 37 32 33 34 59 60 120 121 54 116 56 118 84 140 139 160 111 110 20 135 42 4 44 133 3 38 39 65 66 67 68 61 62 63 64 91 92 145 146 86 142 88 144 115 156 155 81 80 6 5 46 17 73 19 75 15 16 69 70 97 98 99 100 93 94 95 96 122 123 158 28 117 157 119 26 141 51 50 1 22 21 77 43 105 45 107 40 41 101 102 127 128 129 124 125 126 2 147 9 57 143 53 8 24 7 48 47 109 74 134 76 71 72 131 149 148 10 11 29 25 23 79 78 106 103 31 49 
113 129 120 56 84 138 139 76 131 149 100 151 63 91 90 145 86 87 88 114 115 154 155 78 106 107 108 103 102 152 128 159 130 36 93 34 95 60 122 121 158 116 117 118 119 140 141 160 50 49 109 110 134 135 136 4 72 133 132 38 150 65 13 67 62 124 64 126 92 147 146 57 142 143 144 8 156 24 81 82 79 80 137 5 153 17 18 19 104 15 14 69 35 97 37 99 94 148 96 11 123 29 28 89 157 25 26 27 51 52 112 111 1 20 21 42 43 44 45 3 40 39 101 66 127 68 125 31 2 33 9 59 58 53 54 55 83 6 7 46 47 73 74 75 16 71 70 98 10 61 12 30 85 22 23 77 105 41 32 48 
114 128 60 116 138 84 140 134 72 100 149 150 62 90 91 92 87 86 142 113 154 115 156 79 107 106 153 102 103 104 129 130 159 35 34 93 94 120 121 122 123 56 118 117 157 139 160 141 51 109 49 111 76 136 135 42 131 132 133 3 151 13 65 66 63 64 124 125 145 146 147 9 88 144 143 53 155 81 24 83 78 137 80 6 108 18 17 73 152 14 15 16 36 37 97 98 95 96 148 10 158 28 29 30 119 26 25 85 50 112 52 110 20 1 22 4 44 43 105 38 39 40 41 67 68 127 126 2 31 32 57 58 59 8 55 54 82 5 46 7 48 19 75 74 69 70 71 99 11 12 61 89 27 21 77 23 45 101 33 47 
115 127 122 117 139 140 141 74 71 99 98 149 124 145 92 147 88 142 143 154 155 156 24 23 45 105 106 101 41 103 68 129 128 159 95 94 148 121 158 123 29 118 119 157 25 160 50 51 52 47 48 49 75 76 134 135 70 131 72 133 100 151 150 65 64 126 125 31 146 57 9 59 144 8 53 54 81 82 83 84 77 78 79 80 107 108 153 17 102 152 104 15 130 36 35 97 96 11 10 61 28 89 30 91 26 27 85 86 112 113 114 109 110 111 1 136 4 42 43 132 38 3 40 13 67 66 2 33 32 93 58 120 60 55 56 116 138 137 5 6 7 18 19 73 14 69 16 37 12 63 62 90 87 20 21 22 44 39 34 46 
116 102 62 138 87 86 142 109 128 72 131 132 90 34 93 94 114 113 154 56 118 117 157 134 79 78 137 100 149 150 103 104 152 14 60 120 121 63 64 124 125 84 140 139 160 88 144 143 53 107 106 153 49 111 110 20 129 130 159 35 133 3 38 39 91 92 145 146 95 96 148 10 115 156 155 81 119 26 25 85 76 136 135 42 80 6 5 46 151 13 65 66 15 16 69 70 122 123 158 28 126 2 31 32 141 51 50 112 8 55 54 108 18 17 73 1 22 21 77 36 37 97 98 40 41 101 147 9 57 58 11 12 61 24 83 82 27 4 44 43 105 7 48 47 67 68 127 71 29 30 89 33 52 19 75 74 23 99 59 45 
117 101 124 139 88 142 143 47 127 71 70 131 145 95 94 148 115 154 155 118 119 157 25 74 23 77 78 99 98 149 41 103 102 152 122 121 158 64 126 125 31 140 141 160 50 144 8 53 54 45 105 106 48 49 109 110 68 129 128 159 72 133 132 38 92 147 146 57 96 11 10 61 156 24 81 82 26 27 85 86 75 76 134 135 79 80 137 5 100 151 150 65 104 15 14 69 123 29 28 89 2 33 32 93 51 52 112 113 55 56 116 107 108 153 17 111 1 20 21 130 36 35 97 3 40 39 9 59 58 120 12 63 62 83 84 138 87 136 4 42 43 6 7 46 13 67 66 16 30 91 90 34 114 18 19 73 22 37 60 44 
118 41 64 140 142 88 144 48 68 70 71 72 92 94 95 96 154 115 156 117 157 119 26 75 77 23 79 98 99 100 101 102 103 104 121 122 123 124 125 126 2 139 160 141 51 143 53 8 55 105 45 107 47 109 49 111 127 128 129 130 131 132 133 3 145 146 147 9 148 10 11 12 155 81 24 83 25 85 27 87 74 134 76 136 78 137 80 6 149 150 151 13 152 14 15 16 158 28 29 30 31 32 33 34 50 112 52 114 54 116 56 106 153 108 18 110 20 1 22 159 35 36 37 38 39 40 57 58 59 60 61 62 63 82 138 84 86 135 42 4 44 5 46 7 65 66 67 69 89 90 91 93 113 17 73 19 21 97 120 43 
119 40 126 141 143 144 8 7 67 69 16 71 147 148 96 11 155 156 24 157 25 26 27 19 21 22 23 97 37 99 39 101 41 103 158 123 29 125 31 2 33 160 50 51 52 53 54 55 56 43 44 45 46 47 48 49 66 127 68 129 70 131 72 133 146 57 9 59 10 61 12 63 81 82 83 84 85 86 87 88 73 74 75 76 77 78 79 80 98 149 100 151 102 152 104 15 28 89 30 91 32 93 34 95 112 113 114 115 116 117 118 105 106 107 108 109 110 111 1 128 159 130 36 132 38 3 58 120 60 122 62 124 64 138 139 140 142 134 135 136 4 137 5 6 150 65 13 14 90 145 92 94 154 153 17 18 20 35 121 42 
120 107 138 63 91 90 145 129 109 134 76 136 87 114 113 154 93 34 95 60 122 121 158 131 149 100 151 79 78 137 106 153 108 18 116 56 118 84 140 139 160 62 124 64 126 92 147 146 57 103 102 152 128 159 130 36 49 111 110 20 135 42 4 44 86 142 88 144 115 156 155 81 94 148 96 11 123 29 28 89 72 133 132 38 150 65 13 67 80 6 5 46 17 73 19 75 117 157 119 26 141 51 50 112 125 31 2 33 9 59 58 104 15 14 69 35 97 37 99 1 22 21 77 43 105 45 143 53 8 55 24 83 82 10 61 12 30 3 40 39 101 66 127 68 7 48 47 74 25 85 27 52 32 16 71 70 98 23 54 41 
121 45 139 64 92 145 146 68 47 74 75 76 88 115 154 155 94 95 96 122 123 158 28 70 98 99 100 23 77 78 105 106 107 108 117 118 119 140 141 160 50 124 125 126 2 147 9 57 58 41 101 102 127 128 129 130 48 49 109 110 134 135 136 4 142 143 144 8 156 24 81 82 148 10 11 12 29 30 89 90 71 72 131 132 149 150 151 13 79 80 137 5 153 17 18 19 157 25 26 27 51 52 112 113 31 32 33 34 59 60 120 103 104 152 14 159 35 36 37 111 1 20 21 42 43 44 53 54 55 56 83 84 138 61 62 63 91 133 3 38 39 65 66 67 6 7 46 73 85 86 87 114 93 15 16 69 97 22 116 40 
122 105 140 124 145 92 147 127 48 75 74 134 142 154 115 156 95 94 148 121 158 123 29 71 99 98 149 77 23 79 45 107 106 153 118 117 157 139 160 141 51 64 126 125 31 146 57 9 59 101 41 103 68 129 128 159 47 109 49 111 76 136 135 42 88 144 143 53 155 81 24 83 96 11 10 61 28 89 30 91 70 131 72 133 100 151 150 65 78 137 80 6 108 18 17 73 119 26 25 85 50 112 52 114 2 33 32 93 58 120 60 102 152 104 15 130 36 35 97 110 20 1 22 4 44 43 8 55 54 116 82 138 84 12 63 62 90 132 38 3 40 13 67 66 5 46 7 19 27 87 86 113 34 14 69 16 37 21 56 39 
123 43 141 125 146 147 9 66 7 19 73 74 143 155 156 24 96 148 10 158 28 29 30 16 37 97 98 21 22 23 44 45 105 106 119 157 25 160 50 51 52 126 2 31 32 57 58 59 60 39 40 41 67 68 127 128 46 47 48 49 75 76 134 135 144 8 53 54 81 82 83 84 11 12 61 62 89 90 91 92 69 70 71 72 99 100 149 150 77 78 79 80 107 108 153 17 26 27 85 86 112 113 114 115 33 34 93 94 120 121 122 101 102 103 104 129 130 159 35 109 110 111 1 136 4 42 55 56 116 117 138 139 140 63 64 124 145 131 132 133 3 151 13 65 137 5 6 18 87 88 142 154 95 152 14 15 36 20 118 38 
124 77 142 145 95 94 148 101 105 48 47 109 154 118 117 157 122 121 158 64 126 125 31 127 71 70 131 75 74 134 23 79 78 137 140 139 160 88 144 143 53 92 147 146 57 96 11 10 61 99 98 149 41 103 102 152 45 107 106 153 49 111 110 20 115 156 155 81 119 26 25 85 123 29 28 89 2 33 32 93 68 129 128 159 72 133 132 38 76 136 135 42 80 6 5 46 141 51 50 112 8 55 54 116 9 59 58 120 12 63 62 100 151 150 65 104 15 14 69 108 18 17 73 1 22 21 24 83 82 138 27 87 86 30 91 90 34 130 36 35 97 3 40 39 4 44 43 7 52 114 113 56 60 13 67 66 16 19 84 37 
125 21 143 146 96 148 10 39 43 7 46 47 155 119 157 25 123 158 28 126 2 31 32 66 16 69 70 19 73 74 22 23 77 78 141 160 50 144 8 53 54 147 9 57 58 11 12 61 62 37 97 98 40 41 101 102 44 45 105 106 48 49 109 110 156 24 81 82 26 27 85 86 29 30 89 90 33 34 93 94 67 68 127 128 71 72 131 132 75 76 134 135 79 80 137 5 51 52 112 113 55 56 116 117 59 60 120 121 63 64 124 99 100 149 150 103 104 152 14 107 108 153 17 111 1 20 83 84 138 139 87 88 142 91 92 145 95 129 130 159 35 133 3 38 136 4 42 6 114 115 154 118 122 151 13 65 15 18 140 36 
126 22 144 147 148 96 11 40 44 46 7 48 156 157 119 26 158 123 29 125 31 2 33 67 69 16 71 73 19 75 21 77 23 79 160 141 51 143 53 8 55 146 57 9 59 10 61 12 63 97 37 99 39 101 41 103 43 105 45 107 47 109 49 111 155 81 24 83 25 85 27 87 28 89 30 91 32 93 34 95 66 127 68 129 70 131 72 133 74 134 76 136 78 137 80 6 50 112 52 114 54 116 56 118 58 120 60 122 62 124 64 98 149 100 151 102 152 104 15 106 153 108 18 110 20 1 82 138 84 140 86 142 88 90 145 92 94 128 159 130 36 132 38 3 135 42 4 5 113 154 115 117 121 150 65 13 14 17 139 35 
127 115 74 71 99 98 149 122 117 139 140 141 23 45 105 106 101 41 103 68 129 128 159 124 145 92 147 88 142 143 154 155 156 24 47 48 49 75 76 134 135 70 131 72 133 100 151 150 65 95 94 148 121 158 123 29 118 119 157 25 160 50 51 52 77 78 79 80 107 108 153 17 102 152 104 15 130 36 35 97 64 126 125 31 146 57 9 59 144 8 53 54 81 82 83 84 109 110 111 1 136 4 42 43 132 38 3 40 13 67 66 96 11 10 61 28 89 30 91 26 27 85 86 112 113 114 137 5 6 7 18 19 73 14 69 16 37 2 33 32 93 58 120 60 55 56 116 138 20 21 22 44 39 12 63 62 90 87 46 34 
128 114 134 72 100 149 150 60 116 138 84 140 79 107 106 153 102 103 104 129 130 159 35 62 90 91 92 87 86 142 113 154 115 156 109 49 111 76 136 135 42 131 132 133 3 151 13 65 66 34 93 94 120 121 122 123 56 118 117 157 139 160 141 51 78 137 80 6 108 18 17 73 152 14 15 16 36 37 97 98 63 64 124 125 145 146 147 9 88 144 143 53 155 81 24 83 110 20 1 22 4 44 43 105 38 39 40 41 67 68 127 95 96 148 10 158 28 29 30 119 26 25 85 50 112 52 5 46 7 48 19 75 74 69 70 71 99 126 2 31 32 57 58 59 8 55 54 82 21 77 23 45 101 11 12 61 89 27 47 33 
129 113 76 131 149 100 151 120 56 84 138 139 78 106 107 108 103 102 152 128 159 130 36 63 91 90 145 86 87 88 114 115 154 155 49 109 110 134 135 136 4 72 133 132 38 150 65 13 67 93 34 95 60 122 121 158 116 117 118 119 140 141 160 50 79 80 137 5 153 17 18 19 104 15 14 69 35 97 37 99 62 124 64 126 92 147 146 57 142 143 144 8 156 24 81 82 111 1 20 21 42 43 44 45 3 40 39 101 66 127 68 94 148 96 11 123 29 28 89 157 25 26 27 51 52 112 6 7 46 47 73 74 75 16 71 70 98 125 31 2 33 9 59 58 53 54 55 83 22 23 77 105 41 10 61 12 30 85 48 32 
130 112 136 132 150 151 13 58 55 83 82 138 137 153 108 18 104 152 14 159 35 36 37 12 30 89 90 85 27 87 52 114 113 154 111 110 20 135 42 4 44 133 3 38 39 65 66 67 68 32 33 34 59 60 120 121 54 116 56 118 84 140 139 160 80 6 5 46 17 73 19 75 15 16 69 70 97 98 99 100 61 62 63 64 91 92 145 146 86 142 88 144 115 156 155 81 1 22 21 77 43 105 45 107 40 41 101 102 127 128 129 93 94 95 96 122 123 158 28 117 157 119 26 141 51 50 7 48 47 109 74 134 76 71 72 131 149 124 125 126 2 147 9 57 143 53 8 24 23 79 78 106 103 148 10 11 29 25 49 31 
131 86 78 149 103 102 152 93 113 56 116 117 106 49 109 110 129 128 159 72 133 132 38 120 63 62 124 84 138 139 87 88 142 143 76 134 135 79 80 137 5 100 151 150 65 104 15 14 69 91 90 145 34 95 94 148 114 115 154 155 118 119 157 25 107 108 153 17 111 1 20 21 130 36 35 97 3 40 39 101 60 122 121 158 64 126 125 31 140 141 160 50 144 8 53 54 136 4 42 43 6 7 46 47 13 67 66 127 16 71 70 92 147 146 57 96 11 10 61 156 24 81 82 26 27 85 18 19 73 74 22 23 77 37 99 98 41 123 29 28 89 2 33 32 51 52 112 55 44 45 105 48 68 9 59 58 12 83 75 30 
132 85 137 150 104 152 14 32 112 55 54 116 153 111 110 20 130 159 35 133 3 38 39 58 12 61 62 83 82 138 27 87 86 142 136 135 42 80 6 5 46 151 13 65 66 15 16 69 70 30 89 90 33 34 93 94 52 114 113 154 56 118 117 157 108 18 17 73 1 22 21 77 36 37 97 98 40 41 101 102 59 60 120 121 63 64 124 125 84 140 139 160 88 144 143 53 4 44 43 105 7 48 47 109 67 68 127 128 71 72 131 91 92 145 146 95 96 148 10 115 156 155 81 119 26 25 19 75 74 134 23 79 78 99 100 149 103 122 123 158 28 126 2 31 141 51 50 8 45 107 106 49 129 147 9 57 11 24 76 29 
133 27 80 151 152 104 15 33 52 54 55 56 108 110 111 1 159 130 36 132 38 3 40 59 61 12 63 82 83 84 85 86 87 88 135 136 4 137 5 6 7 150 65 13 67 14 69 16 71 89 30 91 32 93 34 95 112 113 114 115 116 117 118 119 153 17 18 19 20 21 22 23 35 97 37 99 39 101 41 103 58 120 60 122 62 124 64 126 138 139 140 141 142 143 144 8 42 43 44 45 46 47 48 49 66 127 68 129 70 131 72 90 145 92 147 94 148 96 11 154 155 156 24 157 25 26 73 74 75 76 77 78 79 98 149 100 102 121 158 123 29 125 31 2 160 50 51 53 105 106 107 109 128 146 57 9 10 81 134 28 
134 91 149 79 107 106 153 114 93 120 60 122 103 129 128 159 109 49 111 76 136 135 42 116 138 84 140 63 62 124 90 145 92 147 131 72 133 100 151 150 65 78 137 80 6 108 18 17 73 87 86 142 113 154 115 156 34 95 94 148 121 158 123 29 102 152 104 15 130 36 35 97 110 20 1 22 4 44 43 105 56 118 117 157 139 160 141 51 64 126 125 31 146 57 9 59 132 38 3 40 13 67 66 127 5 46 7 48 19 75 74 88 144 143 53 155 81 24 83 96 11 10 61 28 89 30 14 69 16 71 37 99 98 21 77 23 45 119 26 25 85 50 112 52 2 33 32 58 39 101 41 68 47 8 55 54 82 12 70 27 
135 30 150 80 108 153 17 52 32 58 59 60 104 130 159 35 110 111 1 136 4 42 43 54 82 83 84 12 61 62 89 90 91 92 132 133 3 151 13 65 66 137 5 6 7 18 19 73 74 27 85 86 112 113 114 115 33 34 93 94 120 121 122 123 152 14 15 16 36 37 97 98 20 21 22 23 44 45 105 106 55 56 116 117 138 139 140 141 63 64 124 125 145 146 147 9 38 39 40 41 67 68 127 128 46 47 48 49 75 76 134 87 88 142 143 154 155 156 24 95 96 148 10 158 28 29 69 70 71 72 99 100 149 77 78 79 107 118 119 157 25 160 50 51 126 2 31 57 101 102 103 129 109 144 8 53 81 11 131 26 
136 89 151 137 153 108 18 112 33 59 58 120 152 159 130 36 111 110 20 135 42 4 44 55 83 82 138 61 12 63 30 91 90 145 133 132 38 150 65 13 67 80 6 5 46 17 73 19 75 85 27 87 52 114 113 154 32 93 34 95 60 122 121 158 104 15 14 69 35 97 37 99 1 22 21 77 43 105 45 107 54 116 56 118 84 140 139 160 62 124 64 126 92 147 146 57 3 40 39 101 66 127 68 129 7 48 47 109 74 134 76 86 142 88 144 115 156 155 81 94 148 96 11 123 29 28 16 71 70 131 98 149 100 23 79 78 106 117 157 119 26 141 51 50 125 31 2 9 41 103 102 128 49 143 53 8 24 10 72 25 
137 61 152 153 111 110 20 85 89 33 32 93 159 133 132 38 136 135 42 80 6 5 46 112 55 54 116 59 58 120 12 63 62 124 151 150 65 104 15 14 69 108 18 17 73 1 22 21 77 83 82 138 27 87 86 142 30 91 90 145 34 95 94 148 130 36 35 97 3 40 39 101 4 44 43 105 7 48 47 109 52 114 113 154 56 118 117 157 60 122 121 158 64 126 125 31 13 67 66 127 16 71 70 131 19 75 74 134 23 79 78 84 140 139 160 88 144 143 53 92 147 146 57 96 11 10 37 99 98 149 41 103 102 45 107 106 49 115 156 155 81 119 26 25 123 29 28 2 68 129 128 72 76 141 51 50 8 9 100 24 
138 100 90 87 114 113 154 107 102 128 129 130 34 60 120 121 116 56 118 84 140 139 160 109 134 76 136 72 131 132 149 150 151 13 62 63 64 91 92 145 146 86 142 88 144 115 156 155 81 79 78 137 106 153 108 18 103 104 152 14 159 35 36 37 93 94 95 96 122 123 158 28 117 157 119 26 141 51 50 112 49 111 110 20 135 42 4 44 133 3 38 39 65 66 67 68 124 125 126 2 147 9 57 58 143 53 8 55 24 83 82 80 6 5 46 17 73 19 75 15 16 69 70 97 98 99 148 10 11 12 29 30 89 25 85 27 52 1 22 21 77 43 105 45 40 41 101 127 31 32 33 59 54 7 48 47 74 71 61 23 
139 99 145 88 115 154 155 45 101 127 68 129 95 122 121 158 117 118 119 140 141 160 50 47 74 75 76 71 70 131 98 149 100 151 124 64 126 92 147 146 57 142 143 144 8 156 24 81 82 23 77 78 105 106 107 108 41 103 102 152 128 159 130 36 94 148 96 11 123 29 28 89 157 25 26 27 51 52 112 113 48 49 109 110 134 135 136 4 72 133 132 38 150 65 13 67 125 31 2 33 9 59 58 120 53 54 55 56 83 84 138 79 80 137 5 153 17 18 19 104 15 14 69 35 97 37 10 61 12 63 30 91 90 85 86 87 114 111 1 20 21 42 43 44 3 40 39 66 32 93 34 60 116 6 7 46 73 16 62 22 
140 98 92 142 154 115 156 105 41 68 127 128 94 121 122 123 118 117 157 139 160 141 51 48 75 74 134 70 71 72 99 100 149 150 64 124 125 145 146 147 9 88 144 143 53 155 81 24 83 77 23 79 45 107 106 153 101 102 103 104 129 130 159 35 95 96 148 10 158 28 29 30 119 26 25 85 50 112 52 114 47 109 49 111 76 136 135 42 131 132 133 3 151 13 65 66 126 2 31 32 57 58 59 60 8 55 54 116 82 138 84 78 137 80 6 108 18 17 73 152 14 15 16 36 37 97 11 12 61 62 89 90 91 27 87 86 113 110 20 1 22 4 44 43 38 39 40 67 33 34 93 120 56 5 46 7 19 69 63 21 
141 97 147 143 155 156 24 43 40 67 66 127 148 158 123 29 119 157 25 160 50 51 52 7 19 73 74 69 16 71 37 99 98 149 126 125 31 146 57 9 59 144 8 53 54 81 82 83 84 21 22 23 44 45 105 106 39 101 41 103 68 129 128 159 96 11 10 61 28 89 30 91 26 27 85 86 112 113 114 115 46 47 48 49 75 76 134 135 70 131 72 133 100 151 150 65 2 33 32 93 58 120 60 122 55 56 116 117 138 139 140 77 78 79 80 107 108 153 17 102 152 104 15 130 36 35 12 63 62 124 90 145 92 87 88 142 154 109 110 111 1 136 4 42 132 38 3 13 34 95 94 121 118 137 5 6 18 14 64 20 
142 70 94 154 118 117 157 77 98 41 101 102 121 64 124 125 140 139 160 88 144 143 53 105 48 47 109 68 127 128 71 72 131 132 92 145 146 95 96 148 10 115 156 155 81 119 26 25 85 75 74 134 23 79 78 137 99 100 149 150 103 104 152 14 122 123 158 28 126 2 31 32 141 51 50 112 8 55 54 116 45 107 106 153 49 111 110 20 129 130 159 35 133 3 38 39 147 9 57 58 11 12 61 62 24 83 82 138 27 87 86 76 136 135 42 80 6 5 46 151 13 65 66 15 16 69 29 30 89 90 33 34 93 52 114 113 56 108 18 17 73 1 22 21 36 37 97 40 59 60 120 63 84 4 44 43 7 67 91 19 
143 69 148 155 119 157 25 21 97 40 39 101 158 126 125 31 141 160 50 144 8 53 54 43 7 46 47 67 66 127 16 71 70 131 147 146 57 96 11 10 61 156 24 81 82 26 27 85 86 19 73 74 22 23 77 78 37 99 98 149 41 103 102 152 123 29 28 89 2 33 32 93 51 52 112 113 55 56 116 117 44 45 105 106 48 49 109 110 68 129 128 159 72 133 132 38 9 59 58 120 12 63 62 124 83 84 138 139 87 88 142 75 76 134 135 79 80 137 5 100 151 150 65 104 15 14 30 91 90 145 34 95 94 114 115 154 118 107 108 153 17 111 1 20 130 36 35 3 60 122 121 64 140 136 4 42 6 13 92 18 
144 16 96 156 157 119 26 22 37 39 40 41 123 125 126 2 160 141 51 143 53 8 55 44 46 7 48 66 67 68 69 70 71 72 146 147 9 148 10 11 12 155 81 24 83 25 85 27 87 73 19 75 21 77 23 79 97 98 99 100 101 102 103 104 158 28 29 30 31 32 33 34 50 112 52 114 54 116 56 118 43 105 45 107 47 109 49 111 127 128 129 130 131 132 133 3 57 58 59 60 61 62 63 64 82 138 84 140 86 142 88 74 134 76 136 78 137 80 6 149 150 151 13 152 14 15 89 90 91 92 93 94 95 113 154 115 117 106 153 108 18 110 20 1 159 35 36 38 120 121 122 124 139 135 42 4 5 65 145 17 
145 75 154 95 122 121 158 99 77 105 45 107 118 140 139 160 124 64 126 92 147 146 57 101 127 68 129 48 47 109 74 134 76 136 142 88 144 115 156 155 81 94 148 96 11 123 29 28 89 71 70 131 98 149 100 151 23 79 78 137 106 153 108 18 117 157 119 26 141 51 50 112 125 31 2 33 9 59 58 120 41 103 102 152 128 159 130 36 49 111 110 20 135 42 4 44 143 53 8 55 24 83 82 138 10 61 12 63 30 91 90 72 133 132 38 150 65 13 67 80 6 5 46 17 73 19 25 85 27 87 52 114 113 32 93 34 60 104 15 14 69 35 97 37 1 22 21 43 54 116 56 84 62 3 40 39 66 7 86 16 
146 19 155 96 123 158 28 37 21 43 44 45 119 141 160 50 125 126 2 147 9 57 58 39 66 67 68 7 46 47 73 74 75 76 143 144 8 156 24 81 82 148 10 11 12 29 30 89 90 16 69 70 97 98 99 100 22 23 77 78 105 106 107 108 157 25 26 27 51 52 112 113 31 32 33 34 59 60 120 121 40 41 101 102 127 128 129 130 48 49 109 110 134 135 136 4 53 54 55 56 83 84 138 139 61 62 63 64 91 92 145 71 72 131 132 149 150 151 13 79 80 137 5 153 17 18 85 86 87 88 114 115 154 93 94 95 122 103 104 152 14 159 35 36 111 1 20 42 116 117 118 140 124 133 3 38 65 6 142 15 
147 73 156 148 158 123 29 97 22 44 43 105 157 160 141 51 126 125 31 146 57 9 59 40 67 66 127 46 7 48 19 75 74 134 144 143 53 155 81 24 83 96 11 10 61 28 89 30 91 69 16 71 37 99 98 149 21 77 23 79 45 107 106 153 119 26 25 85 50 112 52 114 2 33 32 93 58 120 60 122 39 101 41 103 68 129 128 159 47 109 49 111 76 136 135 42 8 55 54 116 82 138 84 140 12 63 62 124 90 145 92 70 131 72 133 100 151 150 65 78 137 80 6 108 18 17 27 87 86 142 113 154 115 34 95 94 121 102 152 104 15 130 36 35 110 20 1 4 56 118 117 139 64 132 38 3 13 5 88 14 
148 46 157 158 126 125 31 69 73 22 21 77 160 144 143 53 147 146 57 96 11 10 61 97 40 39 101 44 43 105 7 48 47 109 156 155 81 119 26 25 85 123 29 28 89 2 33 32 93 67 66 127 16 71 70 131 19 75 74 134 23 79 78 137 141 51 50 112 8 55 54 116 9 59 58 120 12 63 62 124 37 99 98 149 41 103 102 152 45 107 106 153 49 111 110 20 24 83 82 138 27 87 86 142 30 91 90 145 34 95 94 68 129 128 159 72 133 132 38 76 136 135 42 80 6 5 52 114 113 154 56 118 117 60 122 121 64 100 151 150 65 104 15 14 108 18 17 1 84 140 139 88 92 130 36 35 3 4 115 13 
149 84 106 103 129 128 159 91 86 113 114 115 49 76 134 135 131 72 133 100 151 150 65 93 120 60 122 56 116 117 138 139 140 141 78 79 80 107 108 153 17 102 152 104 15 130 36 35 97 63 62 124 90 145 92 147 87 88 142 143 154 155 156 24 109 110 111 1 136 4 42 43 132 38 3 40 13 67 66 127 34 95 94 148 121 158 123 29 118 119 157 25 160 50 51 52 137 5 6 7 18 19 73 74 14 69 16 71 37 99 98 64 126 125 31 146 57 9 59 144 8 53 54 81 82 83 20 21 22 23 44 45 105 39 101 41 68 96 11 10 61 28 89 30 26 27 85 112 46 47 48 75 70 2 33 32 58 55 77 12 
150 83 153 104 130 159 35 30 85 112 52 114 111 136 135 42 132 133 3 151 13 65 66 32 58 59 60 55 54 116 82 138 84 140 137 80 6 108 18 17 73 152 14 15 16 36 37 97 98 12 61 62 89 90 91 92 27 87 86 142 113 154 115 156 110 20 1 22 4 44 43 105 38 39 40 41 67 68 127 128 33 34 93 94 120 121 122 123 56 118 117 157 139 160 141 51 5 46 7 48 19 75 74 134 69 70 71 72 99 100 149 63 64 124 125 145 146 147 9 88 144 143 53 155 81 24 21 77 23 79 45 107 106 101 102 103 129 95 96 148 10 158 28 29 119 26 25 50 47 109 49 76 131 126 2 31 57 8 78 11 
151 82 108 152 159 130 36 89 27 52 112 113 110 135 136 4 133 132 38 150 65 13 67 33 59 58 120 54 55 56 83 84 138 139 80 137 5 153 17 18 19 104 15 14 69 35 97 37 99 61 12 63 30 91 90 145 85 86 87 88 114 115 154 155 111 1 20 21 42 43 44 45 3 40 39 101 66 127 68 129 32 93 34 95 60 122 121 158 116 117 118 119 140 141 160 50 6 7 46 47 73 74 75 76 16 71 70 131 98 149 100 62 124 64 126 92 147 146 57 142 143 144 8 156 24 81 22 23 77 78 105 106 107 41 103 102 128 94 148 96 11 123 29 28 157 25 26 51 48 49 109 134 72 125 31 2 9 53 79 10 
152 54 110 159 133 132 38 61 82 27 85 86 135 80 137 5 151 150 65 104 15 14 69 89 33 32 93 52 112 113 55 56 116 117 108 153 17 111 1 20 21 130 36 35 97 3 40 39 101 59 58 120 12 63 62 124 83 84 138 139 87 88 142 143 136 4 42 43 6 7 46 47 13 67 66 127 16 71 70 131 30 91 90 145 34 95 94 148 114 115 154 155 118 119 157 25 18 19 73 74 22 23 77 78 37 99 98 149 41 103 102 60 122 121 158 64 126 125 31 140 141 160 50 144 8 53 44 45 105 106 48 49 109 68 129 128 72 92 147 146 57 96 11 10 156 24 81 26 75 76 134 79 100 123 29 28 2 51 107 9 
153 59 159 111 136 135 42 83 61 89 30 91 133 151 150 65 137 80 6 108 18 17 73 85 112 52 114 33 32 93 58 120 60 122 152 104 15 130 36 35 97 110 20 1 22 4 44 43 105 55 54 116 82 138 84 140 12 63 62 124 90 145 92 147 132 38 3 40 13 67 66 127 5 46 7 48 19 75 74 134 27 87 86 142 113 154 115 156 34 95 94 148 121 158 123 29 14 69 16 71 37 99 98 149 21 77 23 79 45 107 106 56 118 117 157 139 160 141 51 64 126 125 31 146 57 9 39 101 41 103 68 129 128 47 109 49 76 88 144 143 53 155 81 24 96 11 10 28 70 131 72 100 78 119 26 25 50 2 102 8 
154 68 121 118 140 139 160 75 70 98 99 100 64 92 145 146 142 88 144 115 156 155 81 77 105 45 107 41 101 102 127 128 129 130 94 95 96 122 123 158 28 117 157 119 26 141 51 50 112 48 47 109 74 134 76 136 71 72 131 132 149 150 151 13 124 125 126 2 147 9 57 58 143 53 8 55 24 83 82 138 23 79 78 137 106 153 108 18 103 104 152 14 159 35 36 37 148 10 11 12 29 30 89 90 25 85 27 87 52 114 113 49 111 110 20 135 42 4 44 133 3 38 39 65 66 67 31 32 33 34 59 60 120 54 116 56 84 80 6 5 46 17 73 19 15 16 69 97 61 62 63 91 86 1 22 21 43 40 93 7 
155 67 158 119 141 160 50 19 69 97 37 99 126 147 146 57 143 144 8 156 24 81 82 21 43 44 45 40 39 101 66 127 68 129 148 96 11 123 29 28 89 157 25 26 27 51 52 112 113 7 46 47 73 74 75 76 16 71 70 131 98 149 100 151 125 31 2 33 9 59 58 120 53 54 55 56 83 84 138 139 22 23 77 78 105 106 107 108 41 103 102 152 128 159 130 36 10 61 12 63 30 91 90 145 85 86 87 88 114 115 154 48 49 109 110 134 135 136 4 72 133 132 38 150 65 13 32 93 34 95 60 122 121 116 117 118 140 79 80 137 5 153 17 18 104 15 14 35 62 124 64 92 142 111 1 20 42 3 94 6 
156 66 123 157 160 141 51 73 16 37 97 98 125 146 147 9 144 143 53 155 81 24 83 22 44 43 105 39 40 41 67 68 127 128 96 148 10 158 28 29 30 119 26 25 85 50 112 52 114 46 7 48 19 75 74 134 69 70 71 72 99 100 149 150 126 2 31 32 57 58 59 60 8 55 54 116 82 138 84 140 21 77 23 79 45 107 106 153 101 102 103 104 129 130 159 35 11 12 61 62 89 90 91 92 27 87 86 142 113 154 115 47 109 49 111 76 136 135 42 131 132 133 3 151 13 65 33 34 93 94 120 121 122 56 118 117 139 78 137 80 6 108 18 17 152 14 15 36 63 64 124 145 88 110 20 1 4 38 95 5 
157 39 125 160 144 143 53 46 66 16 69 70 146 96 148 10 156 155 81 119 26 25 85 73 22 21 77 37 97 98 40 41 101 102 123 158 28 126 2 31 32 141 51 50 112 8 55 54 116 44 43 105 7 48 47 109 67 68 127 128 71 72 131 132 147 9 57 58 11 12 61 62 24 83 82 138 27 87 86 142 19 75 74 134 23 79 78 137 99 100 149 150 103 104 152 14 29 30 89 90 33 34 93 94 52 114 113 154 56 118 117 45 107 106 153 49 111 110 20 129 130 159 35 133 3 38 59 60 120 121 63 64 124 84 140 139 88 76 136 135 42 80 6 5 151 13 65 15 91 92 145 95 115 108 18 17 1 36 122 4 
158 44 160 126 147 146 57 67 46 73 19 75 144 156 155 81 148 96 11 123 29 28 89 69 97 37 99 22 21 77 43 105 45 107 157 119 26 141 51 50 112 125 31 2 33 9 59 58 120 40 39 101 66 127 68 129 7 48 47 109 74 134 76 136 143 53 8 55 24 83 82 138 10 61 12 63 30 91 90 145 16 71 70 131 98 149 100 151 23 79 78 137 106 153 108 18 25 85 27 87 52 114 113 154 32 93 34 95 60 122 121 41 103 102 152 128 159 130 36 49 111 110 20 135 42 4 54 116 56 118 84 140 139 62 124 64 92 72 133 132 38 150 65 13 80 6 5 17 86 142 88 115 94 104 15 14 35 1 117 3 
159 52 135 133 151 150 65 59 54 82 83 84 80 108 153 17 152 104 15 130 36 35 97 61 89 30 91 27 85 86 112 113 114 115 110 111 1 136 4 42 43 132 38 3 40 13 67 66 127 33 32 93 58 120 60 122 55 56 116 117 138 139 140 141 137 5 6 7 18 19 73 74 14 69 16 71 37 99 98 149 12 63 62 124 90 145 92 147 87 88 142 143 154 155 156 24 20 21 22 23 44 45 105 106 39 101 41 103 68 129 128 34 95 94 148 121 158 123 29 118 119 157 25 160 50 51 46 47 48 49 75 76 134 70 131 72 100 64 126 125 31 146 57 9 144 8 53 81 77 78 79 107 102 96 11 10 28 26 109 2 
160 37 146 144 156 155 81 44 39 66 67 68 96 123 158 28 157 119 26 141 51 50 112 46 73 19 75 16 69 70 97 98 99 100 125 126 2 147 9 57 58 143 53 8 55 24 83 82 138 22 21 77 43 105 45 107 40 41 101 102 127 128 129 130 148 10 11 12 29 30 89 90 25 85 27 87 52 114 113 154 7 48 47 109 74 134 76 136 71 72 131 132 149 150 151 13 31 32 33 34 59 60 120 121 54 116 56 118 84 140 139 23 79 78 137 106 153 108 18 103 104 152 14 159 35 36 61 62 63 64 91 92 145 86 142 88 115 49 111 110 20 135 42 4 133 3 38 65 93 94 95 122 117 80 6 5 17 15 124 1 
