152 2
1 2 3 4 5 6 7 8 9 10 11 12 13 14 15 16 17 18 19 20 21 22 23 24 25 26 27 28 29 30 31 32 33 34 35 36 37 38 39 40 41 42 43 44 45 46 47 48 49 50 51 52 53 54 55 56 57 58 59 60 61 62 63 64 65 66 67 68 69 70 71 72 73 74 75 76 77 78 79 80 81 82 83 84 85 86 87 88 89 90 91 92 93 94 95 96 97 98 99 100 101 102 103 104 105 106 107 108 109 110 111 112 113 114 115 116 117 118 119 120 121 122 123 124 125 126 127 128 129 130 131 132 133 134 135 136 137 138 139 140 141 142 143 144 145 146 147 148 149 150 151 152 
2 4 6 7 8 10 5 12 13 14 15 16 18 11 20 1 21 22 23 24 26 19 28 3 29 30 31 32 34 27 36 9 37 38 39 40 42 35 44 17 45 46 47 48 50 43 52 25 53 54 55 56 58 51 60 33 61 62 63 64 66 59 68 41 69 70 71 72 74 67 76 49 77 78 79 80 82 75 84 57 85 86 87 88 90 83 92 65 93 94 95 96 98 91 100 73 101 102 103 104 106 99 108 81 109 110 111 112 114 107 116 89 117 118 119 120 122 115 124 97 125 126 127 128 130 123 132 105 133 134 135 136 138 131 140 113 141 142 143 144 145 139 147 121 148 149 150 146 151 129 152 137 
3 6 9 10 11 13 14 15 17 18 19 20 21 22 23 24 25 26 27 28 29 30 31 32 33 34 35 36 37 38 39 40 41 42 43 44 45 46 47 48 49 50 51 52 53 54 55 56 57 58 59 60 61 62 63 64 65 66 67 68 69 70 71 72 73 74 75 76 77 78 79 80 81 82 83 84 85 86 87 88 89 90 91 92 93 94 95 96 97 98 99 100 101 102 103 104 105 106 107 108 109 110 111 112 113 114 115 116 117 118 119 120 121 122 123 124 125 126 127 128 129 130 131 132 133 134 135 136 137 138 139 140 141 142 143 144 1 145 146 147 2 148 149 150 4 5 151 7 8 152 12 16 
4 7 10 5 12 14 8 16 18 11 20 1 22 15 24 2 26 19 28 3 30 23 32 6 34 27 36 9 38 31 40 13 42 35 44 17 46 39 48 21 50 43 52 25 54 47 56 29 58 51 60 33 62 55 64 37 66 59 68 41 70 63 72 45 74 67 76 49 78 71 80 53 82 75 84 57 86 79 88 61 90 83 92 65 94 87 96 69 98 91 100 73 102 95 104 77 106 99 108 81 110 103 112 85 114 107 116 89 118 111 120 93 122 115 124 97 126 119 128 101 130 123 132 105 134 127 136 109 138 131 140 113 142 135 144 117 145 139 147 121 148 143 150 125 146 151 129 149 152 133 137 141 
5 8 11 12 1 15 16 2 19 20 3 4 23 24 6 7 27 28 9 10 31 32 13 14 35 36 17 18 39 40 21 22 43 44 25 26 47 48 29 30 51 52 33 34 55 56 37 38 59 60 41 42 63 64 45 46 67 68 49 50 71 72 53 54 75 76 57 58 79 80 61 62 83 84 65 66 87 88 69 70 91 92 73 74 95 96 77 78 99 100 81 82 103 104 85 86 107 108 89 90 111 112 93 94 115 116 97 98 119 120 101 102 123 124 105 106 127 128 109 110 131 132 113 114 135 136 117 118 139 140 121 122 143 144 125 126 146 147 129 130 149 150 133 134 151 137 138 152 141 142 145 148 
6 10 13 14 15 18 11 20 21 22 23 24 26 19 28 3 29 30 31 32 34 27 36 9 37 38 39 40 42 35 44 17 45 46 47 48 50 43 52 25 53 54 55 56 58 51 60 33 61 62 63 64 66 59 68 41 69 70 71 72 74 67 76 49 77 78 79 80 82 75 84 57 85 86 87 88 90 83 92 65 93 94 95 96 98 91 100 73 101 102 103 104 106 99 108 81 109 110 111 112 114 107 116 89 117 118 119 120 122 115 124 97 125 126 127 128 130 123 132 105 133 134 135 136 138 131 140 113 141 142 143 144 145 139 147 121 2 148 149 150 4 146 151 129 7 8 152 5 12 137 16 1 
7 5 14 8 16 11 12 1 22 15 24 2 19 20 3 4 30 23 32 6 27 28 9 10 38 31 40 13 35 36 17 18 46 39 48 21 43 44 25 26 54 47 56 29 51 52 33 34 62 55 64 37 59 60 41 42 70 63 72 45 67 68 49 50 78 71 80 53 75 76 57 58 86 79 88 61 83 84 65 66 94 87 96 69 91 92 73 74 102 95 104 77 99 100 81 82 110 103 112 85 107 108 89 90 118 111 120 93 115 116 97 98 126 119 128 101 123 124 105 106 134 127 136 109 131 132 113 114 142 135 144 117 139 140 121 122 148 143 150 125 146 147 129 130 149 152 133 151 137 138 141 145 
8 12 15 16 2 20 1 4 23 24 6 7 28 3 10 5 31 32 13 14 36 9 18 11 39 40 21 22 44 17 26 19 47 48 29 30 52 25 34 27 55 56 37 38 60 33 42 35 63 64 45 46 68 41 50 43 71 72 53 54 76 49 58 51 79 80 61 62 84 57 66 59 87 88 69 70 92 65 74 67 95 96 77 78 100 73 82 75 103 104 85 86 108 81 90 83 111 112 93 94 116 89 98 91 119 120 101 102 124 97 106 99 127 128 109 110 132 105 114 107 135 136 117 118 140 113 122 115 143 144 125 126 147 121 130 123 149 150 133 134 151 129 138 131 152 141 142 137 145 139 148 146 
9 13 17 18 19 21 22 23 25 26 27 28 29 30 31 32 33 34 35 36 37 38 39 40 41 42 43 44 45 46 47 48 49 50 51 52 53 54 55 56 57 58 59 60 61 62 63 64 65 66 67 68 69 70 71 72 73 74 75 76 77 78 79 80 81 82 83 84 85 86 87 88 89 90 91 92 93 94 95 96 97 98 99 100 101 102 103 104 105 106 107 108 109 110 111 112 113 114 115 116 117 118 119 120 121 122 123 124 125 126 127 128 129 130 131 132 133 134 135 136 137 138 139 140 141 142 143 144 1 145 146 147 2 148 149 150 3 4 5 151 6 7 8 152 10 11 12 14 15 16 20 24 
10 14 18 11 20 22 15 24 26 19 28 3 30 23 32 6 34 27 36 9 38 31 40 13 42 35 44 17 46 39 48 21 50 43 52 25 54 47 56 29 58 51 60 33 62 55 64 37 66 59 68 41 70 63 72 45 74 67 76 49 78 71 80 53 82 75 84 57 86 79 88 61 90 83 92 65 94 87 96 69 98 91 100 73 102 95 104 77 106 99 108 81 110 103 112 85 114 107 116 89 118 111 120 93 122 115 124 97 126 119 128 101 130 123 132 105 134 127 136 109 138 131 140 113 142 135 144 117 145 139 147 121 148 143 150 125 4 146 151 129 7 149 152 133 5 12 137 8 16 141 1 2 
11 15 19 20 3 23 24 6 27 28 9 10 31 32 13 14 35 36 17 18 39 40 21 22 43 44 25 26 47 48 29 30 51 52 33 34 55 56 37 38 59 60 41 42 63 64 45 46 67 68 49 50 71 72 53 54 75 76 57 58 79 80 61 62 83 84 65 66 87 88 69 70 91 92 73 74 95 96 77 78 99 100 81 82 103 104 85 86 107 108 89 90 111 112 93 94 115 116 97 98 119 120 101 102 123 124 105 106 127 128 109 110 131 132 113 114 135 136 117 118 139 140 121 122 143 144 125 126 146 147 129 130 149 150 133 134 5 151 137 138 8 152 141 142 12 1 145 16 2 148 4 7 
12 16 20 1 4 24 2 7 28 3 10 5 32 6 14 8 36 9 18 11 40 13 22 15 44 17 26 19 48 21 30 23 52 25 34 27 56 29 38 31 60 33 42 35 64 37 46 39 68 41 50 43 72 45 54 47 76 49 58 51 80 53 62 55 84 57 66 59 88 61 70 63 92 65 74 67 96 69 78 71 100 73 82 75 104 77 86 79 108 81 90 83 112 85 94 87 116 89 98 91 120 93 102 95 124 97 106 99 128 101 110 103 132 105 114 107 136 109 118 111 140 113 122 115 144 117 126 119 147 121 130 123 150 125 134 127 151 129 138 131 152 133 142 135 137 145 139 141 148 143 146 149 
13 18 21 22 23 26 19 28 29 30 31 32 34 27 36 9 37 38 39 40 42 35 44 17 45 46 47 48 50 43 52 25 53 54 55 56 58 51 60 33 61 62 63 64 66 59 68 41 69 70 71 72 74 67 76 49 77 78 79 80 82 75 84 57 85 86 87 88 90 83 92 65 93 94 95 96 98 91 100 73 101 102 103 104 106 99 108 81 109 110 111 112 114 107 116 89 117 118 119 120 122 115 124 97 125 126 127 128 130 123 132 105 133 134 135 136 138 131 140 113 141 142 143 144 145 139 147 121 2 148 149 150 4 146 151 129 6 7 8 152 10 5 12 137 14 15 16 11 20 1 24 3 
14 11 22 15 24 19 20 3 30 23 32 6 27 28 9 10 38 31 40 13 35 36 17 18 46 39 48 21 43 44 25 26 54 47 56 29 51 52 33 34 62 55 64 37 59 60 41 42 70 63 72 45 67 68 49 50 78 71 80 53 75 76 57 58 86 79 88 61 83 84 65 66 94 87 96 69 91 92 73 74 102 95 104 77 99 100 81 82 110 103 112 85 107 108 89 90 118 111 120 93 115 116 97 98 126 119 128 101 123 124 105 106 134 127 136 109 131 132 113 114 142 135 144 117 139 140 121 122 148 143 150 125 146 147 129 130 7 149 152 133 5 151 137 138 8 16 141 12 1 145 2 4 
15 20 23 24 6 28 3 10 31 32 13 14 36 9 18 11 39 40 21 22 44 17 26 19 47 48 29 30 52 25 34 27 55 56 37 38 60 33 42 35 63 64 45 46 68 41 50 43 71 72 53 54 76 49 58 51 79 80 61 62 84 57 66 59 87 88 69 70 92 65 74 67 95 96 77 78 100 73 82 75 103 104 85 86 108 81 90 83 111 112 93 94 116 89 98 91 119 120 101 102 124 97 106 99 127 128 109 110 132 105 114 107 135 136 117 118 140 113 122 115 143 144 125 126 147 121 130 123 149 150 133 134 151 129 138 131 8 152 141 142 12 137 145 139 16 2 148 1 4 146 7 5 
16 1 24 2 7 3 4 5 32 6 14 8 9 10 11 12 40 13 22 15 17 18 19 20 48 21 30 23 25 26 27 28 56 29 38 31 33 34 35 36 64 37 46 39 41 42 43 44 72 45 54 47 49 50 51 52 80 53 62 55 57 58 59 60 88 61 70 63 65 66 67 68 96 69 78 71 73 74 75 76 104 77 86 79 81 82 83 84 112 85 94 87 89 90 91 92 120 93 102 95 97 98 99 100 128 101 110 103 105 106 107 108 136 109 118 111 113 114 115 116 144 117 126 119 121 122 123 124 150 125 134 127 129 130 131 132 152 133 142 135 137 138 139 140 141 148 143 145 146 147 149 151 
17 21 25 26 27 29 30 31 33 34 35 36 37 38 39 40 41 42 43 44 45 46 47 48 49 50 51 52 53 54 55 56 57 58 59 60 61 62 63 64 65 66 67 68 69 70 71 72 73 74 75 76 77 78 79 80 81 82 83 84 85 86 87 88 89 90 91 92 93 94 95 96 97 98 99 100 101 102 103 104 105 106 107 108 109 110 111 112 113 114 115 116 117 118 119 120 121 122 123 124 125 126 127 128 129 130 131 132 133 134 135 136 137 138 139 140 141 142 143 144 1 145 146 147 2 148 149 150 3 4 5 151 6 7 8 152 9 10 11 12 13 14 15 16 18 19 20 22 23 24 28 32 
18 22 26 19 28 30 23 32 34 27 36 9 38 31 40 13 42 35 44 17 46 39 48 21 50 43 52 25 54 47 56 29 58 51 60 33 62 55 64 37 66 59 68 41 70 63 72 45 74 67 76 49 78 71 80 53 82 75 84 57 86 79 88 61 90 83 92 65 94 87 96 69 98 91 100 73 102 95 104 77 106 99 108 81 110 103 112 85 114 107 116 89 118 111 120 93 122 115 124 97 126 119 128 101 130 123 132 105 134 127 136 109 138 131 140 113 142 135 144 117 145 139 147 121 148 143 150 125 4 146 151 129 7 149 152 133 10 5 12 137 14 8 16 141 11 20 1 15 24 2 3 6 
19 23 27 28 9 31 32 13 35 36 17 18 39 40 21 22 43 44 25 26 47 48 29 30 51 52 33 34 55 56 37 38 59 60 41 42 63 64 45 46 67 68 49 50 71 72 53 54 75 76 57 58 79 80 61 62 83 84 65 66 87 88 69 70 91 92 73 74 95 96 77 78 99 100 81 82 103 104 85 86 107 108 89 90 111 112 93 94 115 116 97 98 119 120 101 102 123 124 105 106 127 128 109 110 131 132 113 114 135 136 117 118 139 140 121 122 143 144 125 126 146 147 129 130 149 150 133 134 5 151 137 138 8 152 141 142 11 12 1 145 15 16 2 148 20 3 4 24 6 7 10 14 
20 24 28 3 10 32 6 14 36 9 18 11 40 13 22 15 44 17 26 19 48 21 30 23 52 25 34 27 56 29 38 31 60 33 42 35 64 37 46 39 68 41 50 43 72 45 54 47 76 49 58 51 80 53 62 55 84 57 66 59 88 61 70 63 92 65 74 67 96 69 78 71 100 73 82 75 104 77 86 79 108 81 90 83 112 85 94 87 116 89 98 91 120 93 102 95 124 97 106 99 128 101 110 103 132 105 114 107 136 109 118 111 140 113 122 115 144 117 126 119 147 121 130 123 150 125 134 127 151 129 138 131 152 133 142 135 12 137 145 139 16 141 148 143 1 4 146 2 7 149 5 8 
21 26 29 30 31 34 27 36 37 38 39 40 42 35 44 17 45 46 47 48 50 43 52 25 53 54 55 56 58 51 60 33 61 62 63 64 66 59 68 41 69 70 71 72 74 67 76 49 77 78 79 80 82 75 84 57 85 86 87 88 90 83 92 65 93 94 95 96 98 91 100 73 101 102 103 104 106 99 108 81 109 110 111 112 114 107 116 89 117 118 119 120 122 115 124 97 125 126 127 128 130 123 132 105 133 134 135 136 138 131 140 113 141 142 143 144 145 139 147 121 2 148 149 150 4 146 151 129 6 7 8 152 10 5 12 137 13 14 15 16 18 11 20 1 22 23 24 19 28 3 32 9 
22 19 30 23 32 27 28 9 38 31 40 13 35 36 17 18 46 39 48 21 43 44 25 26 54 47 56 29 51 52 33 34 62 55 64 37 59 60 41 42 70 63 72 45 67 68 49 50 78 71 80 53 75 76 57 58 86 79 88 61 83 84 65 66 94 87 96 69 91 92 73 74 102 95 104 77 99 100 81 82 110 103 112 85 107 108 89 90 118 111 120 93 115 116 97 98 126 119 128 101 123 124 105 106 134 127 136 109 131 132 113 114 142 135 144 117 139 140 121 122 148 143 150 125 146 147 129 130 7 149 152 133 5 151 137 138 14 8 16 141 11 12 1 145 15 24 2 20 3 4 6 10 
23 28 31 32 13 36 9 18 39 40 21 22 44 17 26 19 47 48 29 30 52 25 34 27 55 56 37 38 60 33 42 35 63 64 45 46 68 41 50 43 71 72 53 54 76 49 58 51 79 80 61 62 84 57 66 59 87 88 69 70 92 65 74 67 95 96 77 78 100 73 82 75 103 104 85 86 108 81 90 83 111 112 93 94 116 89 98 91 119 120 101 102 124 97 106 99 127 128 109 110 132 105 114 107 135 136 117 118 140 113 122 115 143 144 125 126 147 121 130 123 149 150 133 134 151 129 138 131 8 152 141 142 12 137 145 139 15 16 2 148 20 1 4 146 24 6 7 3 10 5 14 11 
24 3 32 6 14 9 10 11 40 13 22 15 17 18 19 20 48 21 30 23 25 26 27 28 56 29 38 31 33 34 35 36 64 37 46 39 41 42 43 44 72 45 54 47 49 50 51 52 80 53 62 55 57 58 59 60 88 61 70 63 65 66 67 68 96 69 78 71 73 74 75 76 104 77 86 79 81 82 83 84 112 85 94 87 89 90 91 92 120 93 102 95 97 98 99 100 128 101 110 103 105 106 107 108 136 109 118 111 113 114 115 116 144 117 126 119 121 122 123 124 150 125 134 127 129 130 131 132 152 133 142 135 137 138 139 140 16 141 148 143 1 145 146 147 2 7 149 4 5 151 8 12 
25 29 33 34 35 37 38 39 41 42 43 44 45 46 47 48 49 50 51 52 53 54 55 56 57 58 59 60 61 62 63 64 65 66 67 68 69 70 71 72 73 74 75 76 77 78 79 80 81 82 83 84 85 86 87 88 89 90 91 92 93 94 95 96 97 98 99 100 101 102 103 104 105 106 107 108 109 110 111 112 113 114 115 116 117 118 119 120 121 122 123 124 125 126 127 128 129 130 131 132 133 134 135 136 137 138 139 140 141 142 143 144 1 145 146 147 2 148 149 150 3 4 5 151 6 7 8 152 9 10 11 12 13 14 15 16 17 18 19 20 21 22 23 24 26 27 28 30 31 32 36 40 
26 30 34 27 36 38 31 40 42 35 44 17 46 39 48 21 50 43 52 25 54 47 56 29 58 51 60 33 62 55 64 37 66 59 68 41 70 63 72 45 74 67 76 49 78 71 80 53 82 75 84 57 86 79 88 61 90 83 92 65 94 87 96 69 98 91 100 73 102 95 104 77 106 99 108 81 110 103 112 85 114 107 116 89 118 111 120 93 122 115 124 97 126 119 128 101 130 123 132 105 134 127 136 109 138 131 140 113 142 135 144 117 145 139 147 121 148 143 150 125 4 146 151 129 7 149 152 133 10 5 12 137 14 8 16 141 18 11 20 1 22 15 24 2 19 28 3 23 32 6 9 13 
27 31 35 36 17 39 40 21 43 44 25 26 47 48 29 30 51 52 33 34 55 56 37 38 59 60 41 42 63 64 45 46 67 68 49 50 71 72 53 54 75 76 57 58 79 80 61 62 83 84 65 66 87 88 69 70 91 92 73 74 95 96 77 78 99 100 81 82 103 104 85 86 107 108 89 90 111 112 93 94 115 116 97 98 119 120 101 102 123 124 105 106 127 128 109 110 131 132 113 114 135 136 117 118 139 140 121 122 143 144 125 126 146 147 129 130 149 150 133 134 5 151 137 138 8 152 141 142 11 12 1 145 15 16 2 148 19 20 3 4 23 24 6 7 28 9 10 32 13 14 18 22 
28 32 36 9 18 40 13 22 44 17 26 19 48 21 30 23 52 25 34 27 56 29 38 31 60 33 42 35 64 37 46 39 68 41 50 43 72 45 54 47 76 49 58 51 80 53 62 55 84 57 66 59 88 61 70 63 92 65 74 67 96 69 78 71 100 73 82 75 104 77 86 79 108 81 90 83 112 85 94 87 116 89 98 91 120 93 102 95 124 97 106 99 128 101 110 103 132 105 114 107 136 109 118 111 140 113 122 115 144 117 126 119 147 121 130 123 150 125 134 127 151 129 138 131 152 133 142 135 12 137 145 139 16 141 148 143 20 1 4 146 24 2 7 149 3 10 5 6 14 8 11 15 
29 34 37 38 39 42 35 44 45 46 47 48 50 43 52 25 53 54 55 56 58 51 60 33 61 62 63 64 66 59 68 41 69 70 71 72 74 67 76 49 77 78 79 80 82 75 84 57 85 86 87 88 90 83 92 65 93 94 95 96 98 91 100 73 101 102 103 104 106 99 108 81 109 110 111 112 114 107 116 89 117 118 119 120 122 115 124 97 125 126 127 128 130 123 132 105 133 134 135 136 138 131 140 113 141 142 143 144 145 139 147 121 2 148 149 150 4 146 151 129 6 7 8 152 10 5 12 137 13 14 15 16 18 11 20 1 21 22 23 24 26 19 28 3 30 31 32 27 36 9 40 17 
30 27 38 31 40 35 36 17 46 39 48 21 43 44 25 26 54 47 56 29 51 52 33 34 62 55 64 37 59 60 41 42 70 63 72 45 67 68 49 50 78 71 80 53 75 76 57 58 86 79 88 61 83 84 65 66 94 87 96 69 91 92 73 74 102 95 104 77 99 100 81 82 110 103 112 85 107 108 89 90 118 111 120 93 115 116 97 98 126 119 128 101 123 124 105 106 134 127 136 109 131 132 113 114 142 135 144 117 139 140 121 122 148 143 150 125 146 147 129 130 7 149 152 133 5 151 137 138 14 8 16 141 11 12 1 145 22 15 24 2 19 20 3 4 23 32 6 28 9 10 13 18 
31 36 39 40 21 44 17 26 47 48 29 30 52 25 34 27 55 56 37 38 60 33 42 35 63 64 45 46 68 41 50 43 71 72 53 54 76 49 58 51 79 80 61 62 84 57 66 59 87 88 69 70 92 65 74 67 95 96 77 78 100 73 82 75 103 104 85 86 108 81 90 83 111 112 93 94 116 89 98 91 119 120 101 102 124 97 106 99 127 128 109 110 132 105 114 107 135 136 117 118 140 113 122 115 143 144 125 126 147 121 130 123 149 150 133 134 151 129 138 131 8 152 141 142 12 137 145 139 15 16 2 148 20 1 4 146 23 24 6 7 28 3 10 5 32 13 14 9 18 11 22 19 
32 9 40 13 22 17 18 19 48 21 30 23 25 26 27 28 56 29 38 31 33 34 35 36 64 37 46 39 41 42 43 44 72 45 54 47 49 50 51 52 80 53 62 55 57 58 59 60 88 61 70 63 65 66 67 68 96 69 78 71 73 74 75 76 104 77 86 79 81 82 83 84 112 85 94 87 89 90 91 92 120 93 102 95 97 98 99 100 128 101 110 103 105 106 107 108 136 109 118 111 113 114 115 116 144 117 126 119 121 122 123 124 150 125 134 127 129 130 131 132 152 133 142 135 137 138 139 140 16 141 148 143 1 145 146 147 24 2 7 149 3 4 5 151 6 14 8 10 11 12 15 20 
33 37 41 42 43 45 46 47 49 50 51 52 53 54 55 56 57 58 59 60 61 62 63 64 65 66 67 68 69 70 71 72 73 74 75 76 77 78 79 80 81 82 83 84 85 86 87 88 89 90 91 92 93 94 95 96 97 98 99 100 101 102 103 104 105 106 107 108 109 110 111 112 113 114 115 116 117 118 119 120 121 122 123 124 125 126 127 128 129 130 131 132 133 134 135 136 137 138 139 140 141 142 143 144 1 145 146 147 2 148 149 150 3 4 5 151 6 7 8 152 9 10 11 12 13 14 15 16 17 18 19 20 21 22 23 24 25 26 27 28 29 30 31 32 34 35 36 38 39 40 44 48 
34 38 42 35 44 46 39 48 50 43 52 25 54 47 56 29 58 51 60 33 62 55 64 37 66 59 68 41 70 63 72 45 74 67 76 49 78 71 80 53 82 75 84 57 86 79 88 61 90 83 92 65 94 87 96 69 98 91 100 73 102 95 104 77 106 99 108 81 110 103 112 85 114 107 116 89 118 111 120 93 122 115 124 97 126 119 128 101 130 123 132 105 134 127 136 109 138 131 140 113 142 135 144 117 145 139 147 121 148 143 150 125 4 146 151 129 7 149 152 133 10 5 12 137 14 8 16 141 18 11 20 1 22 15 24 2 26 19 28 3 30 23 32 6 27 36 9 31 40 13 17 21 
35 39 43 44 25 47 48 29 51 52 33 34 55 56 37 38 59 60 41 42 63 64 45 46 67 68 49 50 71 72 53 54 75 76 57 58 79 80 61 62 83 84 65 66 87 88 69 70 91 92 73 74 95 96 77 78 99 100 81 82 103 104 85 86 107 108 89 90 111 112 93 94 115 116 97 98 119 120 101 102 123 124 105 106 127 128 109 110 131 132 113 114 135 136 117 118 139 140 121 122 143 144 125 126 146 147 129 130 149 150 133 134 5 151 137 138 8 152 141 142 11 12 1 145 15 16 2 148 19 20 3 4 23 24 6 7 27 28 9 10 31 32 13 14 36 17 18 40 21 22 26 30 
36 40 44 17 26 48 21 30 52 25 34 27 56 29 38 31 60 33 42 35 64 37 46 39 68 41 50 43 72 45 54 47 76 49 58 51 80 53 62 55 84 57 66 59 88 61 70 63 92 65 74 67 96 69 78 71 100 73 82 75 104 77 86 79 108 81 90 83 112 85 94 87 116 89 98 91 120 93 102 95 124 97 106 99 128 101 110 103 132 105 114 107 136 109 118 111 140 113 122 115 144 117 126 119 147 121 130 123 150 125 134 127 151 129 138 131 152 133 142 135 12 137 145 139 16 141 148 143 20 1 4 146 24 2 7 149 28 3 10 5 32 6 14 8 9 18 11 13 22 15 19 23 
37 42 45 46 47 50 43 52 53 54 55 56 58 51 60 33 61 62 63 64 66 59 68 41 69 70 71 72 74 67 76 49 77 78 79 80 82 75 84 57 85 86 87 88 90 83 92 65 93 94 95 96 98 91 100 73 101 102 103 104 106 99 108 81 109 110 111 112 114 107 116 89 117 118 119 120 122 115 124 97 125 126 127 128 130 123 132 105 133 134 135 136 138 131 140 113 141 142 143 144 145 139 147 121 2 148 149 150 4 146 151 129 6 7 8 152 10 5 12 137 13 14 15 16 18 11 20 1 21 22 23 24 26 19 28 3 29 30 31 32 34 27 36 9 38 39 40 35 44 17 48 25 
38 35 46 39 48 43 44 25 54 47 56 29 51 52 33 34 62 55 64 37 59 60 41 42 70 63 72 45 67 68 49 50 78 71 80 53 75 76 57 58 86 79 88 61 83 84 65 66 94 87 96 69 91 92 73 74 102 95 104 77 99 100 81 82 110 103 112 85 107 108 89 90 118 111 120 93 115 116 97 98 126 119 128 101 123 124 105 106 134 127 136 109 131 132 113 114 142 135 144 117 139 140 121 122 148 143 150 125 146 147 129 130 7 149 152 133 5 151 137 138 14 8 16 141 11 12 1 145 22 15 24 2 19 20 3 4 30 23 32 6 27 28 9 10 31 40 13 36 17 18 21 26 
39 44 47 48 29 52 25 34 55 56 37 38 60 33 42 35 63 64 45 46 68 41 50 43 71 72 53 54 76 49 58 51 79 80 61 62 84 57 66 59 87 88 69 70 92 65 74 67 95 96 77 78 100 73 82 75 103 104 85 86 108 81 90 83 111 112 93 94 116 89 98 91 119 120 101 102 124 97 106 99 127 128 109 110 132 105 114 107 135 136 117 118 140 113 122 115 143 144 125 126 147 121 130 123 149 150 133 134 151 129 138 131 8 152 141 142 12 137 145 139 15 16 2 148 20 1 4 146 23 24 6 7 28 3 10 5 31 32 13 14 36 9 18 11 40 21 22 17 26 19 30 27 
40 17 48 21 30 25 26 27 56 29 38 31 33 34 35 36 64 37 46 39 41 42 43 44 72 45 54 47 49 50 51 52 80 53 62 55 57 58 59 60 88 61 70 63 65 66 67 68 96 69 78 71 73 74 75 76 104 77 86 79 81 82 83 84 112 85 94 87 89 90 91 92 120 93 102 95 97 98 99 100 128 101 110 103 105 106 107 108 136 109 118 111 113 114 115 116 144 117 126 119 121 122 123 124 150 125 134 127 129 130 131 132 152 133 142 135 137 138 139 140 16 141 148 143 1 145 146 147 24 2 7 149 3 4 5 151 32 6 14 8 9 10 11 12 13 22 15 18 19 20 23 28 
41 45 49 50 51 53 54 55 57 58 59 60 61 62 63 64 65 66 67 68 69 70 71 72 73 74 75 76 77 78 79 80 81 82 83 84 85 86 87 88 89 90 91 92 93 94 95 96 97 98 99 100 101 102 103 104 105 106 107 108 109 110 111 112 113 114 115 116 117 118 119 120 121 122 123 124 125 126 127 128 129 130 131 132 133 134 135 136 137 138 139 140 141 142 143 144 1 145 146 147 2 148 149 150 3 4 5 151 6 7 8 152 9 10 11 12 13 14 15 16 17 18 19 20 21 22 23 24 25 26 27 28 29 30 31 32 33 34 35 36 37 38 39 40 42 43 44 46 47 48 52 56 
42 46 50 43 52 54 47 56 58 51 60 33 62 55 64 37 66 59 68 41 70 63 72 45 74 67 76 49 78 71 80 53 82 75 84 57 86 79 88 61 90 83 92 65 94 87 96 69 98 91 100 73 102 95 104 77 106 99 108 81 110 103 112 85 114 107 116 89 118 111 120 93 122 115 124 97 126 119 128 101 130 123 132 105 134 127 136 109 138 131 140 113 142 135 144 117 145 139 147 121 148 143 150 125 4 146 151 129 7 149 152 133 10 5 12 137 14 8 16 141 18 11 20 1 22 15 24 2 26 19 28 3 30 23 32 6 34 27 36 9 38 31 40 13 35 44 17 39 48 21 25 29 
43 47 51 52 33 55 56 37 59 60 41 42 63 64 45 46 67 68 49 50 71 72 53 54 75 76 57 58 79 80 61 62 83 84 65 66 87 88 69 70 91 92 73 74 95 96 77 78 99 100 81 82 103 104 85 86 107 108 89 90 111 112 93 94 115 116 97 98 119 120 101 102 123 124 105 106 127 128 109 110 131 132 113 114 135 136 117 118 139 140 121 122 143 144 125 126 146 147 129 130 149 150 133 134 5 151 137 138 8 152 141 142 11 12 1 145 15 16 2 148 19 20 3 4 23 24 6 7 27 28 9 10 31 32 13 14 35 36 17 18 39 40 21 22 44 25 26 48 29 30 34 38 
44 48 52 25 34 56 29 38 60 33 42 35 64 37 46 39 68 41 50 43 72 45 54 47 76 49 58 51 80 53 62 55 84 57 66 59 88 61 70 63 92 65 74 67 96 69 78 71 100 73 82 75 104 77 86 79 108 81 90 83 112 85 94 87 116 89 98 91 120 93 102 95 124 97 106 99 128 101 110 103 132 105 114 107 136 109 118 111 140 113 122 115 144 117 126 119 147 121 130 123 150 125 134 127 151 129 138 131 152 133 142 135 12 137 145 139 16 141 148 143 20 1 4 146 24 2 7 149 28 3 10 5 32 6 14 8 36 9 18 11 40 13 22 15 17 26 19 21 30 23 27 31 
45 50 53 54 55 58 51 60 61 62 63 64 66 59 68 41 69 70 71 72 74 67 76 49 77 78 79 80 82 75 84 57 85 86 87 88 90 83 92 65 93 94 95 96 98 91 100 73 101 102 103 104 106 99 108 81 109 110 111 112 114 107 116 89 117 118 119 120 122 115 124 97 125 126 127 128 130 123 132 105 133 134 135 136 138 131 140 113 141 142 143 144 145 139 147 121 2 148 149 150 4 146 151 129 6 7 8 152 10 5 12 137 13 14 15 16 18 11 20 1 21 22 23 24 26 19 28 3 29 30 31 32 34 27 36 9 37 38 39 40 42 35 44 17 46 47 48 43 52 25 56 33 
46 43 54 47 56 51 52 33 62 55 64 37 59 60 41 42 70 63 72 45 67 68 49 50 78 71 80 53 75 76 57 58 86 79 88 61 83 84 65 66 94 87 96 69 91 92 73 74 102 95 104 77 99 100 81 82 110 103 112 85 107 108 89 90 118 111 120 93 115 116 97 98 126 119 128 101 123 124 105 106 134 127 136 109 131 132 113 114 142 135 144 117 139 140 121 122 148 143 150 125 146 147 129 130 7 149 152 133 5 151 137 138 14 8 16 141 11 12 1 145 22 15 24 2 19 20 3 4 30 23 32 6 27 28 9 10 38 31 40 13 35 36 17 18 39 48 21 44 25 26 29 34 
47 52 55 56 37 60 33 42 63 64 45 46 68 41 50 43 71 72 53 54 76 49 58 51 79 80 61 62 84 57 66 59 87 88 69 70 92 65 74 67 95 96 77 78 100 73 82 75 103 104 85 86 108 81 90 83 111 112 93 94 116 89 98 91 119 120 101 102 124 97 106 99 127 128 109 110 132 105 114 107 135 136 117 118 140 113 122 115 143 144 125 126 147 121 130 123 149 150 133 134 151 129 138 131 8 152 141 142 12 137 145 139 15 16 2 148 20 1 4 146 23 24 6 7 28 3 10 5 31 32 13 14 36 9 18 11 39 40 21 22 44 17 26 19 48 29 30 25 34 27 38 35 
48 25 56 29 38 33 34 35 64 37 46 39 41 42 43 44 72 45 54 47 49 50 51 52 80 53 62 55 57 58 59 60 88 61 70 63 65 66 67 68 96 69 78 71 73 74 75 76 104 77 86 79 81 82 83 84 112 85 94 87 89 90 91 92 120 93 102 95 97 98 99 100 128 101 110 103 105 106 107 108 136 109 118 111 113 114 115 116 144 117 126 119 121 122 123 124 150 125 134 127 129 130 131 132 152 133 142 135 137 138 139 140 16 141 148 143 1 145 146 147 24 2 7 149 3 4 5 151 32 6 14 8 9 10 11 12 40 13 22 15 17 18 19 20 21 30 23 26 27 28 31 36 
49 53 57 58 59 61 62 63 65 66 67 68 69 70 71 72 73 74 75 76 77 78 79 80 81 82 83 84 85 86 87 88 89 90 91 92 93 94 95 96 97 98 99 100 101 102 103 104 105 106 107 108 109 110 111 112 113 114 115 116 117 118 119 120 121 122 123 124 125 126 127 128 129 130 131 132 133 134 135 136 137 138 139 140 141 142 143 144 1 145 146 147 2 148 149 150 3 4 5 151 6 7 8 152 9 10 11 12 13 14 15 16 17 18 19 20 21 22 23 24 25 26 27 28 29 30 31 32 33 34 35 36 37 38 39 40 41 42 43 44 45 46 47 48 50 51 52 54 55 56 60 64 
50 54 58 51 60 62 55 64 66 59 68 41 70 63 72 45 74 67 76 49 78 71 80 53 82 75 84 57 86 79 88 61 90 83 92 65 94 87 96 69 98 91 100 73 102 95 104 77 106 99 108 81 110 103 112 85 114 107 116 89 118 111 120 93 122 115 124 97 126 119 128 101 130 123 132 105 134 127 136 109 138 131 140 113 142 135 144 117 145 139 147 121 148 143 150 125 4 146 151 129 7 149 152 133 10 5 12 137 14 8 16 141 18 11 20 1 22 15 24 2 26 19 28 3 30 23 32 6 34 27 36 9 38 31 40 13 42 35 44 17 46 39 48 21 43 52 25 47 56 29 33 37 
51 55 59 60 41 63 64 45 67 68 49 50 71 72 53 54 75 76 57 58 79 80 61 62 83 84 65 66 87 88 69 70 91 92 73 74 95 96 77 78 99 100 81 82 103 104 85 86 107 108 89 90 111 112 93 94 115 116 97 98 119 120 101 102 123 124 105 106 127 128 109 110 131 132 113 114 135 136 117 118 139 140 121 122 143 144 125 126 146 147 129 130 149 150 133 134 5 151 137 138 8 152 141 142 11 12 1 145 15 16 2 148 19 20 3 4 23 24 6 7 27 28 9 10 31 32 13 14 35 36 17 18 39 40 21 22 43 44 25 26 47 48 29 30 52 33 34 56 37 38 42 46 
52 56 60 33 42 64 37 46 68 41 50 43 72 45 54 47 76 49 58 51 80 53 62 55 84 57 66 59 88 61 70 63 92 65 74 67 96 69 78 71 100 73 82 75 104 77 86 79 108 81 90 83 112 85 94 87 116 89 98 91 120 93 102 95 124 97 106 99 128 101 110 103 132 105 114 107 136 109 118 111 140 113 122 115 144 117 126 119 147 121 130 123 150 125 134 127 151 129 138 131 152 133 142 135 12 137 145 139 16 141 148 143 20 1 4 146 24 2 7 149 28 3 10 5 32 6 14 8 36 9 18 11 40 13 22 15 44 17 26 19 48 21 30 23 25 34 27 29 38 31 35 39 
53 58 61 62 63 66 59 68 69 70 71 72 74 67 76 49 77 78 79 80 82 75 84 57 85 86 87 88 90 83 92 65 93 94 95 96 98 91 100 73 101 102 103 104 106 99 108 81 109 110 111 112 114 107 116 89 117 118 119 120 122 115 124 97 125 126 127 128 130 123 132 105 133 134 135 136 138 131 140 113 141 142 143 144 145 139 147 121 2 148 149 150 4 146 151 129 6 7 8 152 10 5 12 137 13 14 15 16 18 11 20 1 21 22 23 24 26 19 28 3 29 30 31 32 34 27 36 9 37 38 39 40 42 35 44 17 45 46 47 48 50 43 52 25 54 55 56 51 60 33 64 41 
54 51 62 55 64 59 60 41 70 63 72 45 67 68 49 50 78 71 80 53 75 76 57 58 86 79 88 61 83 84 65 66 94 87 96 69 91 92 73 74 102 95 104 77 99 100 81 82 110 103 112 85 107 108 89 90 118 111 120 93 115 116 97 98 126 119 128 101 123 124 105 106 134 127 136 109 131 132 113 114 142 135 144 117 139 140 121 122 148 143 150 125 146 147 129 130 7 149 152 133 5 151 137 138 14 8 16 141 11 12 1 145 22 15 24 2 19 20 3 4 30 23 32 6 27 28 9 10 38 31 40 13 35 36 17 18 46 39 48 21 43 44 25 26 47 56 29 52 33 34 37 42 
55 60 63 64 45 68 41 50 71 72 53 54 76 49 58 51 79 80 61 62 84 57 66 59 87 88 69 70 92 65 74 67 95 96 77 78 100 73 82 75 103 104 85 86 108 81 90 83 111 112 93 94 116 89 98 91 119 120 101 102 124 97 106 99 127 128 109 110 132 105 114 107 135 136 117 118 140 113 122 115 143 144 125 126 147 121 130 123 149 150 133 134 151 129 138 131 8 152 141 142 12 137 145 139 15 16 2 148 20 1 4 146 23 24 6 7 28 3 10 5 31 32 13 14 36 9 18 11 39 40 21 22 44 17 26 19 47 48 29 30 52 25 34 27 56 37 38 33 42 35 46 43 
56 33 64 37 46 41 42 43 72 45 54 47 49 50 51 52 80 53 62 55 57 58 59 60 88 61 70 63 65 66 67 68 96 69 78 71 73 74 75 76 104 77 86 79 81 82 83 84 112 85 94 87 89 90 91 92 120 93 102 95 97 98 99 100 128 101 110 103 105 106 107 108 136 109 118 111 113 114 115 116 144 117 126 119 121 122 123 124 150 125 134 127 129 130 131 132 152 133 142 135 137 138 139 140 16 141 148 143 1 145 146 147 24 2 7 149 3 4 5 151 32 6 14 8 9 10 11 12 40 13 22 15 17 18 19 20 48 21 30 23 25 26 27 28 29 38 31 34 35 36 39 44 
57 61 65 66 67 69 70 71 73 74 75 76 77 78 79 80 81 82 83 84 85 86 87 88 89 90 91 92 93 94 95 96 97 98 99 100 101 102 103 104 105 106 107 108 109 110 111 112 113 114 115 116 117 118 119 120 121 122 123 124 125 126 127 128 129 130 131 132 133 134 135 136 137 138 139 140 141 142 143 144 1 145 146 147 2 148 149 150 3 4 5 151 6 7 8 152 9 10 11 12 13 14 15 16 17 18 19 20 21 22 23 24 25 26 27 28 29 30 31 32 33 34 35 36 37 38 39 40 41 42 43 44 45 46 47 48 49 50 51 52 53 54 55 56 58 59 60 62 63 64 68 72 
58 62 66 59 68 70 63 72 74 67 76 49 78 71 80 53 82 75 84 57 86 79 88 61 90 83 92 65 94 87 96 69 98 91 100 73 102 95 104 77 106 99 108 81 110 103 112 85 114 107 116 89 118 111 120 93 122 115 124 97 126 119 128 101 130 123 132 105 134 127 136 109 138 131 140 113 142 135 144 117 145 139 147 121 148 143 150 125 4 146 151 129 7 149 152 133 10 5 12 137 14 8 16 141 18 11 20 1 22 15 24 2 26 19 28 3 30 23 32 6 34 27 36 9 38 31 40 13 42 35 44 17 46 39 48 21 50 43 52 25 54 47 56 29 51 60 33 55 64 37 41 45 
59 63 67 68 49 71 72 53 75 76 57 58 79 80 61 62 83 84 65 66 87 88 69 70 91 92 73 74 95 96 77 78 99 100 81 82 103 104 85 86 107 108 89 90 111 112 93 94 115 116 97 98 119 120 101 102 123 124 105 106 127 128 109 110 131 132 113 114 135 136 117 118 139 140 121 122 143 144 125 126 146 147 129 130 149 150 133 134 5 151 137 138 8 152 141 142 11 12 1 145 15 16 2 148 19 20 3 4 23 24 6 7 27 28 9 10 31 32 13 14 35 36 17 18 39 40 21 22 43 44 25 26 47 48 29 30 51 52 33 34 55 56 37 38 60 41 42 64 45 46 50 54 
60 64 68 41 50 72 45 54 76 49 58 51 80 53 62 55 84 57 66 59 88 61 70 63 92 65 74 67 96 69 78 71 100 73 82 75 104 77 86 79 108 81 90 83 112 85 94 87 116 89 98 91 120 93 102 95 124 97 106 99 128 101 110 103 132 105 114 107 136 109 118 111 140 113 122 115 144 117 126 119 147 121 130 123 150 125 134 127 151 129 138 131 152 133 142 135 12 137 145 139 16 141 148 143 20 1 4 146 24 2 7 149 28 3 10 5 32 6 14 8 36 9 18 11 40 13 22 15 44 17 26 19 48 21 30 23 52 25 34 27 56 29 38 31 33 42 35 37 46 39 43 47 
61 66 69 70 71 74 67 76 77 78 79 80 82 75 84 57 85 86 87 88 90 83 92 65 93 94 95 96 98 91 100 73 101 102 103 104 106 99 108 81 109 110 111 112 114 107 116 89 117 118 119 120 122 115 124 97 125 126 127 128 130 123 132 105 133 134 135 136 138 131 140 113 141 142 143 144 145 139 147 121 2 148 149 150 4 146 151 129 6 7 8 152 10 5 12 137 13 14 15 16 18 11 20 1 21 22 23 24 26 19 28 3 29 30 31 32 34 27 36 9 37 38 39 40 42 35 44 17 45 46 47 48 50 43 52 25 53 54 55 56 58 51 60 33 62 63 64 59 68 41 72 49 
62 59 70 63 72 67 68 49 78 71 80 53 75 76 57 58 86 79 88 61 83 84 65 66 94 87 96 69 91 92 73 74 102 95 104 77 99 100 81 82 110 103 112 85 107 108 89 90 118 111 120 93 115 116 97 98 126 119 128 101 123 124 105 106 134 127 136 109 131 132 113 114 142 135 144 117 139 140 121 122 148 143 150 125 146 147 129 130 7 149 152 133 5 151 137 138 14 8 16 141 11 12 1 145 22 15 24 2 19 20 3 4 30 23 32 6 27 28 9 10 38 31 40 13 35 36 17 18 46 39 48 21 43 44 25 26 54 47 56 29 51 52 33 34 55 64 37 60 41 42 45 50 
63 68 71 72 53 76 49 58 79 80 61 62 84 57 66 59 87 88 69 70 92 65 74 67 95 96 77 78 100 73 82 75 103 104 85 86 108 81 90 83 111 112 93 94 116 89 98 91 119 120 101 102 124 97 106 99 127 128 109 110 132 105 114 107 135 136 117 118 140 113 122 115 143 144 125 126 147 121 130 123 149 150 133 134 151 129 138 131 8 152 141 142 12 137 145 139 15 16 2 148 20 1 4 146 23 24 6 7 28 3 10 5 31 32 13 14 36 9 18 11 39 40 21 22 44 17 26 19 47 48 29 30 52 25 34 27 55 56 37 38 60 33 42 35 64 45 46 41 50 43 54 51 
64 41 72 45 54 49 50 51 80 53 62 55 57 58 59 60 88 61 70 63 65 66 67 68 96 69 78 71 73 74 75 76 104 77 86 79 81 82 83 84 112 85 94 87 89 90 91 92 120 93 102 95 97 98 99 100 128 101 110 103 105 106 107 108 136 109 118 111 113 114 115 116 144 117 126 119 121 122 123 124 150 125 134 127 129 130 131 132 152 133 142 135 137 138 139 140 16 141 148 143 1 145 146 147 24 2 7 149 3 4 5 151 32 6 14 8 9 10 11 12 40 13 22 15 17 18 19 20 48 21 30 23 25 26 27 28 56 29 38 31 33 34 35 36 37 46 39 42 43 44 47 52 
65 69 73 74 75 77 78 79 81 82 83 84 85 86 87 88 89 90 91 92 93 94 95 96 97 98 99 100 101 102 103 104 105 106 107 108 109 110 111 112 113 114 115 116 117 118 119 120 121 122 123 124 125 126 127 128 129 130 131 132 133 134 135 136 137 138 139 140 141 142 143 144 1 145 146 147 2 148 149 150 3 4 5 151 6 7 8 152 9 10 11 12 13 14 15 16 17 18 19 20 21 22 23 24 25 26 27 28 29 30 31 32 33 34 35 36 37 38 39 40 41 42 43 44 45 46 47 48 49 50 51 52 53 54 55 56 57 58 59 60 61 62 63 64 66 67 68 70 71 72 76 80 
66 70 74 67 76 78 71 80 82 75 84 57 86 79 88 61 90 83 92 65 94 87 96 69 98 91 100 73 102 95 104 77 106 99 108 81 110 103 112 85 114 107 116 89 118 111 120 93 122 115 124 97 126 119 128 101 130 123 132 105 134 127 136 109 138 131 140 113 142 135 144 117 145 139 147 121 148 143 150 125 4 146 151 129 7 149 152 133 10 5 12 137 14 8 16 141 18 11 20 1 22 15 24 2 26 19 28 3 30 23 32 6 34 27 36 9 38 31 40 13 42 35 44 17 46 39 48 21 50 43 52 25 54 47 56 29 58 51 60 33 62 55 64 37 59 68 41 63 72 45 49 53 
67 71 75 76 57 79 80 61 83 84 65 66 87 88 69 70 91 92 73 74 95 96 77 78 99 100 81 82 103 104 85 86 107 108 89 90 111 112 93 94 115 116 97 98 119 120 101 102 123 124 105 106 127 128 109 110 131 132 113 114 135 136 117 118 139 140 121 122 143 144 125 126 146 147 129 130 149 150 133 134 5 151 137 138 8 152 141 142 11 12 1 145 15 16 2 148 19 20 3 4 23 24 6 7 27 28 9 10 31 32 13 14 35 36 17 18 39 40 21 22 43 44 25 26 47 48 29 30 51 52 33 34 55 56 37 38 59 60 41 42 63 64 45 46 68 49 50 72 53 54 58 62 
68 72 76 49 58 80 53 62 84 57 66 59 88 61 70 63 92 65 74 67 96 69 78 71 100 73 82 75 104 77 86 79 108 81 90 83 112 85 94 87 116 89 98 91 120 93 102 95 124 97 106 99 128 101 110 103 132 105 114 107 136 109 118 111 140 113 122 115 144 117 126 119 147 121 130 123 150 125 134 127 151 129 138 131 152 133 142 135 12 137 145 139 16 141 148 143 20 1 4 146 24 2 7 149 28 3 10 5 32 6 14 8 36 9 18 11 40 13 22 15 44 17 26 19 48 21 30 23 52 25 34 27 56 29 38 31 60 33 42 35 64 37 46 39 41 50 43 45 54 47 51 55 
69 74 77 78 79 82 75 84 85 86 87 88 90 83 92 65 93 94 95 96 98 91 100 73 101 102 103 104 106 99 108 81 109 110 111 112 114 107 116 89 117 118 119 120 122 115 124 97 125 126 127 128 130 123 132 105 133 134 135 136 138 131 140 113 141 142 143 144 145 139 147 121 2 148 149 150 4 146 151 129 6 7 8 152 10 5 12 137 13 14 15 16 18 11 20 1 21 22 23 24 26 19 28 3 29 30 31 32 34 27 36 9 37 38 39 40 42 35 44 17 45 46 47 48 50 43 52 25 53 54 55 56 58 51 60 33 61 62 63 64 66 59 68 41 70 71 72 67 76 49 80 57 
70 67 78 71 80 75 76 57 86 79 88 61 83 84 65 66 94 87 96 69 91 92 73 74 102 95 104 77 99 100 81 82 110 103 112 85 107 108 89 90 118 111 120 93 115 116 97 98 126 119 128 101 123 124 105 106 134 127 136 109 131 132 113 114 142 135 144 117 139 140 121 122 148 143 150 125 146 147 129 130 7 149 152 133 5 151 137 138 14 8 16 141 11 12 1 145 22 15 24 2 19 20 3 4 30 23 32 6 27 28 9 10 38 31 40 13 35 36 17 18 46 39 48 21 43 44 25 26 54 47 56 29 51 52 33 34 62 55 64 37 59 60 41 42 63 72 45 68 49 50 53 58 
71 76 79 80 61 84 57 66 87 88 69 70 92 65 74 67 95 96 77 78 100 73 82 75 103 104 85 86 108 81 90 83 111 112 93 94 116 89 98 91 119 120 101 102 124 97 106 99 127 128 109 110 132 105 114 107 135 136 117 118 140 113 122 115 143 144 125 126 147 121 130 123 149 150 133 134 151 129 138 131 8 152 141 142 12 137 145 139 15 16 2 148 20 1 4 146 23 24 6 7 28 3 10 5 31 32 13 14 36 9 18 11 39 40 21 22 44 17 26 19 47 48 29 30 52 25 34 27 55 56 37 38 60 33 42 35 63 64 45 46 68 41 50 43 72 53 54 49 58 51 62 59 
72 49 80 53 62 57 58 59 88 61 70 63 65 66 67 68 96 69 78 71 73 74 75 76 104 77 86 79 81 82 83 84 112 85 94 87 89 90 91 92 120 93 102 95 97 98 99 100 128 101 110 103 105 106 107 108 136 109 118 111 113 114 115 116 144 117 126 119 121 122 123 124 150 125 134 127 129 130 131 132 152 133 142 135 137 138 139 140 16 141 148 143 1 145 146 147 24 2 7 149 3 4 5 151 32 6 14 8 9 10 11 12 40 13 22 15 17 18 19 20 48 21 30 23 25 26 27 28 56 29 38 31 33 34 35 36 64 37 46 39 41 42 43 44 45 54 47 50 51 52 55 60 
73 77 81 82 83 85 86 87 89 90 91 92 93 94 95 96 97 98 99 100 101 102 103 104 105 106 107 108 109 110 111 112 113 114 115 116 117 118 119 120 121 122 123 124 125 126 127 128 129 130 131 132 133 134 135 136 137 138 139 140 141 142 143 144 1 145 146 147 2 148 149 150 3 4 5 151 6 7 8 152 9 10 11 12 13 14 15 16 17 18 19 20 21 22 23 24 25 26 27 28 29 30 31 32 33 34 35 36 37 38 39 40 41 42 43 44 45 46 47 48 49 50 51 52 53 54 55 56 57 58 59 60 61 62 63 64 65 66 67 68 69 70 71 72 74 75 76 78 79 80 84 88 
74 78 82 75 84 86 79 88 90 83 92 65 94 87 96 69 98 91 100 73 102 95 104 77 106 99 108 81 110 103 112 85 114 107 116 89 118 111 120 93 122 115 124 97 126 119 128 101 130 123 132 105 134 127 136 109 138 131 140 113 142 135 144 117 145 139 147 121 148 143 150 125 4 146 151 129 7 149 152 133 10 5 12 137 14 8 16 141 18 11 20 1 22 15 24 2 26 19 28 3 30 23 32 6 34 27 36 9 38 31 40 13 42 35 44 17 46 39 48 21 50 43 52 25 54 47 56 29 58 51 60 33 62 55 64 37 66 59 68 41 70 63 72 45 67 76 49 71 80 53 57 61 
75 79 83 84 65 87 88 69 91 92 73 74 95 96 77 78 99 100 81 82 103 104 85 86 107 108 89 90 111 112 93 94 115 116 97 98 119 120 101 102 123 124 105 106 127 128 109 110 131 132 113 114 135 136 117 118 139 140 121 122 143 144 125 126 146 147 129 130 149 150 133 134 5 151 137 138 8 152 141 142 11 12 1 145 15 16 2 148 19 20 3 4 23 24 6 7 27 28 9 10 31 32 13 14 35 36 17 18 39 40 21 22 43 44 25 26 47 48 29 30 51 52 33 34 55 56 37 38 59 60 41 42 63 64 45 46 67 68 49 50 71 72 53 54 76 57 58 80 61 62 66 70 
76 80 84 57 66 88 61 70 92 65 74 67 96 69 78 71 100 73 82 75 104 77 86 79 108 81 90 83 112 85 94 87 116 89 98 91 120 93 102 95 124 97 106 99 128 101 110 103 132 105 114 107 136 109 118 111 140 113 122 115 144 117 126 119 147 121 130 123 150 125 134 127 151 129 138 131 152 133 142 135 12 137 145 139 16 141 148 143 20 1 4 146 24 2 7 149 28 3 10 5 32 6 14 8 36 9 18 11 40 13 22 15 44 17 26 19 48 21 30 23 52 25 34 27 56 29 38 31 60 33 42 35 64 37 46 39 68 41 50 43 72 45 54 47 49 58 51 53 62 55 59 63 
77 82 85 86 87 90 83 92 93 94 95 96 98 91 100 73 101 102 103 104 106 99 108 81 109 110 111 112 114 107 116 89 117 118 119 120 122 115 124 97 125 126 127 128 130 123 132 105 133 134 135 136 138 131 140 113 141 142 143 144 145 139 147 121 2 148 149 150 4 146 151 129 6 7 8 152 10 5 12 137 13 14 15 16 18 11 20 1 21 22 23 24 26 19 28 3 29 30 31 32 34 27 36 9 37 38 39 40 42 35 44 17 45 46 47 48 50 43 52 25 53 54 55 56 58 51 60 33 61 62 63 64 66 59 68 41 69 70 71 72 74 67 76 49 78 79 80 75 84 57 88 65 
78 75 86 79 88 83 84 65 94 87 96 69 91 92 73 74 102 95 104 77 99 100 81 82 110 103 112 85 107 108 89 90 118 111 120 93 115 116 97 98 126 119 128 101 123 124 105 106 134 127 136 109 131 132 113 114 142 135 144 117 139 140 121 122 148 143 150 125 146 147 129 130 7 149 152 133 5 151 137 138 14 8 16 141 11 12 1 145 22 15 24 2 19 20 3 4 30 23 32 6 27 28 9 10 38 31 40 13 35 36 17 18 46 39 48 21 43 44 25 26 54 47 56 29 51 52 33 34 62 55 64 37 59 60 41 42 70 63 72 45 67 68 49 50 71 80 53 76 57 58 61 66 
79 84 87 88 69 92 65 74 95 96 77 78 100 73 82 75 103 104 85 86 108 81 90 83 111 112 93 94 116 89 98 91 119 120 101 102 124 97 106 99 127 128 109 110 132 105 114 107 135 136 117 118 140 113 122 115 143 144 125 126 147 121 130 123 149 150 133 134 151 129 138 131 8 152 141 142 12 137 145 139 15 16 2 148 20 1 4 146 23 24 6 7 28 3 10 5 31 32 13 14 36 9 18 11 39 40 21 22 44 17 26 19 47 48 29 30 52 25 34 27 55 56 37 38 60 33 42 35 63 64 45 46 68 41 50 43 71 72 53 54 76 49 58 51 80 61 62 57 66 59 70 67 
80 57 88 61 70 65 66 67 96 69 78 71 73 74 75 76 104 77 86 79 81 82 83 84 112 85 94 87 89 90 91 92 120 93 102 95 97 98 99 100 128 101 110 103 105 106 107 108 136 109 118 111 113 114 115 116 144 117 126 119 121 122 123 124 150 125 134 127 129 130 131 132 152 133 142 135 137 138 139 140 16 141 148 143 1 145 146 147 24 2 7 149 3 4 5 151 32 6 14 8 9 10 11 12 40 13 22 15 17 18 19 20 48 21 30 23 25 26 27 28 56 29 38 31 33 34 35 36 64 37 46 39 41 42 43 44 72 45 54 47 49 50 51 52 53 62 55 58 59 60 63 68 
81 85 89 90 91 93 94 95 97 98 99 100 101 102 103 104 105 106 107 108 109 110 111 112 113 114 115 116 117 118 119 120 121 122 123 124 125 126 127 128 129 130 131 132 133 134 135 136 137 138 139 140 141 142 143 144 1 145 146 147 2 148 149 150 3 4 5 151 6 7 8 152 9 10 11 12 13 14 15 16 17 18 19 20 21 22 23 24 25 26 27 28 29 30 31 32 33 34 35 36 37 38 39 40 41 42 43 44 45 46 47 48 49 50 51 52 53 54 55 56 57 58 59 60 61 62 63 64 65 66 67 68 69 70 71 72 73 74 75 76 77 78 79 80 82 83 84 86 87 88 92 96 
82 86 90 83 92 94 87 96 98 91 100 73 102 95 104 77 106 99 108 81 110 103 112 85 114 107 116 89 118 111 120 93 122 115 124 97 126 119 128 101 130 123 132 105 134 127 136 109 138 131 140 113 142 135 144 117 145 139 147 121 148 143 150 125 4 146 151 129 7 149 152 133 10 5 12 137 14 8 16 141 18 11 20 1 22 15 24 2 26 19 28 3 30 23 32 6 34 27 36 9 38 31 40 13 42 35 44 17 46 39 48 21 50 43 52 25 54 47 56 29 58 51 60 33 62 55 64 37 66 59 68 41 70 63 72 45 74 67 76 49 78 71 80 53 75 84 57 79 88 61 65 69 
83 87 91 92 73 95 96 77 99 100 81 82 103 104 85 86 107 108 89 90 111 112 93 94 115 116 97 98 119 120 101 102 123 124 105 106 127 128 109 110 131 132 113 114 135 136 117 118 139 140 121 122 143 144 125 126 146 147 129 130 149 150 133 134 5 151 137 138 8 152 141 142 11 12 1 145 15 16 2 148 19 20 3 4 23 24 6 7 27 28 9 10 31 32 13 14 35 36 17 18 39 40 21 22 43 44 25 26 47 48 29 30 51 52 33 34 55 56 37 38 59 60 41 42 63 64 45 46 67 68 49 50 71 72 53 54 75 76 57 58 79 80 61 62 84 65 66 88 69 70 74 78 
84 88 92 65 74 96 69 78 100 73 82 75 104 77 86 79 108 81 90 83 112 85 94 87 116 89 98 91 120 93 102 95 124 97 106 99 128 101 110 103 132 105 114 107 136 109 118 111 140 113 122 115 144 117 126 119 147 121 130 123 150 125 134 127 151 129 138 131 152 133 142 135 12 137 145 139 16 141 148 143 20 1 4 146 24 2 7 149 28 3 10 5 32 6 14 8 36 9 18 11 40 13 22 15 44 17 26 19 48 21 30 23 52 25 34 27 56 29 38 31 60 33 42 35 64 37 46 39 68 41 50 43 72 45 54 47 76 49 58 51 80 53 62 55 57 66 59 61 70 63 67 71 
85 90 93 94 95 98 91 100 101 102 103 104 106 99 108 81 109 110 111 112 114 107 116 89 117 118 119 120 122 115 124 97 125 126 127 128 130 123 132 105 133 134 135 136 138 131 140 113 141 142 143 144 145 139 147 121 2 148 149 150 4 146 151 129 6 7 8 152 10 5 12 137 13 14 15 16 18 11 20 1 21 22 23 24 26 19 28 3 29 30 31 32 34 27 36 9 37 38 39 40 42 35 44 17 45 46 47 48 50 43 52 25 53 54 55 56 58 51 60 33 61 62 63 64 66 59 68 41 69 70 71 72 74 67 76 49 77 78 79 80 82 75 84 57 86 87 88 83 92 65 96 73 
86 83 94 87 96 91 92 73 102 95 104 77 99 100 81 82 110 103 112 85 107 108 89 90 118 111 120 93 115 116 97 98 126 119 128 101 123 124 105 106 134 127 136 109 131 132 113 114 142 135 144 117 139 140 121 122 148 143 150 125 146 147 129 130 7 149 152 133 5 151 137 138 14 8 16 141 11 12 1 145 22 15 24 2 19 20 3 4 30 23 32 6 27 28 9 10 38 31 40 13 35 36 17 18 46 39 48 21 43 44 25 26 54 47 56 29 51 52 33 34 62 55 64 37 59 60 41 42 70 63 72 45 67 68 49 50 78 71 80 53 75 76 57 58 79 88 61 84 65 66 69 74 
87 92 95 96 77 100 73 82 103 104 85 86 108 81 90 83 111 112 93 94 116 89 98 91 119 120 101 102 124 97 106 99 127 128 109 110 132 105 114 107 135 136 117 118 140 113 122 115 143 144 125 126 147 121 130 123 149 150 133 134 151 129 138 131 8 152 141 142 12 137 145 139 15 16 2 148 20 1 4 146 23 24 6 7 28 3 10 5 31 32 13 14 36 9 18 11 39 40 21 22 44 17 26 19 47 48 29 30 52 25 34 27 55 56 37 38 60 33 42 35 63 64 45 46 68 41 50 43 71 72 53 54 76 49 58 51 79 80 61 62 84 57 66 59 88 69 70 65 74 67 78 75 
88 65 96 69 78 73 74 75 104 77 86 79 81 82 83 84 112 85 94 87 89 90 91 92 120 93 102 95 97 98 99 100 128 101 110 103 105 106 107 108 136 109 118 111 113 114 115 116 144 117 126 119 121 122 123 124 150 125 134 127 129 130 131 132 152 133 142 135 137 138 139 140 16 141 148 143 1 145 146 147 24 2 7 149 3 4 5 151 32 6 14 8 9 10 11 12 40 13 22 15 17 18 19 20 48 21 30 23 25 26 27 28 56 29 38 31 33 34 35 36 64 37 46 39 41 42 43 44 72 45 54 47 49 50 51 52 80 53 62 55 57 58 59 60 61 70 63 66 67 68 71 76 
89 93 97 98 99 101 102 103 105 106 107 108 109 110 111 112 113 114 115 116 117 118 119 120 121 122 123 124 125 126 127 128 129 130 131 132 133 134 135 136 137 138 139 140 141 142 143 144 1 145 146 147 2 148 149 150 3 4 5 151 6 7 8 152 9 10 11 12 13 14 15 16 17 18 19 20 21 22 23 24 25 26 27 28 29 30 31 32 33 34 35 36 37 38 39 40 41 42 43 44 45 46 47 48 49 50 51 52 53 54 55 56 57 58 59 60 61 62 63 64 65 66 67 68 69 70 71 72 73 74 75 76 77 78 79 80 81 82 83 84 85 86 87 88 90 91 92 94 95 96 100 104 
90 94 98 91 100 102 95 104 106 99 108 81 110 103 112 85 114 107 116 89 118 111 120 93 122 115 124 97 126 119 128 101 130 123 132 105 134 127 136 109 138 131 140 113 142 135 144 117 145 139 147 121 148 143 150 125 4 146 151 129 7 149 152 133 10 5 12 137 14 8 16 141 18 11 20 1 22 15 24 2 26 19 28 3 30 23 32 6 34 27 36 9 38 31 40 13 42 35 44 17 46 39 48 21 50 43 52 25 54 47 56 29 58 51 60 33 62 55 64 37 66 59 68 41 70 63 72 45 74 67 76 49 78 71 80 53 82 75 84 57 86 79 88 61 83 92 65 87 96 69 73 77 
91 95 99 100 81 103 104 85 107 108 89 90 111 112 93 94 115 116 97 98 119 120 101 102 123 124 105 106 127 128 109 110 131 132 113 114 135 136 117 118 139 140 121 122 143 144 125 126 146 147 129 130 149 150 133 134 5 151 137 138 8 152 141 142 11 12 1 145 15 16 2 148 19 20 3 4 23 24 6 7 27 28 9 10 31 32 13 14 35 36 17 18 39 40 21 22 43 44 25 26 47 48 29 30 51 52 33 34 55 56 37 38 59 60 41 42 63 64 45 46 67 68 49 50 71 72 53 54 75 76 57 58 79 80 61 62 83 84 65 66 87 88 69 70 92 73 74 96 77 78 82 86 
92 96 100 73 82 104 77 86 108 81 90 83 112 85 94 87 116 89 98 91 120 93 102 95 124 97 106 99 128 101 110 103 132 105 114 107 136 109 118 111 140 113 122 115 144 117 126 119 147 121 130 123 150 125 134 127 151 129 138 131 152 133 142 135 12 137 145 139 16 141 148 143 20 1 4 146 24 2 7 149 28 3 10 5 32 6 14 8 36 9 18 11 40 13 22 15 44 17 26 19 48 21 30 23 52 25 34 27 56 29 38 31 60 33 42 35 64 37 46 39 68 41 50 43 72 45 54 47 76 49 58 51 80 53 62 55 84 57 66 59 88 61 70 63 65 74 67 69 78 71 75 79 
93 98 101 102 103 106 99 108 109 110 111 112 114 107 116 89 117 118 119 120 122 115 124 97 125 126 127 128 130 123 132 105 133 134 135 136 138 131 140 113 141 142 143 144 145 139 147 121 2 148 149 150 4 146 151 129 6 7 8 152 10 5 12 137 13 14 15 16 18 11 20 1 21 22 23 24 26 19 28 3 29 30 31 32 34 27 36 9 37 38 39 40 42 35 44 17 45 46 47 48 50 43 52 25 53 54 55 56 58 51 60 33 61 62 63 64 66 59 68 41 69 70 71 72 74 67 76 49 77 78 79 80 82 75 84 57 85 86 87 88 90 83 92 65 94 95 96 91 100 73 104 81 
94 91 102 95 104 99 100 81 110 103 112 85 107 108 89 90 118 111 120 93 115 116 97 98 126 119 128 101 123 124 105 106 134 127 136 109 131 132 113 114 142 135 144 117 139 140 121 122 148 143 150 125 146 147 129 130 7 149 152 133 5 151 137 138 14 8 16 141 11 12 1 145 22 15 24 2 19 20 3 4 30 23 32 6 27 28 9 10 38 31 40 13 35 36 17 18 46 39 48 21 43 44 25 26 54 47 56 29 51 52 33 34 62 55 64 37 59 60 41 42 70 63 72 45 67 68 49 50 78 71 80 53 75 76 57 58 86 79 88 61 83 84 65 66 87 96 69 92 73 74 77 82 
95 100 103 104 85 108 81 90 111 112 93 94 116 89 98 91 119 120 101 102 124 97 106 99 127 128 109 110 132 105 114 107 135 136 117 118 140 113 122 115 143 144 125 126 147 121 130 123 149 150 133 134 151 129 138 131 8 152 141 142 12 137 145 139 15 16 2 148 20 1 4 146 23 24 6 7 28 3 10 5 31 32 13 14 36 9 18 11 39 40 21 22 44 17 26 19 47 48 29 30 52 25 34 27 55 56 37 38 60 33 42 35 63 64 45 46 68 41 50 43 71 72 53 54 76 49 58 51 79 80 61 62 84 57 66 59 87 88 69 70 92 65 74 67 96 77 78 73 82 75 86 83 
96 73 104 77 86 81 82 83 112 85 94 87 89 90 91 92 120 93 102 95 97 98 99 100 128 101 110 103 105 106 107 108 136 109 118 111 113 114 115 116 144 117 126 119 121 122 123 124 150 125 134 127 129 130 131 132 152 133 142 135 137 138 139 140 16 141 148 143 1 145 146 147 24 2 7 149 3 4 5 151 32 6 14 8 9 10 11 12 40 13 22 15 17 18 19 20 48 21 30 23 25 26 27 28 56 29 38 31 33 34 35 36 64 37 46 39 41 42 43 44 72 45 54 47 49 50 51 52 80 53 62 55 57 58 59 60 88 61 70 63 65 66 67 68 69 78 71 74 75 76 79 84 
97 101 105 106 107 109 110 111 113 114 115 116 117 118 119 120 121 122 123 124 125 126 127 128 129 130 131 132 133 134 135 136 137 138 139 140 141 142 143 144 1 145 146 147 2 148 149 150 3 4 5 151 6 7 8 152 9 10 11 12 13 14 15 16 17 18 19 20 21 22 23 24 25 26 27 28 29 30 31 32 33 34 35 36 37 38 39 40 41 42 43 44 45 46 47 48 49 50 51 52 53 54 55 56 57 58 59 60 61 62 63 64 65 66 67 68 69 70 71 72 73 74 75 76 77 78 79 80 81 82 83 84 85 86 87 88 89 90 91 92 93 94 95 96 98 99 100 102 103 104 108 112 
98 102 106 99 108 110 103 112 114 107 116 89 118 111 120 93 122 115 124 97 126 119 128 101 130 123 132 105 134 127 136 109 138 131 140 113 142 135 144 117 145 139 147 121 148 143 150 125 4 146 151 129 7 149 152 133 10 5 12 137 14 8 16 141 18 11 20 1 22 15 24 2 26 19 28 3 30 23 32 6 34 27 36 9 38 31 40 13 42 35 44 17 46 39 48 21 50 43 52 25 54 47 56 29 58 51 60 33 62 55 64 37 66 59 68 41 70 63 72 45 74 67 76 49 78 71 80 53 82 75 84 57 86 79 88 61 90 83 92 65 94 87 96 69 91 100 73 95 104 77 81 85 
99 103 107 108 89 111 112 93 115 116 97 98 119 120 101 102 123 124 105 106 127 128 109 110 131 132 113 114 135 136 117 118 139 140 121 122 143 144 125 126 146 147 129 130 149 150 133 134 5 151 137 138 8 152 141 142 11 12 1 145 15 16 2 148 19 20 3 4 23 24 6 7 27 28 9 10 31 32 13 14 35 36 17 18 39 40 21 22 43 44 25 26 47 48 29 30 51 52 33 34 55 56 37 38 59 60 41 42 63 64 45 46 67 68 49 50 71 72 53 54 75 76 57 58 79 80 61 62 83 84 65 66 87 88 69 70 91 92 73 74 95 96 77 78 100 81 82 104 85 86 90 94 
100 104 108 81 90 112 85 94 116 89 98 91 120 93 102 95 124 97 106 99 128 101 110 103 132 105 114 107 136 109 118 111 140 113 122 115 144 117 126 119 147 121 130 123 150 125 134 127 151 129 138 131 152 133 142 135 12 137 145 139 16 141 148 143 20 1 4 146 24 2 7 149 28 3 10 5 32 6 14 8 36 9 18 11 40 13 22 15 44 17 26 19 48 21 30 23 52 25 34 27 56 29 38 31 60 33 42 35 64 37 46 39 68 41 50 43 72 45 54 47 76 49 58 51 80 53 62 55 84 57 66 59 88 61 70 63 92 65 74 67 96 69 78 71 73 82 75 77 86 79 83 87 
101 106 109 110 111 114 107 116 117 118 119 120 122 115 124 97 125 126 127 128 130 123 132 105 133 134 135 136 138 131 140 113 141 142 143 144 145 139 147 121 2 148 149 150 4 146 151 129 6 7 8 152 10 5 12 137 13 14 15 16 18 11 20 1 21 22 23 24 26 19 28 3 29 30 31 32 34 27 36 9 37 38 39 40 42 35 44 17 45 46 47 48 50 43 52 25 53 54 55 56 58 51 60 33 61 62 63 64 66 59 68 41 69 70 71 72 74 67 76 49 77 78 79 80 82 75 84 57 85 86 87 88 90 83 92 65 93 94 95 96 98 91 100 73 102 103 104 99 108 81 112 89 
102 99 110 103 112 107 108 89 118 111 120 93 115 116 97 98 126 119 128 101 123 124 105 106 134 127 136 109 131 132 113 114 142 135 144 117 139 140 121 122 148 143 150 125 146 147 129 130 7 149 152 133 5 151 137 138 14 8 16 141 11 12 1 145 22 15 24 2 19 20 3 4 30 23 32 6 27 28 9 10 38 31 40 13 35 36 17 18 46 39 48 21 43 44 25 26 54 47 56 29 51 52 33 34 62 55 64 37 59 60 41 42 70 63 72 45 67 68 49 50 78 71 80 53 75 76 57 58 86 79 88 61 83 84 65 66 94 87 96 69 91 92 73 74 95 104 77 100 81 82 85 90 
103 108 111 112 93 116 89 98 119 120 101 102 124 97 106 99 127 128 109 110 132 105 114 107 135 136 117 118 140 113 122 115 143 144 125 126 147 121 130 123 149 150 133 134 151 129 138 131 8 152 141 142 12 137 145 139 15 16 2 148 20 1 4 146 23 24 6 7 28 3 10 5 31 32 13 14 36 9 18 11 39 40 21 22 44 17 26 19 47 48 29 30 52 25 34 27 55 56 37 38 60 33 42 35 63 64 45 46 68 41 50 43 71 72 53 54 76 49 58 51 79 80 61 62 84 57 66 59 87 88 69 70 92 65 74 67 95 96 77 78 100 73 82 75 104 85 86 81 90 83 94 91 
104 81 112 85 94 89 90 91 120 93 102 95 97 98 99 100 128 101 110 103 105 106 107 108 136 109 118 111 113 114 115 116 144 117 126 119 121 122 123 124 150 125 134 127 129 130 131 132 152 133 142 135 137 138 139 140 16 141 148 143 1 145 146 147 24 2 7 149 3 4 5 151 32 6 14 8 9 10 11 12 40 13 22 15 17 18 19 20 48 21 30 23 25 26 27 28 56 29 38 31 33 34 35 36 64 37 46 39 41 42 43 44 72 45 54 47 49 50 51 52 80 53 62 55 57 58 59 60 88 61 70 63 65 66 67 68 96 69 78 71 73 74 75 76 77 86 79 82 83 84 87 92 
105 109 113 114 115 117 118 119 121 122 123 124 125 126 127 128 129 130 131 132 133 134 135 136 137 138 139 140 141 142 143 144 1 145 146 147 2 148 149 150 3 4 5 151 6 7 8 152 9 10 11 12 13 14 15 16 17 18 19 20 21 22 23 24 25 26 27 28 29 30 31 32 33 34 35 36 37 38 39 40 41 42 43 44 45 46 47 48 49 50 51 52 53 54 55 56 57 58 59 60 61 62 63 64 65 66 67 68 69 70 71 72 73 74 75 76 77 78 79 80 81 82 83 84 85 86 87 88 89 90 91 92 93 94 95 96 97 98 99 100 101 102 103 104 106 107 108 110 111 112 116 120 
106 110 114 107 116 118 111 120 122 115 124 97 126 119 128 101 130 123 132 105 134 127 136 109 138 131 140 113 142 135 144 117 145 139 147 121 148 143 150 125 4 146 151 129 7 149 152 133 10 5 12 137 14 8 16 141 18 11 20 1 22 15 24 2 26 19 28 3 30 23 32 6 34 27 36 9 38 31 40 13 42 35 44 17 46 39 48 21 50 43 52 25 54 47 56 29 58 51 60 33 62 55 64 37 66 59 68 41 70 63 72 45 74 67 76 49 78 71 80 53 82 75 84 57 86 79 88 61 90 83 92 65 94 87 96 69 98 91 100 73 102 95 104 77 99 108 81 103 112 85 89 93 
107 111 115 116 97 119 120 101 123 124 105 106 127 128 109 110 131 132 113 114 135 136 117 118 139 140 121 122 143 144 125 126 146 147 129 130 149 150 133 134 5 151 137 138 8 152 141 142 11 12 1 145 15 16 2 148 19 20 3 4 23 24 6 7 27 28 9 10 31 32 13 14 35 36 17 18 39 40 21 22 43 44 25 26 47 48 29 30 51 52 33 34 55 56 37 38 59 60 41 42 63 64 45 46 67 68 49 50 71 72 53 54 75 76 57 58 79 80 61 62 83 84 65 66 87 88 69 70 91 92 73 74 95 96 77 78 99 100 81 82 103 104 85 86 108 89 90 112 93 94 98 102 
108 112 116 89 98 120 93 102 124 97 106 99 128 101 110 103 132 105 114 107 136 109 118 111 140 113 122 115 144 117 126 119 147 121 130 123 150 125 134 127 151 129 138 131 152 133 142 135 12 137 145 139 16 141 148 143 20 1 4 146 24 2 7 149 28 3 10 5 32 6 14 8 36 9 18 11 40 13 22 15 44 17 26 19 48 21 30 23 52 25 34 27 56 29 38 31 60 33 42 35 64 37 46 39 68 41 50 43 72 45 54 47 76 49 58 51 80 53 62 55 84 57 66 59 88 61 70 63 92 65 74 67 96 69 78 71 100 73 82 75 104 77 86 79 81 90 83 85 94 87 91 95 
109 114 117 118 119 122 115 124 125 126 127 128 130 123 132 105 133 134 135 136 138 131 140 113 141 142 143 144 145 139 147 121 2 148 149 150 4 146 151 129 6 7 8 152 10 5 12 137 13 14 15 16 18 11 20 1 21 22 23 24 26 19 28 3 29 30 31 32 34 27 36 9 37 38 39 40 42 35 44 17 45 46 47 48 50 43 52 25 53 54 55 56 58 51 60 33 61 62 63 64 66 59 68 41 69 70 71 72 74 67 76 49 77 78 79 80 82 75 84 57 85 86 87 88 90 83 92 65 93 94 95 96 98 91 100 73 101 102 103 104 106 99 108 81 110 111 112 107 116 89 120 97 
110 107 118 111 120 115 116 97 126 119 128 101 123 124 105 106 134 127 136 109 131 132 113 114 142 135 144 117 139 140 121 122 148 143 150 125 146 147 129 130 7 149 152 133 5 151 137 138 14 8 16 141 11 12 1 145 22 15 24 2 19 20 3 4 30 23 32 6 27 28 9 10 38 31 40 13 35 36 17 18 46 39 48 21 43 44 25 26 54 47 56 29 51 52 33 34 62 55 64 37 59 60 41 42 70 63 72 45 67 68 49 50 78 71 80 53 75 76 57 58 86 79 88 61 83 84 65 66 94 87 96 69 91 92 73 74 102 95 104 77 99 100 81 82 103 112 85 108 89 90 93 98 
111 116 119 120 101 124 97 106 127 128 109 110 132 105 114 107 135 136 117 118 140 113 122 115 143 144 125 126 147 121 130 123 149 150 133 134 151 129 138 131 8 152 141 142 12 137 145 139 15 16 2 148 20 1 4 146 23 24 6 7 28 3 10 5 31 32 13 14 36 9 18 11 39 40 21 22 44 17 26 19 47 48 29 30 52 25 34 27 55 56 37 38 60 33 42 35 63 64 45 46 68 41 50 43 71 72 53 54 76 49 58 51 79 80 61 62 84 57 66 59 87 88 69 70 92 65 74 67 95 96 77 78 100 73 82 75 103 104 85 86 108 81 90 83 112 93 94 89 98 91 102 99 
112 89 120 93 102 97 98 99 128 101 110 103 105 106 107 108 136 109 118 111 113 114 115 116 144 117 126 119 121 122 123 124 150 125 134 127 129 130 131 132 152 133 142 135 137 138 139 140 16 141 148 143 1 145 146 147 24 2 7 149 3 4 5 151 32 6 14 8 9 10 11 12 40 13 22 15 17 18 19 20 48 21 30 23 25 26 27 28 56 29 38 31 33 34 35 36 64 37 46 39 41 42 43 44 72 45 54 47 49 50 51 52 80 53 62 55 57 58 59 60 88 61 70 63 65 66 67 68 96 69 78 71 73 74 75 76 104 77 86 79 81 82 83 84 85 94 87 90 91 92 95 100 
113 117 121 122 123 125 126 127 129 130 131 132 133 134 135 136 137 138 139 140 141 142 143 144 1 145 146 147 2 148 149 150 3 4 5 151 6 7 8 152 9 10 11 12 13 14 15 16 17 18 19 20 21 22 23 24 25 26 27 28 29 30 31 32 33 34 35 36 37 38 39 40 41 42 43 44 45 46 47 48 49 50 51 52 53 54 55 56 57 58 59 60 61 62 63 64 65 66 67 68 69 70 71 72 73 74 75 76 77 78 79 80 81 82 83 84 85 86 87 88 89 90 91 92 93 94 95 96 97 98 99 100 101 102 103 104 105 106 107 108 109 110 111 112 114 115 116 118 119 120 124 128 
114 118 122 115 124 126 119 128 130 123 132 105 134 127 136 109 138 131 140 113 142 135 144 117 145 139 147 121 148 143 150 125 4 146 151 129 7 149 152 133 10 5 12 137 14 8 16 141 18 11 20 1 22 15 24 2 26 19 28 3 30 23 32 6 34 27 36 9 38 31 40 13 42 35 44 17 46 39 48 21 50 43 52 25 54 47 56 29 58 51 60 33 62 55 64 37 66 59 68 41 70 63 72 45 74 67 76 49 78 71 80 53 82 75 84 57 86 79 88 61 90 83 92 65 94 87 96 69 98 91 100 73 102 95 104 77 106 99 108 81 110 103 112 85 107 116 89 111 120 93 97 101 
115 119 123 124 105 127 128 109 131 132 113 114 135 136 117 118 139 140 121 122 143 144 125 126 146 147 129 130 149 150 133 134 5 151 137 138 8 152 141 142 11 12 1 145 15 16 2 148 19 20 3 4 23 24 6 7 27 28 9 10 31 32 13 14 35 36 17 18 39 40 21 22 43 44 25 26 47 48 29 30 51 52 33 34 55 56 37 38 59 60 41 42 63 64 45 46 67 68 49 50 71 72 53 54 75 76 57 58 79 80 61 62 83 84 65 66 87 88 69 70 91 92 73 74 95 96 77 78 99 100 81 82 103 104 85 86 107 108 89 90 111 112 93 94 116 97 98 120 101 102 106 110 
116 120 124 97 106 128 101 110 132 105 114 107 136 109 118 111 140 113 122 115 144 117 126 119 147 121 130 123 150 125 134 127 151 129 138 131 152 133 142 135 12 137 145 139 16 141 148 143 20 1 4 146 24 2 7 149 28 3 10 5 32 6 14 8 36 9 18 11 40 13 22 15 44 17 26 19 48 21 30 23 52 25 34 27 56 29 38 31 60 33 42 35 64 37 46 39 68 41 50 43 72 45 54 47 76 49 58 51 80 53 62 55 84 57 66 59 88 61 70 63 92 65 74 67 96 69 78 71 100 73 82 75 104 77 86 79 108 81 90 83 112 85 94 87 89 98 91 93 102 95 99 103 
117 122 125 126 127 130 123 132 133 134 135 136 138 131 140 113 141 142 143 144 145 139 147 121 2 148 149 150 4 146 151 129 6 7 8 152 10 5 12 137 13 14 15 16 18 11 20 1 21 22 23 24 26 19 28 3 29 30 31 32 34 27 36 9 37 38 39 40 42 35 44 17 45 46 47 48 50 43 52 25 53 54 55 56 58 51 60 33 61 62 63 64 66 59 68 41 69 70 71 72 74 67 76 49 77 78 79 80 82 75 84 57 85 86 87 88 90 83 92 65 93 94 95 96 98 91 100 73 101 102 103 104 106 99 108 81 109 110 111 112 114 107 116 89 118 119 120 115 124 97 128 105 
118 115 126 119 128 123 124 105 134 127 136 109 131 132 113 114 142 135 144 117 139 140 121 122 148 143 150 125 146 147 129 130 7 149 152 133 5 151 137 138 14 8 16 141 11 12 1 145 22 15 24 2 19 20 3 4 30 23 32 6 27 28 9 10 38 31 40 13 35 36 17 18 46 39 48 21 43 44 25 26 54 47 56 29 51 52 33 34 62 55 64 37 59 60 41 42 70 63 72 45 67 68 49 50 78 71 80 53 75 76 57 58 86 79 88 61 83 84 65 66 94 87 96 69 91 92 73 74 102 95 104 77 99 100 81 82 110 103 112 85 107 108 89 90 111 120 93 116 97 98 101 106 
119 124 127 128 109 132 105 114 135 136 117 118 140 113 122 115 143 144 125 126 147 121 130 123 149 150 133 134 151 129 138 131 8 152 141 142 12 137 145 139 15 16 2 148 20 1 4 146 23 24 6 7 28 3 10 5 31 32 13 14 36 9 18 11 39 40 21 22 44 17 26 19 47 48 29 30 52 25 34 27 55 56 37 38 60 33 42 35 63 64 45 46 68 41 50 43 71 72 53 54 76 49 58 51 79 80 61 62 84 57 66 59 87 88 69 70 92 65 74 67 95 96 77 78 100 73 82 75 103 104 85 86 108 81 90 83 111 112 93 94 116 89 98 91 120 101 102 97 106 99 110 107 
120 97 128 101 110 105 106 107 136 109 118 111 113 114 115 116 144 117 126 119 121 122 123 124 150 125 134 127 129 130 131 132 152 133 142 135 137 138 139 140 16 141 148 143 1 145 146 147 24 2 7 149 3 4 5 151 32 6 14 8 9 10 11 12 40 13 22 15 17 18 19 20 48 21 30 23 25 26 27 28 56 29 38 31 33 34 35 36 64 37 46 39 41 42 43 44 72 45 54 47 49 50 51 52 80 53 62 55 57 58 59 60 88 61 70 63 65 66 67 68 96 69 78 71 73 74 75 76 104 77 86 79 81 82 83 84 112 85 94 87 89 90 91 92 93 102 95 98 99 100 103 108 
121 125 129 130 131 133 134 135 137 138 139 140 141 142 143 144 1 145 146 147 2 148 149 150 3 4 5 151 6 7 8 152 9 10 11 12 13 14 15 16 17 18 19 20 21 22 23 24 25 26 27 28 29 30 31 32 33 34 35 36 37 38 39 40 41 42 43 44 45 46 47 48 49 50 51 52 53 54 55 56 57 58 59 60 61 62 63 64 65 66 67 68 69 70 71 72 73 74 75 76 77 78 79 80 81 82 83 84 85 86 87 88 89 90 91 92 93 94 95 96 97 98 99 100 101 102 103 104 105 106 107 108 109 110 111 112 113 114 115 116 117 118 119 120 122 123 124 126 127 128 132 136 
122 126 130 123 132 134 127 136 138 131 140 113 142 135 144 117 145 139 147 121 148 143 150 125 4 146 151 129 7 149 152 133 10 5 12 137 14 8 16 141 18 11 20 1 22 15 24 2 26 19 28 3 30 23 32 6 34 27 36 9 38 31 40 13 42 35 44 17 46 39 48 21 50 43 52 25 54 47 56 29 58 51 60 33 62 55 64 37 66 59 68 41 70 63 72 45 74 67 76 49 78 71 80 53 82 75 84 57 86 79 88 61 90 83 92 65 94 87 96 69 98 91 100 73 102 95 104 77 106 99 108 81 110 103 112 85 114 107 116 89 118 111 120 93 115 124 97 119 128 101 105 109 
123 127 131 132 113 135 136 117 139 140 121 122 143 144 125 126 146 147 129 130 149 150 133 134 5 151 137 138 8 152 141 142 11 12 1 145 15 16 2 148 19 20 3 4 23 24 6 7 27 28 9 10 31 32 13 14 35 36 17 18 39 40 21 22 43 44 25 26 47 48 29 30 51 52 33 34 55 56 37 38 59 60 41 42 63 64 45 46 67 68 49 50 71 72 53 54 75 76 57 58 79 80 61 62 83 84 65 66 87 88 69 70 91 92 73 74 95 96 77 78 99 100 81 82 103 104 85 86 107 108 89 90 111 112 93 94 115 116 97 98 119 120 101 102 124 105 106 128 109 110 114 118 
124 128 132 105 114 136 109 118 140 113 122 115 144 117 126 119 147 121 130 123 150 125 134 127 151 129 138 131 152 133 142 135 12 137 145 139 16 141 148 143 20 1 4 146 24 2 7 149 28 3 10 5 32 6 14 8 36 9 18 11 40 13 22 15 44 17 26 19 48 21 30 23 52 25 34 27 56 29 38 31 60 33 42 35 64 37 46 39 68 41 50 43 72 45 54 47 76 49 58 51 80 53 62 55 84 57 66 59 88 61 70 63 92 65 74 67 96 69 78 71 100 73 82 75 104 77 86 79 108 81 90 83 112 85 94 87 116 89 98 91 120 93 102 95 97 106 99 101 110 103 107 111 
125 130 133 134 135 138 131 140 141 142 143 144 145 139 147 121 2 148 149 150 4 146 151 129 6 7 8 152 10 5 12 137 13 14 15 16 18 11 20 1 21 22 23 24 26 19 28 3 29 30 31 32 34 27 36 9 37 38 39 40 42 35 44 17 45 46 47 48 50 43 52 25 53 54 55 56 58 51 60 33 61 62 63 64 66 59 68 41 69 70 71 72 74 67 76 49 77 78 79 80 82 75 84 57 85 86 87 88 90 83 92 65 93 94 95 96 98 91 100 73 101 102 103 104 106 99 108 81 109 110 111 112 114 107 116 89 117 118 119 120 122 115 124 97 126 127 128 123 132 105 136 113 
126 123 134 127 136 131 132 113 142 135 144 117 139 140 121 122 148 143 150 125 146 147 129 130 7 149 152 133 5 151 137 138 14 8 16 141 11 12 1 145 22 15 24 2 19 20 3 4 30 23 32 6 27 28 9 10 38 31 40 13 35 36 17 18 46 39 48 21 43 44 25 26 54 47 56 29 51 52 33 34 62 55 64 37 59 60 41 42 70 63 72 45 67 68 49 50 78 71 80 53 75 76 57 58 86 79 88 61 83 84 65 66 94 87 96 69 91 92 73 74 102 95 104 77 99 100 81 82 110 103 112 85 107 108 89 90 118 111 120 93 115 116 97 98 119 128 101 124 105 106 109 114 
127 132 135 136 117 140 113 122 143 144 125 126 147 121 130 123 149 150 133 134 151 129 138 131 8 152 141 142 12 137 145 139 15 16 2 148 20 1 4 146 23 24 6 7 28 3 10 5 31 32 13 14 36 9 18 11 39 40 21 22 44 17 26 19 47 48 29 30 52 25 34 27 55 56 37 38 60 33 42 35 63 64 45 46 68 41 50 43 71 72 53 54 76 49 58 51 79 80 61 62 84 57 66 59 87 88 69 70 92 65 74 67 95 96 77 78 100 73 82 75 103 104 85 86 108 81 90 83 111 112 93 94 116 89 98 91 119 120 101 102 124 97 106 99 128 109 110 105 114 107 118 115 
128 105 136 109 118 113 114 115 144 117 126 119 121 122 123 124 150 125 134 127 129 130 131 132 152 133 142 135 137 138 139 140 16 141 148 143 1 145 146 147 24 2 7 149 3 4 5 151 32 6 14 8 9 10 11 12 40 13 22 15 17 18 19 20 48 21 30 23 25 26 27 28 56 29 38 31 33 34 35 36 64 37 46 39 41 42 43 44 72 45 54 47 49 50 51 52 80 53 62 55 57 58 59 60 88 61 70 63 65 66 67 68 96 69 78 71 73 74 75 76 104 77 86 79 81 82 83 84 112 85 94 87 89 90 91 92 120 93 102 95 97 98 99 100 101 110 103 106 107 108 111 116 
129 133 137 138 139 141 142 143 1 145 146 147 2 148 149 150 3 4 5 151 6 7 8 152 9 10 11 12 13 14 15 16 17 18 19 20 21 22 23 24 25 26 27 28 29 30 31 32 33 34 35 36 37 38 39 40 41 42 43 44 45 46 47 48 49 50 51 52 53 54 55 56 57 58 59 60 61 62 63 64 65 66 67 68 69 70 71 72 73 74 75 76 77 78 79 80 81 82 83 84 85 86 87 88 89 90 91 92 93 94 95 96 97 98 99 100 101 102 103 104 105 106 107 108 109 110 111 112 113 114 115 116 117 118 119 120 121 122 123 124 125 126 127 128 130 131 132 134 135 136 140 144 
130 134 138 131 140 142 135 144 145 139 147 121 148 143 150 125 4 146 151 129 7 149 152 133 10 5 12 137 14 8 16 141 18 11 20 1 22 15 24 2 26 19 28 3 30 23 32 6 34 27 36 9 38 31 40 13 42 35 44 17 46 39 48 21 50 43 52 25 54 47 56 29 58 51 60 33 62 55 64 37 66 59 68 41 70 63 72 45 74 67 76 49 78 71 80 53 82 75 84 57 86 79 88 61 90 83 92 65 94 87 96 69 98 91 100 73 102 95 104 77 106 99 108 81 110 103 112 85 114 107 116 89 118 111 120 93 122 115 124 97 126 119 128 101 123 132 105 127 136 109 113 117 
131 135 139 140 121 143 144 125 146 147 129 130 149 150 133 134 5 151 137 138 8 152 141 142 11 12 1 145 15 16 2 148 19 20 3 4 23 24 6 7 27 28 9 10 31 32 13 14 35 36 17 18 39 40 21 22 43 44 25 26 47 48 29 30 51 52 33 34 55 56 37 38 59 60 41 42 63 64 45 46 67 68 49 50 71 72 53 54 75 76 57 58 79 80 61 62 83 84 65 66 87 88 69 70 91 92 73 74 95 96 77 78 99 100 81 82 103 104 85 86 107 108 89 90 111 112 93 94 115 116 97 98 119 120 101 102 123 124 105 106 127 128 109 110 132 113 114 136 117 118 122 126 
132 136 140 113 122 144 117 126 147 121 130 123 150 125 134 127 151 129 138 131 152 133 142 135 12 137 145 139 16 141 148 143 20 1 4 146 24 2 7 149 28 3 10 5 32 6 14 8 36 9 18 11 40 13 22 15 44 17 26 19 48 21 30 23 52 25 34 27 56 29 38 31 60 33 42 35 64 37 46 39 68 41 50 43 72 45 54 47 76 49 58 51 80 53 62 55 84 57 66 59 88 61 70 63 92 65 74 67 96 69 78 71 100 73 82 75 104 77 86 79 108 81 90 83 112 85 94 87 116 89 98 91 120 93 102 95 124 97 106 99 128 101 110 103 105 114 107 109 118 111 115 119 
133 138 141 142 143 145 139 147 2 148 149 150 4 146 151 129 6 7 8 152 10 5 12 137 13 14 15 16 18 11 20 1 21 22 23 24 26 19 28 3 29 30 31 32 34 27 36 9 37 38 39 40 42 35 44 17 45 46 47 48 50 43 52 25 53 54 55 56 58 51 60 33 61 62 63 64 66 59 68 41 69 70 71 72 74 67 76 49 77 78 79 80 82 75 84 57 85 86 87 88 90 83 92 65 93 94 95 96 98 91 100 73 101 102 103 104 106 99 108 81 109 110 111 112 114 107 116 89 117 118 119 120 122 115 124 97 125 126 127 128 130 123 132 105 134 135 136 131 140 113 144 121 
134 131 142 135 144 139 140 121 148 143 150 125 146 147 129 130 7 149 152 133 5 151 137 138 14 8 16 141 11 12 1 145 22 15 24 2 19 20 3 4 30 23 32 6 27 28 9 10 38 31 40 13 35 36 17 18 46 39 48 21 43 44 25 26 54 47 56 29 51 52 33 34 62 55 64 37 59 60 41 42 70 63 72 45 67 68 49 50 78 71 80 53 75 76 57 58 86 79 88 61 83 84 65 66 94 87 96 69 91 92 73 74 102 95 104 77 99 100 81 82 110 103 112 85 107 108 89 90 118 111 120 93 115 116 97 98 126 119 128 101 123 124 105 106 127 136 109 132 113 114 117 122 
135 140 143 144 125 147 121 130 149 150 133 134 151 129 138 131 8 152 141 142 12 137 145 139 15 16 2 148 20 1 4 146 23 24 6 7 28 3 10 5 31 32 13 14 36 9 18 11 39 40 21 22 44 17 26 19 47 48 29 30 52 25 34 27 55 56 37 38 60 33 42 35 63 64 45 46 68 41 50 43 71 72 53 54 76 49 58 51 79 80 61 62 84 57 66 59 87 88 69 70 92 65 74 67 95 96 77 78 100 73 82 75 103 104 85 86 108 81 90 83 111 112 93 94 116 89 98 91 119 120 101 102 124 97 106 99 127 128 109 110 132 105 114 107 136 117 118 113 122 115 126 123 
136 113 144 117 126 121 122 123 150 125 134 127 129 130 131 132 152 133 142 135 137 138 139 140 16 141 148 143 1 145 146 147 24 2 7 149 3 4 5 151 32 6 14 8 9 10 11 12 40 13 22 15 17 18 19 20 48 21 30 23 25 26 27 28 56 29 38 31 33 34 35 36 64 37 46 39 41 42 43 44 72 45 54 47 49 50 51 52 80 53 62 55 57 58 59 60 88 61 70 63 65 66 67 68 96 69 78 71 73 74 75 76 104 77 86 79 81 82 83 84 112 85 94 87 89 90 91 92 120 93 102 95 97 98 99 100 128 101 110 103 105 106 107 108 109 118 111 114 115 116 119 124 
137 141 1 145 146 2 148 149 3 4 5 151 6 7 8 152 9 10 11 12 13 14 15 16 17 18 19 20 21 22 23 24 25 26 27 28 29 30 31 32 33 34 35 36 37 38 39 40 41 42 43 44 45 46 47 48 49 50 51 52 53 54 55 56 57 58 59 60 61 62 63 64 65 66 67 68 69 70 71 72 73 74 75 76 77 78 79 80 81 82 83 84 85 86 87 88 89 90 91 92 93 94 95 96 97 98 99 100 101 102 103 104 105 106 107 108 109 110 111 112 113 114 115 116 117 118 119 120 121 122 123 124 125 126 127 128 129 130 131 132 133 134 135 136 138 139 140 142 143 144 147 150 
138 142 145 139 147 148 143 150 4 146 151 129 7 149 152 133 10 5 12 137 14 8 16 141 18 11 20 1 22 15 24 2 26 19 28 3 30 23 32 6 34 27 36 9 38 31 40 13 42 35 44 17 46 39 48 21 50 43 52 25 54 47 56 29 58 51 60 33 62 55 64 37 66 59 68 41 70 63 72 45 74 67 76 49 78 71 80 53 82 75 84 57 86 79 88 61 90 83 92 65 94 87 96 69 98 91 100 73 102 95 104 77 106 99 108 81 110 103 112 85 114 107 116 89 118 111 120 93 122 115 124 97 126 119 128 101 130 123 132 105 134 127 136 109 131 140 113 135 144 117 121 125 
139 143 146 147 129 149 150 133 5 151 137 138 8 152 141 142 11 12 1 145 15 16 2 148 19 20 3 4 23 24 6 7 27 28 9 10 31 32 13 14 35 36 17 18 39 40 21 22 43 44 25 26 47 48 29 30 51 52 33 34 55 56 37 38 59 60 41 42 63 64 45 46 67 68 49 50 71 72 53 54 75 76 57 58 79 80 61 62 83 84 65 66 87 88 69 70 91 92 73 74 95 96 77 78 99 100 81 82 103 104 85 86 107 108 89 90 111 112 93 94 115 116 97 98 119 120 101 102 123 124 105 106 127 128 109 110 131 132 113 114 135 136 117 118 140 121 122 144 125 126 130 134 
140 144 147 121 130 150 125 134 151 129 138 131 152 133 142 135 12 137 145 139 16 141 148 143 20 1 4 146 24 2 7 149 28 3 10 5 32 6 14 8 36 9 18 11 40 13 22 15 44 17 26 19 48 21 30 23 52 25 34 27 56 29 38 31 60 33 42 35 64 37 46 39 68 41 50 43 72 45 54 47 76 49 58 51 80 53 62 55 84 57 66 59 88 61 70 63 92 65 74 67 96 69 78 71 100 73 82 75 104 77 86 79 108 81 90 83 112 85 94 87 116 89 98 91 120 93 102 95 124 97 106 99 128 101 110 103 132 105 114 107 136 109 118 111 113 122 115 117 126 119 123 127 
141 145 2 148 149 4 146 151 6 7 8 152 10 5 12 137 13 14 15 16 18 11 20 1 21 22 23 24 26 19 28 3 29 30 31 32 34 27 36 9 37 38 39 40 42 35 44 17 45 46 47 48 50 43 52 25 53 54 55 56 58 51 60 33 61 62 63 64 66 59 68 41 69 70 71 72 74 67 76 49 77 78 79 80 82 75 84 57 85 86 87 88 90 83 92 65 93 94 95 96 98 91 100 73 101 102 103 104 106 99 108 81 109 110 111 112 114 107 116 89 117 118 119 120 122 115 124 97 125 126 127 128 130 123 132 105 133 134 135 136 138 131 140 113 142 143 144 139 147 121 150 129 
142 139 148 143 150 146 147 129 7 149 152 133 5 151 137 138 14 8 16 141 11 12 1 145 22 15 24 2 19 20 3 4 30 23 32 6 27 28 9 10 38 31 40 13 35 36 17 18 46 39 48 21 43 44 25 26 54 47 56 29 51 52 33 34 62 55 64 37 59 60 41 42 70 63 72 45 67 68 49 50 78 71 80 53 75 76 57 58 86 79 88 61 83 84 65 66 94 87 96 69 91 92 73 74 102 95 104 77 99 100 81 82 110 103 112 85 107 108 89 90 118 111 120 93 115 116 97 98 126 119 128 101 123 124 105 106 134 127 136 109 131 132 113 114 135 144 117 140 121 122 125 130 
143 147 149 150 133 151 129 138 8 152 141 142 12 137 145 139 15 16 2 148 20 1 4 146 23 24 6 7 28 3 10 5 31 32 13 14 36 9 18 11 39 40 21 22 44 17 26 19 47 48 29 30 52 25 34 27 55 56 37 38 60 33 42 35 63 64 45 46 68 41 50 43 71 72 53 54 76 49 58 51 79 80 61 62 84 57 66 59 87 88 69 70 92 65 74 67 95 96 77 78 100 73 82 75 103 104 85 86 108 81 90 83 111 112 93 94 116 89 98 91 119 120 101 102 124 97 106 99 127 128 109 110 132 105 114 107 135 136 117 118 140 113 122 115 144 125 126 121 130 123 134 131 
144 121 150 125 134 129 130 131 152 133 142 135 137 138 139 140 16 141 148 143 1 145 146 147 24 2 7 149 3 4 5 151 32 6 14 8 9 10 11 12 40 13 22 15 17 18 19 20 48 21 30 23 25 26 27 28 56 29 38 31 33 34 35 36 64 37 46 39 41 42 43 44 72 45 54 47 49 50 51 52 80 53 62 55 57 58 59 60 88 61 70 63 65 66 67 68 96 69 78 71 73 74 75 76 104 77 86 79 81 82 83 84 112 85 94 87 89 90 91 92 120 93 102 95 97 98 99 100 128 101 110 103 105 106 107 108 136 109 118 111 113 114 115 116 117 126 119 122 123 124 127 132 
145 148 4 146 151 7 149 152 10 5 12 137 14 8 16 141 18 11 20 1 22 15 24 2 26 19 28 3 30 23 32 6 34 27 36 9 38 31 40 13 42 35 44 17 46 39 48 21 50 43 52 25 54 47 56 29 58 51 60 33 62 55 64 37 66 59 68 41 70 63 72 45 74 67 76 49 78 71 80 53 82 75 84 57 86 79 88 61 90 83 92 65 94 87 96 69 98 91 100 73 102 95 104 77 106 99 108 81 110 103 112 85 114 107 116 89 118 111 120 93 122 115 124 97 126 119 128 101 130 123 132 105 134 127 136 109 138 131 140 113 142 135 144 117 139 147 121 143 150 125 129 133 
146 149 5 151 137 8 152 141 11 12 1 145 15 16 2 148 19 20 3 4 23 24 6 7 27 28 9 10 31 32 13 14 35 36 17 18 39 40 21 22 43 44 25 26 47 48 29 30 51 52 33 34 55 56 37 38 59 60 41 42 63 64 45 46 67 68 49 50 71 72 53 54 75 76 57 58 79 80 61 62 83 84 65 66 87 88 69 70 91 92 73 74 95 96 77 78 99 100 81 82 103 104 85 86 107 108 89 90 111 112 93 94 115 116 97 98 119 120 101 102 123 124 105 106 127 128 109 110 131 132 113 114 135 136 117 118 139 140 121 122 143 144 125 126 147 129 130 150 133 134 138 142 
147 150 151 129 138 152 133 142 12 137 145 139 16 141 148 143 20 1 4 146 24 2 7 149 28 3 10 5 32 6 14 8 36 9 18 11 40 13 22 15 44 17 26 19 48 21 30 23 52 25 34 27 56 29 38 31 60 33 42 35 64 37 46 39 68 41 50 43 72 45 54 47 76 49 58 51 80 53 62 55 84 57 66 59 88 61 70 63 92 65 74 67 96 69 78 71 100 73 82 75 104 77 86 79 108 81 90 83 112 85 94 87 116 89 98 91 120 93 102 95 124 97 106 99 128 101 110 103 132 105 114 107 136 109 118 111 140 113 122 115 144 117 126 119 121 130 123 125 134 127 131 135 
148 146 7 149 152 5 151 137 14 8 16 141 11 12 1 145 22 15 24 2 19 20 3 4 30 23 32 6 27 28 9 10 38 31 40 13 35 36 17 18 46 39 48 21 43 44 25 26 54 47 56 29 51 52 33 34 62 55 64 37 59 60 41 42 70 63 72 45 67 68 49 50 78 71 80 53 75 76 57 58 86 79 88 61 83 84 65 66 94 87 96 69 91 92 73 74 102 95 104 77 99 100 81 82 110 103 112 85 107 108 89 90 118 111 120 93 115 116 97 98 126 119 128 101 123 124 105 106 134 127 136 109 131 132 113 114 142 135 144 117 139 140 121 122 143 150 125 147 129 130 133 138 
149 151 8 152 141 12 137 145 15 16 2 148 20 1 4 146 23 24 6 7 28 3 10 5 31 32 13 14 36 9 18 11 39 40 21 22 44 17 26 19 47 48 29 30 52 25 34 27 55 56 37 38 60 33 42 35 63 64 45 46 68 41 50 43 71 72 53 54 76 49 58 51 79 80 61 62 84 57 66 59 87 88 69 70 92 65 74 67 95 96 77 78 100 73 82 75 103 104 85 86 108 81 90 83 111 112 93 94 116 89 98 91 119 120 101 102 124 97 106 99 127 128 109 110 132 105 114 107 135 136 117 118 140 113 122 115 143 144 125 126 147 121 130 123 150 133 134 129 138 131 142 139 
150 129 152 133 142 137 138 139 16 141 148 143 1 145 146 147 24 2 7 149 3 4 5 151 32 6 14 8 9 10 11 12 40 13 22 15 17 18 19 20 48 21 30 23 25 26 27 28 56 29 38 31 33 34 35 36 64 37 46 39 41 42 43 44 72 45 54 47 49 50 51 52 80 53 62 55 57 58 59 60 88 61 70 63 65 66 67 68 96 69 78 71 73 74 75 76 104 77 86 79 81 82 83 84 112 85 94 87 89 90 91 92 120 93 102 95 97 98 99 100 128 101 110 103 105 106 107 108 136 109 118 111 113 114 115 116 144 117 126 119 121 122 123 124 125 134 127 130 131 132 135 140 
151 152 12 137 145 16 141 148 20 1 4 146 24 2 7 149 28 3 10 5 32 6 14 8 36 9 18 11 40 13 22 15 44 17 26 19 48 21 30 23 52 25 34 27 56 29 38 31 60 33 42 35 64 37 46 39 68 41 50 43 72 45 54 47 76 49 58 51 80 53 62 55 84 57 66 59 88 61 70 63 92 65 74 67 96 69 78 71 100 73 82 75 104 77 86 79 108 81 90 83 112 85 94 87 116 89 98 91 120 93 102 95 124 97 106 99 128 101 110 103 132 105 114 107 136 109 118 111 140 113 122 115 144 117 126 119 147 121 130 123 150 125 134 127 129 138 131 133 142 135 139 143 
152 137 16 141 148 1 145 146 24 2 7 149 3 4 5 151 32 6 14 8 9 10 11 12 40 13 22 15 17 18 19 20 48 21 30 23 25 26 27 28 56 29 38 31 33 34 35 36 64 37 46 39 41 42 43 44 72 45 54 47 49 50 51 52 80 53 62 55 57 58 59 60 88 61 70 63 65 66 67 68 96 69 78 71 73 74 75 76 104 77 86 79 81 82 83 84 112 85 94 87 89 90 91 92 120 93 102 95 97 98 99 100 128 101 110 103 105 106 107 108 136 109 118 111 113 114 115 116 144 117 126 119 121 122 123 124 150 125 134 127 129 130 131 132 133 142 135 138 139 140 143 147 
