144 152
1 2 3 4 5 6 7 8 9 10 11 12 13 14 15 16 17 18 19 20 21 22 23 24 25 26 27 28 29 30 31 32 33 34 35 36 37 38 39 40 41 42 43 44 45 46 47 48 49 50 51 52 53 54 55 56 57 58 59 60 61 62 63 64 65 66 67 68 69 70 71 72 73 74 75 76 77 78 79 80 81 82 83 84 85 86 87 88 89 90 91 92 93 94 95 96 97 98 99 100 101 102 103 104 105 106 107 108 109 110 111 112 113 114 115 116 117 118 119 120 121 122 123 124 125 126 127 128 129 130 131 132 133 134 135 136 137 138 139 140 141 142 143 144 
2 5 8 9 10 11 12 14 17 1 20 21 25 26 27 28 29 30 31 32 33 34 35 36 37 3 40 41 4 45 46 6 7 50 51 52 55 56 57 58 59 60 61 62 63 64 65 66 67 68 69 70 71 72 13 73 74 15 16 78 79 80 18 19 83 84 85 22 23 24 88 89 91 92 93 94 95 96 97 98 99 100 101 102 103 104 105 106 107 108 38 39 109 110 111 42 43 44 114 115 47 48 49 117 118 53 54 120 121 122 123 124 125 126 127 128 129 130 131 132 75 76 77 133 134 81 82 136 86 87 137 90 138 139 140 141 142 112 113 143 116 119 144 135 
3 26 5 13 14 15 16 2 55 8 58 59 17 1 20 21 37 38 39 40 41 42 43 44 9 10 11 12 25 91 92 27 28 96 97 98 4 45 46 6 7 50 51 52 73 74 75 76 77 78 79 80 81 82 29 30 31 32 33 34 35 36 56 57 121 122 123 60 61 62 126 127 18 19 83 84 85 22 23 24 88 89 109 110 111 112 113 114 115 116 63 64 65 66 67 68 69 70 71 72 93 94 95 138 139 99 100 141 47 48 49 117 118 53 54 120 133 134 135 136 101 102 103 104 105 106 107 108 124 125 144 128 86 87 137 90 143 129 130 131 132 140 119 142 
4 9 13 1 17 18 19 25 2 29 30 31 3 37 38 39 5 6 7 45 46 47 48 49 8 55 56 57 10 11 12 63 64 65 66 67 14 15 16 73 74 75 76 77 20 21 22 23 24 83 84 85 86 87 26 27 28 91 92 93 94 95 32 33 34 35 36 101 102 103 104 105 40 41 42 43 44 109 110 111 112 113 50 51 52 53 54 117 118 119 58 59 60 61 62 121 122 123 124 125 68 69 70 71 72 129 130 131 78 79 80 81 82 133 134 135 88 89 90 137 96 97 98 99 100 138 139 140 106 107 108 142 114 115 116 143 120 126 127 128 144 132 136 141 
5 10 14 17 1 20 21 26 29 2 32 33 37 3 40 41 4 45 46 6 7 50 51 52 55 8 58 59 9 63 64 11 12 68 69 70 13 73 74 15 16 78 79 80 18 19 83 84 85 22 23 24 88 89 25 91 92 27 28 96 97 98 30 31 101 102 103 34 35 36 106 107 38 39 109 110 111 42 43 44 114 115 47 48 49 117 118 53 54 120 56 57 121 122 123 60 61 62 126 127 65 66 67 129 130 71 72 132 75 76 77 133 134 81 82 136 86 87 137 90 93 94 95 138 139 99 100 141 104 105 142 108 112 113 143 116 119 124 125 144 128 131 135 140 
6 11 42 18 20 22 23 60 30 32 34 35 75 78 3 81 45 47 48 50 51 1 53 54 93 96 8 99 63 65 66 68 69 2 71 72 109 13 112 14 114 15 16 116 83 84 4 86 87 5 88 89 7 90 121 25 124 26 126 27 28 128 101 102 9 104 105 10 106 107 12 108 37 133 38 39 135 40 41 136 43 44 17 117 118 19 119 21 120 24 55 138 56 57 140 58 59 141 61 62 29 129 130 31 131 33 132 36 73 74 143 76 77 79 80 82 46 137 49 52 91 92 144 94 95 97 98 100 64 142 67 70 110 111 113 115 85 122 123 125 127 103 134 139 
7 36 16 19 21 23 24 62 67 70 72 2 39 41 43 44 46 48 49 51 52 53 54 1 95 98 100 8 103 105 9 107 10 108 11 12 74 76 77 79 80 81 82 3 84 85 86 87 4 88 89 5 90 6 123 125 25 127 26 128 27 28 130 29 131 30 31 132 32 33 34 35 110 111 112 113 13 114 115 14 116 15 117 118 17 119 18 120 20 22 139 55 140 56 57 141 58 59 60 61 142 63 64 65 66 68 69 71 133 134 37 135 38 136 40 42 137 45 47 50 144 91 92 93 94 96 97 99 101 102 104 106 143 73 75 78 83 121 122 124 126 129 109 138 
8 3 10 25 26 27 28 5 13 14 15 16 29 2 32 33 55 56 57 58 59 60 61 62 17 1 20 21 37 38 39 40 41 42 43 44 9 63 64 11 12 68 69 70 91 92 93 94 95 96 97 98 99 100 4 45 46 6 7 50 51 52 73 74 75 76 77 78 79 80 81 82 30 31 101 102 103 34 35 36 106 107 121 122 123 124 125 126 127 128 18 19 83 84 85 22 23 24 88 89 109 110 111 112 113 114 115 116 65 66 67 129 130 71 72 132 138 139 140 141 47 48 49 117 118 53 54 120 133 134 135 136 104 105 142 108 144 86 87 137 90 143 131 119 
9 17 25 2 29 30 31 37 5 4 45 46 8 55 56 57 10 11 12 63 64 65 66 67 14 13 73 74 1 20 21 18 19 83 84 85 26 27 28 91 92 93 94 95 32 33 34 35 36 101 102 103 104 105 3 40 41 38 39 109 110 111 6 7 50 51 52 47 48 49 117 118 58 59 60 61 62 121 122 123 124 125 68 69 70 71 72 129 130 131 15 16 78 79 80 75 76 77 133 134 22 23 24 88 89 86 87 137 96 97 98 99 100 138 139 140 106 107 108 142 42 43 44 114 115 112 113 143 53 54 120 119 126 127 128 144 132 81 82 136 135 90 141 116 
10 1 26 29 2 32 33 3 4 5 6 7 55 8 58 59 9 63 64 11 12 68 69 70 13 14 15 16 17 18 19 20 21 22 23 24 25 91 92 27 28 96 97 98 30 31 101 102 103 34 35 36 106 107 37 38 39 40 41 42 43 44 45 46 47 48 49 50 51 52 53 54 56 57 121 122 123 60 61 62 126 127 65 66 67 129 130 71 72 132 73 74 75 76 77 78 79 80 81 82 83 84 85 86 87 88 89 90 93 94 95 138 139 99 100 141 104 105 142 108 109 110 111 112 113 114 115 116 117 118 119 120 124 125 144 128 131 133 134 135 136 137 140 143 
11 20 60 30 32 34 35 78 45 6 50 51 93 96 8 99 63 65 66 68 69 2 71 72 109 42 14 114 18 83 84 22 23 5 88 89 121 25 124 26 126 27 28 128 101 102 9 104 105 10 106 107 12 108 75 37 133 3 81 40 41 136 47 48 17 117 118 1 53 54 21 120 55 138 56 57 140 58 59 141 61 62 29 129 130 31 131 33 132 36 13 112 73 74 143 15 16 116 79 80 4 86 87 46 137 7 90 52 91 92 144 94 95 97 98 100 64 142 67 70 38 39 135 110 111 43 44 115 19 119 85 24 122 123 125 127 103 76 77 134 82 49 139 113 
12 52 28 31 33 35 36 80 85 24 89 5 57 59 61 62 64 66 67 69 70 71 72 2 111 44 115 14 49 118 17 54 1 120 20 21 92 94 95 97 98 99 100 8 102 103 104 105 9 106 107 10 108 11 77 134 37 82 3 136 40 41 87 4 137 45 46 90 6 7 50 51 122 123 124 125 25 126 127 26 128 27 129 130 29 131 30 132 32 34 113 13 143 73 74 116 15 16 78 79 119 18 19 83 84 22 23 88 138 139 55 140 56 141 58 60 142 63 65 68 135 38 39 109 110 42 43 114 47 48 117 53 144 91 93 96 101 75 76 133 81 86 121 112 
13 55 17 3 37 38 39 9 26 25 91 92 5 4 45 46 14 15 16 73 74 75 76 77 2 29 30 31 8 58 59 56 57 121 122 123 1 20 21 18 19 83 84 85 40 41 42 43 44 109 110 111 112 113 10 11 12 63 64 65 66 67 27 28 96 97 98 93 94 95 138 139 6 7 50 51 52 47 48 49 117 118 78 79 80 81 82 133 134 135 32 33 34 35 36 101 102 103 104 105 60 61 62 126 127 124 125 144 22 23 24 88 89 86 87 137 114 115 116 143 68 69 70 71 72 129 130 131 99 100 141 140 53 54 120 119 136 106 107 108 142 128 90 132 
14 8 1 37 3 40 41 10 25 26 27 28 4 5 6 7 13 73 74 15 16 78 79 80 29 2 32 33 55 56 57 58 59 60 61 62 17 18 19 20 21 22 23 24 38 39 109 110 111 42 43 44 114 115 9 63 64 11 12 68 69 70 91 92 93 94 95 96 97 98 99 100 45 46 47 48 49 50 51 52 53 54 75 76 77 133 134 81 82 136 30 31 101 102 103 34 35 36 106 107 121 122 123 124 125 126 127 128 83 84 85 86 87 88 89 90 112 113 143 116 65 66 67 129 130 71 72 132 138 139 140 141 117 118 119 120 135 104 105 142 108 144 137 131 
15 58 50 38 40 42 43 34 91 27 96 97 83 22 5 88 73 75 76 78 79 3 81 82 65 68 2 71 56 121 122 60 61 26 126 127 47 17 117 1 53 20 21 120 109 110 13 112 113 14 114 115 16 116 101 9 104 10 106 11 12 108 93 94 55 138 139 8 99 100 59 141 4 86 45 46 137 6 7 90 51 52 37 133 134 39 135 41 136 44 29 129 30 31 131 32 33 132 35 36 25 124 125 92 144 28 128 98 18 19 119 84 85 23 24 89 74 143 77 80 63 64 142 66 67 69 70 72 57 140 123 62 48 49 118 54 111 102 103 105 107 95 87 130 
16 98 21 39 41 43 44 36 123 62 127 26 46 7 51 52 74 76 77 79 80 81 82 3 67 70 72 2 95 139 55 100 8 141 58 59 19 84 85 23 24 88 89 5 110 111 112 113 13 114 115 14 116 15 103 105 9 107 10 108 11 12 125 25 144 91 92 128 27 28 96 97 48 49 117 118 17 53 54 1 120 20 133 134 37 135 38 136 40 42 130 29 131 30 31 132 32 33 34 35 140 56 57 121 122 60 61 126 86 87 4 137 45 90 6 50 143 73 75 78 142 63 64 65 66 68 69 71 93 94 138 99 119 18 83 22 109 101 102 104 106 124 47 129 
17 29 37 5 4 45 46 55 10 9 63 64 14 13 73 74 1 20 21 18 19 83 84 85 26 25 91 92 2 32 33 30 31 101 102 103 3 40 41 38 39 109 110 111 6 7 50 51 52 47 48 49 117 118 8 58 59 56 57 121 122 123 11 12 68 69 70 65 66 67 129 130 15 16 78 79 80 75 76 77 133 134 22 23 24 88 89 86 87 137 27 28 96 97 98 93 94 95 138 139 34 35 36 106 107 104 105 142 42 43 44 114 115 112 113 143 53 54 120 119 60 61 62 126 127 124 125 144 71 72 132 131 81 82 136 135 90 99 100 141 140 108 116 128 
18 30 75 6 45 47 48 93 11 63 65 66 42 109 13 112 20 22 23 83 84 4 86 87 60 121 25 124 32 34 35 101 102 9 104 105 78 3 81 37 133 38 39 135 50 51 1 53 54 17 117 118 19 119 96 8 99 55 138 56 57 140 68 69 2 71 72 29 129 130 31 131 14 114 15 16 116 73 74 143 76 77 5 88 89 7 90 46 137 49 26 126 27 28 128 91 92 144 94 95 10 106 107 12 108 64 142 67 40 41 136 43 44 110 111 113 21 120 24 85 58 59 141 61 62 122 123 125 33 132 36 103 79 80 82 134 52 97 98 100 139 70 115 127 
19 67 39 7 46 48 49 95 36 103 105 9 16 74 76 77 21 23 24 84 85 86 87 4 62 123 125 25 70 72 2 130 29 131 30 31 41 43 44 110 111 112 113 13 51 52 53 54 1 117 118 17 119 18 98 100 8 139 55 140 56 57 107 10 108 11 12 142 63 64 65 66 79 80 81 82 3 133 134 37 135 38 88 89 5 90 6 137 45 47 127 26 128 27 28 144 91 92 93 94 132 32 33 34 35 101 102 104 114 115 14 116 15 143 73 75 120 20 22 83 141 58 59 60 61 121 122 124 68 69 71 129 136 40 42 109 50 96 97 99 138 106 78 126 
20 32 78 45 6 50 51 96 63 11 68 69 109 42 14 114 18 83 84 22 23 5 88 89 121 60 26 126 30 101 102 34 35 10 106 107 75 37 133 3 81 40 41 136 47 48 17 117 118 1 53 54 21 120 93 55 138 8 99 58 59 141 65 66 29 129 130 2 71 72 33 132 13 112 73 74 143 15 16 116 79 80 4 86 87 46 137 7 90 52 25 124 91 92 144 27 28 128 97 98 9 104 105 64 142 12 108 70 38 39 135 110 111 43 44 115 19 119 85 24 56 57 140 122 123 61 62 127 31 131 103 36 76 77 134 82 49 94 95 139 100 67 113 125 
21 70 41 46 7 51 52 98 103 36 107 10 74 16 79 80 19 84 85 23 24 88 89 5 123 62 127 26 67 130 29 72 2 132 32 33 39 110 111 43 44 114 115 14 48 49 117 118 17 53 54 1 120 20 95 139 55 100 8 141 58 59 105 9 142 63 64 108 11 12 68 69 76 77 133 134 37 81 82 3 136 40 86 87 4 137 45 90 6 50 125 25 144 91 92 128 27 28 96 97 131 30 31 101 102 34 35 106 112 113 13 143 73 116 15 78 119 18 83 22 140 56 57 121 122 60 61 126 65 66 129 71 135 38 109 42 47 93 94 138 99 104 75 124 
22 34 15 47 50 1 53 27 65 68 2 71 38 40 42 43 83 4 86 5 88 6 7 90 56 58 60 61 101 9 104 10 106 11 12 108 73 75 76 78 79 3 81 82 17 117 18 19 119 20 21 120 23 24 91 93 94 96 97 8 99 100 29 129 30 31 131 32 33 132 35 36 109 110 13 112 113 14 114 115 16 116 45 46 137 48 49 51 52 54 121 122 25 124 125 26 126 127 28 128 63 64 142 66 67 69 70 72 37 133 134 39 135 41 136 44 84 85 87 89 55 138 139 57 140 59 141 62 102 103 105 107 74 143 77 80 118 92 144 95 98 130 111 123 
23 72 81 48 51 53 54 128 105 107 108 11 112 114 16 116 84 86 87 88 89 7 90 6 140 141 62 60 130 131 30 132 32 36 34 35 133 39 135 41 136 43 44 42 117 118 19 119 18 21 120 20 24 22 144 95 93 98 96 100 8 99 142 63 67 65 66 70 68 69 2 71 74 143 76 77 75 79 80 78 82 3 46 137 45 49 47 52 50 1 123 121 125 25 124 127 26 126 27 28 103 101 102 9 104 10 106 12 110 111 109 113 13 115 14 15 85 83 4 5 139 55 138 56 57 58 59 61 29 129 31 33 134 37 38 40 17 91 92 94 97 64 73 122 
24 12 44 49 52 54 1 28 31 33 35 36 77 80 82 3 85 87 4 89 5 90 6 7 57 59 61 62 64 66 67 69 70 71 72 2 111 113 13 115 14 116 15 16 118 17 119 18 19 120 20 21 22 23 92 94 95 97 98 99 100 8 102 103 104 105 9 106 107 10 108 11 134 37 135 38 39 136 40 41 42 43 137 45 46 47 48 50 51 53 122 123 124 125 25 126 127 26 128 27 129 130 29 131 30 132 32 34 143 73 74 75 76 78 79 81 83 84 86 88 138 139 55 140 56 141 58 60 142 63 65 68 109 110 112 114 117 144 91 93 96 101 133 121 
25 13 29 8 55 56 57 17 3 37 38 39 10 9 63 64 26 27 28 91 92 93 94 95 5 4 45 46 14 15 16 73 74 75 76 77 2 32 33 30 31 101 102 103 58 59 60 61 62 121 122 123 124 125 1 20 21 18 19 83 84 85 40 41 42 43 44 109 110 111 112 113 11 12 68 69 70 65 66 67 129 130 96 97 98 99 100 138 139 140 6 7 50 51 52 47 48 49 117 118 78 79 80 81 82 133 134 135 34 35 36 106 107 104 105 142 126 127 128 144 22 23 24 88 89 86 87 137 114 115 116 143 71 72 132 131 141 53 54 120 119 136 108 90 
26 14 2 55 8 58 59 1 37 3 40 41 9 10 11 12 25 91 92 27 28 96 97 98 4 5 6 7 13 73 74 15 16 78 79 80 29 30 31 32 33 34 35 36 56 57 121 122 123 60 61 62 126 127 17 18 19 20 21 22 23 24 38 39 109 110 111 42 43 44 114 115 63 64 65 66 67 68 69 70 71 72 93 94 95 138 139 99 100 141 45 46 47 48 49 50 51 52 53 54 75 76 77 133 134 81 82 136 101 102 103 104 105 106 107 108 124 125 144 128 83 84 85 86 87 88 89 90 112 113 143 116 129 130 131 132 140 117 118 119 120 135 142 137 
27 15 68 56 58 60 61 50 38 40 42 43 101 34 10 106 91 93 94 96 97 8 99 100 83 22 5 88 73 75 76 78 79 3 81 82 65 29 129 2 71 32 33 132 121 122 25 124 125 26 126 127 28 128 47 17 117 1 53 20 21 120 109 110 13 112 113 14 114 115 16 116 9 104 63 64 142 11 12 108 69 70 55 138 139 57 140 59 141 62 4 86 45 46 137 6 7 90 51 52 37 133 134 39 135 41 136 44 30 31 131 102 103 35 36 107 92 144 95 98 18 19 119 84 85 23 24 89 74 143 77 80 66 67 130 72 123 48 49 118 54 111 105 87 
28 44 33 57 59 61 62 52 77 80 82 3 64 12 69 70 92 94 95 97 98 99 100 8 85 24 89 5 111 113 13 115 14 116 15 16 31 102 103 35 36 106 107 10 122 123 124 125 25 126 127 26 128 27 49 118 17 54 1 120 20 21 134 37 135 38 39 136 40 41 42 43 66 67 129 130 29 71 72 2 132 32 138 139 55 140 56 141 58 60 87 4 137 45 46 90 6 7 50 51 143 73 74 75 76 78 79 81 104 105 9 142 63 108 11 68 144 91 93 96 119 18 19 83 84 22 23 88 109 110 112 114 131 30 101 34 121 47 48 117 53 133 65 86 
29 4 55 10 9 63 64 13 1 17 18 19 26 25 91 92 2 32 33 30 31 101 102 103 3 37 38 39 5 6 7 45 46 47 48 49 8 58 59 56 57 121 122 123 11 12 68 69 70 65 66 67 129 130 14 15 16 73 74 75 76 77 20 21 22 23 24 83 84 85 86 87 27 28 96 97 98 93 94 95 138 139 34 35 36 106 107 104 105 142 40 41 42 43 44 109 110 111 112 113 50 51 52 53 54 117 118 119 60 61 62 126 127 124 125 144 71 72 132 131 78 79 80 81 82 133 134 135 88 89 90 137 99 100 141 140 108 114 115 116 143 120 128 136 
30 45 93 11 63 65 66 109 20 18 83 84 60 121 25 124 32 34 35 101 102 9 104 105 78 75 37 133 6 50 51 47 48 17 117 118 96 8 99 55 138 56 57 140 68 69 2 71 72 29 129 130 31 131 42 14 114 13 112 73 74 143 22 23 5 88 89 4 86 87 46 137 26 126 27 28 128 91 92 144 94 95 10 106 107 12 108 64 142 67 3 81 40 41 136 38 39 135 110 111 1 53 54 21 120 19 119 85 58 59 141 61 62 122 123 125 33 132 36 103 15 16 116 79 80 76 77 134 7 90 52 49 97 98 100 139 70 43 44 115 113 24 127 82 
31 85 57 12 64 66 67 111 52 49 118 17 28 92 94 95 33 35 36 102 103 104 105 9 80 77 134 37 24 89 5 87 4 137 45 46 59 61 62 122 123 124 125 25 69 70 71 72 2 129 130 29 131 30 44 115 14 113 13 143 73 74 54 1 120 20 21 119 18 19 83 84 97 98 99 100 8 138 139 55 140 56 106 107 10 108 11 142 63 65 82 3 136 40 41 135 38 39 109 110 90 6 7 50 51 47 48 117 126 127 26 128 27 144 91 93 132 32 34 101 116 15 16 78 79 75 76 133 22 23 88 86 141 58 60 121 68 42 43 114 112 53 96 81 
32 6 96 63 11 68 69 42 18 20 22 23 121 60 26 126 30 101 102 34 35 10 106 107 75 78 3 81 45 47 48 50 51 1 53 54 93 55 138 8 99 58 59 141 65 66 29 129 130 2 71 72 33 132 109 13 112 14 114 15 16 116 83 84 4 86 87 5 88 89 7 90 25 124 91 92 144 27 28 128 97 98 9 104 105 64 142 12 108 70 37 133 38 39 135 40 41 136 43 44 17 117 118 19 119 21 120 24 56 57 140 122 123 61 62 127 31 131 103 36 73 74 143 76 77 79 80 82 46 137 49 52 94 95 139 100 67 110 111 113 115 85 125 134 
33 24 59 64 12 69 70 44 49 52 54 1 92 28 97 98 31 102 103 35 36 106 107 10 77 80 82 3 85 87 4 89 5 90 6 7 57 122 123 61 62 126 127 26 66 67 129 130 29 71 72 2 132 32 111 113 13 115 14 116 15 16 118 17 119 18 19 120 20 21 22 23 94 95 138 139 55 99 100 8 141 58 104 105 9 142 63 108 11 68 134 37 135 38 39 136 40 41 42 43 137 45 46 47 48 50 51 53 124 125 25 144 91 128 27 96 131 30 101 34 143 73 74 75 76 78 79 81 83 84 86 88 140 56 121 60 65 109 110 112 114 117 93 133 
34 50 27 65 68 2 71 40 83 22 5 88 56 58 60 61 101 9 104 10 106 11 12 108 73 15 78 79 47 17 117 1 53 20 21 120 91 93 94 96 97 8 99 100 29 129 30 31 131 32 33 132 35 36 38 109 110 42 43 14 114 115 4 86 45 46 137 6 7 90 51 52 121 122 25 124 125 26 126 127 28 128 63 64 142 66 67 69 70 72 75 76 37 133 134 3 81 82 41 136 18 19 119 84 85 23 24 89 55 138 139 57 140 59 141 62 102 103 105 107 13 112 113 74 143 16 116 80 48 49 118 54 92 144 95 98 130 39 135 111 44 87 123 77 
35 89 99 66 69 71 72 136 118 54 120 20 124 126 28 128 102 104 105 106 107 12 108 11 143 116 80 78 87 137 45 90 6 52 50 51 138 57 140 59 141 61 62 60 129 130 31 131 30 33 132 32 36 34 135 111 109 44 42 115 14 114 119 18 85 83 84 24 22 23 5 88 92 144 94 95 93 97 98 96 100 8 64 142 63 67 65 70 68 2 77 75 134 37 133 82 3 81 40 41 49 47 48 17 117 1 53 21 122 123 121 125 25 127 26 27 103 101 9 10 113 13 112 73 74 15 16 79 4 86 46 7 139 55 56 58 29 38 39 110 43 19 91 76 
36 21 62 67 70 72 2 41 46 7 51 52 95 98 100 8 103 105 9 107 10 108 11 12 74 16 79 80 19 84 85 23 24 88 89 5 123 125 25 127 26 128 27 28 130 29 131 30 31 132 32 33 34 35 39 110 111 43 44 114 115 14 48 49 117 118 17 53 54 1 120 20 139 55 140 56 57 141 58 59 60 61 142 63 64 65 66 68 69 71 76 77 133 134 37 81 82 3 136 40 86 87 4 137 45 90 6 50 144 91 92 93 94 96 97 99 101 102 104 106 112 113 13 143 73 116 15 78 119 18 83 22 121 122 124 126 129 135 38 109 42 47 138 75 
37 25 4 14 13 73 74 29 8 55 56 57 1 17 18 19 3 40 41 38 39 109 110 111 10 9 63 64 26 27 28 91 92 93 94 95 5 6 7 45 46 47 48 49 15 16 78 79 80 75 76 77 133 134 2 32 33 30 31 101 102 103 58 59 60 61 62 121 122 123 124 125 20 21 22 23 24 83 84 85 86 87 42 43 44 114 115 112 113 143 11 12 68 69 70 65 66 67 129 130 96 97 98 99 100 138 139 140 50 51 52 53 54 117 118 119 81 82 136 135 34 35 36 106 107 104 105 142 126 127 128 144 88 89 90 137 116 71 72 132 131 141 120 108 
38 91 83 15 73 75 76 65 58 56 121 122 50 47 17 117 40 42 43 109 110 13 112 113 34 101 9 104 27 96 97 93 94 55 138 139 22 5 88 4 86 45 46 137 78 79 3 81 82 37 133 134 39 135 68 2 71 29 129 30 31 131 60 61 26 126 127 25 124 125 92 144 1 53 20 21 120 18 19 119 84 85 14 114 115 16 116 74 143 77 10 106 11 12 108 63 64 142 66 67 8 99 100 59 141 57 140 123 6 7 90 51 52 48 49 118 41 136 44 111 32 33 132 35 36 102 103 105 28 128 98 95 23 24 89 87 80 69 70 72 130 62 54 107 
39 123 46 16 74 76 77 67 98 95 139 55 21 19 84 85 41 43 44 110 111 112 113 13 36 103 105 9 62 127 26 125 25 144 91 92 7 51 52 48 49 117 118 17 79 80 81 82 3 133 134 37 135 38 70 72 2 130 29 131 30 31 100 8 141 58 59 140 56 57 121 122 23 24 88 89 5 86 87 4 137 45 114 115 14 116 15 143 73 75 107 10 108 11 12 142 63 64 65 66 128 27 28 96 97 93 94 138 53 54 1 120 20 119 18 83 136 40 42 109 132 32 33 34 35 101 102 104 60 61 126 124 90 6 50 47 78 68 69 71 129 99 22 106 
40 27 22 73 15 78 79 68 56 58 60 61 47 50 1 53 38 109 110 42 43 14 114 115 101 34 10 106 91 93 94 96 97 8 99 100 83 4 86 5 88 6 7 90 75 76 37 133 134 3 81 82 41 136 65 29 129 2 71 32 33 132 121 122 25 124 125 26 126 127 28 128 17 117 18 19 119 20 21 120 23 24 13 112 113 74 143 16 116 80 9 104 63 64 142 11 12 108 69 70 55 138 139 57 140 59 141 62 45 46 137 48 49 51 52 54 39 135 111 44 30 31 131 102 103 35 36 107 92 144 95 98 84 85 87 89 77 66 67 130 72 123 118 105 
41 62 7 74 16 79 80 70 95 98 100 8 19 21 23 24 39 110 111 43 44 114 115 14 103 36 107 10 123 125 25 127 26 128 27 28 46 48 49 51 52 53 54 1 76 77 133 134 37 81 82 3 136 40 67 130 29 72 2 132 32 33 139 55 140 56 57 141 58 59 60 61 84 85 86 87 4 88 89 5 90 6 112 113 13 143 73 116 15 78 105 9 142 63 64 108 11 12 68 69 144 91 92 93 94 96 97 99 117 118 17 119 18 120 20 22 135 38 109 42 131 30 31 101 102 34 35 106 121 122 124 126 137 45 47 50 75 65 66 129 71 138 83 104 
42 96 20 75 78 3 81 11 121 60 26 126 45 6 50 51 109 13 112 14 114 15 16 116 30 32 34 35 93 55 138 8 99 58 59 141 18 83 84 22 23 5 88 89 37 133 38 39 135 40 41 136 43 44 63 65 66 68 69 2 71 72 25 124 91 92 144 27 28 128 97 98 47 48 17 117 118 1 53 54 21 120 73 74 143 76 77 79 80 82 101 102 9 104 105 10 106 107 12 108 56 57 140 122 123 61 62 127 4 86 87 46 137 7 90 52 110 111 113 115 29 129 130 31 131 33 132 36 94 95 139 100 19 119 85 24 134 64 142 67 70 125 49 103 
43 127 88 76 79 81 82 108 139 100 141 58 117 53 21 120 110 112 113 114 115 16 116 15 131 132 36 34 125 144 91 128 27 98 96 97 86 46 137 7 90 51 52 50 133 134 39 135 38 41 136 40 44 42 142 67 65 70 68 72 2 71 140 56 123 121 122 62 60 61 26 126 19 119 84 85 83 23 24 22 89 5 74 143 73 77 75 80 78 3 103 101 105 9 104 107 10 106 11 12 95 93 94 55 138 8 99 59 48 49 47 118 17 54 1 20 111 109 13 14 130 29 129 30 31 32 33 35 25 124 92 28 87 4 45 6 37 63 64 66 69 57 18 102 
44 59 52 77 80 82 3 12 92 28 97 98 85 24 89 5 111 113 13 115 14 116 15 16 31 33 35 36 57 122 123 61 62 126 127 26 49 118 17 54 1 120 20 21 134 37 135 38 39 136 40 41 42 43 64 66 67 69 70 71 72 2 94 95 138 139 55 99 100 8 141 58 87 4 137 45 46 90 6 7 50 51 143 73 74 75 76 78 79 81 102 103 104 105 9 106 107 10 108 11 124 125 25 144 91 128 27 96 119 18 19 83 84 22 23 88 109 110 112 114 129 130 29 131 30 132 32 34 140 56 121 60 47 48 117 53 133 142 63 65 68 93 86 101 
45 63 109 20 18 83 84 121 32 30 101 102 78 75 37 133 6 50 51 47 48 17 117 118 96 93 55 138 11 68 69 65 66 29 129 130 42 14 114 13 112 73 74 143 22 23 5 88 89 4 86 87 46 137 60 26 126 25 124 91 92 144 34 35 10 106 107 9 104 105 64 142 3 81 40 41 136 38 39 135 110 111 1 53 54 21 120 19 119 85 8 99 58 59 141 56 57 140 122 123 2 71 72 33 132 31 131 103 15 16 116 79 80 76 77 134 7 90 52 49 27 28 128 97 98 94 95 139 12 108 70 67 43 44 115 113 24 61 62 127 125 36 82 100 
46 103 74 21 19 84 85 123 70 67 130 29 41 39 110 111 7 51 52 48 49 117 118 17 98 95 139 55 36 107 10 105 9 142 63 64 16 79 80 76 77 133 134 37 23 24 88 89 5 86 87 4 137 45 62 127 26 125 25 144 91 92 72 2 132 32 33 131 30 31 101 102 43 44 114 115 14 112 113 13 143 73 53 54 1 120 20 119 18 83 100 8 141 58 59 140 56 57 121 122 108 11 12 68 69 65 66 129 81 82 3 136 40 135 38 109 90 6 50 47 128 27 28 96 97 93 94 138 34 35 106 104 116 15 78 75 22 60 61 126 124 71 42 99 
47 65 38 22 83 4 86 56 34 101 9 104 15 73 75 76 50 1 53 17 117 18 19 119 27 91 93 94 68 2 71 29 129 30 31 131 40 42 43 109 110 13 112 113 5 88 6 7 90 45 46 137 48 49 58 60 61 121 122 25 124 125 10 106 11 12 108 63 64 142 66 67 78 79 3 81 82 37 133 134 39 135 20 21 120 23 24 84 85 87 96 97 8 99 100 55 138 139 57 140 32 33 132 35 36 102 103 105 14 114 115 16 116 74 143 77 51 52 54 118 26 126 127 28 128 92 144 95 69 70 72 130 41 136 44 111 89 59 141 62 123 107 80 98 
48 105 112 23 84 86 87 140 72 130 131 30 81 133 39 135 51 53 54 117 118 19 119 18 128 144 95 93 107 108 11 142 63 67 65 66 114 16 116 74 143 76 77 75 88 89 7 90 6 46 137 45 49 47 141 62 60 123 121 125 25 124 132 32 36 34 35 103 101 102 9 104 41 136 43 44 42 110 111 109 113 13 21 120 20 24 22 85 83 4 98 96 100 8 99 139 55 138 56 57 70 68 69 2 71 29 129 31 79 80 78 82 3 134 37 38 52 50 1 17 127 26 126 27 28 91 92 94 10 106 12 64 115 14 15 73 5 58 59 61 122 33 40 97 
49 31 77 24 85 87 4 57 12 64 66 67 44 111 113 13 52 54 1 118 17 119 18 19 28 92 94 95 33 35 36 102 103 104 105 9 80 82 3 134 37 135 38 39 89 5 90 6 7 137 45 46 47 48 59 61 62 122 123 124 125 25 69 70 71 72 2 129 130 29 131 30 115 14 116 15 16 143 73 74 75 76 120 20 21 22 23 83 84 86 97 98 99 100 8 138 139 55 140 56 106 107 10 108 11 142 63 65 136 40 41 42 43 109 110 112 50 51 53 117 126 127 26 128 27 144 91 93 132 32 34 101 78 79 81 133 88 141 58 60 121 68 114 96 
50 68 40 83 22 5 88 58 101 34 10 106 73 15 78 79 47 17 117 1 53 20 21 120 91 27 96 97 65 29 129 2 71 32 33 132 38 109 110 42 43 14 114 115 4 86 45 46 137 6 7 90 51 52 56 121 122 60 61 26 126 127 9 104 63 64 142 11 12 108 69 70 75 76 37 133 134 3 81 82 41 136 18 19 119 84 85 23 24 89 93 94 55 138 139 8 99 100 59 141 30 31 131 102 103 35 36 107 13 112 113 74 143 16 116 80 48 49 118 54 25 124 125 92 144 28 128 98 66 67 130 72 39 135 111 44 87 57 140 123 62 105 77 95 
51 107 114 84 23 88 89 141 130 72 132 32 133 81 41 136 48 117 118 53 54 21 120 20 144 128 98 96 105 142 63 108 11 70 68 69 112 74 143 16 116 79 80 78 86 87 46 137 45 7 90 6 52 50 140 123 121 62 60 127 26 126 131 30 103 101 102 36 34 35 10 106 39 135 110 111 109 43 44 42 115 14 19 119 18 85 83 24 22 5 95 93 139 55 138 100 8 99 58 59 67 65 66 29 129 2 71 33 76 77 75 134 37 82 3 40 49 47 17 1 125 25 124 91 92 27 28 97 9 104 64 12 113 13 73 15 4 56 57 122 61 31 38 94 
52 33 80 85 24 89 5 59 64 12 69 70 111 44 115 14 49 118 17 54 1 120 20 21 92 28 97 98 31 102 103 35 36 106 107 10 77 134 37 82 3 136 40 41 87 4 137 45 46 90 6 7 50 51 57 122 123 61 62 126 127 26 66 67 129 130 29 71 72 2 132 32 113 13 143 73 74 116 15 16 78 79 119 18 19 83 84 22 23 88 94 95 138 139 55 99 100 8 141 58 104 105 9 142 63 108 11 68 135 38 39 109 110 42 43 114 47 48 117 53 124 125 25 144 91 128 27 96 131 30 101 34 75 76 133 81 86 140 56 121 60 65 112 93 
53 108 43 86 88 7 90 100 131 132 36 34 76 79 81 82 117 19 119 21 120 23 24 22 125 127 128 27 142 67 65 70 68 72 2 71 110 112 113 114 115 16 116 15 46 137 48 49 47 51 52 50 54 1 139 140 56 141 58 62 60 61 103 101 105 9 104 107 10 106 11 12 133 134 39 135 38 41 136 40 44 42 84 85 83 87 4 89 5 6 144 91 95 93 94 98 96 97 8 99 130 29 129 30 31 32 33 35 74 143 73 77 75 80 78 3 118 17 18 20 123 121 122 25 124 26 126 28 63 64 66 69 111 109 13 14 45 55 138 57 59 102 37 92 
54 35 116 87 89 90 6 99 66 69 71 72 135 136 44 42 118 119 18 120 20 24 22 23 124 126 28 128 102 104 105 106 107 12 108 11 143 77 75 80 78 82 3 81 137 45 49 47 48 52 50 51 1 53 138 57 140 59 141 61 62 60 129 130 31 131 30 33 132 32 36 34 111 109 113 13 112 115 14 114 15 16 85 83 84 4 86 5 88 7 92 144 94 95 93 97 98 96 100 8 64 142 63 67 65 70 68 2 134 37 133 38 39 40 41 43 17 117 19 21 122 123 121 125 25 127 26 27 103 101 9 10 73 74 76 79 46 139 55 56 58 29 110 91 
55 37 9 26 25 91 92 4 14 13 73 74 2 29 30 31 8 58 59 56 57 121 122 123 1 17 18 19 3 40 41 38 39 109 110 111 10 11 12 63 64 65 66 67 27 28 96 97 98 93 94 95 138 139 5 6 7 45 46 47 48 49 15 16 78 79 80 75 76 77 133 134 32 33 34 35 36 101 102 103 104 105 60 61 62 126 127 124 125 144 20 21 22 23 24 83 84 85 86 87 42 43 44 114 115 112 113 143 68 69 70 71 72 129 130 131 99 100 141 140 50 51 52 53 54 117 118 119 81 82 136 135 106 107 108 142 128 88 89 90 137 116 132 120 
56 38 101 27 91 93 94 83 15 73 75 76 68 65 29 129 58 60 61 121 122 25 124 125 50 47 17 117 40 42 43 109 110 13 112 113 34 10 106 9 104 63 64 142 96 97 8 99 100 55 138 139 57 140 22 5 88 4 86 45 46 137 78 79 3 81 82 37 133 134 39 135 2 71 32 33 132 30 31 131 102 103 26 126 127 28 128 92 144 95 1 53 20 21 120 18 19 119 84 85 14 114 115 16 116 74 143 77 11 12 108 69 70 66 67 130 59 141 62 123 6 7 90 51 52 48 49 118 41 136 44 111 35 36 107 105 98 23 24 89 87 80 72 54 
57 77 64 28 92 94 95 85 44 111 113 13 33 31 102 103 59 61 62 122 123 124 125 25 52 49 118 17 80 82 3 134 37 135 38 39 12 69 70 66 67 129 130 29 97 98 99 100 8 138 139 55 140 56 24 89 5 87 4 137 45 46 115 14 116 15 16 143 73 74 75 76 35 36 106 107 10 104 105 9 142 63 126 127 26 128 27 144 91 93 54 1 120 20 21 119 18 19 83 84 136 40 41 42 43 109 110 112 71 72 2 132 32 131 30 101 141 58 60 121 90 6 7 50 51 47 48 117 78 79 81 133 108 11 68 65 96 22 23 88 86 114 34 53 
58 40 34 91 27 96 97 22 73 15 78 79 65 68 2 71 56 121 122 60 61 26 126 127 47 50 1 53 38 109 110 42 43 14 114 115 101 9 104 10 106 11 12 108 93 94 55 138 139 8 99 100 59 141 83 4 86 5 88 6 7 90 75 76 37 133 134 3 81 82 41 136 29 129 30 31 131 32 33 132 35 36 25 124 125 92 144 28 128 98 17 117 18 19 119 20 21 120 23 24 13 112 113 74 143 16 116 80 63 64 142 66 67 69 70 72 57 140 123 62 45 46 137 48 49 51 52 54 39 135 111 44 102 103 105 107 95 84 85 87 89 77 130 118 
59 80 12 92 28 97 98 24 111 44 115 14 31 33 35 36 57 122 123 61 62 126 127 26 49 52 54 1 77 134 37 82 3 136 40 41 64 66 67 69 70 71 72 2 94 95 138 139 55 99 100 8 141 58 85 87 4 89 5 90 6 7 113 13 143 73 74 116 15 16 78 79 102 103 104 105 9 106 107 10 108 11 124 125 25 144 91 128 27 96 118 17 119 18 19 120 20 21 22 23 135 38 39 109 110 42 43 114 129 130 29 131 30 132 32 34 140 56 121 60 137 45 46 47 48 50 51 53 75 76 133 81 142 63 65 68 93 83 84 86 88 112 101 117 
60 42 32 93 96 8 99 20 75 78 3 81 63 11 68 69 121 25 124 26 126 27 28 128 45 6 50 51 109 13 112 14 114 15 16 116 30 101 102 34 35 10 106 107 55 138 56 57 140 58 59 141 61 62 18 83 84 22 23 5 88 89 37 133 38 39 135 40 41 136 43 44 65 66 29 129 130 2 71 72 33 132 91 92 144 94 95 97 98 100 47 48 17 117 118 1 53 54 21 120 73 74 143 76 77 79 80 82 9 104 105 64 142 12 108 70 122 123 125 127 4 86 87 46 137 7 90 52 110 111 113 115 31 131 103 36 139 19 119 85 24 134 67 49 
61 82 106 94 97 99 100 120 113 115 116 15 129 71 33 132 122 124 125 126 127 28 128 27 137 90 52 50 134 135 38 136 40 44 42 43 104 64 142 12 108 69 70 68 138 139 57 140 56 59 141 58 62 60 119 85 83 24 22 89 5 88 143 73 77 75 76 80 78 79 3 81 31 131 102 103 101 35 36 34 107 10 92 144 91 95 93 98 96 8 49 47 118 17 117 54 1 53 20 21 111 109 110 13 112 14 114 16 66 67 65 130 29 72 2 32 123 121 25 26 87 4 86 45 46 6 7 51 37 133 39 41 105 9 63 11 55 18 19 84 23 74 30 48 
62 16 70 95 98 100 8 21 39 41 43 44 103 36 107 10 123 125 25 127 26 128 27 28 46 7 51 52 74 76 77 79 80 81 82 3 67 130 29 72 2 132 32 33 139 55 140 56 57 141 58 59 60 61 19 84 85 23 24 88 89 5 110 111 112 113 13 114 115 14 116 15 105 9 142 63 64 108 11 12 68 69 144 91 92 93 94 96 97 99 48 49 117 118 17 53 54 1 120 20 133 134 37 135 38 136 40 42 131 30 31 101 102 34 35 106 121 122 124 126 86 87 4 137 45 90 6 50 143 73 75 78 65 66 129 71 138 119 18 83 22 109 104 47 
63 18 121 32 30 101 102 75 6 45 47 48 96 93 55 138 11 68 69 65 66 29 129 130 42 109 13 112 20 22 23 83 84 4 86 87 60 26 126 25 124 91 92 144 34 35 10 106 107 9 104 105 64 142 78 3 81 37 133 38 39 135 50 51 1 53 54 17 117 118 19 119 8 99 58 59 141 56 57 140 122 123 2 71 72 33 132 31 131 103 14 114 15 16 116 73 74 143 76 77 5 88 89 7 90 46 137 49 27 28 128 97 98 94 95 139 12 108 70 67 40 41 136 43 44 110 111 113 21 120 24 85 61 62 127 125 36 79 80 82 134 52 100 115 
64 49 92 33 31 102 103 77 24 85 87 4 59 57 122 123 12 69 70 66 67 129 130 29 44 111 113 13 52 54 1 118 17 119 18 19 28 97 98 94 95 138 139 55 35 36 106 107 10 104 105 9 142 63 80 82 3 134 37 135 38 39 89 5 90 6 7 137 45 46 47 48 61 62 126 127 26 124 125 25 144 91 71 72 2 132 32 131 30 101 115 14 116 15 16 143 73 74 75 76 120 20 21 22 23 83 84 86 99 100 8 141 58 140 56 121 108 11 68 65 136 40 41 42 43 109 110 112 50 51 53 117 128 27 96 93 34 78 79 81 133 88 60 114 
65 83 56 34 101 9 104 73 50 47 17 117 27 91 93 94 68 2 71 29 129 30 31 131 40 38 109 110 22 5 88 4 86 45 46 137 58 60 61 121 122 25 124 125 10 106 11 12 108 63 64 142 66 67 15 78 79 75 76 37 133 134 1 53 20 21 120 18 19 119 84 85 96 97 8 99 100 55 138 139 57 140 32 33 132 35 36 102 103 105 42 43 14 114 115 13 112 113 74 143 6 7 90 51 52 48 49 118 26 126 127 28 128 92 144 95 69 70 72 130 3 81 82 41 136 39 135 111 23 24 89 87 59 141 62 123 107 16 116 80 77 54 98 44 
66 118 124 35 102 104 105 143 89 87 137 45 99 138 57 140 69 71 72 129 130 31 131 30 136 135 111 109 54 120 20 119 18 85 83 84 126 28 128 92 144 94 95 93 106 107 12 108 11 64 142 63 67 65 116 80 78 77 75 134 37 133 90 6 52 50 51 49 47 48 17 117 59 141 61 62 60 122 123 121 125 25 33 132 32 36 34 103 101 9 44 42 115 14 114 113 13 112 73 74 24 22 23 5 88 4 86 46 97 98 96 100 8 139 55 56 70 68 2 29 82 3 81 40 41 38 39 110 1 53 21 19 127 26 27 91 10 15 16 79 76 7 58 43 
67 46 95 36 103 105 9 74 21 19 84 85 62 123 125 25 70 72 2 130 29 131 30 31 41 39 110 111 7 51 52 48 49 117 118 17 98 100 8 139 55 140 56 57 107 10 108 11 12 142 63 64 65 66 16 79 80 76 77 133 134 37 23 24 88 89 5 86 87 4 137 45 127 26 128 27 28 144 91 92 93 94 132 32 33 34 35 101 102 104 43 44 114 115 14 112 113 13 143 73 53 54 1 120 20 119 18 83 141 58 59 60 61 121 122 124 68 69 71 129 81 82 3 136 40 135 38 109 90 6 50 47 96 97 99 138 106 116 15 78 75 22 126 42 
68 22 58 101 34 10 106 15 47 50 1 53 91 27 96 97 65 29 129 2 71 32 33 132 38 40 42 43 83 4 86 5 88 6 7 90 56 121 122 60 61 26 126 127 9 104 63 64 142 11 12 108 69 70 73 75 76 78 79 3 81 82 17 117 18 19 119 20 21 120 23 24 93 94 55 138 139 8 99 100 59 141 30 31 131 102 103 35 36 107 109 110 13 112 113 14 114 115 16 116 45 46 137 48 49 51 52 54 25 124 125 92 144 28 128 98 66 67 130 72 37 133 134 39 135 41 136 44 84 85 87 89 57 140 123 62 105 74 143 77 80 118 95 111 
69 54 126 102 35 106 107 116 87 89 90 6 138 99 59 141 66 129 130 71 72 33 132 32 135 136 44 42 118 119 18 120 20 24 22 23 124 92 144 28 128 97 98 96 104 105 64 142 63 12 108 11 70 68 143 77 75 80 78 82 3 81 137 45 49 47 48 52 50 51 1 53 57 140 122 123 121 61 62 60 127 26 31 131 30 103 101 36 34 10 111 109 113 13 112 115 14 114 15 16 85 83 84 4 86 5 88 7 94 95 93 139 55 100 8 58 67 65 29 2 134 37 133 38 39 40 41 43 17 117 19 21 125 25 91 27 9 73 74 76 79 46 56 110 
70 7 98 103 36 107 10 16 19 21 23 24 123 62 127 26 67 130 29 72 2 132 32 33 39 41 43 44 46 48 49 51 52 53 54 1 95 139 55 100 8 141 58 59 105 9 142 63 64 108 11 12 68 69 74 76 77 79 80 81 82 3 84 85 86 87 4 88 89 5 90 6 125 25 144 91 92 128 27 28 96 97 131 30 31 101 102 34 35 106 110 111 112 113 13 114 115 14 116 15 117 118 17 119 18 120 20 22 140 56 57 121 122 60 61 126 65 66 129 71 133 134 37 135 38 136 40 42 137 45 47 50 93 94 138 99 104 143 73 75 78 83 124 109 
71 120 61 104 106 12 108 115 137 90 52 50 94 97 99 100 129 31 131 33 132 35 36 34 134 82 136 40 119 85 83 24 22 89 5 88 122 124 125 126 127 28 128 27 64 142 66 67 65 69 70 68 72 2 113 143 73 116 15 80 78 79 49 47 118 17 117 54 1 53 20 21 138 139 57 140 56 59 141 58 62 60 102 103 101 105 9 107 10 11 135 38 111 109 110 44 42 43 14 114 87 4 86 45 46 6 7 51 92 144 91 95 93 98 96 8 130 29 30 32 77 75 76 37 133 3 81 41 18 19 84 23 123 121 25 26 63 13 112 74 16 48 55 39 
72 51 128 105 107 108 11 114 84 23 88 89 140 141 62 60 130 131 30 132 32 36 34 35 133 81 41 136 48 117 118 53 54 21 120 20 144 95 93 98 96 100 8 99 142 63 67 65 66 70 68 69 2 71 112 74 143 16 116 79 80 78 86 87 46 137 45 7 90 6 52 50 123 121 125 25 124 127 26 126 27 28 103 101 102 9 104 10 106 12 39 135 110 111 109 43 44 42 115 14 19 119 18 85 83 24 22 5 139 55 138 56 57 58 59 61 29 129 31 33 76 77 75 134 37 82 3 40 49 47 17 1 91 92 94 97 64 113 13 73 15 4 122 38 
73 56 47 40 38 109 110 101 27 91 93 94 22 83 4 86 15 78 79 75 76 37 133 134 68 65 29 129 58 60 61 121 122 25 124 125 50 1 53 17 117 18 19 119 42 43 14 114 115 13 112 113 74 143 34 10 106 9 104 63 64 142 96 97 8 99 100 55 138 139 57 140 5 88 6 7 90 45 46 137 48 49 3 81 82 41 136 39 135 111 2 71 32 33 132 30 31 131 102 103 26 126 127 28 128 92 144 95 20 21 120 23 24 84 85 87 16 116 80 77 11 12 108 69 70 66 67 130 59 141 62 123 51 52 54 118 44 35 36 107 105 98 89 72 
74 95 19 41 39 110 111 103 62 123 125 25 7 46 48 49 16 79 80 76 77 133 134 37 70 67 130 29 98 100 8 139 55 140 56 57 21 23 24 84 85 86 87 4 43 44 114 115 14 112 113 13 143 73 36 107 10 105 9 142 63 64 127 26 128 27 28 144 91 92 93 94 51 52 53 54 1 117 118 17 119 18 81 82 3 136 40 135 38 109 72 2 132 32 33 131 30 31 101 102 141 58 59 60 61 121 122 124 88 89 5 90 6 137 45 47 116 15 78 75 108 11 12 68 69 65 66 129 96 97 99 138 120 20 22 83 42 34 35 106 104 126 50 71 
75 121 45 42 109 13 112 30 96 93 55 138 20 18 83 84 78 3 81 37 133 38 39 135 11 63 65 66 60 26 126 25 124 91 92 144 6 50 51 47 48 17 117 118 14 114 15 16 116 73 74 143 76 77 32 34 35 101 102 9 104 105 8 99 58 59 141 56 57 140 122 123 22 23 5 88 89 4 86 87 46 137 40 41 136 43 44 110 111 113 68 69 2 71 72 29 129 130 31 131 27 28 128 97 98 94 95 139 1 53 54 21 120 19 119 85 79 80 82 134 10 106 107 12 108 64 142 67 61 62 127 125 7 90 52 49 115 33 132 36 103 100 24 70 
76 139 117 43 110 112 113 131 127 125 144 91 88 86 46 137 79 81 82 133 134 39 135 38 108 142 67 65 100 141 58 140 56 123 121 122 53 21 120 19 119 84 85 83 114 115 16 116 15 74 143 73 77 75 132 36 34 103 101 105 9 104 128 27 98 96 97 95 93 94 55 138 7 90 51 52 50 48 49 47 118 17 41 136 40 44 42 111 109 13 70 68 72 2 71 130 29 129 30 31 62 60 61 26 126 25 124 92 23 24 22 89 5 87 4 45 80 78 3 37 107 10 106 11 12 63 64 66 8 99 59 57 54 1 20 18 14 32 33 35 102 28 6 69 
77 92 85 44 111 113 13 31 59 57 122 123 52 49 118 17 80 82 3 134 37 135 38 39 12 64 66 67 28 97 98 94 95 138 139 55 24 89 5 87 4 137 45 46 115 14 116 15 16 143 73 74 75 76 33 35 36 102 103 104 105 9 61 62 126 127 26 124 125 25 144 91 54 1 120 20 21 119 18 19 83 84 136 40 41 42 43 109 110 112 69 70 71 72 2 129 130 29 131 30 99 100 8 141 58 140 56 121 90 6 7 50 51 47 48 117 78 79 81 133 106 107 10 108 11 142 63 65 128 27 96 93 22 23 88 86 114 132 32 34 101 60 53 68 
78 60 6 109 42 14 114 32 93 96 8 99 18 20 22 23 75 37 133 3 81 40 41 136 63 11 68 69 121 25 124 26 126 27 28 128 45 47 48 50 51 1 53 54 13 112 73 74 143 15 16 116 79 80 30 101 102 34 35 10 106 107 55 138 56 57 140 58 59 141 61 62 83 84 4 86 87 5 88 89 7 90 38 39 135 110 111 43 44 115 65 66 29 129 130 2 71 72 33 132 91 92 144 94 95 97 98 100 17 117 118 19 119 21 120 24 76 77 134 82 9 104 105 64 142 12 108 70 122 123 125 127 46 137 49 52 113 31 131 103 36 139 85 67 
79 100 53 110 43 114 115 132 125 127 128 27 86 88 7 90 76 133 134 81 82 41 136 40 142 108 70 68 139 140 56 141 58 62 60 61 117 19 119 21 120 23 24 22 112 113 74 143 73 16 116 15 80 78 131 103 101 36 34 107 10 106 144 91 95 93 94 98 96 97 8 99 46 137 48 49 47 51 52 50 54 1 39 135 38 111 109 44 42 14 67 65 130 29 129 72 2 71 32 33 123 121 122 25 124 26 126 28 84 85 83 87 4 89 5 6 77 75 37 3 105 9 104 63 64 11 12 69 55 138 57 59 118 17 18 20 13 30 31 102 35 92 45 66 
80 28 24 111 44 115 14 33 57 59 61 62 49 52 54 1 77 134 37 82 3 136 40 41 64 12 69 70 92 94 95 97 98 99 100 8 85 87 4 89 5 90 6 7 113 13 143 73 74 116 15 16 78 79 31 102 103 35 36 106 107 10 122 123 124 125 25 126 127 26 128 27 118 17 119 18 19 120 20 21 22 23 135 38 39 109 110 42 43 114 66 67 129 130 29 71 72 2 132 32 138 139 55 140 56 141 58 60 137 45 46 47 48 50 51 53 75 76 133 81 104 105 9 142 63 108 11 68 144 91 93 96 83 84 86 88 112 131 30 101 34 121 117 65 
81 141 51 112 114 16 116 72 144 128 98 96 84 23 88 89 133 39 135 41 136 43 44 42 105 107 108 11 140 123 121 62 60 127 26 126 48 117 118 53 54 21 120 20 74 143 76 77 75 79 80 78 82 3 130 131 30 132 32 36 34 35 95 93 139 55 138 100 8 99 58 59 86 87 46 137 45 7 90 6 52 50 110 111 109 113 13 115 14 15 142 63 67 65 66 70 68 69 2 71 125 25 124 91 92 27 28 97 19 119 18 85 83 24 22 5 134 37 38 40 103 101 102 9 104 10 106 12 56 57 122 61 49 47 17 1 73 29 129 31 33 94 4 64 
82 97 120 113 115 116 15 71 122 61 126 127 137 90 52 50 134 135 38 136 40 44 42 43 104 106 12 108 94 138 139 99 100 59 141 58 119 85 83 24 22 89 5 88 143 73 77 75 76 80 78 79 3 81 129 31 131 33 132 35 36 34 124 125 92 144 91 28 128 27 98 96 49 47 118 17 117 54 1 53 20 21 111 109 110 13 112 14 114 16 64 142 66 67 65 69 70 68 72 2 57 140 56 123 121 62 60 26 87 4 86 45 46 6 7 51 37 133 39 41 102 103 101 105 9 107 10 11 95 93 55 8 18 19 84 23 74 130 29 30 32 25 48 63 
83 101 73 50 47 17 117 91 68 65 29 129 40 38 109 110 22 5 88 4 86 45 46 137 58 56 121 122 34 10 106 9 104 63 64 142 15 78 79 75 76 37 133 134 1 53 20 21 120 18 19 119 84 85 27 96 97 93 94 55 138 139 2 71 32 33 132 30 31 131 102 103 42 43 14 114 115 13 112 113 74 143 6 7 90 51 52 48 49 118 60 61 26 126 127 25 124 125 92 144 11 12 108 69 70 66 67 130 3 81 82 41 136 39 135 111 23 24 89 87 8 99 100 59 141 57 140 123 35 36 107 105 16 116 80 77 54 28 128 98 95 72 44 62 
84 130 133 51 48 117 118 144 107 105 142 63 114 112 74 143 23 88 89 86 87 46 137 45 141 140 123 121 72 132 32 131 30 103 101 102 81 41 136 39 135 110 111 109 53 54 21 120 20 19 119 18 85 83 128 98 96 95 93 139 55 138 108 11 70 68 69 67 65 66 29 129 16 116 79 80 78 76 77 75 134 37 7 90 6 52 50 49 47 17 62 60 127 26 126 125 25 124 91 92 36 34 35 10 106 9 104 64 43 44 42 115 14 113 13 73 24 22 5 4 100 8 99 58 59 56 57 122 2 71 33 31 82 3 40 38 1 27 28 97 94 12 15 61 
85 64 111 52 49 118 17 92 33 31 102 103 80 77 134 37 24 89 5 87 4 137 45 46 59 57 122 123 12 69 70 66 67 129 130 29 44 115 14 113 13 143 73 74 54 1 120 20 21 119 18 19 83 84 28 97 98 94 95 138 139 55 35 36 106 107 10 104 105 9 142 63 82 3 136 40 41 135 38 39 109 110 90 6 7 50 51 47 48 117 61 62 126 127 26 124 125 25 144 91 71 72 2 132 32 131 30 101 116 15 16 78 79 75 76 133 22 23 88 86 99 100 8 141 58 140 56 121 108 11 68 65 42 43 114 112 53 128 27 96 93 34 81 60 
86 131 76 53 117 19 119 125 108 142 67 65 43 110 112 113 88 7 90 46 137 48 49 47 100 139 140 56 132 36 34 103 101 105 9 104 79 81 82 133 134 39 135 38 21 120 23 24 22 84 85 83 87 4 127 128 27 144 91 95 93 94 70 68 72 2 71 130 29 129 30 31 114 115 16 116 15 74 143 73 77 75 51 52 50 54 1 118 17 18 141 58 62 60 61 123 121 122 25 124 107 10 106 11 12 63 64 66 41 136 40 44 42 111 109 13 89 5 6 45 98 96 97 8 99 55 138 57 32 33 35 102 80 78 3 37 20 26 126 28 92 69 14 59 
87 66 135 54 118 119 18 124 35 102 104 105 116 143 77 75 89 90 6 137 45 49 47 48 99 138 57 140 69 71 72 129 130 31 131 30 136 44 42 111 109 113 13 112 120 20 24 22 23 85 83 84 4 86 126 28 128 92 144 94 95 93 106 107 12 108 11 64 142 63 67 65 80 78 82 3 81 134 37 133 38 39 52 50 51 1 53 17 117 19 59 141 61 62 60 122 123 121 125 25 33 132 32 36 34 103 101 9 115 14 114 15 16 73 74 76 5 88 7 46 97 98 96 100 8 139 55 56 70 68 2 29 40 41 43 110 21 127 26 27 91 10 79 58 
88 132 79 117 53 21 120 127 142 108 70 68 110 43 114 115 86 46 137 7 90 51 52 50 139 100 141 58 131 103 101 36 34 107 10 106 76 133 134 81 82 41 136 40 19 119 84 85 83 23 24 22 89 5 125 144 91 128 27 98 96 97 67 65 130 29 129 72 2 71 32 33 112 113 74 143 73 16 116 15 80 78 48 49 47 118 17 54 1 20 140 56 123 121 122 62 60 61 26 126 105 9 104 63 64 11 12 69 39 135 38 111 109 44 42 14 87 4 45 6 95 93 94 55 138 8 99 59 30 31 102 35 77 75 37 3 18 25 124 92 28 66 13 57 
89 69 136 118 54 120 20 126 102 35 106 107 143 116 80 78 87 137 45 90 6 52 50 51 138 99 59 141 66 129 130 71 72 33 132 32 135 111 109 44 42 115 14 114 119 18 85 83 84 24 22 23 5 88 124 92 144 28 128 97 98 96 104 105 64 142 63 12 108 11 70 68 77 75 134 37 133 82 3 81 40 41 49 47 48 17 117 1 53 21 57 140 122 123 121 61 62 60 127 26 31 131 30 103 101 36 34 10 113 13 112 73 74 15 16 79 4 86 46 7 94 95 93 139 55 100 8 58 67 65 29 2 38 39 110 43 19 125 25 91 27 9 76 56 
90 71 82 119 120 24 22 61 104 106 12 108 113 115 116 15 137 49 47 52 50 54 1 53 94 97 99 100 129 31 131 33 132 35 36 34 134 135 38 136 40 44 42 43 85 83 87 4 86 89 5 88 6 7 122 124 125 126 127 28 128 27 64 142 66 67 65 69 70 68 72 2 143 73 77 75 76 80 78 79 3 81 118 17 117 18 19 20 21 23 138 139 57 140 56 59 141 58 62 60 102 103 101 105 9 107 10 11 111 109 110 13 112 14 114 16 45 46 48 51 92 144 91 95 93 98 96 8 130 29 30 32 37 133 39 41 84 123 121 25 26 63 74 55 
91 73 65 58 56 121 122 47 40 38 109 110 34 101 9 104 27 96 97 93 94 55 138 139 22 83 4 86 15 78 79 75 76 37 133 134 68 2 71 29 129 30 31 131 60 61 26 126 127 25 124 125 92 144 50 1 53 17 117 18 19 119 42 43 14 114 115 13 112 113 74 143 10 106 11 12 108 63 64 142 66 67 8 99 100 59 141 57 140 123 5 88 6 7 90 45 46 137 48 49 3 81 82 41 136 39 135 111 32 33 132 35 36 102 103 105 28 128 98 95 20 21 120 23 24 84 85 87 16 116 80 77 69 70 72 130 62 51 52 54 118 44 107 89 
92 111 31 59 57 122 123 49 80 77 134 37 12 64 66 67 28 97 98 94 95 138 139 55 24 85 87 4 44 115 14 113 13 143 73 74 33 35 36 102 103 104 105 9 61 62 126 127 26 124 125 25 144 91 52 54 1 118 17 119 18 19 82 3 136 40 41 135 38 39 109 110 69 70 71 72 2 129 130 29 131 30 99 100 8 141 58 140 56 121 89 5 90 6 7 137 45 46 47 48 116 15 16 78 79 75 76 133 106 107 10 108 11 142 63 65 128 27 96 93 120 20 21 22 23 83 84 86 42 43 114 112 132 32 34 101 60 50 51 53 117 81 68 88 
93 75 63 60 121 25 124 45 42 109 13 112 32 30 101 102 96 8 99 55 138 56 57 140 20 18 83 84 78 3 81 37 133 38 39 135 11 68 69 65 66 29 129 130 26 126 27 28 128 91 92 144 94 95 6 50 51 47 48 17 117 118 14 114 15 16 116 73 74 143 76 77 34 35 10 106 107 9 104 105 64 142 58 59 141 61 62 122 123 125 22 23 5 88 89 4 86 87 46 137 40 41 136 43 44 110 111 113 2 71 72 33 132 31 131 103 97 98 100 139 1 53 54 21 120 19 119 85 79 80 82 134 12 108 70 67 127 7 90 52 49 115 36 24 
94 113 129 61 122 124 125 137 82 134 135 38 106 104 64 142 97 99 100 138 139 57 140 56 120 119 85 83 115 116 15 143 73 77 75 76 71 33 132 31 131 102 103 101 126 127 28 128 27 92 144 91 95 93 90 52 50 49 47 118 17 117 136 40 44 42 43 111 109 110 13 112 12 108 69 70 68 66 67 65 130 29 59 141 58 62 60 123 121 25 24 22 89 5 88 87 4 86 45 46 80 78 79 3 81 37 133 39 35 36 34 107 10 105 9 63 98 96 8 55 54 1 53 20 21 18 19 84 14 114 16 74 72 2 32 30 26 6 7 51 48 41 11 23 
95 39 103 62 123 125 25 46 16 74 76 77 70 67 130 29 98 100 8 139 55 140 56 57 21 19 84 85 41 43 44 110 111 112 113 13 36 107 10 105 9 142 63 64 127 26 128 27 28 144 91 92 93 94 7 51 52 48 49 117 118 17 79 80 81 82 3 133 134 37 135 38 72 2 132 32 33 131 30 31 101 102 141 58 59 60 61 121 122 124 23 24 88 89 5 86 87 4 137 45 114 115 14 116 15 143 73 75 108 11 12 68 69 65 66 129 96 97 99 138 53 54 1 120 20 119 18 83 136 40 42 109 34 35 106 104 126 90 6 50 47 78 71 22 
96 78 11 121 60 26 126 6 109 42 14 114 30 32 34 35 93 55 138 8 99 58 59 141 18 20 22 23 75 37 133 3 81 40 41 136 63 65 66 68 69 2 71 72 25 124 91 92 144 27 28 128 97 98 45 47 48 50 51 1 53 54 13 112 73 74 143 15 16 116 79 80 101 102 9 104 105 10 106 107 12 108 56 57 140 122 123 61 62 127 83 84 4 86 87 5 88 89 7 90 38 39 135 110 111 43 44 115 29 129 130 31 131 33 132 36 94 95 139 100 17 117 118 19 119 21 120 24 76 77 134 82 64 142 67 70 125 46 137 49 52 113 103 85 
97 115 71 122 61 126 127 90 134 82 136 40 104 106 12 108 94 138 139 99 100 59 141 58 119 120 24 22 113 143 73 116 15 80 78 79 129 31 131 33 132 35 36 34 124 125 92 144 91 28 128 27 98 96 137 49 47 52 50 54 1 53 135 38 111 109 110 44 42 43 14 114 64 142 66 67 65 69 70 68 72 2 57 140 56 123 121 62 60 26 85 83 87 4 86 89 5 88 6 7 77 75 76 37 133 3 81 41 102 103 101 105 9 107 10 11 95 93 55 8 118 17 117 18 19 20 21 23 13 112 74 16 130 29 30 32 25 45 46 48 51 39 63 84 
98 41 36 123 62 127 26 7 74 16 79 80 67 70 72 2 95 139 55 100 8 141 58 59 19 21 23 24 39 110 111 43 44 114 115 14 103 105 9 107 10 108 11 12 125 25 144 91 92 128 27 28 96 97 46 48 49 51 52 53 54 1 76 77 133 134 37 81 82 3 136 40 130 29 131 30 31 132 32 33 34 35 140 56 57 121 122 60 61 126 84 85 86 87 4 88 89 5 90 6 112 113 13 143 73 116 15 78 142 63 64 65 66 68 69 71 93 94 138 99 117 118 17 119 18 120 20 22 135 38 109 42 101 102 104 106 124 137 45 47 50 75 129 83 
99 116 69 124 126 28 128 89 135 136 44 42 102 35 106 107 138 57 140 59 141 61 62 60 118 54 120 20 143 77 75 80 78 82 3 81 66 129 130 71 72 33 132 32 92 144 94 95 93 97 98 96 100 8 87 137 45 90 6 52 50 51 111 109 113 13 112 115 14 114 15 16 104 105 64 142 63 12 108 11 70 68 122 123 121 125 25 127 26 27 119 18 85 83 84 24 22 23 5 88 134 37 133 38 39 40 41 43 31 131 30 103 101 36 34 10 139 55 56 58 49 47 48 17 117 1 53 21 73 74 76 79 67 65 29 2 91 4 86 46 7 110 9 19 
100 43 132 125 127 128 27 88 76 79 81 82 142 108 70 68 139 140 56 141 58 62 60 61 117 53 21 120 110 112 113 114 115 16 116 15 131 103 101 36 34 107 10 106 144 91 95 93 94 98 96 97 8 99 86 46 137 7 90 51 52 50 133 134 39 135 38 41 136 40 44 42 67 65 130 29 129 72 2 71 32 33 123 121 122 25 124 26 126 28 19 119 84 85 83 23 24 22 89 5 74 143 73 77 75 80 78 3 105 9 104 63 64 11 12 69 55 138 57 59 48 49 47 118 17 54 1 20 111 109 13 14 30 31 102 35 92 87 4 45 6 37 66 18 
101 47 91 68 65 29 129 38 22 83 4 86 58 56 121 122 34 10 106 9 104 63 64 142 15 73 75 76 50 1 53 17 117 18 19 119 27 96 97 93 94 55 138 139 2 71 32 33 132 30 31 131 102 103 40 42 43 109 110 13 112 113 5 88 6 7 90 45 46 137 48 49 60 61 26 126 127 25 124 125 92 144 11 12 108 69 70 66 67 130 78 79 3 81 82 37 133 134 39 135 20 21 120 23 24 84 85 87 8 99 100 59 141 57 140 123 35 36 107 105 14 114 115 16 116 74 143 77 51 52 54 118 28 128 98 95 72 41 136 44 111 89 62 80 
102 87 138 69 66 129 130 135 54 118 119 18 126 124 92 144 35 106 107 104 105 64 142 63 116 143 77 75 89 90 6 137 45 49 47 48 99 59 141 57 140 122 123 121 71 72 33 132 32 31 131 30 103 101 136 44 42 111 109 113 13 112 120 20 24 22 23 85 83 84 4 86 28 128 97 98 96 94 95 93 139 55 12 108 11 70 68 67 65 29 80 78 82 3 81 134 37 133 38 39 52 50 51 1 53 17 117 19 61 62 60 127 26 125 25 91 36 34 10 9 115 14 114 15 16 73 74 76 5 88 7 46 100 8 58 56 2 40 41 43 110 21 27 79 
103 19 123 70 67 130 29 39 7 46 48 49 98 95 139 55 36 107 10 105 9 142 63 64 16 74 76 77 21 23 24 84 85 86 87 4 62 127 26 125 25 144 91 92 72 2 132 32 33 131 30 31 101 102 41 43 44 110 111 112 113 13 51 52 53 54 1 117 118 17 119 18 100 8 141 58 59 140 56 57 121 122 108 11 12 68 69 65 66 129 79 80 81 82 3 133 134 37 135 38 88 89 5 90 6 137 45 47 128 27 28 96 97 93 94 138 34 35 106 104 114 115 14 116 15 143 73 75 120 20 22 83 60 61 126 124 71 136 40 42 109 50 99 78 
104 137 94 71 129 31 131 134 120 119 85 83 61 122 124 125 106 12 108 64 142 66 67 65 115 113 143 73 90 52 50 49 47 118 17 117 97 99 100 138 139 57 140 56 33 132 35 36 34 102 103 101 105 9 82 136 40 135 38 111 109 110 24 22 89 5 88 87 4 86 45 46 126 127 28 128 27 92 144 91 95 93 69 70 68 72 2 130 29 30 116 15 80 78 79 77 75 76 37 133 54 1 53 20 21 18 19 84 59 141 58 62 60 123 121 25 107 10 11 63 44 42 43 14 114 13 112 74 6 7 51 48 98 96 8 55 32 3 81 41 39 23 26 16 
105 84 140 72 130 131 30 133 51 48 117 118 128 144 95 93 107 108 11 142 63 67 65 66 114 112 74 143 23 88 89 86 87 46 137 45 141 62 60 123 121 125 25 124 132 32 36 34 35 103 101 102 9 104 81 41 136 39 135 110 111 109 53 54 21 120 20 19 119 18 85 83 98 96 100 8 99 139 55 138 56 57 70 68 69 2 71 29 129 31 16 116 79 80 78 76 77 75 134 37 7 90 6 52 50 49 47 17 127 26 126 27 28 91 92 94 10 106 12 64 43 44 42 115 14 113 13 73 24 22 5 4 58 59 61 122 33 82 3 40 38 1 97 15 
106 90 97 129 71 33 132 82 119 120 24 22 122 61 126 127 104 64 142 12 108 69 70 68 113 115 116 15 137 49 47 52 50 54 1 53 94 138 139 99 100 59 141 58 31 131 102 103 101 35 36 34 107 10 134 135 38 136 40 44 42 43 85 83 87 4 86 89 5 88 6 7 124 125 92 144 91 28 128 27 98 96 66 67 65 130 29 72 2 32 143 73 77 75 76 80 78 79 3 81 118 17 117 18 19 20 21 23 57 140 56 123 121 62 60 26 105 9 63 11 111 109 110 13 112 14 114 16 45 46 48 51 95 93 55 8 30 37 133 39 41 84 25 74 
107 23 141 130 72 132 32 81 48 51 53 54 144 128 98 96 105 142 63 108 11 70 68 69 112 114 16 116 84 86 87 88 89 7 90 6 140 123 121 62 60 127 26 126 131 30 103 101 102 36 34 35 10 106 133 39 135 41 136 43 44 42 117 118 19 119 18 21 120 20 24 22 95 93 139 55 138 100 8 99 58 59 67 65 66 29 129 2 71 33 74 143 76 77 75 79 80 78 82 3 46 137 45 49 47 52 50 1 125 25 124 91 92 27 28 97 9 104 64 12 110 111 109 113 13 115 14 15 85 83 4 5 56 57 122 61 31 134 37 38 40 17 94 73 
108 88 100 131 132 36 34 79 117 53 21 120 125 127 128 27 142 67 65 70 68 72 2 71 110 43 114 115 86 46 137 7 90 51 52 50 139 140 56 141 58 62 60 61 103 101 105 9 104 107 10 106 11 12 76 133 134 81 82 41 136 40 19 119 84 85 83 23 24 22 89 5 144 91 95 93 94 98 96 97 8 99 130 29 129 30 31 32 33 35 112 113 74 143 73 16 116 15 80 78 48 49 47 118 17 54 1 20 123 121 122 25 124 26 126 28 63 64 66 69 39 135 38 111 109 44 42 14 87 4 45 6 55 138 57 59 102 77 75 37 3 18 92 13 
109 93 18 78 75 37 133 63 60 121 25 124 6 45 47 48 42 14 114 13 112 73 74 143 32 30 101 102 96 8 99 55 138 56 57 140 20 22 23 83 84 4 86 87 3 81 40 41 136 38 39 135 110 111 11 68 69 65 66 29 129 130 26 126 27 28 128 91 92 144 94 95 50 51 1 53 54 17 117 118 19 119 15 16 116 79 80 76 77 134 34 35 10 106 107 9 104 105 64 142 58 59 141 61 62 122 123 125 5 88 89 7 90 46 137 49 43 44 115 113 2 71 72 33 132 31 131 103 97 98 100 139 21 120 24 85 82 12 108 70 67 127 52 36 
110 125 86 79 76 133 134 142 100 139 140 56 53 117 19 119 43 114 115 112 113 74 143 73 132 131 103 101 127 128 27 144 91 95 93 94 88 7 90 46 137 48 49 47 81 82 41 136 40 39 135 38 111 109 108 70 68 67 65 130 29 129 141 58 62 60 61 123 121 122 25 124 21 120 23 24 22 84 85 83 87 4 16 116 15 80 78 77 75 37 36 34 107 10 106 105 9 104 63 64 98 96 97 8 99 55 138 57 51 52 50 54 1 118 17 18 44 42 14 13 72 2 71 32 33 30 31 102 26 126 28 92 89 5 6 45 3 11 12 69 66 59 20 35 
111 57 49 80 77 134 37 64 28 92 94 95 24 85 87 4 44 115 14 113 13 143 73 74 33 31 102 103 59 61 62 122 123 124 125 25 52 54 1 118 17 119 18 19 82 3 136 40 41 135 38 39 109 110 12 69 70 66 67 129 130 29 97 98 99 100 8 138 139 55 140 56 89 5 90 6 7 137 45 46 47 48 116 15 16 78 79 75 76 133 35 36 106 107 10 104 105 9 142 63 126 127 26 128 27 144 91 93 120 20 21 22 23 83 84 86 42 43 114 112 71 72 2 132 32 131 30 101 141 58 60 121 50 51 53 117 81 108 11 68 65 96 88 34 
112 144 84 81 133 39 135 105 141 140 123 121 51 48 117 118 114 16 116 74 143 76 77 75 72 130 131 30 128 98 96 95 93 139 55 138 23 88 89 86 87 46 137 45 41 136 43 44 42 110 111 109 113 13 107 108 11 142 63 67 65 66 62 60 127 26 126 125 25 124 91 92 53 54 21 120 20 19 119 18 85 83 79 80 78 82 3 134 37 38 132 32 36 34 35 103 101 102 9 104 100 8 99 58 59 56 57 122 7 90 6 52 50 49 47 17 115 14 15 73 70 68 69 2 71 29 129 31 27 28 97 94 24 22 5 4 40 10 106 12 64 61 1 33 
113 122 137 82 134 135 38 104 97 94 138 139 120 119 85 83 115 116 15 143 73 77 75 76 71 129 31 131 61 126 127 124 125 92 144 91 90 52 50 49 47 118 17 117 136 40 44 42 43 111 109 110 13 112 106 12 108 64 142 66 67 65 99 100 59 141 58 57 140 56 123 121 24 22 89 5 88 87 4 86 45 46 80 78 79 3 81 37 133 39 33 132 35 36 34 102 103 101 105 9 28 128 27 98 96 95 93 55 54 1 53 20 21 18 19 84 14 114 16 74 69 70 68 72 2 130 29 30 62 60 26 25 6 7 51 48 41 107 10 11 63 8 23 32 
114 128 23 133 81 41 136 107 140 141 62 60 48 51 53 54 112 74 143 16 116 79 80 78 130 72 132 32 144 95 93 98 96 100 8 99 84 86 87 88 89 7 90 6 39 135 110 111 109 43 44 42 115 14 105 142 63 108 11 70 68 69 123 121 125 25 124 127 26 126 27 28 117 118 19 119 18 21 120 20 24 22 76 77 75 134 37 82 3 40 131 30 103 101 102 36 34 35 10 106 139 55 138 56 57 58 59 61 46 137 45 49 47 52 50 1 113 13 73 15 67 65 66 29 129 2 71 33 91 92 94 97 85 83 4 5 38 9 104 64 12 122 17 31 
115 61 90 134 82 136 40 106 94 97 99 100 119 120 24 22 113 143 73 116 15 80 78 79 129 71 33 132 122 124 125 126 127 28 128 27 137 49 47 52 50 54 1 53 135 38 111 109 110 44 42 43 14 114 104 64 142 12 108 69 70 68 138 139 57 140 56 59 141 58 62 60 85 83 87 4 86 89 5 88 6 7 77 75 76 37 133 3 81 41 31 131 102 103 101 35 36 34 107 10 92 144 91 95 93 98 96 8 118 17 117 18 19 20 21 23 13 112 74 16 66 67 65 130 29 72 2 32 123 121 25 26 45 46 48 51 39 105 9 63 11 55 84 30 
116 126 89 135 136 44 42 35 138 99 59 141 118 54 120 20 143 77 75 80 78 82 3 81 66 69 71 72 124 92 144 28 128 97 98 96 87 137 45 90 6 52 50 51 111 109 113 13 112 115 14 114 15 16 102 104 105 106 107 12 108 11 57 140 122 123 121 61 62 60 127 26 119 18 85 83 84 24 22 23 5 88 134 37 133 38 39 40 41 43 129 130 31 131 30 33 132 32 36 34 94 95 93 139 55 100 8 58 49 47 48 17 117 1 53 21 73 74 76 79 64 142 63 67 65 70 68 2 125 25 91 27 4 86 46 7 110 103 101 9 10 56 19 29 
117 142 110 88 86 46 137 139 132 131 103 101 79 76 133 134 53 21 120 19 119 84 85 83 127 125 144 91 108 70 68 67 65 130 29 129 43 114 115 112 113 74 143 73 7 90 51 52 50 48 49 47 118 17 100 141 58 140 56 123 121 122 36 34 107 10 106 105 9 104 63 64 81 82 41 136 40 39 135 38 111 109 23 24 22 89 5 87 4 45 128 27 98 96 97 95 93 94 55 138 72 2 71 32 33 30 31 102 16 116 15 80 78 77 75 37 54 1 20 18 62 60 61 26 126 25 124 92 11 12 69 66 44 42 14 13 6 8 99 59 57 35 3 28 
118 102 143 89 87 137 45 138 69 66 129 130 136 135 111 109 54 120 20 119 18 85 83 84 126 124 92 144 35 106 107 104 105 64 142 63 116 80 78 77 75 134 37 133 90 6 52 50 51 49 47 48 17 117 99 59 141 57 140 122 123 121 71 72 33 132 32 31 131 30 103 101 44 42 115 14 114 113 13 112 73 74 24 22 23 5 88 4 86 46 28 128 97 98 96 94 95 93 139 55 12 108 11 70 68 67 65 29 82 3 81 40 41 38 39 110 1 53 21 19 61 62 60 127 26 125 25 91 36 34 10 9 15 16 79 76 7 100 8 58 56 2 43 27 
119 104 113 90 137 49 47 94 71 129 31 131 82 134 135 38 120 24 22 85 83 87 4 86 61 122 124 125 106 12 108 64 142 66 67 65 115 116 15 143 73 77 75 76 52 50 54 1 53 118 17 117 18 19 97 99 100 138 139 57 140 56 33 132 35 36 34 102 103 101 105 9 136 40 44 42 43 111 109 110 13 112 89 5 88 6 7 45 46 48 126 127 28 128 27 92 144 91 95 93 69 70 68 72 2 130 29 30 80 78 79 3 81 37 133 39 20 21 23 84 59 141 58 62 60 123 121 25 107 10 11 63 14 114 16 74 51 98 96 8 55 32 41 26 
120 106 115 137 90 52 50 97 129 71 33 132 134 82 136 40 119 85 83 24 22 89 5 88 122 61 126 127 104 64 142 12 108 69 70 68 113 143 73 116 15 80 78 79 49 47 118 17 117 54 1 53 20 21 94 138 139 99 100 59 141 58 31 131 102 103 101 35 36 34 107 10 135 38 111 109 110 44 42 43 14 114 87 4 86 45 46 6 7 51 124 125 92 144 91 28 128 27 98 96 66 67 65 130 29 72 2 32 77 75 76 37 133 3 81 41 18 19 84 23 57 140 56 123 121 62 60 26 105 9 63 11 13 112 74 16 48 95 93 55 8 30 39 25 
121 109 30 96 93 55 138 18 78 75 37 133 11 63 65 66 60 26 126 25 124 91 92 144 6 45 47 48 42 14 114 13 112 73 74 143 32 34 35 101 102 9 104 105 8 99 58 59 141 56 57 140 122 123 20 22 23 83 84 4 86 87 3 81 40 41 136 38 39 135 110 111 68 69 2 71 72 29 129 130 31 131 27 28 128 97 98 94 95 139 50 51 1 53 54 17 117 118 19 119 15 16 116 79 80 76 77 134 10 106 107 12 108 64 142 67 61 62 127 125 5 88 89 7 90 46 137 49 43 44 115 113 33 132 36 103 100 21 120 24 85 82 70 52 
122 134 104 97 94 138 139 119 115 113 143 73 71 129 31 131 61 126 127 124 125 92 144 91 90 137 49 47 82 136 40 135 38 111 109 110 106 12 108 64 142 66 67 65 99 100 59 141 58 57 140 56 123 121 120 24 22 85 83 87 4 86 116 15 80 78 79 77 75 76 37 133 33 132 35 36 34 102 103 101 105 9 28 128 27 98 96 95 93 55 52 50 54 1 53 118 17 117 18 19 44 42 43 14 114 13 112 74 69 70 68 72 2 130 29 30 62 60 26 25 89 5 88 6 7 45 46 48 3 81 41 39 107 10 11 63 8 20 21 23 84 16 32 51 
123 74 67 98 95 139 55 19 41 39 110 111 36 103 105 9 62 127 26 125 25 144 91 92 7 46 48 49 16 79 80 76 77 133 134 37 70 72 2 130 29 131 30 31 100 8 141 58 59 140 56 57 121 122 21 23 24 84 85 86 87 4 43 44 114 115 14 112 113 13 143 73 107 10 108 11 12 142 63 64 65 66 128 27 28 96 97 93 94 138 51 52 53 54 1 117 118 17 119 18 81 82 3 136 40 135 38 109 132 32 33 34 35 101 102 104 60 61 126 124 88 89 5 90 6 137 45 47 116 15 78 75 68 69 71 129 99 120 20 22 83 42 106 50 
124 135 102 99 138 57 140 118 116 143 77 75 69 66 129 130 126 28 128 92 144 94 95 93 89 87 137 45 136 44 42 111 109 113 13 112 35 106 107 104 105 64 142 63 59 141 61 62 60 122 123 121 125 25 54 120 20 119 18 85 83 84 80 78 82 3 81 134 37 133 38 39 71 72 33 132 32 31 131 30 103 101 97 98 96 100 8 139 55 56 90 6 52 50 51 49 47 48 17 117 115 14 114 15 16 73 74 76 12 108 11 70 68 67 65 29 127 26 27 91 24 22 23 5 88 4 86 46 40 41 43 110 36 34 10 9 58 1 53 21 19 79 2 7 
125 76 142 100 139 140 56 117 43 110 112 113 132 131 103 101 127 128 27 144 91 95 93 94 88 86 46 137 79 81 82 133 134 39 135 38 108 70 68 67 65 130 29 129 141 58 62 60 61 123 121 122 25 124 53 21 120 19 119 84 85 83 114 115 16 116 15 74 143 73 77 75 36 34 107 10 106 105 9 104 63 64 98 96 97 8 99 55 138 57 7 90 51 52 50 48 49 47 118 17 41 136 40 44 42 111 109 13 72 2 71 32 33 30 31 102 26 126 28 92 23 24 22 89 5 87 4 45 80 78 3 37 11 12 69 66 59 54 1 20 18 14 35 6 
126 136 35 138 99 59 141 54 143 116 80 78 66 69 71 72 124 92 144 28 128 97 98 96 87 89 90 6 135 111 109 44 42 115 14 114 102 104 105 106 107 12 108 11 57 140 122 123 121 61 62 60 127 26 118 119 18 120 20 24 22 23 77 75 134 37 133 82 3 81 40 41 129 130 31 131 30 33 132 32 36 34 94 95 93 139 55 100 8 58 137 45 49 47 48 52 50 51 1 53 113 13 112 73 74 15 16 79 64 142 63 67 65 70 68 2 125 25 91 27 85 83 84 4 86 5 88 7 38 39 110 43 103 101 9 10 56 17 117 19 21 76 29 46 
127 79 108 139 100 141 58 53 110 43 114 115 131 132 36 34 125 144 91 128 27 98 96 97 86 88 7 90 76 133 134 81 82 41 136 40 142 67 65 70 68 72 2 71 140 56 123 121 122 62 60 61 26 126 117 19 119 21 120 23 24 22 112 113 74 143 73 16 116 15 80 78 103 101 105 9 104 107 10 106 11 12 95 93 94 55 138 8 99 59 46 137 48 49 47 51 52 50 54 1 39 135 38 111 109 44 42 14 130 29 129 30 31 32 33 35 25 124 92 28 84 85 83 87 4 89 5 6 77 75 37 3 63 64 66 69 57 118 17 18 20 13 102 45 
128 81 107 140 141 62 60 51 112 114 16 116 130 72 132 32 144 95 93 98 96 100 8 99 84 23 88 89 133 39 135 41 136 43 44 42 105 142 63 108 11 70 68 69 123 121 125 25 124 127 26 126 27 28 48 117 118 53 54 21 120 20 74 143 76 77 75 79 80 78 82 3 131 30 103 101 102 36 34 35 10 106 139 55 138 56 57 58 59 61 86 87 46 137 45 7 90 6 52 50 110 111 109 113 13 115 14 15 67 65 66 29 129 2 71 33 91 92 94 97 19 119 18 85 83 24 22 5 134 37 38 40 9 104 64 12 122 49 47 17 1 73 31 4 
129 119 122 106 104 64 142 113 90 137 49 47 97 94 138 139 71 33 132 31 131 102 103 101 82 134 135 38 120 24 22 85 83 87 4 86 61 126 127 124 125 92 144 91 12 108 69 70 68 66 67 65 130 29 115 116 15 143 73 77 75 76 52 50 54 1 53 118 17 117 18 19 99 100 59 141 58 57 140 56 123 121 35 36 34 107 10 105 9 63 136 40 44 42 43 111 109 110 13 112 89 5 88 6 7 45 46 48 28 128 27 98 96 95 93 55 72 2 32 30 80 78 79 3 81 37 133 39 20 21 23 84 62 60 26 25 11 14 114 16 74 51 8 41 
130 48 144 107 105 142 63 112 23 84 86 87 141 140 123 121 72 132 32 131 30 103 101 102 81 133 39 135 51 53 54 117 118 19 119 18 128 98 96 95 93 139 55 138 108 11 70 68 69 67 65 66 29 129 114 16 116 74 143 76 77 75 88 89 7 90 6 46 137 45 49 47 62 60 127 26 126 125 25 124 91 92 36 34 35 10 106 9 104 64 41 136 43 44 42 110 111 109 113 13 21 120 20 24 22 85 83 4 100 8 99 58 59 56 57 122 2 71 33 31 79 80 78 82 3 134 37 38 52 50 1 17 27 28 97 94 12 115 14 15 73 5 61 40 
131 117 125 108 142 67 65 110 88 86 46 137 100 139 140 56 132 36 34 103 101 105 9 104 79 76 133 134 53 21 120 19 119 84 85 83 127 128 27 144 91 95 93 94 70 68 72 2 71 130 29 129 30 31 43 114 115 112 113 74 143 73 7 90 51 52 50 48 49 47 118 17 141 58 62 60 61 123 121 122 25 124 107 10 106 11 12 63 64 66 81 82 41 136 40 39 135 38 111 109 23 24 22 89 5 87 4 45 98 96 97 8 99 55 138 57 32 33 35 102 16 116 15 80 78 77 75 37 54 1 20 18 26 126 28 92 69 44 42 14 13 6 59 3 
132 53 127 142 108 70 68 43 86 88 7 90 139 100 141 58 131 103 101 36 34 107 10 106 76 79 81 82 117 19 119 21 120 23 24 22 125 144 91 128 27 98 96 97 67 65 130 29 129 72 2 71 32 33 110 112 113 114 115 16 116 15 46 137 48 49 47 51 52 50 54 1 140 56 123 121 122 62 60 61 26 126 105 9 104 63 64 11 12 69 133 134 39 135 38 41 136 40 44 42 84 85 83 87 4 89 5 6 95 93 94 55 138 8 99 59 30 31 102 35 74 143 73 77 75 80 78 3 118 17 18 20 25 124 92 28 66 111 109 13 14 45 57 37 
133 140 48 114 112 74 143 130 128 144 95 93 23 84 86 87 81 41 136 39 135 110 111 109 107 105 142 63 141 62 60 123 121 125 25 124 51 53 54 117 118 19 119 18 16 116 79 80 78 76 77 75 134 37 72 132 32 131 30 103 101 102 98 96 100 8 99 139 55 138 56 57 88 89 7 90 6 46 137 45 49 47 43 44 42 115 14 113 13 73 108 11 70 68 69 67 65 66 29 129 127 26 126 27 28 91 92 94 21 120 20 24 22 85 83 4 82 3 40 38 36 34 35 10 106 9 104 64 58 59 61 122 52 50 1 17 15 2 71 33 31 97 5 12 
134 94 119 115 113 143 73 129 61 122 124 125 90 137 49 47 82 136 40 135 38 111 109 110 106 104 64 142 97 99 100 138 139 57 140 56 120 24 22 85 83 87 4 86 116 15 80 78 79 77 75 76 37 133 71 33 132 31 131 102 103 101 126 127 28 128 27 92 144 91 95 93 52 50 54 1 53 118 17 117 18 19 44 42 43 14 114 13 112 74 12 108 69 70 68 66 67 65 130 29 59 141 58 62 60 123 121 25 89 5 88 6 7 45 46 48 3 81 41 39 35 36 34 107 10 105 9 63 98 96 8 55 20 21 23 84 16 72 2 32 30 26 51 11 
135 138 118 116 143 77 75 66 126 124 92 144 89 87 137 45 136 44 42 111 109 113 13 112 35 102 104 105 99 59 141 57 140 122 123 121 54 120 20 119 18 85 83 84 80 78 82 3 81 134 37 133 38 39 69 71 72 129 130 31 131 30 28 128 97 98 96 94 95 93 139 55 90 6 52 50 51 49 47 48 17 117 115 14 114 15 16 73 74 76 106 107 12 108 11 64 142 63 67 65 61 62 60 127 26 125 25 91 24 22 23 5 88 4 86 46 40 41 43 110 33 132 32 36 34 103 101 9 100 8 58 56 1 53 21 19 79 70 68 2 29 27 7 10 
136 99 54 143 116 80 78 69 124 126 28 128 87 89 90 6 135 111 109 44 42 115 14 114 102 35 106 107 138 57 140 59 141 61 62 60 118 119 18 120 20 24 22 23 77 75 134 37 133 82 3 81 40 41 66 129 130 71 72 33 132 32 92 144 94 95 93 97 98 96 100 8 137 45 49 47 48 52 50 51 1 53 113 13 112 73 74 15 16 79 104 105 64 142 63 12 108 11 70 68 122 123 121 125 25 127 26 27 85 83 84 4 86 5 88 7 38 39 110 43 31 131 30 103 101 36 34 10 139 55 56 58 17 117 19 21 76 67 65 29 2 91 46 9 
137 129 134 120 119 85 83 122 106 104 64 142 115 113 143 73 90 52 50 49 47 118 17 117 97 94 138 139 71 33 132 31 131 102 103 101 82 136 40 135 38 111 109 110 24 22 89 5 88 87 4 86 45 46 61 126 127 124 125 92 144 91 12 108 69 70 68 66 67 65 130 29 116 15 80 78 79 77 75 76 37 133 54 1 53 20 21 18 19 84 99 100 59 141 58 57 140 56 123 121 35 36 34 107 10 105 9 63 44 42 43 14 114 13 112 74 6 7 51 48 28 128 27 98 96 95 93 55 72 2 32 30 3 81 41 39 23 62 60 26 25 11 16 8 
138 143 66 126 124 92 144 87 136 135 111 109 35 102 104 105 99 59 141 57 140 122 123 121 54 118 119 18 116 80 78 77 75 134 37 133 69 71 72 129 130 31 131 30 28 128 97 98 96 94 95 93 139 55 89 90 6 137 45 49 47 48 44 42 115 14 114 113 13 112 73 74 106 107 12 108 11 64 142 63 67 65 61 62 60 127 26 125 25 91 120 20 24 22 23 85 83 84 4 86 82 3 81 40 41 38 39 110 33 132 32 36 34 103 101 9 100 8 58 56 52 50 51 1 53 17 117 19 15 16 79 76 70 68 2 29 27 5 88 7 46 43 10 21 
139 110 131 127 125 144 91 86 79 76 133 134 108 142 67 65 100 141 58 140 56 123 121 122 53 117 19 119 43 114 115 112 113 74 143 73 132 36 34 103 101 105 9 104 128 27 98 96 97 95 93 94 55 138 88 7 90 46 137 48 49 47 81 82 41 136 40 39 135 38 111 109 70 68 72 2 71 130 29 129 30 31 62 60 61 26 126 25 124 92 21 120 23 24 22 84 85 83 87 4 16 116 15 80 78 77 75 37 107 10 106 11 12 63 64 66 8 99 59 57 51 52 50 54 1 118 17 18 44 42 14 13 32 33 35 102 28 89 5 6 45 3 69 20 
140 112 130 128 144 95 93 84 81 133 39 135 107 105 142 63 141 62 60 123 121 125 25 124 51 48 117 118 114 16 116 74 143 76 77 75 72 132 32 131 30 103 101 102 98 96 100 8 99 139 55 138 56 57 23 88 89 86 87 46 137 45 41 136 43 44 42 110 111 109 113 13 108 11 70 68 69 67 65 66 29 129 127 26 126 27 28 91 92 94 53 54 21 120 20 19 119 18 85 83 79 80 78 82 3 134 37 38 36 34 35 10 106 9 104 64 58 59 61 122 7 90 6 52 50 49 47 17 115 14 15 73 2 71 33 31 97 24 22 5 4 40 12 1 
141 114 72 144 128 98 96 23 133 81 41 136 105 107 108 11 140 123 121 62 60 127 26 126 48 51 53 54 112 74 143 16 116 79 80 78 130 131 30 132 32 36 34 35 95 93 139 55 138 100 8 99 58 59 84 86 87 88 89 7 90 6 39 135 110 111 109 43 44 42 115 14 142 63 67 65 66 70 68 69 2 71 125 25 124 91 92 27 28 97 117 118 19 119 18 21 120 20 24 22 76 77 75 134 37 82 3 40 103 101 102 9 104 10 106 12 56 57 122 61 46 137 45 49 47 52 50 1 113 13 73 15 29 129 31 33 94 85 83 4 5 38 64 17 
142 86 139 132 131 103 101 76 53 117 19 119 127 125 144 91 108 70 68 67 65 130 29 129 43 110 112 113 88 7 90 46 137 48 49 47 100 141 58 140 56 123 121 122 36 34 107 10 106 105 9 104 63 64 79 81 82 133 134 39 135 38 21 120 23 24 22 84 85 83 87 4 128 27 98 96 97 95 93 94 55 138 72 2 71 32 33 30 31 102 114 115 16 116 15 74 143 73 77 75 51 52 50 54 1 118 17 18 62 60 61 26 126 25 124 92 11 12 69 66 41 136 40 44 42 111 109 13 89 5 6 45 8 99 59 57 35 80 78 3 37 20 28 14 
143 124 87 136 135 111 109 102 99 138 57 140 54 118 119 18 116 80 78 77 75 134 37 133 69 66 129 130 126 28 128 92 144 94 95 93 89 90 6 137 45 49 47 48 44 42 115 14 114 113 13 112 73 74 35 106 107 104 105 64 142 63 59 141 61 62 60 122 123 121 125 25 120 20 24 22 23 85 83 84 4 86 82 3 81 40 41 38 39 110 71 72 33 132 32 31 131 30 103 101 97 98 96 100 8 139 55 56 52 50 51 1 53 17 117 19 15 16 79 76 12 108 11 70 68 67 65 29 127 26 27 91 5 88 7 46 43 36 34 10 9 58 21 2 
144 133 105 141 140 123 121 48 114 112 74 143 72 130 131 30 128 98 96 95 93 139 55 138 23 84 86 87 81 41 136 39 135 110 111 109 107 108 11 142 63 67 65 66 62 60 127 26 126 125 25 124 91 92 51 53 54 117 118 19 119 18 16 116 79 80 78 76 77 75 134 37 132 32 36 34 35 103 101 102 9 104 100 8 99 58 59 56 57 122 88 89 7 90 6 46 137 45 49 47 43 44 42 115 14 113 13 73 70 68 69 2 71 29 129 31 27 28 97 94 21 120 20 24 22 85 83 4 82 3 40 38 10 106 12 64 61 52 50 1 17 15 33 5 
