140 6
1 2 3 4 5 6 7 8 9 10 11 12 13 14 15 16 17 18 19 20 21 22 23 24 25 26 27 28 29 30 31 32 33 34 35 36 37 38 39 40 41 42 43 44 45 46 47 48 49 50 51 52 53 54 55 56 57 58 59 60 61 62 63 64 65 66 67 68 69 70 71 72 73 74 75 76 77 78 79 80 81 82 83 84 85 86 87 88 89 90 91 92 93 94 95 96 97 98 99 100 101 102 103 104 105 106 107 108 109 110 111 112 113 114 115 116 117 118 119 120 121 122 123 124 125 126 127 128 129 130 131 132 133 134 135 136 137 138 139 140 
2 3 6 7 8 1 9 10 14 15 16 17 18 4 5 19 20 21 26 27 28 29 30 31 32 11 12 13 33 34 35 36 42 43 44 45 46 47 48 49 50 22 23 24 25 51 52 53 54 55 61 62 63 64 65 66 67 68 69 70 37 38 39 40 41 71 72 73 74 75 81 82 83 84 85 86 87 88 89 90 56 57 58 59 60 91 92 93 94 95 100 101 102 103 104 105 106 107 108 76 77 78 79 80 109 110 111 112 116 117 118 119 120 121 122 96 97 98 99 123 124 125 128 129 130 131 132 113 114 115 133 134 136 137 138 126 127 139 140 135 
3 6 1 9 10 2 14 15 4 5 19 20 21 7 8 26 27 28 11 12 13 33 34 35 36 16 17 18 42 43 44 45 22 23 24 25 51 52 53 54 55 29 30 31 32 61 62 63 64 65 37 38 39 40 41 71 72 73 74 75 46 47 48 49 50 81 82 83 84 85 56 57 58 59 60 91 92 93 94 95 66 67 68 69 70 100 101 102 103 104 76 77 78 79 80 109 110 111 112 86 87 88 89 90 116 117 118 119 96 97 98 99 123 124 125 105 106 107 108 128 129 130 113 114 115 133 134 120 121 122 136 137 126 127 139 131 132 140 135 138 
4 29 51 11 12 26 46 47 3 71 22 23 24 42 43 2 66 67 9 10 91 37 38 39 40 61 62 63 7 8 86 87 19 20 21 109 1 56 57 58 59 6 81 82 83 16 17 18 105 106 33 34 35 36 123 5 76 77 78 79 14 15 100 101 102 30 31 32 120 121 52 53 54 55 133 13 96 97 98 99 27 28 116 117 118 48 49 50 131 132 72 73 74 75 139 25 113 114 115 44 45 128 129 130 68 69 70 138 92 93 94 95 41 126 127 64 65 136 137 88 89 90 110 111 112 60 135 84 85 140 107 108 124 125 80 103 104 122 134 119 
5 90 10 12 13 104 108 2 20 21 23 24 25 119 6 122 7 8 34 35 36 38 39 40 41 130 14 15 132 16 17 18 52 53 54 55 56 57 58 59 60 137 26 27 28 138 29 30 31 32 71 72 73 74 75 76 77 78 79 80 140 42 43 44 45 46 47 48 49 50 91 92 93 94 95 96 97 98 99 1 61 62 63 64 65 66 67 68 69 70 109 110 111 112 3 113 114 115 4 81 82 83 84 85 86 87 88 89 123 124 125 9 126 127 11 100 101 102 103 105 106 107 133 134 19 135 22 116 117 118 120 121 139 33 37 128 129 131 51 136 
6 1 2 14 15 3 4 5 7 8 26 27 28 9 10 11 12 13 16 17 18 42 43 44 45 19 20 21 22 23 24 25 29 30 31 32 61 62 63 64 65 33 34 35 36 37 38 39 40 41 46 47 48 49 50 81 82 83 84 85 51 52 53 54 55 56 57 58 59 60 66 67 68 69 70 100 101 102 103 104 71 72 73 74 75 76 77 78 79 80 86 87 88 89 90 116 117 118 119 91 92 93 94 95 96 97 98 99 105 106 107 108 128 129 130 109 110 111 112 113 114 115 120 121 122 136 137 123 124 125 126 127 131 132 140 133 134 135 138 139 
7 33 61 16 17 11 51 52 6 81 29 30 31 22 23 3 71 72 14 15 100 46 47 48 49 37 38 39 9 10 91 92 26 27 28 116 2 66 67 68 69 1 56 57 58 19 20 21 109 110 42 43 44 45 128 8 86 87 88 89 4 5 76 77 78 34 35 36 123 124 62 63 64 65 136 18 105 106 107 108 12 13 96 97 98 53 54 55 133 134 82 83 84 85 140 32 120 121 122 24 25 113 114 115 73 74 75 139 101 102 103 104 50 131 132 40 41 126 127 93 94 95 117 118 119 70 138 59 60 135 111 112 129 130 90 79 80 125 137 99 
8 95 15 17 18 80 112 3 27 28 30 31 32 99 1 125 9 10 43 44 45 47 48 49 50 115 4 5 134 19 20 21 62 63 64 65 66 67 68 69 70 127 11 12 13 139 33 34 35 36 81 82 83 84 85 86 87 88 89 90 135 22 23 24 25 51 52 53 54 55 100 101 102 103 104 105 106 107 108 2 37 38 39 40 41 71 72 73 74 75 116 117 118 119 6 120 121 122 7 56 57 58 59 60 91 92 93 94 128 129 130 14 131 132 16 76 77 78 79 109 110 111 136 137 26 138 29 96 97 98 123 124 140 42 46 113 114 133 61 126 
9 42 37 19 20 16 61 62 1 56 33 34 35 29 30 6 81 82 4 5 76 51 52 53 54 46 47 48 14 15 100 101 11 12 13 96 3 71 72 73 74 2 66 67 68 26 27 28 116 117 22 23 24 25 113 10 91 92 93 94 7 8 86 87 88 43 44 45 128 129 38 39 40 41 126 21 109 110 111 112 17 18 105 106 107 63 64 65 136 137 57 58 59 60 135 36 123 124 125 31 32 120 121 122 83 84 85 140 77 78 79 80 55 133 134 49 50 131 132 102 103 104 97 98 99 75 139 69 70 138 118 119 114 115 95 89 90 130 127 108 
10 104 5 20 21 90 119 6 12 13 34 35 36 108 2 130 14 15 23 24 25 52 53 54 55 122 7 8 137 26 27 28 38 39 40 41 71 72 73 74 75 132 16 17 18 140 42 43 44 45 56 57 58 59 60 91 92 93 94 95 138 29 30 31 32 61 62 63 64 65 76 77 78 79 80 109 110 111 112 3 46 47 48 49 50 81 82 83 84 85 96 97 98 99 1 123 124 125 9 66 67 68 69 70 100 101 102 103 113 114 115 4 133 134 19 86 87 88 89 116 117 118 126 127 11 139 33 105 106 107 128 129 135 22 51 120 121 136 37 131 
11 7 33 22 23 61 16 17 51 52 37 38 39 6 81 29 30 31 3 71 72 1 56 57 58 14 15 100 46 47 48 49 9 10 91 92 4 5 76 77 78 26 27 28 116 2 66 67 68 69 19 20 21 109 110 12 13 96 97 98 42 43 44 45 128 8 86 87 88 89 34 35 36 123 124 24 25 113 114 115 62 63 64 65 136 18 105 106 107 108 53 54 55 133 134 40 41 126 127 82 83 84 85 140 32 120 121 122 73 74 75 139 59 60 135 101 102 103 104 50 131 132 93 94 95 79 80 117 118 119 70 138 111 112 99 129 130 90 125 137 
12 132 71 23 24 130 138 29 10 91 38 39 40 137 26 90 46 47 20 21 109 56 57 58 59 140 42 43 108 2 66 67 34 35 36 123 5 76 77 78 79 104 61 62 63 122 7 8 86 87 52 53 54 55 133 13 96 97 98 99 119 6 81 82 83 16 17 18 105 106 72 73 74 75 139 25 113 114 115 4 14 15 100 101 102 30 31 32 120 121 92 93 94 95 51 41 126 127 11 27 28 116 117 118 48 49 50 131 110 111 112 3 60 135 22 44 45 128 129 68 69 70 124 125 9 80 37 64 65 136 88 89 134 19 1 84 85 107 33 103 
13 70 21 24 25 85 89 90 35 36 39 40 41 103 104 107 108 2 53 54 55 57 58 59 60 118 119 6 121 122 7 8 72 73 74 75 76 77 78 79 80 129 130 14 15 131 132 16 17 18 91 92 93 94 95 96 97 98 99 1 136 137 26 27 28 138 29 30 31 32 109 110 111 112 3 113 114 115 4 5 140 42 43 44 45 46 47 48 49 50 123 124 125 9 10 126 127 11 12 61 62 63 64 65 66 67 68 69 133 134 19 20 135 22 23 81 82 83 84 86 87 88 139 33 34 37 38 100 101 102 105 106 51 52 56 116 117 120 71 128 
14 22 46 26 27 19 37 38 2 66 42 43 44 33 34 1 56 57 7 8 86 61 62 63 64 51 52 53 4 5 76 77 16 17 18 105 6 81 82 83 84 3 71 72 73 11 12 13 96 97 29 30 31 32 120 15 100 101 102 103 9 10 91 92 93 23 24 25 113 114 47 48 49 50 131 28 116 117 118 119 20 21 109 110 111 39 40 41 126 127 67 68 69 70 138 45 128 129 130 35 36 123 124 125 58 59 60 135 87 88 89 90 65 136 137 54 55 133 134 78 79 80 106 107 108 85 140 74 75 139 98 99 121 122 104 94 95 115 132 112 
15 80 8 27 28 95 99 1 17 18 43 44 45 112 3 115 4 5 30 31 32 62 63 64 65 125 9 10 127 11 12 13 47 48 49 50 81 82 83 84 85 134 19 20 21 135 22 23 24 25 66 67 68 69 70 100 101 102 103 104 139 33 34 35 36 37 38 39 40 41 86 87 88 89 90 116 117 118 119 6 51 52 53 54 55 56 57 58 59 60 105 106 107 108 2 128 129 130 14 71 72 73 74 75 76 77 78 79 120 121 122 7 136 137 26 91 92 93 94 96 97 98 131 132 16 140 42 109 110 111 113 114 138 29 61 123 124 126 46 133 
16 9 42 29 30 37 19 20 61 62 46 47 48 1 56 33 34 35 6 81 82 2 66 67 68 4 5 76 51 52 53 54 14 15 100 101 7 8 86 87 88 11 12 13 96 3 71 72 73 74 26 27 28 116 117 17 18 105 106 107 22 23 24 25 113 10 91 92 93 94 43 44 45 128 129 31 32 120 121 122 38 39 40 41 126 21 109 110 111 112 63 64 65 136 137 49 50 131 132 57 58 59 60 135 36 123 124 125 83 84 85 140 69 70 138 77 78 79 80 55 133 134 102 103 104 89 90 97 98 99 75 139 118 119 108 114 115 95 130 127 
17 134 81 30 31 115 139 33 15 100 47 48 49 127 11 95 51 52 27 28 116 66 67 68 69 135 22 23 112 3 71 72 43 44 45 128 8 86 87 88 89 80 37 38 39 125 9 10 91 92 62 63 64 65 136 18 105 106 107 108 99 1 56 57 58 19 20 21 109 110 82 83 84 85 140 32 120 121 122 7 4 5 76 77 78 34 35 36 123 124 101 102 103 104 61 50 131 132 16 12 13 96 97 98 53 54 55 133 117 118 119 6 70 138 29 24 25 113 114 73 74 75 129 130 14 90 46 40 41 126 93 94 137 26 2 59 60 111 42 79 
18 75 28 31 32 60 94 95 44 45 48 49 50 79 80 111 112 3 63 64 65 67 68 69 70 98 99 1 124 125 9 10 82 83 84 85 86 87 88 89 90 114 115 4 5 133 134 19 20 21 100 101 102 103 104 105 106 107 108 2 126 127 11 12 13 139 33 34 35 36 116 117 118 119 6 120 121 122 7 8 135 22 23 24 25 51 52 53 54 55 128 129 130 14 15 131 132 16 17 37 38 39 40 41 71 72 73 74 136 137 26 27 138 29 30 56 57 58 59 91 92 93 140 42 43 46 47 76 77 78 109 110 61 62 66 96 97 123 81 113 
19 14 22 33 34 46 26 27 37 38 51 52 53 2 66 42 43 44 1 56 57 3 71 72 73 7 8 86 61 62 63 64 4 5 76 77 9 10 91 92 93 16 17 18 105 6 81 82 83 84 11 12 13 96 97 20 21 109 110 111 29 30 31 32 120 15 100 101 102 103 23 24 25 113 114 35 36 123 124 125 47 48 49 50 131 28 116 117 118 119 39 40 41 126 127 54 55 133 134 67 68 69 70 138 45 128 129 130 58 59 60 135 74 75 139 87 88 89 90 65 136 137 78 79 80 94 95 106 107 108 85 140 98 99 112 121 122 104 115 132 
20 137 56 34 35 122 140 42 5 76 52 53 54 132 16 104 61 62 12 13 96 71 72 73 74 138 29 30 119 6 81 82 23 24 25 113 10 91 92 93 94 90 46 47 48 130 14 15 100 101 38 39 40 41 126 21 109 110 111 112 108 2 66 67 68 26 27 28 116 117 57 58 59 60 135 36 123 124 125 9 7 8 86 87 88 43 44 45 128 129 77 78 79 80 37 55 133 134 19 17 18 105 106 107 63 64 65 136 97 98 99 1 75 139 33 31 32 120 121 83 84 85 114 115 4 95 51 49 50 131 102 103 127 11 3 69 70 118 22 89 
21 85 13 35 36 70 103 104 24 25 53 54 55 89 90 118 119 6 39 40 41 72 73 74 75 107 108 2 129 130 14 15 57 58 59 60 91 92 93 94 95 121 122 7 8 136 137 26 27 28 76 77 78 79 80 109 110 111 112 3 131 132 16 17 18 140 42 43 44 45 96 97 98 99 1 123 124 125 9 10 138 29 30 31 32 61 62 63 64 65 113 114 115 4 5 133 134 19 20 46 47 48 49 50 81 82 83 84 126 127 11 12 139 33 34 66 67 68 69 100 101 102 135 22 23 51 52 86 87 88 116 117 37 38 71 105 106 128 56 120 
22 46 19 37 38 14 2 66 33 34 1 56 57 26 27 7 8 86 51 52 53 4 5 76 77 42 43 44 16 17 18 105 3 71 72 73 11 12 13 96 97 61 62 63 64 29 30 31 32 120 9 10 91 92 93 23 24 25 113 114 6 81 82 83 84 47 48 49 50 131 20 21 109 110 111 39 40 41 126 127 15 100 101 102 103 67 68 69 70 138 35 36 123 124 125 58 59 60 135 28 116 117 118 119 87 88 89 90 54 55 133 134 78 79 80 45 128 129 130 106 107 108 74 75 139 98 99 65 136 137 121 122 94 95 115 85 140 132 112 104 
23 108 52 38 39 140 122 7 71 72 56 57 58 104 61 132 16 17 10 91 92 5 76 77 78 119 6 81 138 29 30 31 20 21 109 110 12 13 96 97 98 130 14 15 100 90 46 47 48 49 34 35 36 123 124 24 25 113 114 115 137 26 27 28 116 2 66 67 68 69 53 54 55 133 134 40 41 126 127 11 42 43 44 45 128 8 86 87 88 89 73 74 75 139 33 59 60 135 22 62 63 64 65 136 18 105 106 107 93 94 95 51 79 80 37 82 83 84 85 32 120 121 111 112 3 99 1 101 102 103 50 131 125 9 4 117 118 70 19 129 
24 121 91 39 40 118 131 132 21 109 57 58 59 129 130 70 138 29 35 36 123 76 77 78 79 136 137 26 89 90 46 47 53 54 55 133 13 96 97 98 99 85 140 42 43 107 108 2 66 67 72 73 74 75 139 25 113 114 115 4 103 104 61 62 63 122 7 8 86 87 92 93 94 95 51 41 126 127 11 12 119 6 81 82 83 16 17 18 105 106 110 111 112 3 71 60 135 22 23 14 15 100 101 102 30 31 32 120 124 125 9 10 80 37 38 27 28 116 117 48 49 50 134 19 20 1 56 44 45 128 68 69 33 34 5 64 65 88 52 84 
25 50 36 40 41 65 69 70 54 55 58 59 60 84 85 88 89 90 73 74 75 77 78 79 80 102 103 104 106 107 108 2 92 93 94 95 96 97 98 99 1 117 118 119 6 120 121 122 7 8 109 110 111 112 3 113 114 115 4 5 128 129 130 14 15 131 132 16 17 18 123 124 125 9 10 126 127 11 12 13 136 137 26 27 28 138 29 30 31 32 133 134 19 20 21 135 22 23 24 140 42 43 44 45 46 47 48 49 139 33 34 35 37 38 39 61 62 63 64 66 67 68 51 52 53 56 57 81 82 83 86 87 71 72 76 100 101 105 91 116 
26 4 29 42 43 51 11 12 46 47 61 62 63 3 71 22 23 24 2 66 67 6 81 82 83 9 10 91 37 38 39 40 7 8 86 87 14 15 100 101 102 19 20 21 109 1 56 57 58 59 16 17 18 105 106 27 28 116 117 118 33 34 35 36 123 5 76 77 78 79 30 31 32 120 121 44 45 128 129 130 52 53 54 55 133 13 96 97 98 99 48 49 50 131 132 64 65 136 137 72 73 74 75 139 25 113 114 115 68 69 70 138 84 85 140 92 93 94 95 41 126 127 88 89 90 103 104 110 111 112 60 135 107 108 119 124 125 80 122 134 
27 127 66 43 44 125 135 22 8 86 62 63 64 134 19 80 37 38 17 18 105 81 82 83 84 139 33 34 99 1 56 57 30 31 32 120 15 100 101 102 103 95 51 52 53 115 4 5 76 77 47 48 49 50 131 28 116 117 118 119 112 3 71 72 73 11 12 13 96 97 67 68 69 70 138 45 128 129 130 14 9 10 91 92 93 23 24 25 113 114 87 88 89 90 46 65 136 137 26 20 21 109 110 111 39 40 41 126 106 107 108 2 85 140 42 35 36 123 124 58 59 60 121 122 7 104 61 54 55 133 78 79 132 16 6 74 75 98 29 94 
28 60 18 44 45 75 79 80 31 32 63 64 65 94 95 98 99 1 48 49 50 82 83 84 85 111 112 3 114 115 4 5 67 68 69 70 100 101 102 103 104 124 125 9 10 126 127 11 12 13 86 87 88 89 90 116 117 118 119 6 133 134 19 20 21 135 22 23 24 25 105 106 107 108 2 128 129 130 14 15 139 33 34 35 36 37 38 39 40 41 120 121 122 7 8 136 137 26 27 51 52 53 54 55 56 57 58 59 131 132 16 17 140 42 43 71 72 73 74 76 77 78 138 29 30 61 62 91 92 93 96 97 46 47 81 109 110 113 66 123 
29 51 26 46 47 4 3 71 42 43 2 66 67 11 12 9 10 91 61 62 63 7 8 86 87 22 23 24 19 20 21 109 6 81 82 83 16 17 18 105 106 37 38 39 40 33 34 35 36 123 14 15 100 101 102 30 31 32 120 121 1 56 57 58 59 52 53 54 55 133 27 28 116 117 118 48 49 50 131 132 5 76 77 78 79 72 73 74 75 139 44 45 128 129 130 68 69 70 138 13 96 97 98 99 92 93 94 95 64 65 136 137 88 89 90 25 113 114 115 110 111 112 84 85 140 107 108 41 126 127 124 125 103 104 122 60 135 134 119 80 
30 112 62 47 48 135 125 9 81 82 66 67 68 80 37 134 19 20 15 100 101 8 86 87 88 99 1 56 139 33 34 35 27 28 116 117 17 18 105 106 107 115 4 5 76 95 51 52 53 54 43 44 45 128 129 31 32 120 121 122 127 11 12 13 96 3 71 72 73 74 63 64 65 136 137 49 50 131 132 16 22 23 24 25 113 10 91 92 93 94 83 84 85 140 42 69 70 138 29 38 39 40 41 126 21 109 110 111 102 103 104 61 89 90 46 57 58 59 60 36 123 124 118 119 6 108 2 77 78 79 55 133 130 14 7 97 98 75 26 114 
31 124 100 48 49 98 133 134 28 116 67 68 69 114 115 75 139 33 44 45 128 86 87 88 89 126 127 11 94 95 51 52 63 64 65 136 18 105 106 107 108 60 135 22 23 111 112 3 71 72 82 83 84 85 140 32 120 121 122 7 79 80 37 38 39 125 9 10 91 92 101 102 103 104 61 50 131 132 16 17 99 1 56 57 58 19 20 21 109 110 117 118 119 6 81 70 138 29 30 4 5 76 77 78 34 35 36 123 129 130 14 15 90 46 47 12 13 96 97 53 54 55 137 26 27 2 66 24 25 113 73 74 42 43 8 40 41 93 62 59 
32 55 45 49 50 41 74 75 64 65 68 69 70 59 60 93 94 95 83 84 85 87 88 89 90 78 79 80 110 111 112 3 101 102 103 104 105 106 107 108 2 97 98 99 1 123 124 125 9 10 116 117 118 119 6 120 121 122 7 8 113 114 115 4 5 133 134 19 20 21 128 129 130 14 15 131 132 16 17 18 126 127 11 12 13 139 33 34 35 36 136 137 26 27 28 138 29 30 31 135 22 23 24 25 51 52 53 54 140 42 43 44 46 47 48 37 38 39 40 71 72 73 61 62 63 66 67 56 57 58 91 92 81 82 86 76 77 109 100 96 
33 61 11 51 52 7 6 81 22 23 3 71 72 16 17 14 15 100 37 38 39 9 10 91 92 29 30 31 26 27 28 116 1 56 57 58 19 20 21 109 110 46 47 48 49 42 43 44 45 128 4 5 76 77 78 34 35 36 123 124 2 66 67 68 69 62 63 64 65 136 12 13 96 97 98 53 54 55 133 134 8 86 87 88 89 82 83 84 85 140 24 25 113 114 115 73 74 75 139 18 105 106 107 108 101 102 103 104 40 41 126 127 93 94 95 32 120 121 122 117 118 119 59 60 135 111 112 50 131 132 129 130 79 80 125 70 138 137 99 90 
34 119 38 52 53 138 130 14 56 57 71 72 73 90 46 137 26 27 5 76 77 10 91 92 93 108 2 66 140 42 43 44 12 13 96 97 20 21 109 110 111 122 7 8 86 104 61 62 63 64 23 24 25 113 114 35 36 123 124 125 132 16 17 18 105 6 81 82 83 84 39 40 41 126 127 54 55 133 134 19 29 30 31 32 120 15 100 101 102 103 58 59 60 135 22 74 75 139 33 47 48 49 50 131 28 116 117 118 78 79 80 37 94 95 51 67 68 69 70 45 128 129 98 99 1 112 3 87 88 89 65 136 115 4 9 106 107 85 11 121 
35 129 76 53 54 107 136 137 13 96 72 73 74 121 122 85 140 42 24 25 113 91 92 93 94 131 132 16 103 104 61 62 39 40 41 126 21 109 110 111 112 70 138 29 30 118 119 6 81 82 57 58 59 60 135 36 123 124 125 9 89 90 46 47 48 130 14 15 100 101 77 78 79 80 37 55 133 134 19 20 108 2 66 67 68 26 27 28 116 117 97 98 99 1 56 75 139 33 34 7 8 86 87 88 43 44 45 128 114 115 4 5 95 51 52 17 18 105 106 63 64 65 127 11 12 3 71 31 32 120 83 84 22 23 10 49 50 102 38 69 
36 65 25 54 55 50 84 85 40 41 73 74 75 69 70 102 103 104 58 59 60 92 93 94 95 88 89 90 117 118 119 6 77 78 79 80 109 110 111 112 3 106 107 108 2 128 129 130 14 15 96 97 98 99 1 123 124 125 9 10 120 121 122 7 8 136 137 26 27 28 113 114 115 4 5 133 134 19 20 21 131 132 16 17 18 140 42 43 44 45 126 127 11 12 13 139 33 34 35 138 29 30 31 32 61 62 63 64 135 22 23 24 51 52 53 46 47 48 49 81 82 83 37 38 39 71 72 66 67 68 100 101 56 57 91 86 87 116 76 105 
37 16 9 1 56 42 29 30 19 20 4 5 76 61 62 46 47 48 33 34 35 11 12 13 96 6 81 82 2 66 67 68 51 52 53 54 22 23 24 25 113 14 15 100 101 7 8 86 87 88 3 71 72 73 74 38 39 40 41 126 26 27 28 116 117 17 18 105 106 107 10 91 92 93 94 57 58 59 60 135 43 44 45 128 129 31 32 120 121 122 21 109 110 111 112 77 78 79 80 63 64 65 136 137 49 50 131 132 36 123 124 125 97 98 99 83 84 85 140 69 70 138 55 133 134 114 115 102 103 104 89 90 75 139 127 118 119 108 95 130 
38 138 34 56 57 119 90 46 52 53 5 76 77 130 14 108 2 66 71 72 73 12 13 96 97 137 26 27 122 7 8 86 10 91 92 93 23 24 25 113 114 140 42 43 44 132 16 17 18 105 20 21 109 110 111 39 40 41 126 127 104 61 62 63 64 29 30 31 32 120 35 36 123 124 125 58 59 60 135 22 6 81 82 83 84 47 48 49 50 131 54 55 133 134 19 78 79 80 37 15 100 101 102 103 67 68 69 70 74 75 139 33 98 99 1 28 116 117 118 87 88 89 94 95 51 115 4 45 128 129 106 107 112 3 11 65 136 121 9 85 
39 89 72 57 58 136 107 108 91 92 76 77 78 85 140 121 122 7 21 109 110 13 96 97 98 103 104 61 131 132 16 17 35 36 123 124 24 25 113 114 115 118 119 6 81 70 138 29 30 31 53 54 55 133 134 40 41 126 127 11 129 130 14 15 100 90 46 47 48 49 73 74 75 139 33 59 60 135 22 23 137 26 27 28 116 2 66 67 68 69 93 94 95 51 52 79 80 37 38 42 43 44 45 128 8 86 87 88 111 112 3 71 99 1 56 62 63 64 65 18 105 106 125 9 10 4 5 82 83 84 32 120 19 20 12 101 102 50 34 117 
40 106 109 58 59 102 120 121 36 123 77 78 79 117 118 50 131 132 54 55 133 96 97 98 99 128 129 130 69 70 138 29 73 74 75 139 25 113 114 115 4 65 136 137 26 88 89 90 46 47 92 93 94 95 51 41 126 127 11 12 84 85 140 42 43 107 108 2 66 67 110 111 112 3 71 60 135 22 23 24 103 104 61 62 63 122 7 8 86 87 124 125 9 10 91 80 37 38 39 119 6 81 82 83 16 17 18 105 134 19 20 21 1 56 57 14 15 100 101 30 31 32 33 34 35 5 76 27 28 116 48 49 52 53 13 44 45 68 72 64 
41 32 55 59 60 45 49 50 74 75 78 79 80 64 65 68 69 70 93 94 95 97 98 99 1 83 84 85 87 88 89 90 110 111 112 3 113 114 115 4 5 101 102 103 104 105 106 107 108 2 123 124 125 9 10 126 127 11 12 13 116 117 118 119 6 120 121 122 7 8 133 134 19 20 21 135 22 23 24 25 128 129 130 14 15 131 132 16 17 18 139 33 34 35 36 37 38 39 40 136 137 26 27 28 138 29 30 31 51 52 53 54 56 57 58 140 42 43 44 46 47 48 71 72 73 76 77 61 62 63 66 67 91 92 96 81 82 86 109 100 
42 37 16 61 62 9 1 56 29 30 6 81 82 19 20 4 5 76 46 47 48 14 15 100 101 33 34 35 11 12 13 96 2 66 67 68 26 27 28 116 117 51 52 53 54 22 23 24 25 113 7 8 86 87 88 43 44 45 128 129 3 71 72 73 74 38 39 40 41 126 17 18 105 106 107 63 64 65 136 137 10 91 92 93 94 57 58 59 60 135 31 32 120 121 122 83 84 85 140 21 109 110 111 112 77 78 79 80 49 50 131 132 102 103 104 36 123 124 125 97 98 99 69 70 138 118 119 55 133 134 114 115 89 90 130 75 139 127 108 95 
43 99 47 62 63 139 115 4 66 67 81 82 83 95 51 127 11 12 8 86 87 15 100 101 102 112 3 71 135 22 23 24 17 18 105 106 27 28 116 117 118 125 9 10 91 80 37 38 39 40 30 31 32 120 121 44 45 128 129 130 134 19 20 21 109 1 56 57 58 59 48 49 50 131 132 64 65 136 137 26 33 34 35 36 123 5 76 77 78 79 68 69 70 138 29 84 85 140 42 52 53 54 55 133 13 96 97 98 88 89 90 46 103 104 61 72 73 74 75 25 113 114 107 108 2 119 6 92 93 94 41 126 122 7 14 110 111 60 16 124 
44 114 86 63 64 111 126 127 18 105 82 83 84 124 125 60 135 22 31 32 120 100 101 102 103 133 134 19 79 80 37 38 48 49 50 131 28 116 117 118 119 75 139 33 34 98 99 1 56 57 67 68 69 70 138 45 128 129 130 14 94 95 51 52 53 115 4 5 76 77 87 88 89 90 46 65 136 137 26 27 112 3 71 72 73 11 12 13 96 97 106 107 108 2 66 85 140 42 43 9 10 91 92 93 23 24 25 113 121 122 7 8 104 61 62 20 21 109 110 39 40 41 132 16 17 6 81 35 36 123 58 59 29 30 15 54 55 78 47 74 
45 41 32 64 65 55 59 60 49 50 83 84 85 74 75 78 79 80 68 69 70 101 102 103 104 93 94 95 97 98 99 1 87 88 89 90 116 117 118 119 6 110 111 112 3 113 114 115 4 5 105 106 107 108 2 128 129 130 14 15 123 124 125 9 10 126 127 11 12 13 120 121 122 7 8 136 137 26 27 28 133 134 19 20 21 135 22 23 24 25 131 132 16 17 18 140 42 43 44 139 33 34 35 36 37 38 39 40 138 29 30 31 61 62 63 51 52 53 54 56 57 58 46 47 48 81 82 71 72 73 76 77 66 67 100 91 92 96 86 109 
46 19 14 2 66 22 33 34 26 27 7 8 86 37 38 51 52 53 42 43 44 16 17 18 105 1 56 57 3 71 72 73 61 62 63 64 29 30 31 32 120 4 5 76 77 9 10 91 92 93 6 81 82 83 84 47 48 49 50 131 11 12 13 96 97 20 21 109 110 111 15 100 101 102 103 67 68 69 70 138 23 24 25 113 114 35 36 123 124 125 28 116 117 118 119 87 88 89 90 39 40 41 126 127 54 55 133 134 45 128 129 130 106 107 108 58 59 60 135 74 75 139 65 136 137 121 122 78 79 80 94 95 85 140 132 98 99 112 104 115 
47 139 43 66 67 99 95 51 62 63 8 86 87 115 4 112 3 71 81 82 83 17 18 105 106 127 11 12 125 9 10 91 15 100 101 102 30 31 32 120 121 135 22 23 24 134 19 20 21 109 27 28 116 117 118 48 49 50 131 132 80 37 38 39 40 33 34 35 36 123 44 45 128 129 130 68 69 70 138 29 1 56 57 58 59 52 53 54 55 133 64 65 136 137 26 88 89 90 46 5 76 77 78 79 72 73 74 75 84 85 140 42 107 108 2 13 96 97 98 92 93 94 103 104 61 122 7 25 113 114 110 111 119 6 16 41 126 124 14 60 
48 94 82 67 68 126 111 112 100 101 86 87 88 60 135 124 125 9 28 116 117 18 105 106 107 79 80 37 133 134 19 20 44 45 128 129 31 32 120 121 122 98 99 1 56 75 139 33 34 35 63 64 65 136 137 49 50 131 132 16 114 115 4 5 76 95 51 52 53 54 83 84 85 140 42 69 70 138 29 30 127 11 12 13 96 3 71 72 73 74 102 103 104 61 62 89 90 46 47 22 23 24 25 113 10 91 92 93 118 119 6 81 108 2 66 38 39 40 41 21 109 110 130 14 15 7 8 57 58 59 36 123 26 27 17 77 78 55 43 97 
49 110 116 68 69 78 123 124 45 128 87 88 89 97 98 55 133 134 64 65 136 105 106 107 108 113 114 115 74 75 139 33 83 84 85 140 32 120 121 122 7 41 126 127 11 93 94 95 51 52 101 102 103 104 61 50 131 132 16 17 59 60 135 22 23 111 112 3 71 72 117 118 119 6 81 70 138 29 30 31 79 80 37 38 39 125 9 10 91 92 129 130 14 15 100 90 46 47 48 99 1 56 57 58 19 20 21 109 137 26 27 28 2 66 67 4 5 76 77 34 35 36 42 43 44 8 86 12 13 96 53 54 62 63 18 24 25 73 82 40 
50 36 65 69 70 25 54 55 84 85 88 89 90 40 41 73 74 75 102 103 104 106 107 108 2 58 59 60 92 93 94 95 117 118 119 6 120 121 122 7 8 77 78 79 80 109 110 111 112 3 128 129 130 14 15 131 132 16 17 18 96 97 98 99 1 123 124 125 9 10 136 137 26 27 28 138 29 30 31 32 113 114 115 4 5 133 134 19 20 21 140 42 43 44 45 46 47 48 49 126 127 11 12 13 139 33 34 35 61 62 63 64 66 67 68 135 22 23 24 51 52 53 81 82 83 86 87 37 38 39 71 72 100 101 105 56 57 91 116 76 
51 26 4 3 71 29 42 43 11 12 9 10 91 46 47 61 62 63 22 23 24 19 20 21 109 2 66 67 6 81 82 83 37 38 39 40 33 34 35 36 123 7 8 86 87 14 15 100 101 102 1 56 57 58 59 52 53 54 55 133 16 17 18 105 106 27 28 116 117 118 5 76 77 78 79 72 73 74 75 139 30 31 32 120 121 44 45 128 129 130 13 96 97 98 99 92 93 94 95 48 49 50 131 132 64 65 136 137 25 113 114 115 110 111 112 68 69 70 138 84 85 140 41 126 127 124 125 88 89 90 103 104 60 135 134 107 108 119 80 122 
52 140 23 71 72 108 104 61 38 39 10 91 92 122 7 119 6 81 56 57 58 20 21 109 110 132 16 17 130 14 15 100 5 76 77 78 34 35 36 123 124 138 29 30 31 137 26 27 28 116 12 13 96 97 98 53 54 55 133 134 90 46 47 48 49 42 43 44 45 128 24 25 113 114 115 73 74 75 139 33 2 66 67 68 69 62 63 64 65 136 40 41 126 127 11 93 94 95 51 8 86 87 88 89 82 83 84 85 59 60 135 22 111 112 3 18 105 106 107 101 102 103 79 80 37 125 9 32 120 121 117 118 99 1 19 50 131 129 4 70 
53 103 57 72 73 131 118 119 76 77 91 92 93 70 138 129 130 14 13 96 97 21 109 110 111 89 90 46 136 137 26 27 24 25 113 114 35 36 123 124 125 107 108 2 66 85 140 42 43 44 39 40 41 126 127 54 55 133 134 19 121 122 7 8 86 104 61 62 63 64 58 59 60 135 22 74 75 139 33 34 132 16 17 18 105 6 81 82 83 84 78 79 80 37 38 94 95 51 52 29 30 31 32 120 15 100 101 102 98 99 1 56 112 3 71 47 48 49 50 28 116 117 115 4 5 9 10 67 68 69 45 128 11 12 20 87 88 65 23 106 
54 117 96 73 74 88 128 129 25 113 92 93 94 106 107 65 136 137 40 41 126 109 110 111 112 120 121 122 84 85 140 42 58 59 60 135 36 123 124 125 9 50 131 132 16 102 103 104 61 62 77 78 79 80 37 55 133 134 19 20 69 70 138 29 30 118 119 6 81 82 97 98 99 1 56 75 139 33 34 35 89 90 46 47 48 130 14 15 100 101 114 115 4 5 76 95 51 52 53 108 2 66 67 68 26 27 28 116 127 11 12 13 3 71 72 7 8 86 87 43 44 45 22 23 24 10 91 17 18 105 63 64 38 39 21 31 32 83 57 49 
55 45 41 74 75 32 64 65 59 60 93 94 95 49 50 83 84 85 78 79 80 110 111 112 3 68 69 70 101 102 103 104 97 98 99 1 123 124 125 9 10 87 88 89 90 116 117 118 119 6 113 114 115 4 5 133 134 19 20 21 105 106 107 108 2 128 129 130 14 15 126 127 11 12 13 139 33 34 35 36 120 121 122 7 8 136 137 26 27 28 135 22 23 24 25 51 52 53 54 131 132 16 17 18 140 42 43 44 37 38 39 40 71 72 73 138 29 30 31 61 62 63 56 57 58 91 92 46 47 48 81 82 76 77 109 66 67 100 96 86 
56 122 20 5 76 137 132 16 34 35 12 13 96 140 42 138 29 30 52 53 54 23 24 25 113 104 61 62 90 46 47 48 71 72 73 74 38 39 40 41 126 119 6 81 82 108 2 66 67 68 10 91 92 93 94 57 58 59 60 135 130 14 15 100 101 7 8 86 87 88 21 109 110 111 112 77 78 79 80 37 26 27 28 116 117 17 18 105 106 107 36 123 124 125 9 97 98 99 1 43 44 45 128 129 31 32 120 121 55 133 134 19 114 115 4 63 64 65 136 49 50 131 75 139 33 127 11 83 84 85 69 70 95 51 22 102 103 89 3 118 
57 131 53 76 77 103 70 138 72 73 13 96 97 118 119 89 90 46 91 92 93 24 25 113 114 129 130 14 107 108 2 66 21 109 110 111 39 40 41 126 127 136 137 26 27 121 122 7 8 86 35 36 123 124 125 58 59 60 135 22 85 140 42 43 44 132 16 17 18 105 54 55 133 134 19 78 79 80 37 38 104 61 62 63 64 29 30 31 32 120 74 75 139 33 34 98 99 1 56 6 81 82 83 84 47 48 49 50 94 95 51 52 115 4 5 15 100 101 102 67 68 69 112 3 71 11 12 28 116 117 87 88 9 10 23 45 128 106 20 65 
58 69 92 77 78 128 88 89 109 110 96 97 98 65 136 106 107 108 36 123 124 25 113 114 115 84 85 140 120 121 122 7 54 55 133 134 40 41 126 127 11 102 103 104 61 50 131 132 16 17 73 74 75 139 33 59 60 135 22 23 117 118 119 6 81 70 138 29 30 31 93 94 95 51 52 79 80 37 38 39 129 130 14 15 100 90 46 47 48 49 111 112 3 71 72 99 1 56 57 137 26 27 28 116 2 66 67 68 125 9 10 91 4 5 76 42 43 44 45 8 86 87 19 20 21 12 13 62 63 64 18 105 34 35 24 82 83 32 53 101 
59 87 123 78 79 83 105 106 55 133 97 98 99 101 102 32 120 121 74 75 139 113 114 115 4 116 117 118 49 50 131 132 93 94 95 51 41 126 127 11 12 45 128 129 130 68 69 70 138 29 110 111 112 3 71 60 135 22 23 24 64 65 136 137 26 88 89 90 46 47 124 125 9 10 91 80 37 38 39 40 84 85 140 42 43 107 108 2 66 67 134 19 20 21 109 1 56 57 58 103 104 61 62 63 122 7 8 86 33 34 35 36 5 76 77 119 6 81 82 16 17 18 52 53 54 13 96 14 15 100 30 31 72 73 25 27 28 48 92 44 
60 18 75 79 80 28 31 32 94 95 98 99 1 44 45 48 49 50 111 112 3 114 115 4 5 63 64 65 67 68 69 70 124 125 9 10 126 127 11 12 13 82 83 84 85 86 87 88 89 90 133 134 19 20 21 135 22 23 24 25 100 101 102 103 104 105 106 107 108 2 139 33 34 35 36 37 38 39 40 41 116 117 118 119 6 120 121 122 7 8 51 52 53 54 55 56 57 58 59 128 129 130 14 15 131 132 16 17 71 72 73 74 76 77 78 136 137 26 27 138 29 30 91 92 93 96 97 140 42 43 46 47 109 110 113 61 62 66 123 81 
61 11 7 6 81 33 22 23 16 17 14 15 100 51 52 37 38 39 29 30 31 26 27 28 116 3 71 72 1 56 57 58 46 47 48 49 42 43 44 45 128 9 10 91 92 4 5 76 77 78 2 66 67 68 69 62 63 64 65 136 19 20 21 109 110 12 13 96 97 98 8 86 87 88 89 82 83 84 85 140 34 35 36 123 124 24 25 113 114 115 18 105 106 107 108 101 102 103 104 53 54 55 133 134 40 41 126 127 32 120 121 122 117 118 119 73 74 75 139 59 60 135 50 131 132 129 130 93 94 95 79 80 70 138 137 111 112 99 90 125 
62 135 30 81 82 112 80 37 47 48 15 100 101 125 9 99 1 56 66 67 68 27 28 116 117 134 19 20 115 4 5 76 8 86 87 88 43 44 45 128 129 139 33 34 35 127 11 12 13 96 17 18 105 106 107 63 64 65 136 137 95 51 52 53 54 22 23 24 25 113 31 32 120 121 122 83 84 85 140 42 3 71 72 73 74 38 39 40 41 126 49 50 131 132 16 102 103 104 61 10 91 92 93 94 57 58 59 60 69 70 138 29 118 119 6 21 109 110 111 77 78 79 89 90 46 130 14 36 123 124 97 98 108 2 26 55 133 114 7 75 
63 79 67 82 83 133 98 99 86 87 100 101 102 75 139 114 115 4 18 105 106 28 116 117 118 94 95 51 126 127 11 12 31 32 120 121 44 45 128 129 130 111 112 3 71 60 135 22 23 24 48 49 50 131 132 64 65 136 137 26 124 125 9 10 91 80 37 38 39 40 68 69 70 138 29 84 85 140 42 43 134 19 20 21 109 1 56 57 58 59 88 89 90 46 47 103 104 61 62 33 34 35 36 123 5 76 77 78 107 108 2 66 119 6 81 52 53 54 55 13 96 97 122 7 8 14 15 72 73 74 25 113 16 17 27 92 93 41 30 110 
64 97 105 83 84 93 113 114 32 120 101 102 103 110 111 41 126 127 49 50 131 116 117 118 119 123 124 125 59 60 135 22 68 69 70 138 45 128 129 130 14 55 133 134 19 78 79 80 37 38 87 88 89 90 46 65 136 137 26 27 74 75 139 33 34 98 99 1 56 57 106 107 108 2 66 85 140 42 43 44 94 95 51 52 53 115 4 5 76 77 121 122 7 8 86 104 61 62 63 112 3 71 72 73 11 12 13 96 132 16 17 18 6 81 82 9 10 91 92 23 24 25 29 30 31 15 100 20 21 109 39 40 47 48 28 35 36 58 67 54 
65 25 50 84 85 36 40 41 69 70 102 103 104 54 55 58 59 60 88 89 90 117 118 119 6 73 74 75 77 78 79 80 106 107 108 2 128 129 130 14 15 92 93 94 95 96 97 98 99 1 120 121 122 7 8 136 137 26 27 28 109 110 111 112 3 113 114 115 4 5 131 132 16 17 18 140 42 43 44 45 123 124 125 9 10 126 127 11 12 13 138 29 30 31 32 61 62 63 64 133 134 19 20 21 135 22 23 24 46 47 48 49 81 82 83 139 33 34 35 37 38 39 66 67 68 100 101 51 52 53 56 57 86 87 116 71 72 76 105 91 
66 125 27 8 86 127 134 19 43 44 17 18 105 135 22 139 33 34 62 63 64 30 31 32 120 80 37 38 95 51 52 53 81 82 83 84 47 48 49 50 131 99 1 56 57 112 3 71 72 73 15 100 101 102 103 67 68 69 70 138 115 4 5 76 77 9 10 91 92 93 28 116 117 118 119 87 88 89 90 46 11 12 13 96 97 20 21 109 110 111 45 128 129 130 14 106 107 108 2 23 24 25 113 114 35 36 123 124 65 136 137 26 121 122 7 39 40 41 126 54 55 133 85 140 42 132 16 58 59 60 74 75 104 61 29 78 79 94 6 98 
67 133 63 86 87 79 75 139 82 83 18 105 106 98 99 94 95 51 100 101 102 31 32 120 121 114 115 4 111 112 3 71 28 116 117 118 48 49 50 131 132 126 127 11 12 124 125 9 10 91 44 45 128 129 130 68 69 70 138 29 60 135 22 23 24 134 19 20 21 109 64 65 136 137 26 88 89 90 46 47 80 37 38 39 40 33 34 35 36 123 84 85 140 42 43 107 108 2 66 1 56 57 58 59 52 53 54 55 103 104 61 62 122 7 8 5 76 77 78 72 73 74 119 6 81 16 17 13 96 97 92 93 14 15 30 25 113 110 27 41 
68 74 101 87 88 113 93 94 116 117 105 106 107 41 126 110 111 112 45 128 129 32 120 121 122 59 60 135 123 124 125 9 64 65 136 137 49 50 131 132 16 78 79 80 37 55 133 134 19 20 83 84 85 140 42 69 70 138 29 30 97 98 99 1 56 75 139 33 34 35 102 103 104 61 62 89 90 46 47 48 114 115 4 5 76 95 51 52 53 54 118 119 6 81 82 108 2 66 67 127 11 12 13 96 3 71 72 73 130 14 15 100 7 8 86 22 23 24 25 10 91 92 26 27 28 17 18 38 39 40 21 109 43 44 31 57 58 36 63 77 
69 92 128 88 89 58 109 110 65 136 106 107 108 77 78 36 123 124 84 85 140 120 121 122 7 96 97 98 54 55 133 134 102 103 104 61 50 131 132 16 17 25 113 114 115 73 74 75 139 33 117 118 119 6 81 70 138 29 30 31 40 41 126 127 11 93 94 95 51 52 129 130 14 15 100 90 46 47 48 49 59 60 135 22 23 111 112 3 71 72 137 26 27 28 116 2 66 67 68 79 80 37 38 39 125 9 10 91 42 43 44 45 8 86 87 99 1 56 57 19 20 21 62 63 64 18 105 4 5 76 34 35 82 83 32 12 13 53 101 24 
70 21 85 89 90 13 35 36 103 104 107 108 2 24 25 53 54 55 118 119 6 121 122 7 8 39 40 41 72 73 74 75 129 130 14 15 131 132 16 17 18 57 58 59 60 91 92 93 94 95 136 137 26 27 28 138 29 30 31 32 76 77 78 79 80 109 110 111 112 3 140 42 43 44 45 46 47 48 49 50 96 97 98 99 1 123 124 125 9 10 61 62 63 64 65 66 67 68 69 113 114 115 4 5 133 134 19 20 81 82 83 84 86 87 88 126 127 11 12 139 33 34 100 101 102 105 106 135 22 23 51 52 116 117 120 37 38 71 128 56 
71 130 12 10 91 132 137 26 23 24 20 21 109 138 29 140 42 43 38 39 40 34 35 36 123 90 46 47 104 61 62 63 56 57 58 59 52 53 54 55 133 108 2 66 67 119 6 81 82 83 5 76 77 78 79 72 73 74 75 139 122 7 8 86 87 14 15 100 101 102 13 96 97 98 99 92 93 94 95 51 16 17 18 105 106 27 28 116 117 118 25 113 114 115 4 110 111 112 3 30 31 32 120 121 44 45 128 129 41 126 127 11 124 125 9 48 49 50 131 64 65 136 60 135 22 134 19 68 69 70 84 85 80 37 33 88 89 103 1 107 
72 136 39 91 92 89 85 140 57 58 21 109 110 107 108 103 104 61 76 77 78 35 36 123 124 121 122 7 118 119 6 81 13 96 97 98 53 54 55 133 134 131 132 16 17 129 130 14 15 100 24 25 113 114 115 73 74 75 139 33 70 138 29 30 31 137 26 27 28 116 40 41 126 127 11 93 94 95 51 52 90 46 47 48 49 42 43 44 45 128 59 60 135 22 23 111 112 3 71 2 66 67 68 69 62 63 64 65 79 80 37 38 125 9 10 8 86 87 88 82 83 84 99 1 56 19 20 18 105 106 101 102 4 5 34 32 120 117 12 50 
73 84 77 92 93 120 102 103 96 97 109 110 111 50 131 117 118 119 25 113 114 36 123 124 125 69 70 138 128 129 130 14 40 41 126 127 54 55 133 134 19 88 89 90 46 65 136 137 26 27 58 59 60 135 22 74 75 139 33 34 106 107 108 2 66 85 140 42 43 44 78 79 80 37 38 94 95 51 52 53 121 122 7 8 86 104 61 62 63 64 98 99 1 56 57 112 3 71 72 132 16 17 18 105 6 81 82 83 115 4 5 76 9 10 91 29 30 31 32 15 100 101 11 12 13 20 21 47 48 49 28 116 23 24 35 67 68 45 39 87 
74 101 113 93 94 68 116 117 41 126 110 111 112 87 88 45 128 129 59 60 135 123 124 125 9 105 106 107 64 65 136 137 78 79 80 37 55 133 134 19 20 32 120 121 122 83 84 85 140 42 97 98 99 1 56 75 139 33 34 35 49 50 131 132 16 102 103 104 61 62 114 115 4 5 76 95 51 52 53 54 69 70 138 29 30 118 119 6 81 82 127 11 12 13 96 3 71 72 73 89 90 46 47 48 130 14 15 100 22 23 24 25 10 91 92 108 2 66 67 26 27 28 38 39 40 21 109 7 8 86 43 44 57 58 36 17 18 63 77 31 
75 28 60 94 95 18 44 45 79 80 111 112 3 31 32 63 64 65 98 99 1 124 125 9 10 48 49 50 82 83 84 85 114 115 4 5 133 134 19 20 21 67 68 69 70 100 101 102 103 104 126 127 11 12 13 139 33 34 35 36 86 87 88 89 90 116 117 118 119 6 135 22 23 24 25 51 52 53 54 55 105 106 107 108 2 128 129 130 14 15 37 38 39 40 41 71 72 73 74 120 121 122 7 8 136 137 26 27 56 57 58 59 91 92 93 131 132 16 17 140 42 43 76 77 78 109 110 138 29 30 61 62 96 97 123 46 47 81 113 66 
76 107 35 13 96 129 121 122 53 54 24 25 113 136 137 131 132 16 72 73 74 39 40 41 126 85 140 42 70 138 29 30 91 92 93 94 57 58 59 60 135 103 104 61 62 89 90 46 47 48 21 109 110 111 112 77 78 79 80 37 118 119 6 81 82 108 2 66 67 68 36 123 124 125 9 97 98 99 1 56 130 14 15 100 101 7 8 86 87 88 55 133 134 19 20 114 115 4 5 26 27 28 116 117 17 18 105 106 75 139 33 34 127 11 12 43 44 45 128 31 32 120 95 51 52 22 23 63 64 65 49 50 3 71 38 83 84 69 10 102 
77 120 73 96 97 84 50 131 92 93 25 113 114 102 103 69 70 138 109 110 111 40 41 126 127 117 118 119 88 89 90 46 36 123 124 125 58 59 60 135 22 128 129 130 14 106 107 108 2 66 54 55 133 134 19 78 79 80 37 38 65 136 137 26 27 121 122 7 8 86 74 75 139 33 34 98 99 1 56 57 85 140 42 43 44 132 16 17 18 105 94 95 51 52 53 115 4 5 76 104 61 62 63 64 29 30 31 32 112 3 71 72 11 12 13 6 81 82 83 47 48 49 9 10 91 23 24 15 100 101 67 68 20 21 39 28 116 87 35 45 
78 49 110 97 98 116 68 69 123 124 113 114 115 45 128 87 88 89 55 133 134 41 126 127 11 64 65 136 105 106 107 108 74 75 139 33 59 60 135 22 23 83 84 85 140 32 120 121 122 7 93 94 95 51 52 79 80 37 38 39 101 102 103 104 61 50 131 132 16 17 111 112 3 71 72 99 1 56 57 58 117 118 119 6 81 70 138 29 30 31 125 9 10 91 92 4 5 76 77 129 130 14 15 100 90 46 47 48 19 20 21 109 12 13 96 137 26 27 28 2 66 67 34 35 36 24 25 42 43 44 8 86 53 54 40 62 63 18 73 82 
79 67 133 98 99 63 86 87 75 139 114 115 4 82 83 18 105 106 94 95 51 126 127 11 12 100 101 102 31 32 120 121 111 112 3 71 60 135 22 23 24 28 116 117 118 48 49 50 131 132 124 125 9 10 91 80 37 38 39 40 44 45 128 129 130 68 69 70 138 29 134 19 20 21 109 1 56 57 58 59 64 65 136 137 26 88 89 90 46 47 33 34 35 36 123 5 76 77 78 84 85 140 42 43 107 108 2 66 52 53 54 55 13 96 97 103 104 61 62 122 7 8 72 73 74 25 113 119 6 81 16 17 92 93 41 14 15 30 110 27 
80 8 95 99 1 15 17 18 112 3 115 4 5 27 28 30 31 32 125 9 10 127 11 12 13 43 44 45 47 48 49 50 134 19 20 21 135 22 23 24 25 62 63 64 65 66 67 68 69 70 139 33 34 35 36 37 38 39 40 41 81 82 83 84 85 86 87 88 89 90 51 52 53 54 55 56 57 58 59 60 100 101 102 103 104 105 106 107 108 2 71 72 73 74 75 76 77 78 79 116 117 118 119 6 120 121 122 7 91 92 93 94 96 97 98 128 129 130 14 131 132 16 109 110 111 113 114 136 137 26 138 29 123 124 126 140 42 46 133 61 
81 115 17 15 100 134 127 11 30 31 27 28 116 139 33 135 22 23 47 48 49 43 44 45 128 95 51 52 80 37 38 39 66 67 68 69 62 63 64 65 136 112 3 71 72 99 1 56 57 58 8 86 87 88 89 82 83 84 85 140 125 9 10 91 92 4 5 76 77 78 18 105 106 107 108 101 102 103 104 61 19 20 21 109 110 12 13 96 97 98 32 120 121 122 7 117 118 119 6 34 35 36 123 124 24 25 113 114 50 131 132 16 129 130 14 53 54 55 133 40 41 126 70 138 29 137 26 73 74 75 59 60 90 46 42 93 94 79 2 111 
82 126 48 100 101 94 60 135 67 68 28 116 117 111 112 79 80 37 86 87 88 44 45 128 129 124 125 9 98 99 1 56 18 105 106 107 63 64 65 136 137 133 134 19 20 114 115 4 5 76 31 32 120 121 122 83 84 85 140 42 75 139 33 34 35 127 11 12 13 96 49 50 131 132 16 102 103 104 61 62 95 51 52 53 54 22 23 24 25 113 69 70 138 29 30 118 119 6 81 3 71 72 73 74 38 39 40 41 89 90 46 47 130 14 15 10 91 92 93 57 58 59 108 2 66 26 27 21 109 110 77 78 7 8 43 36 123 97 17 55 
83 59 87 101 102 123 78 79 105 106 116 117 118 55 133 97 98 99 32 120 121 45 128 129 130 74 75 139 113 114 115 4 49 50 131 132 64 65 136 137 26 93 94 95 51 41 126 127 11 12 68 69 70 138 29 84 85 140 42 43 110 111 112 3 71 60 135 22 23 24 88 89 90 46 47 103 104 61 62 63 124 125 9 10 91 80 37 38 39 40 107 108 2 66 67 119 6 81 82 134 19 20 21 109 1 56 57 58 122 7 8 86 14 15 100 33 34 35 36 5 76 77 16 17 18 27 28 52 53 54 13 96 30 31 44 72 73 25 48 92 
84 77 120 102 103 73 96 97 50 131 117 118 119 92 93 25 113 114 69 70 138 128 129 130 14 109 110 111 40 41 126 127 88 89 90 46 65 136 137 26 27 36 123 124 125 58 59 60 135 22 106 107 108 2 66 85 140 42 43 44 54 55 133 134 19 78 79 80 37 38 121 122 7 8 86 104 61 62 63 64 74 75 139 33 34 98 99 1 56 57 132 16 17 18 105 6 81 82 83 94 95 51 52 53 115 4 5 76 29 30 31 32 15 100 101 112 3 71 72 11 12 13 47 48 49 28 116 9 10 91 23 24 67 68 45 20 21 39 87 35 
85 13 70 103 104 21 24 25 89 90 118 119 6 35 36 39 40 41 107 108 2 129 130 14 15 53 54 55 57 58 59 60 121 122 7 8 136 137 26 27 28 72 73 74 75 76 77 78 79 80 131 132 16 17 18 140 42 43 44 45 91 92 93 94 95 96 97 98 99 1 138 29 30 31 32 61 62 63 64 65 109 110 111 112 3 113 114 115 4 5 46 47 48 49 50 81 82 83 84 123 124 125 9 10 126 127 11 12 66 67 68 69 100 101 102 133 134 19 20 135 22 23 86 87 88 116 117 139 33 34 37 38 105 106 128 51 52 56 120 71 
86 111 44 18 105 114 124 125 63 64 31 32 120 126 127 133 134 19 82 83 84 48 49 50 131 60 135 22 75 139 33 34 100 101 102 103 67 68 69 70 138 79 80 37 38 94 95 51 52 53 28 116 117 118 119 87 88 89 90 46 98 99 1 56 57 112 3 71 72 73 45 128 129 130 14 106 107 108 2 66 115 4 5 76 77 9 10 91 92 93 65 136 137 26 27 121 122 7 8 11 12 13 96 97 20 21 109 110 85 140 42 43 132 16 17 23 24 25 113 35 36 123 104 61 62 29 30 39 40 41 54 55 6 81 47 58 59 74 15 78 
87 123 83 105 106 59 55 133 101 102 32 120 121 78 79 74 75 139 116 117 118 49 50 131 132 97 98 99 93 94 95 51 45 128 129 130 68 69 70 138 29 113 114 115 4 110 111 112 3 71 64 65 136 137 26 88 89 90 46 47 41 126 127 11 12 124 125 9 10 91 84 85 140 42 43 107 108 2 66 67 60 135 22 23 24 134 19 20 21 109 103 104 61 62 63 122 7 8 86 80 37 38 39 40 33 34 35 36 119 6 81 82 16 17 18 1 56 57 58 52 53 54 14 15 100 30 31 5 76 77 72 73 27 28 48 13 96 92 44 25 
88 54 117 106 107 96 73 74 128 129 120 121 122 25 113 92 93 94 65 136 137 50 131 132 16 40 41 126 109 110 111 112 84 85 140 42 69 70 138 29 30 58 59 60 135 36 123 124 125 9 102 103 104 61 62 89 90 46 47 48 77 78 79 80 37 55 133 134 19 20 118 119 6 81 82 108 2 66 67 68 97 98 99 1 56 75 139 33 34 35 130 14 15 100 101 7 8 86 87 114 115 4 5 76 95 51 52 53 26 27 28 116 17 18 105 127 11 12 13 3 71 72 43 44 45 31 32 22 23 24 10 91 63 64 49 38 39 21 83 57 
89 72 136 107 108 39 91 92 85 140 121 122 7 57 58 21 109 110 103 104 61 131 132 16 17 76 77 78 35 36 123 124 118 119 6 81 70 138 29 30 31 13 96 97 98 53 54 55 133 134 129 130 14 15 100 90 46 47 48 49 24 25 113 114 115 73 74 75 139 33 137 26 27 28 116 2 66 67 68 69 40 41 126 127 11 93 94 95 51 52 42 43 44 45 128 8 86 87 88 59 60 135 22 23 111 112 3 71 62 63 64 65 18 105 106 79 80 37 38 125 9 10 82 83 84 32 120 99 1 56 19 20 101 102 50 4 5 34 117 12 
90 10 104 108 2 5 20 21 119 6 122 7 8 12 13 34 35 36 130 14 15 132 16 17 18 23 24 25 52 53 54 55 137 26 27 28 138 29 30 31 32 38 39 40 41 71 72 73 74 75 140 42 43 44 45 46 47 48 49 50 56 57 58 59 60 91 92 93 94 95 61 62 63 64 65 66 67 68 69 70 76 77 78 79 80 109 110 111 112 3 81 82 83 84 85 86 87 88 89 96 97 98 99 1 123 124 125 9 100 101 102 103 105 106 107 113 114 115 4 133 134 19 116 117 118 120 121 126 127 11 139 33 128 129 131 135 22 51 136 37 
91 118 24 21 109 121 129 130 39 40 35 36 123 131 132 136 137 26 57 58 59 53 54 55 133 70 138 29 85 140 42 43 76 77 78 79 72 73 74 75 139 89 90 46 47 103 104 61 62 63 13 96 97 98 99 92 93 94 95 51 107 108 2 66 67 119 6 81 82 83 25 113 114 115 4 110 111 112 3 71 122 7 8 86 87 14 15 100 101 102 41 126 127 11 12 124 125 9 10 16 17 18 105 106 27 28 116 117 60 135 22 23 134 19 20 30 31 32 120 44 45 128 80 37 38 33 34 48 49 50 64 65 1 56 52 68 69 84 5 88 
92 128 58 109 110 69 65 136 77 78 36 123 124 88 89 84 85 140 96 97 98 54 55 133 134 106 107 108 102 103 104 61 25 113 114 115 73 74 75 139 33 120 121 122 7 117 118 119 6 81 40 41 126 127 11 93 94 95 51 52 50 131 132 16 17 129 130 14 15 100 59 60 135 22 23 111 112 3 71 72 70 138 29 30 31 137 26 27 28 116 79 80 37 38 39 125 9 10 91 90 46 47 48 49 42 43 44 45 99 1 56 57 19 20 21 2 66 67 68 62 63 64 4 5 76 34 35 8 86 87 82 83 12 13 53 18 105 101 24 32 
93 64 97 110 111 105 83 84 113 114 123 124 125 32 120 101 102 103 41 126 127 55 133 134 19 49 50 131 116 117 118 119 59 60 135 22 74 75 139 33 34 68 69 70 138 45 128 129 130 14 78 79 80 37 38 94 95 51 52 53 87 88 89 90 46 65 136 137 26 27 98 99 1 56 57 112 3 71 72 73 106 107 108 2 66 85 140 42 43 44 115 4 5 76 77 9 10 91 92 121 122 7 8 86 104 61 62 63 11 12 13 96 20 21 109 132 16 17 18 6 81 82 23 24 25 35 36 29 30 31 15 100 39 40 54 47 48 28 58 67 
94 82 126 111 112 48 100 101 60 135 124 125 9 67 68 28 116 117 79 80 37 133 134 19 20 86 87 88 44 45 128 129 98 99 1 56 75 139 33 34 35 18 105 106 107 63 64 65 136 137 114 115 4 5 76 95 51 52 53 54 31 32 120 121 122 83 84 85 140 42 127 11 12 13 96 3 71 72 73 74 49 50 131 132 16 102 103 104 61 62 22 23 24 25 113 10 91 92 93 69 70 138 29 30 118 119 6 81 38 39 40 41 21 109 110 89 90 46 47 130 14 15 57 58 59 36 123 108 2 66 26 27 77 78 55 7 8 43 97 17 
95 15 80 112 3 8 27 28 99 1 125 9 10 17 18 43 44 45 115 4 5 134 19 20 21 30 31 32 62 63 64 65 127 11 12 13 139 33 34 35 36 47 48 49 50 81 82 83 84 85 135 22 23 24 25 51 52 53 54 55 66 67 68 69 70 100 101 102 103 104 37 38 39 40 41 71 72 73 74 75 86 87 88 89 90 116 117 118 119 6 56 57 58 59 60 91 92 93 94 105 106 107 108 2 128 129 130 14 76 77 78 79 109 110 111 120 121 122 7 136 137 26 96 97 98 123 124 131 132 16 140 42 113 114 133 138 29 61 126 46 
96 88 54 25 113 117 106 107 73 74 40 41 126 128 129 120 121 122 92 93 94 58 59 60 135 65 136 137 50 131 132 16 109 110 111 112 77 78 79 80 37 84 85 140 42 69 70 138 29 30 36 123 124 125 9 97 98 99 1 56 102 103 104 61 62 89 90 46 47 48 55 133 134 19 20 114 115 4 5 76 118 119 6 81 82 108 2 66 67 68 75 139 33 34 35 127 11 12 13 130 14 15 100 101 7 8 86 87 95 51 52 53 22 23 24 26 27 28 116 17 18 105 3 71 72 38 39 43 44 45 31 32 10 91 57 63 64 49 21 83 
97 105 93 113 114 64 32 120 110 111 41 126 127 83 84 49 50 131 123 124 125 59 60 135 22 101 102 103 68 69 70 138 55 133 134 19 78 79 80 37 38 116 117 118 119 87 88 89 90 46 74 75 139 33 34 98 99 1 56 57 45 128 129 130 14 106 107 108 2 66 94 95 51 52 53 115 4 5 76 77 65 136 137 26 27 121 122 7 8 86 112 3 71 72 73 11 12 13 96 85 140 42 43 44 132 16 17 18 9 10 91 92 23 24 25 104 61 62 63 29 30 31 20 21 109 39 40 6 81 82 47 48 35 36 58 15 100 67 54 28 
98 31 124 114 115 100 48 49 133 134 126 127 11 28 116 67 68 69 75 139 33 60 135 22 23 44 45 128 86 87 88 89 94 95 51 52 79 80 37 38 39 63 64 65 136 18 105 106 107 108 111 112 3 71 72 99 1 56 57 58 82 83 84 85 140 32 120 121 122 7 125 9 10 91 92 4 5 76 77 78 101 102 103 104 61 50 131 132 16 17 19 20 21 109 110 12 13 96 97 117 118 119 6 81 70 138 29 30 34 35 36 123 24 25 113 129 130 14 15 90 46 47 53 54 55 40 41 137 26 27 2 66 73 74 59 42 43 8 93 62 
99 47 139 115 4 43 66 67 95 51 127 11 12 62 63 8 86 87 112 3 71 135 22 23 24 81 82 83 17 18 105 106 125 9 10 91 80 37 38 39 40 15 100 101 102 30 31 32 120 121 134 19 20 21 109 1 56 57 58 59 27 28 116 117 118 48 49 50 131 132 33 34 35 36 123 5 76 77 78 79 44 45 128 129 130 68 69 70 138 29 52 53 54 55 133 13 96 97 98 64 65 136 137 26 88 89 90 46 72 73 74 75 25 113 114 84 85 140 42 107 108 2 92 93 94 41 126 103 104 61 122 7 110 111 60 119 6 16 124 14 
100 98 31 28 116 124 114 115 48 49 44 45 128 133 134 126 127 11 67 68 69 63 64 65 136 75 139 33 60 135 22 23 86 87 88 89 82 83 84 85 140 94 95 51 52 79 80 37 38 39 18 105 106 107 108 101 102 103 104 61 111 112 3 71 72 99 1 56 57 58 32 120 121 122 7 117 118 119 6 81 125 9 10 91 92 4 5 76 77 78 50 131 132 16 17 129 130 14 15 19 20 21 109 110 12 13 96 97 70 138 29 30 137 26 27 34 35 36 123 24 25 113 90 46 47 42 43 53 54 55 40 41 2 66 62 73 74 59 8 93 
101 113 68 116 117 74 41 126 87 88 45 128 129 93 94 59 60 135 105 106 107 64 65 136 137 110 111 112 78 79 80 37 32 120 121 122 83 84 85 140 42 123 124 125 9 97 98 99 1 56 49 50 131 132 16 102 103 104 61 62 55 133 134 19 20 114 115 4 5 76 69 70 138 29 30 118 119 6 81 82 75 139 33 34 35 127 11 12 13 96 89 90 46 47 48 130 14 15 100 95 51 52 53 54 22 23 24 25 108 2 66 67 26 27 28 3 71 72 73 38 39 40 7 8 86 43 44 10 91 92 57 58 17 18 63 21 109 77 31 36 
102 40 106 117 118 109 58 59 120 121 128 129 130 36 123 77 78 79 50 131 132 65 136 137 26 54 55 133 96 97 98 99 69 70 138 29 84 85 140 42 43 73 74 75 139 25 113 114 115 4 88 89 90 46 47 103 104 61 62 63 92 93 94 95 51 41 126 127 11 12 107 108 2 66 67 119 6 81 82 83 110 111 112 3 71 60 135 22 23 24 122 7 8 86 87 14 15 100 101 124 125 9 10 91 80 37 38 39 16 17 18 105 27 28 116 134 19 20 21 1 56 57 30 31 32 44 45 33 34 35 5 76 48 49 64 52 53 13 68 72 
103 57 131 118 119 53 76 77 70 138 129 130 14 72 73 13 96 97 89 90 46 136 137 26 27 91 92 93 24 25 113 114 107 108 2 66 85 140 42 43 44 21 109 110 111 39 40 41 126 127 121 122 7 8 86 104 61 62 63 64 35 36 123 124 125 58 59 60 135 22 132 16 17 18 105 6 81 82 83 84 54 55 133 134 19 78 79 80 37 38 29 30 31 32 120 15 100 101 102 74 75 139 33 34 98 99 1 56 47 48 49 50 28 116 117 94 95 51 52 115 4 5 67 68 69 45 128 112 3 71 11 12 87 88 65 9 10 23 106 20 
104 5 90 119 6 10 12 13 108 2 130 14 15 20 21 23 24 25 122 7 8 137 26 27 28 34 35 36 38 39 40 41 132 16 17 18 140 42 43 44 45 52 53 54 55 56 57 58 59 60 138 29 30 31 32 61 62 63 64 65 71 72 73 74 75 76 77 78 79 80 46 47 48 49 50 81 82 83 84 85 91 92 93 94 95 96 97 98 99 1 66 67 68 69 70 100 101 102 103 109 110 111 112 3 113 114 115 4 86 87 88 89 116 117 118 123 124 125 9 126 127 11 105 106 107 128 129 133 134 19 135 22 120 121 136 139 33 37 131 51 
105 93 64 32 120 97 110 111 83 84 49 50 131 113 114 123 124 125 101 102 103 68 69 70 138 41 126 127 55 133 134 19 116 117 118 119 87 88 89 90 46 59 60 135 22 74 75 139 33 34 45 128 129 130 14 106 107 108 2 66 78 79 80 37 38 94 95 51 52 53 65 136 137 26 27 121 122 7 8 86 98 99 1 56 57 112 3 71 72 73 85 140 42 43 44 132 16 17 18 115 4 5 76 77 9 10 91 92 104 61 62 63 29 30 31 11 12 13 96 20 21 109 6 81 82 47 48 23 24 25 35 36 15 100 67 39 40 54 28 58 
106 109 102 120 121 40 36 123 117 118 50 131 132 58 59 54 55 133 128 129 130 69 70 138 29 77 78 79 73 74 75 139 65 136 137 26 88 89 90 46 47 96 97 98 99 92 93 94 95 51 84 85 140 42 43 107 108 2 66 67 25 113 114 115 4 110 111 112 3 71 103 104 61 62 63 122 7 8 86 87 41 126 127 11 12 124 125 9 10 91 119 6 81 82 83 16 17 18 105 60 135 22 23 24 134 19 20 21 14 15 100 101 30 31 32 80 37 38 39 33 34 35 27 28 116 48 49 1 56 57 52 53 44 45 68 5 76 72 64 13 
107 35 129 121 122 76 53 54 136 137 131 132 16 13 96 72 73 74 85 140 42 70 138 29 30 24 25 113 91 92 93 94 103 104 61 62 89 90 46 47 48 39 40 41 126 21 109 110 111 112 118 119 6 81 82 108 2 66 67 68 57 58 59 60 135 36 123 124 125 9 130 14 15 100 101 7 8 86 87 88 77 78 79 80 37 55 133 134 19 20 26 27 28 116 117 17 18 105 106 97 98 99 1 56 75 139 33 34 43 44 45 128 31 32 120 114 115 4 5 95 51 52 63 64 65 49 50 127 11 12 3 71 83 84 69 22 23 10 102 38 
108 52 140 122 7 23 71 72 104 61 132 16 17 38 39 10 91 92 119 6 81 138 29 30 31 56 57 58 20 21 109 110 130 14 15 100 90 46 47 48 49 5 76 77 78 34 35 36 123 124 137 26 27 28 116 2 66 67 68 69 12 13 96 97 98 53 54 55 133 134 42 43 44 45 128 8 86 87 88 89 24 25 113 114 115 73 74 75 139 33 62 63 64 65 136 18 105 106 107 40 41 126 127 11 93 94 95 51 82 83 84 85 32 120 121 59 60 135 22 111 112 3 101 102 103 50 131 79 80 37 125 9 117 118 70 99 1 19 129 4 
109 102 40 36 123 106 117 118 58 59 54 55 133 120 121 128 129 130 77 78 79 73 74 75 139 50 131 132 65 136 137 26 96 97 98 99 92 93 94 95 51 69 70 138 29 84 85 140 42 43 25 113 114 115 4 110 111 112 3 71 88 89 90 46 47 103 104 61 62 63 41 126 127 11 12 124 125 9 10 91 107 108 2 66 67 119 6 81 82 83 60 135 22 23 24 134 19 20 21 122 7 8 86 87 14 15 100 101 80 37 38 39 33 34 35 16 17 18 105 27 28 116 1 56 57 52 53 30 31 32 44 45 5 76 72 48 49 64 13 68 
110 116 78 123 124 49 45 128 97 98 55 133 134 68 69 64 65 136 113 114 115 74 75 139 33 87 88 89 83 84 85 140 41 126 127 11 93 94 95 51 52 105 106 107 108 101 102 103 104 61 59 60 135 22 23 111 112 3 71 72 32 120 121 122 7 117 118 119 6 81 79 80 37 38 39 125 9 10 91 92 50 131 132 16 17 129 130 14 15 100 99 1 56 57 58 19 20 21 109 70 138 29 30 31 137 26 27 28 4 5 76 77 34 35 36 90 46 47 48 42 43 44 12 13 96 53 54 2 66 67 62 63 24 25 73 8 86 82 40 18 
111 44 114 124 125 86 63 64 126 127 133 134 19 18 105 82 83 84 60 135 22 75 139 33 34 31 32 120 100 101 102 103 79 80 37 38 94 95 51 52 53 48 49 50 131 28 116 117 118 119 98 99 1 56 57 112 3 71 72 73 67 68 69 70 138 45 128 129 130 14 115 4 5 76 77 9 10 91 92 93 87 88 89 90 46 65 136 137 26 27 11 12 13 96 97 20 21 109 110 106 107 108 2 66 85 140 42 43 23 24 25 113 35 36 123 121 122 7 8 104 61 62 39 40 41 54 55 132 16 17 6 81 58 59 74 29 30 15 78 47 
112 62 135 125 9 30 81 82 80 37 134 19 20 47 48 15 100 101 99 1 56 139 33 34 35 66 67 68 27 28 116 117 115 4 5 76 95 51 52 53 54 8 86 87 88 43 44 45 128 129 127 11 12 13 96 3 71 72 73 74 17 18 105 106 107 63 64 65 136 137 22 23 24 25 113 10 91 92 93 94 31 32 120 121 122 83 84 85 140 42 38 39 40 41 126 21 109 110 111 49 50 131 132 16 102 103 104 61 57 58 59 60 36 123 124 69 70 138 29 118 119 6 77 78 79 55 133 89 90 46 130 14 97 98 75 108 2 26 114 7 
113 68 74 41 126 101 87 88 93 94 59 60 135 116 117 105 106 107 110 111 112 78 79 80 37 45 128 129 32 120 121 122 123 124 125 9 97 98 99 1 56 64 65 136 137 49 50 131 132 16 55 133 134 19 20 114 115 4 5 76 83 84 85 140 42 69 70 138 29 30 75 139 33 34 35 127 11 12 13 96 102 103 104 61 62 89 90 46 47 48 95 51 52 53 54 22 23 24 25 118 119 6 81 82 108 2 66 67 3 71 72 73 38 39 40 130 14 15 100 7 8 86 10 91 92 57 58 26 27 28 17 18 21 109 77 43 44 31 36 63 
114 86 111 126 127 44 18 105 124 125 60 135 22 63 64 31 32 120 133 134 19 79 80 37 38 82 83 84 48 49 50 131 75 139 33 34 98 99 1 56 57 100 101 102 103 67 68 69 70 138 94 95 51 52 53 115 4 5 76 77 28 116 117 118 119 87 88 89 90 46 112 3 71 72 73 11 12 13 96 97 45 128 129 130 14 106 107 108 2 66 9 10 91 92 93 23 24 25 113 65 136 137 26 27 121 122 7 8 20 21 109 110 39 40 41 85 140 42 43 132 16 17 35 36 123 58 59 104 61 62 29 30 54 55 78 6 81 47 74 15 
115 17 134 127 11 81 30 31 139 33 135 22 23 15 100 47 48 49 95 51 52 80 37 38 39 27 28 116 66 67 68 69 112 3 71 72 99 1 56 57 58 43 44 45 128 8 86 87 88 89 125 9 10 91 92 4 5 76 77 78 62 63 64 65 136 18 105 106 107 108 19 20 21 109 110 12 13 96 97 98 82 83 84 85 140 32 120 121 122 7 34 35 36 123 124 24 25 113 114 101 102 103 104 61 50 131 132 16 53 54 55 133 40 41 126 117 118 119 6 70 138 29 73 74 75 59 60 129 130 14 90 46 93 94 79 137 26 2 111 42 
116 78 49 45 128 110 97 98 68 69 64 65 136 123 124 113 114 115 87 88 89 83 84 85 140 55 133 134 41 126 127 11 105 106 107 108 101 102 103 104 61 74 75 139 33 59 60 135 22 23 32 120 121 122 7 117 118 119 6 81 93 94 95 51 52 79 80 37 38 39 50 131 132 16 17 129 130 14 15 100 111 112 3 71 72 99 1 56 57 58 70 138 29 30 31 137 26 27 28 125 9 10 91 92 4 5 76 77 90 46 47 48 42 43 44 19 20 21 109 12 13 96 2 66 67 62 63 34 35 36 24 25 8 86 82 53 54 40 18 73 
117 96 88 128 129 54 25 113 106 107 65 136 137 73 74 40 41 126 120 121 122 84 85 140 42 92 93 94 58 59 60 135 50 131 132 16 102 103 104 61 62 109 110 111 112 77 78 79 80 37 69 70 138 29 30 118 119 6 81 82 36 123 124 125 9 97 98 99 1 56 89 90 46 47 48 130 14 15 100 101 55 133 134 19 20 114 115 4 5 76 108 2 66 67 68 26 27 28 116 75 139 33 34 35 127 11 12 13 7 8 86 87 43 44 45 95 51 52 53 22 23 24 17 18 105 63 64 3 71 72 38 39 31 32 83 10 91 57 49 21 
118 24 121 129 130 91 39 40 131 132 136 137 26 21 109 57 58 59 70 138 29 85 140 42 43 35 36 123 76 77 78 79 89 90 46 47 103 104 61 62 63 53 54 55 133 13 96 97 98 99 107 108 2 66 67 119 6 81 82 83 72 73 74 75 139 25 113 114 115 4 122 7 8 86 87 14 15 100 101 102 92 93 94 95 51 41 126 127 11 12 16 17 18 105 106 27 28 116 117 110 111 112 3 71 60 135 22 23 30 31 32 120 44 45 128 124 125 9 10 80 37 38 48 49 50 64 65 134 19 20 1 56 68 69 84 33 34 5 88 52 
119 38 138 130 14 34 56 57 90 46 137 26 27 52 53 5 76 77 108 2 66 140 42 43 44 71 72 73 12 13 96 97 122 7 8 86 104 61 62 63 64 10 91 92 93 23 24 25 113 114 132 16 17 18 105 6 81 82 83 84 20 21 109 110 111 39 40 41 126 127 29 30 31 32 120 15 100 101 102 103 35 36 123 124 125 58 59 60 135 22 47 48 49 50 131 28 116 117 118 54 55 133 134 19 78 79 80 37 67 68 69 70 45 128 129 74 75 139 33 98 99 1 87 88 89 65 136 94 95 51 115 4 106 107 85 112 3 11 121 9 
120 73 84 50 131 77 92 93 102 103 69 70 138 96 97 109 110 111 117 118 119 88 89 90 46 25 113 114 36 123 124 125 128 129 130 14 106 107 108 2 66 40 41 126 127 54 55 133 134 19 65 136 137 26 27 121 122 7 8 86 58 59 60 135 22 74 75 139 33 34 85 140 42 43 44 132 16 17 18 105 78 79 80 37 38 94 95 51 52 53 104 61 62 63 64 29 30 31 32 98 99 1 56 57 112 3 71 72 6 81 82 83 47 48 49 115 4 5 76 9 10 91 15 100 101 67 68 11 12 13 20 21 28 116 87 23 24 35 45 39 
121 91 118 131 132 24 21 109 129 130 70 138 29 39 40 35 36 123 136 137 26 89 90 46 47 57 58 59 53 54 55 133 85 140 42 43 107 108 2 66 67 76 77 78 79 72 73 74 75 139 103 104 61 62 63 122 7 8 86 87 13 96 97 98 99 92 93 94 95 51 119 6 81 82 83 16 17 18 105 106 25 113 114 115 4 110 111 112 3 71 14 15 100 101 102 30 31 32 120 41 126 127 11 12 124 125 9 10 27 28 116 117 48 49 50 60 135 22 23 134 19 20 44 45 128 68 69 80 37 38 33 34 64 65 88 1 56 52 84 5 
122 20 137 132 16 56 34 35 140 42 138 29 30 5 76 52 53 54 104 61 62 90 46 47 48 12 13 96 71 72 73 74 119 6 81 82 108 2 66 67 68 23 24 25 113 10 91 92 93 94 130 14 15 100 101 7 8 86 87 88 38 39 40 41 126 21 109 110 111 112 26 27 28 116 117 17 18 105 106 107 57 58 59 60 135 36 123 124 125 9 43 44 45 128 129 31 32 120 121 77 78 79 80 37 55 133 134 19 63 64 65 136 49 50 131 97 98 99 1 75 139 33 83 84 85 69 70 114 115 4 95 51 102 103 89 127 11 3 118 22 
123 83 59 55 133 87 101 102 78 79 74 75 139 105 106 116 117 118 97 98 99 93 94 95 51 32 120 121 45 128 129 130 113 114 115 4 110 111 112 3 71 49 50 131 132 64 65 136 137 26 41 126 127 11 12 124 125 9 10 91 68 69 70 138 29 84 85 140 42 43 60 135 22 23 24 134 19 20 21 109 88 89 90 46 47 103 104 61 62 63 80 37 38 39 40 33 34 35 36 107 108 2 66 67 119 6 81 82 1 56 57 58 52 53 54 122 7 8 86 14 15 100 5 76 77 72 73 16 17 18 27 28 13 96 92 30 31 44 25 48 
124 100 98 133 134 31 28 116 114 115 75 139 33 48 49 44 45 128 126 127 11 94 95 51 52 67 68 69 63 64 65 136 60 135 22 23 111 112 3 71 72 86 87 88 89 82 83 84 85 140 79 80 37 38 39 125 9 10 91 92 18 105 106 107 108 101 102 103 104 61 99 1 56 57 58 19 20 21 109 110 32 120 121 122 7 117 118 119 6 81 4 5 76 77 78 34 35 36 123 50 131 132 16 17 129 130 14 15 12 13 96 97 53 54 55 70 138 29 30 137 26 27 24 25 113 73 74 90 46 47 42 43 40 41 93 2 66 62 59 8 
125 27 127 134 19 66 43 44 135 22 139 33 34 8 86 62 63 64 80 37 38 95 51 52 53 17 18 105 81 82 83 84 99 1 56 57 112 3 71 72 73 30 31 32 120 15 100 101 102 103 115 4 5 76 77 9 10 91 92 93 47 48 49 50 131 28 116 117 118 119 11 12 13 96 97 20 21 109 110 111 67 68 69 70 138 45 128 129 130 14 23 24 25 113 114 35 36 123 124 87 88 89 90 46 65 136 137 26 39 40 41 126 54 55 133 106 107 108 2 85 140 42 58 59 60 74 75 121 122 7 104 61 78 79 94 132 16 6 98 29 
126 48 94 60 135 82 67 68 111 112 79 80 37 100 101 86 87 88 124 125 9 98 99 1 56 28 116 117 18 105 106 107 133 134 19 20 114 115 4 5 76 44 45 128 129 31 32 120 121 122 75 139 33 34 35 127 11 12 13 96 63 64 65 136 137 49 50 131 132 16 95 51 52 53 54 22 23 24 25 113 83 84 85 140 42 69 70 138 29 30 3 71 72 73 74 38 39 40 41 102 103 104 61 62 89 90 46 47 10 91 92 93 57 58 59 118 119 6 81 108 2 66 21 109 110 77 78 130 14 15 7 8 36 123 97 26 27 17 55 43 
127 66 125 135 22 27 8 86 134 19 80 37 38 43 44 17 18 105 139 33 34 99 1 56 57 62 63 64 30 31 32 120 95 51 52 53 115 4 5 76 77 81 82 83 84 47 48 49 50 131 112 3 71 72 73 11 12 13 96 97 15 100 101 102 103 67 68 69 70 138 9 10 91 92 93 23 24 25 113 114 28 116 117 118 119 87 88 89 90 46 20 21 109 110 111 39 40 41 126 45 128 129 130 14 106 107 108 2 35 36 123 124 58 59 60 65 136 137 26 121 122 7 54 55 133 78 79 85 140 42 132 16 74 75 98 104 61 29 94 6 
128 58 69 65 136 92 77 78 88 89 84 85 140 109 110 96 97 98 106 107 108 102 103 104 61 36 123 124 25 113 114 115 120 121 122 7 117 118 119 6 81 54 55 133 134 40 41 126 127 11 50 131 132 16 17 129 130 14 15 100 73 74 75 139 33 59 60 135 22 23 70 138 29 30 31 137 26 27 28 116 93 94 95 51 52 79 80 37 38 39 90 46 47 48 49 42 43 44 45 111 112 3 71 72 99 1 56 57 2 66 67 68 62 63 64 125 9 10 91 4 5 76 8 86 87 82 83 19 20 21 12 13 18 105 101 34 35 24 32 53 
129 76 107 136 137 35 13 96 121 122 85 140 42 53 54 24 25 113 131 132 16 103 104 61 62 72 73 74 39 40 41 126 70 138 29 30 118 119 6 81 82 91 92 93 94 57 58 59 60 135 89 90 46 47 48 130 14 15 100 101 21 109 110 111 112 77 78 79 80 37 108 2 66 67 68 26 27 28 116 117 36 123 124 125 9 97 98 99 1 56 7 8 86 87 88 43 44 45 128 55 133 134 19 20 114 115 4 5 17 18 105 106 63 64 65 75 139 33 34 127 11 12 31 32 120 83 84 95 51 52 22 23 49 50 102 3 71 38 69 10 
130 12 132 137 26 71 23 24 138 29 140 42 43 10 91 38 39 40 90 46 47 104 61 62 63 20 21 109 56 57 58 59 108 2 66 67 119 6 81 82 83 34 35 36 123 5 76 77 78 79 122 7 8 86 87 14 15 100 101 102 52 53 54 55 133 13 96 97 98 99 16 17 18 105 106 27 28 116 117 118 72 73 74 75 139 25 113 114 115 4 30 31 32 120 121 44 45 128 129 92 93 94 95 51 41 126 127 11 48 49 50 131 64 65 136 110 111 112 3 60 135 22 68 69 70 84 85 124 125 9 80 37 88 89 103 134 19 1 107 33 
131 53 103 70 138 57 72 73 118 119 89 90 46 76 77 91 92 93 129 130 14 107 108 2 66 13 96 97 21 109 110 111 136 137 26 27 121 122 7 8 86 24 25 113 114 35 36 123 124 125 85 140 42 43 44 132 16 17 18 105 39 40 41 126 127 54 55 133 134 19 104 61 62 63 64 29 30 31 32 120 58 59 60 135 22 74 75 139 33 34 6 81 82 83 84 47 48 49 50 78 79 80 37 38 94 95 51 52 15 100 101 102 67 68 69 98 99 1 56 112 3 71 28 116 117 87 88 115 4 5 9 10 45 128 106 11 12 20 65 23 
132 71 130 138 29 12 10 91 137 26 90 46 47 23 24 20 21 109 140 42 43 108 2 66 67 38 39 40 34 35 36 123 104 61 62 63 122 7 8 86 87 56 57 58 59 52 53 54 55 133 119 6 81 82 83 16 17 18 105 106 5 76 77 78 79 72 73 74 75 139 14 15 100 101 102 30 31 32 120 121 13 96 97 98 99 92 93 94 95 51 27 28 116 117 118 48 49 50 131 25 113 114 115 4 110 111 112 3 44 45 128 129 68 69 70 41 126 127 11 124 125 9 64 65 136 88 89 60 135 22 134 19 84 85 107 80 37 33 103 1 
133 63 79 75 139 67 82 83 98 99 94 95 51 86 87 100 101 102 114 115 4 111 112 3 71 18 105 106 28 116 117 118 126 127 11 12 124 125 9 10 91 31 32 120 121 44 45 128 129 130 60 135 22 23 24 134 19 20 21 109 48 49 50 131 132 64 65 136 137 26 80 37 38 39 40 33 34 35 36 123 68 69 70 138 29 84 85 140 42 43 1 56 57 58 59 52 53 54 55 88 89 90 46 47 103 104 61 62 5 76 77 78 72 73 74 107 108 2 66 119 6 81 13 96 97 92 93 122 7 8 14 15 25 113 110 16 17 27 41 30 
134 81 115 139 33 17 15 100 127 11 95 51 52 30 31 27 28 116 135 22 23 112 3 71 72 47 48 49 43 44 45 128 80 37 38 39 125 9 10 91 92 66 67 68 69 62 63 64 65 136 99 1 56 57 58 19 20 21 109 110 8 86 87 88 89 82 83 84 85 140 4 5 76 77 78 34 35 36 123 124 18 105 106 107 108 101 102 103 104 61 12 13 96 97 98 53 54 55 133 32 120 121 122 7 117 118 119 6 24 25 113 114 73 74 75 50 131 132 16 129 130 14 40 41 126 93 94 70 138 29 137 26 59 60 111 90 46 42 79 2 
135 30 112 80 37 62 47 48 125 9 99 1 56 81 82 66 67 68 134 19 20 115 4 5 76 15 100 101 8 86 87 88 139 33 34 35 127 11 12 13 96 27 28 116 117 17 18 105 106 107 95 51 52 53 54 22 23 24 25 113 43 44 45 128 129 31 32 120 121 122 3 71 72 73 74 38 39 40 41 126 63 64 65 136 137 49 50 131 132 16 10 91 92 93 94 57 58 59 60 83 84 85 140 42 69 70 138 29 21 109 110 111 77 78 79 102 103 104 61 89 90 46 36 123 124 97 98 118 119 6 108 2 55 133 114 130 14 7 75 26 
136 39 89 85 140 72 57 58 107 108 103 104 61 91 92 76 77 78 121 122 7 118 119 6 81 21 109 110 13 96 97 98 131 132 16 17 129 130 14 15 100 35 36 123 124 24 25 113 114 115 70 138 29 30 31 137 26 27 28 116 53 54 55 133 134 40 41 126 127 11 90 46 47 48 49 42 43 44 45 128 73 74 75 139 33 59 60 135 22 23 2 66 67 68 69 62 63 64 65 93 94 95 51 52 79 80 37 38 8 86 87 88 82 83 84 111 112 3 71 99 1 56 18 105 106 101 102 125 9 10 4 5 32 120 117 19 20 12 50 34 
137 56 122 140 42 20 5 76 132 16 104 61 62 34 35 12 13 96 138 29 30 119 6 81 82 52 53 54 23 24 25 113 90 46 47 48 130 14 15 100 101 71 72 73 74 38 39 40 41 126 108 2 66 67 68 26 27 28 116 117 10 91 92 93 94 57 58 59 60 135 7 8 86 87 88 43 44 45 128 129 21 109 110 111 112 77 78 79 80 37 17 18 105 106 107 63 64 65 136 36 123 124 125 9 97 98 99 1 31 32 120 121 83 84 85 55 133 134 19 114 115 4 49 50 131 102 103 75 139 33 127 11 69 70 118 95 51 22 89 3 
138 34 119 90 46 38 52 53 130 14 108 2 66 56 57 71 72 73 137 26 27 122 7 8 86 5 76 77 10 91 92 93 140 42 43 44 132 16 17 18 105 12 13 96 97 20 21 109 110 111 104 61 62 63 64 29 30 31 32 120 23 24 25 113 114 35 36 123 124 125 6 81 82 83 84 47 48 49 50 131 39 40 41 126 127 54 55 133 134 19 15 100 101 102 103 67 68 69 70 58 59 60 135 22 74 75 139 33 28 116 117 118 87 88 89 78 79 80 37 94 95 51 45 128 129 106 107 98 99 1 112 3 65 136 121 115 4 9 85 11 
139 43 99 95 51 47 62 63 115 4 112 3 71 66 67 81 82 83 127 11 12 125 9 10 91 8 86 87 15 100 101 102 135 22 23 24 134 19 20 21 109 17 18 105 106 27 28 116 117 118 80 37 38 39 40 33 34 35 36 123 30 31 32 120 121 44 45 128 129 130 1 56 57 58 59 52 53 54 55 133 48 49 50 131 132 64 65 136 137 26 5 76 77 78 79 72 73 74 75 68 69 70 138 29 84 85 140 42 13 96 97 98 92 93 94 88 89 90 46 103 104 61 25 113 114 110 111 107 108 2 119 6 41 126 124 122 7 14 60 16 
140 23 108 104 61 52 38 39 122 7 119 6 81 71 72 56 57 58 132 16 17 130 14 15 100 10 91 92 5 76 77 78 138 29 30 31 137 26 27 28 116 20 21 109 110 12 13 96 97 98 90 46 47 48 49 42 43 44 45 128 34 35 36 123 124 24 25 113 114 115 2 66 67 68 69 62 63 64 65 136 53 54 55 133 134 40 41 126 127 11 8 86 87 88 89 82 83 84 85 73 74 75 139 33 59 60 135 22 18 105 106 107 101 102 103 93 94 95 51 79 80 37 32 120 121 117 118 111 112 3 99 1 50 131 129 125 9 4 70 19 
