160 14
1 2 3 4 5 6 7 8 9 10 11 12 13 14 15 16 17 18 19 20 21 22 23 24 25 26 27 28 29 30 31 32 33 34 35 36 37 38 39 40 41 42 43 44 45 46 47 48 49 50 51 52 53 54 55 56 57 58 59 60 61 62 63 64 65 66 67 68 69 70 71 72 73 74 75 76 77 78 79 80 81 82 83 84 85 86 87 88 89 90 91 92 93 94 95 96 97 98 99 100 101 102 103 104 105 106 107 108 109 110 111 112 113 114 115 116 117 118 119 120 121 122 123 124 125 126 127 128 129 130 131 132 133 134 135 136 137 138 139 140 141 142 143 144 145 146 147 148 149 150 151 152 153 154 155 156 157 158 159 160 
2 5 8 9 10 11 12 38 17 6 20 21 24 25 26 27 28 29 30 31 32 33 34 65 3 14 69 18 42 43 1 22 46 47 50 51 52 53 54 55 56 57 58 59 60 61 62 63 64 13 35 97 15 16 39 101 4 44 73 74 7 48 77 78 81 82 83 84 85 86 87 88 89 90 91 92 93 94 95 96 36 37 66 127 40 41 70 131 19 75 105 106 23 79 109 110 112 113 114 115 116 117 118 119 120 121 122 123 124 125 126 67 68 98 149 71 72 102 152 45 107 134 135 49 111 137 138 139 140 141 142 143 144 145 146 147 148 99 100 128 159 103 104 132 76 136 153 80 154 155 156 157 158 129 130 150 133 108 160 151 
3 25 4 13 14 15 16 57 50 26 53 54 1 17 18 19 35 36 37 38 39 40 41 31 9 28 89 51 81 82 8 55 85 86 5 6 7 42 43 44 45 65 66 67 68 69 70 71 72 2 10 61 29 30 58 120 24 83 112 113 27 87 116 117 20 21 22 23 73 74 75 76 97 98 99 100 101 102 103 104 11 12 32 93 59 60 90 145 52 114 138 139 56 118 142 143 46 47 48 49 105 106 107 108 127 128 129 130 131 132 133 33 34 62 124 91 92 121 158 84 140 154 155 88 144 157 77 78 79 80 134 135 136 149 150 151 152 63 64 94 148 122 123 146 115 156 160 119 109 110 111 153 159 95 96 125 147 141 137 126 
4 9 13 1 17 18 19 24 2 28 29 30 3 35 36 37 5 6 7 42 43 44 45 8 50 51 52 10 11 12 57 58 59 60 14 15 16 65 66 67 68 20 21 22 23 73 74 75 76 25 26 27 81 82 83 84 31 32 33 34 89 90 91 92 38 39 40 41 97 98 99 100 46 47 48 49 105 106 107 108 53 54 55 56 112 113 114 115 61 62 63 64 120 121 122 123 69 70 71 72 127 128 129 130 77 78 79 80 134 135 136 85 86 87 88 138 139 140 141 93 94 95 96 145 146 147 101 102 103 104 149 150 151 109 110 111 153 116 117 118 119 154 155 156 124 125 126 158 131 132 133 159 137 142 143 144 160 148 152 157 
5 10 38 17 6 20 21 53 28 11 31 32 65 3 14 69 18 42 43 1 22 46 47 81 8 25 85 29 57 58 2 33 61 62 13 35 97 15 16 39 101 4 44 73 74 7 48 77 78 24 50 112 26 27 54 116 9 59 89 90 12 63 93 94 36 37 66 127 40 41 70 131 19 75 105 106 23 79 109 110 51 52 82 138 55 56 86 142 30 91 120 121 34 95 124 125 67 68 98 149 71 72 102 152 45 107 134 135 49 111 137 83 84 113 154 87 88 117 157 60 122 145 146 64 126 148 99 100 128 159 103 104 132 76 136 153 80 114 115 139 160 118 119 143 92 147 158 96 129 130 150 133 108 140 141 155 144 123 151 156 
6 11 15 18 20 1 22 26 29 31 2 33 36 38 3 40 42 4 44 5 46 7 48 51 53 8 55 57 9 59 10 61 12 63 65 13 67 14 69 16 71 17 73 19 75 21 77 23 79 81 24 83 25 85 27 87 28 89 30 91 32 93 34 95 35 97 37 99 39 101 41 103 43 105 45 107 47 109 49 111 50 112 52 114 54 116 56 118 58 120 60 122 62 124 64 126 66 127 68 129 70 131 72 133 74 134 76 136 78 137 80 82 138 84 140 86 142 88 144 90 145 92 147 94 148 96 98 149 100 151 102 152 104 106 153 108 110 113 154 115 156 117 157 119 121 158 123 125 128 159 130 132 135 139 160 141 143 146 150 155 
7 96 16 19 21 22 23 119 123 125 126 2 37 39 40 41 43 44 45 46 47 48 49 141 143 144 8 146 147 9 148 10 11 12 66 67 68 69 70 71 72 73 74 75 76 77 78 79 80 155 156 24 157 25 26 27 158 28 29 30 31 32 33 34 97 98 99 100 101 102 103 104 105 106 107 108 109 110 111 1 160 50 51 52 53 54 55 56 57 58 59 60 61 62 63 64 127 128 129 130 131 132 133 3 134 135 136 4 137 5 6 81 82 83 84 85 86 87 88 89 90 91 92 93 94 95 149 150 151 13 152 14 15 153 17 18 20 112 113 114 115 116 117 118 120 121 122 124 159 35 36 38 42 138 139 140 142 145 65 154 
8 3 9 24 25 26 27 4 13 14 15 16 2 28 29 30 50 51 52 53 54 55 56 1 17 18 19 35 36 37 38 39 40 41 10 11 12 57 58 59 60 81 82 83 84 85 86 87 88 5 6 7 42 43 44 45 65 66 67 68 69 70 71 72 31 32 33 34 89 90 91 92 112 113 114 115 116 117 118 119 20 21 22 23 73 74 75 76 97 98 99 100 101 102 103 104 61 62 63 64 120 121 122 123 138 139 140 141 142 143 144 46 47 48 49 105 106 107 108 127 128 129 130 131 132 133 93 94 95 96 145 146 147 154 155 156 157 77 78 79 80 134 135 136 149 150 151 152 124 125 126 158 160 109 110 111 153 159 148 137 
9 17 24 2 28 29 30 65 5 18 42 43 8 50 51 52 10 11 12 57 58 59 60 38 13 35 97 6 20 21 4 44 73 74 25 26 27 81 82 83 84 31 32 33 34 89 90 91 92 3 14 69 36 37 66 127 1 22 46 47 19 75 105 106 53 54 55 56 112 113 114 115 61 62 63 64 120 121 122 123 15 16 39 101 67 68 98 149 7 48 77 78 45 107 134 135 85 86 87 88 138 139 140 141 93 94 95 96 145 146 147 40 41 70 131 99 100 128 159 23 79 109 110 76 136 153 116 117 118 119 154 155 156 124 125 126 158 71 72 102 152 129 130 150 49 111 137 108 142 143 144 160 148 103 104 132 151 80 157 133 
10 6 53 28 11 31 32 15 18 20 1 22 81 8 25 85 29 57 58 2 33 61 62 36 38 3 40 42 4 44 5 46 7 48 24 50 112 26 27 54 116 9 59 89 90 12 63 93 94 65 13 67 14 69 16 71 17 73 19 75 21 77 23 79 51 52 82 138 55 56 86 142 30 91 120 121 34 95 124 125 35 97 37 99 39 101 41 103 43 105 45 107 47 109 49 111 83 84 113 154 87 88 117 157 60 122 145 146 64 126 148 66 127 68 129 70 131 72 133 74 134 76 136 78 137 80 114 115 139 160 118 119 143 92 147 158 96 98 149 100 151 102 152 104 106 153 108 110 140 141 155 144 123 128 159 130 132 135 156 150 
11 20 26 29 31 2 33 14 42 1 5 46 51 53 8 55 57 9 59 10 61 12 63 35 15 38 39 4 17 73 6 7 21 77 81 24 83 25 85 27 87 28 89 30 91 32 93 34 95 36 65 66 3 40 69 70 18 19 43 105 22 23 47 109 50 112 52 114 54 116 56 118 58 120 60 122 62 124 64 126 13 67 97 98 16 71 101 102 44 45 74 134 48 49 78 137 82 138 84 140 86 142 88 144 90 145 92 147 94 148 96 37 99 127 128 41 103 131 132 75 76 106 153 79 80 110 113 154 115 156 117 157 119 121 158 123 125 68 129 149 150 72 133 152 107 108 135 111 139 160 141 143 146 100 151 159 104 136 155 130 
12 110 27 30 32 33 34 152 135 111 137 5 52 54 55 56 58 59 60 61 62 63 64 159 104 132 38 136 153 17 80 6 20 21 82 83 84 85 86 87 88 89 90 91 92 93 94 95 96 130 150 65 133 3 14 69 108 18 42 43 1 22 46 47 112 113 114 115 116 117 118 119 120 121 122 123 124 125 126 2 151 13 35 97 15 16 39 101 4 44 73 74 7 48 77 78 138 139 140 141 142 143 144 8 145 146 147 9 148 10 11 36 37 66 127 40 41 70 131 19 75 105 106 23 79 109 154 155 156 24 157 25 26 158 28 29 31 67 68 98 149 71 72 102 45 107 134 49 160 50 51 53 57 99 100 128 103 76 81 129 
13 50 1 3 35 36 37 31 25 51 81 82 4 5 6 7 14 15 16 65 66 67 68 57 2 10 61 26 53 54 24 83 112 113 17 18 19 20 21 22 23 38 39 40 41 97 98 99 100 9 28 89 11 12 32 93 8 55 85 86 52 114 138 139 42 43 44 45 46 47 48 49 69 70 71 72 127 128 129 130 29 30 58 120 33 34 62 124 27 87 116 117 84 140 154 155 73 74 75 76 77 78 79 80 101 102 103 104 149 150 151 59 60 90 145 63 64 94 148 56 118 142 143 115 156 160 105 106 107 108 109 110 111 131 132 133 159 91 92 121 158 95 96 125 88 144 157 141 134 135 136 137 152 122 123 146 126 119 153 147 
14 26 42 35 15 38 39 29 51 53 8 55 20 4 17 73 36 65 66 3 40 69 70 11 57 9 59 81 24 83 25 85 27 87 1 5 46 18 19 43 105 13 67 97 98 16 71 101 102 31 2 33 28 89 30 91 50 112 52 114 54 116 56 118 6 7 21 77 44 45 74 134 37 99 127 128 41 103 131 132 10 61 12 63 58 120 60 122 82 138 84 140 86 142 88 144 22 23 47 109 75 76 106 153 68 129 149 150 72 133 152 32 93 34 95 90 145 92 147 113 154 115 156 117 157 119 48 49 78 137 107 108 135 100 151 159 104 62 124 64 126 121 158 123 139 160 141 143 79 80 110 136 130 94 148 96 146 155 111 125 
15 53 18 36 38 3 40 28 81 8 25 85 6 42 4 44 65 13 67 14 69 16 71 10 29 57 58 24 50 112 26 27 54 116 20 1 22 17 73 19 75 35 97 37 99 39 101 41 103 11 31 32 9 59 89 90 51 52 82 138 55 56 86 142 5 46 7 48 43 105 45 107 66 127 68 129 70 131 72 133 2 33 61 62 30 91 120 121 83 84 113 154 87 88 117 157 21 77 23 79 74 134 76 136 98 149 100 151 102 152 104 12 63 93 94 60 122 145 146 114 115 139 160 118 119 143 47 109 49 111 106 153 108 128 159 130 132 34 95 124 125 92 147 158 140 141 155 144 78 137 80 135 150 64 126 148 123 156 110 96 
16 143 19 37 39 40 41 158 155 144 157 25 7 43 44 45 66 67 68 69 70 71 72 148 123 146 57 156 160 50 119 26 53 54 21 22 23 73 74 75 76 97 98 99 100 101 102 103 104 96 125 31 147 9 28 89 141 51 81 82 8 55 85 86 46 47 48 49 105 106 107 108 127 128 129 130 131 132 133 3 126 2 10 61 29 30 58 120 24 83 112 113 27 87 116 117 77 78 79 80 134 135 136 4 149 150 151 13 152 14 15 11 12 32 93 59 60 90 145 52 114 138 139 56 118 142 109 110 111 1 153 17 18 159 35 36 38 33 34 62 124 91 92 121 84 140 154 88 137 5 6 42 65 63 64 94 122 115 20 95 
17 28 65 5 18 42 43 81 10 29 57 58 38 13 35 97 6 20 21 4 44 73 74 53 24 50 112 11 31 32 9 59 89 90 3 14 69 36 37 66 127 1 22 46 47 19 75 105 106 8 25 85 51 52 82 138 2 33 61 62 30 91 120 121 15 16 39 101 67 68 98 149 7 48 77 78 45 107 134 135 26 27 54 116 83 84 113 154 12 63 93 94 60 122 145 146 40 41 70 131 99 100 128 159 23 79 109 110 76 136 153 55 56 86 142 114 115 139 160 34 95 124 125 92 147 158 71 72 102 152 129 130 150 49 111 137 108 87 88 117 157 140 141 155 64 126 148 123 103 104 132 151 80 118 119 143 156 96 133 144 
18 29 36 6 42 4 44 51 11 57 9 59 15 65 13 67 20 1 22 17 73 19 75 26 81 24 83 31 2 33 28 89 30 91 38 3 40 35 97 37 99 5 46 7 48 43 105 45 107 53 8 55 50 112 52 114 10 61 12 63 58 120 60 122 14 69 16 71 66 127 68 129 21 77 23 79 74 134 76 136 25 85 27 87 82 138 84 140 32 93 34 95 90 145 92 147 39 101 41 103 98 149 100 151 47 109 49 111 106 153 108 54 116 56 118 113 154 115 156 62 124 64 126 121 158 123 70 131 72 133 128 159 130 78 137 80 135 86 142 88 144 139 160 141 94 148 96 146 102 152 104 150 110 117 157 119 155 125 132 143 
19 123 37 7 43 44 45 141 96 146 147 9 16 66 67 68 21 22 23 73 74 75 76 119 155 156 24 125 126 2 158 28 29 30 39 40 41 97 98 99 100 46 47 48 49 105 106 107 108 143 144 8 160 50 51 52 148 10 11 12 57 58 59 60 69 70 71 72 127 128 129 130 77 78 79 80 134 135 136 4 157 25 26 27 81 82 83 84 31 32 33 34 89 90 91 92 101 102 103 104 149 150 151 13 109 110 111 1 153 17 18 53 54 55 56 112 113 114 115 61 62 63 64 120 121 122 131 132 133 3 159 35 36 137 5 6 42 85 86 87 88 138 139 140 93 94 95 145 152 14 15 65 20 116 117 118 154 124 38 142 
20 31 14 42 1 5 46 25 57 2 10 61 35 15 38 39 4 17 73 6 7 21 77 50 26 53 54 9 28 89 11 12 32 93 36 65 66 3 40 69 70 18 19 43 105 22 23 47 109 51 81 82 8 55 85 86 29 30 58 120 33 34 62 124 13 67 97 98 16 71 101 102 44 45 74 134 48 49 78 137 24 83 112 113 27 87 116 117 59 60 90 145 63 64 94 148 37 99 127 128 41 103 131 132 75 76 106 153 79 80 110 52 114 138 139 56 118 142 143 91 92 121 158 95 96 125 68 129 149 150 72 133 152 107 108 135 111 84 140 154 155 88 144 157 122 123 146 126 100 151 159 104 136 115 156 160 119 147 130 141 
21 125 69 43 22 46 47 157 146 126 148 10 97 16 39 101 44 73 74 7 48 77 78 160 119 143 53 147 158 28 96 11 31 32 37 66 127 40 41 70 131 19 75 105 106 23 79 109 110 141 155 81 144 8 25 85 123 29 57 58 2 33 61 62 67 68 98 149 71 72 102 152 45 107 134 135 49 111 137 5 156 24 50 112 26 27 54 116 9 59 89 90 12 63 93 94 99 100 128 159 103 104 132 38 76 136 153 17 80 6 20 51 52 82 138 55 56 86 142 30 91 120 121 34 95 124 129 130 150 65 133 3 14 108 18 42 1 83 84 113 154 87 88 117 60 122 145 64 151 13 35 15 4 114 115 139 118 92 36 140 
22 126 40 44 46 7 48 144 147 148 96 11 67 69 16 71 73 19 75 21 77 23 79 156 157 119 26 158 123 29 125 31 2 33 97 37 99 39 101 41 103 43 105 45 107 47 109 49 111 160 141 51 143 53 8 55 146 57 9 59 10 61 12 63 66 127 68 129 70 131 72 133 74 134 76 136 78 137 80 6 155 81 24 83 25 85 27 87 28 89 30 91 32 93 34 95 98 149 100 151 102 152 104 15 106 153 108 18 110 20 1 50 112 52 114 54 116 56 118 58 120 60 122 62 124 64 128 159 130 36 132 38 3 135 42 4 5 82 138 84 140 86 142 88 90 145 92 94 150 65 13 14 17 113 154 115 117 121 35 139 
23 64 41 45 47 48 49 88 92 94 95 96 68 70 71 72 74 75 76 77 78 79 80 115 117 118 119 121 122 123 124 125 126 2 98 99 100 101 102 103 104 105 106 107 108 109 110 111 1 139 140 141 142 143 144 8 145 146 147 9 148 10 11 12 127 128 129 130 131 132 133 3 134 135 136 4 137 5 6 7 154 155 156 24 157 25 26 27 158 28 29 30 31 32 33 34 149 150 151 13 152 14 15 16 153 17 18 19 20 21 22 160 50 51 52 53 54 55 56 57 58 59 60 61 62 63 159 35 36 37 38 39 40 42 43 44 46 81 82 83 84 85 86 87 89 90 91 93 65 66 67 69 73 112 113 114 116 120 97 138 
24 13 2 8 50 51 52 1 3 35 36 37 9 10 11 12 25 26 27 81 82 83 84 4 5 6 7 14 15 16 65 66 67 68 28 29 30 31 32 33 34 53 54 55 56 112 113 114 115 17 18 19 20 21 22 23 38 39 40 41 97 98 99 100 57 58 59 60 61 62 63 64 85 86 87 88 138 139 140 141 42 43 44 45 46 47 48 49 69 70 71 72 127 128 129 130 89 90 91 92 93 94 95 96 116 117 118 119 154 155 156 73 74 75 76 77 78 79 80 101 102 103 104 149 150 151 120 121 122 123 124 125 126 142 143 144 160 105 106 107 108 109 110 111 131 132 133 159 145 146 147 148 157 134 135 136 137 152 158 153 
25 14 57 50 26 53 54 42 35 15 38 39 31 9 28 89 51 81 82 8 55 85 86 20 4 17 73 36 65 66 3 40 69 70 2 10 61 29 30 58 120 24 83 112 113 27 87 116 117 1 5 46 18 19 43 105 13 67 97 98 16 71 101 102 11 12 32 93 59 60 90 145 52 114 138 139 56 118 142 143 6 7 21 77 44 45 74 134 37 99 127 128 41 103 131 132 33 34 62 124 91 92 121 158 84 140 154 155 88 144 157 22 23 47 109 75 76 106 153 68 129 149 150 72 133 152 63 64 94 148 122 123 146 115 156 160 119 48 49 78 137 107 108 135 100 151 159 104 95 96 125 147 141 79 80 110 136 130 126 111 
26 15 29 51 53 8 55 18 36 38 3 40 11 57 9 59 81 24 83 25 85 27 87 6 42 4 44 65 13 67 14 69 16 71 31 2 33 28 89 30 91 50 112 52 114 54 116 56 118 20 1 22 17 73 19 75 35 97 37 99 39 101 41 103 10 61 12 63 58 120 60 122 82 138 84 140 86 142 88 144 5 46 7 48 43 105 45 107 66 127 68 129 70 131 72 133 32 93 34 95 90 145 92 147 113 154 115 156 117 157 119 21 77 23 79 74 134 76 136 98 149 100 151 102 152 104 62 124 64 126 121 158 123 139 160 141 143 47 109 49 111 106 153 108 128 159 130 132 94 148 96 146 155 78 137 80 135 150 125 110 
27 104 30 52 54 55 56 108 130 132 133 3 12 58 59 60 82 83 84 85 86 87 88 80 135 136 4 150 151 13 152 14 15 16 32 33 34 89 90 91 92 112 113 114 115 116 117 118 119 110 111 1 153 17 18 19 159 35 36 37 38 39 40 41 61 62 63 64 120 121 122 123 138 139 140 141 142 143 144 8 137 5 6 7 42 43 44 45 65 66 67 68 69 70 71 72 93 94 95 96 145 146 147 9 154 155 156 24 157 25 26 20 21 22 23 73 74 75 76 97 98 99 100 101 102 103 124 125 126 2 158 28 29 160 50 51 53 46 47 48 49 105 106 107 127 128 129 131 148 10 11 57 81 77 78 79 134 149 31 109 
28 18 81 10 29 57 58 36 6 42 4 44 53 24 50 112 11 31 32 9 59 89 90 15 65 13 67 20 1 22 17 73 19 75 8 25 85 51 52 82 138 2 33 61 62 30 91 120 121 38 3 40 35 97 37 99 5 46 7 48 43 105 45 107 26 27 54 116 83 84 113 154 12 63 93 94 60 122 145 146 14 69 16 71 66 127 68 129 21 77 23 79 74 134 76 136 55 56 86 142 114 115 139 160 34 95 124 125 92 147 158 39 101 41 103 98 149 100 151 47 109 49 111 106 153 108 87 88 117 157 140 141 155 64 126 148 123 70 131 72 133 128 159 130 78 137 80 135 118 119 143 156 96 102 152 104 150 110 144 132 
29 42 51 11 57 9 59 35 20 4 17 73 26 81 24 83 31 2 33 28 89 30 91 14 36 65 66 1 5 46 18 19 43 105 53 8 55 50 112 52 114 10 61 12 63 58 120 60 122 15 38 39 13 67 97 98 6 7 21 77 44 45 74 134 25 85 27 87 82 138 84 140 32 93 34 95 90 145 92 147 3 40 69 70 37 99 127 128 22 23 47 109 75 76 106 153 54 116 56 118 113 154 115 156 62 124 64 126 121 158 123 16 71 101 102 68 129 149 150 48 49 78 137 107 108 135 86 142 88 144 139 160 141 94 148 96 146 41 103 131 132 100 151 159 79 80 110 136 117 157 119 155 125 72 133 152 130 111 143 104 
30 135 52 12 58 59 60 159 110 136 153 17 27 82 83 84 32 33 34 89 90 91 92 152 130 150 65 111 137 5 108 18 42 43 54 55 56 112 113 114 115 61 62 63 64 120 121 122 123 104 132 38 151 13 35 97 80 6 20 21 4 44 73 74 85 86 87 88 138 139 140 141 93 94 95 96 145 146 147 9 133 3 14 69 36 37 66 127 1 22 46 47 19 75 105 106 116 117 118 119 154 155 156 24 124 125 126 2 158 28 29 15 16 39 101 67 68 98 149 7 48 77 78 45 107 134 142 143 144 8 160 50 51 148 10 11 57 40 41 70 131 99 100 128 23 79 109 76 157 25 26 81 31 71 72 102 129 49 53 103 
31 1 25 57 2 10 61 3 4 5 6 7 50 26 53 54 9 28 89 11 12 32 93 13 14 15 16 17 18 19 20 21 22 23 51 81 82 8 55 85 86 29 30 58 120 33 34 62 124 35 36 37 38 39 40 41 42 43 44 45 46 47 48 49 24 83 112 113 27 87 116 117 59 60 90 145 63 64 94 148 65 66 67 68 69 70 71 72 73 74 75 76 77 78 79 80 52 114 138 139 56 118 142 143 91 92 121 158 95 96 125 97 98 99 100 101 102 103 104 105 106 107 108 109 110 111 84 140 154 155 88 144 157 122 123 146 126 127 128 129 130 131 132 133 134 135 136 137 115 156 160 119 147 149 150 151 152 153 141 159 
32 111 85 58 33 61 62 133 136 137 80 6 112 27 54 116 59 89 90 12 63 93 94 151 152 104 15 153 108 18 110 20 1 22 52 82 138 55 56 86 142 30 91 120 121 34 95 124 125 159 130 36 132 38 3 40 135 42 4 44 5 46 7 48 83 84 113 154 87 88 117 157 60 122 145 146 64 126 148 10 150 65 13 67 14 69 16 71 17 73 19 75 21 77 23 79 114 115 139 160 118 119 143 53 92 147 158 28 96 11 31 35 97 37 99 39 101 41 103 43 105 45 107 47 109 49 140 141 155 81 144 8 25 123 29 57 2 66 127 68 129 70 131 72 74 134 76 78 156 24 50 26 9 98 149 100 102 106 51 128 
33 137 55 59 61 12 63 132 153 80 110 20 83 85 27 87 89 30 91 32 93 34 95 150 133 152 14 108 135 42 111 1 5 46 112 52 114 54 116 56 118 58 120 60 122 62 124 64 126 151 159 35 104 15 38 39 136 4 17 73 6 7 21 77 82 138 84 140 86 142 88 144 90 145 92 147 94 148 96 11 130 36 65 66 3 40 69 70 18 19 43 105 22 23 47 109 113 154 115 156 117 157 119 26 121 158 123 29 125 31 2 13 67 97 98 16 71 101 102 44 45 74 134 48 49 78 139 160 141 51 143 53 8 146 57 9 10 37 99 127 128 41 103 131 75 76 106 79 155 81 24 25 28 68 129 149 72 107 50 100 
34 78 56 60 62 63 64 131 106 79 109 110 84 86 87 88 90 91 92 93 94 95 96 149 72 102 152 107 134 135 49 111 137 5 113 114 115 116 117 118 119 120 121 122 123 124 125 126 2 100 128 159 103 104 132 38 76 136 153 17 80 6 20 21 138 139 140 141 142 143 144 8 145 146 147 9 148 10 11 12 129 130 150 65 133 3 14 69 108 18 42 43 1 22 46 47 154 155 156 24 157 25 26 27 158 28 29 30 31 32 33 151 13 35 97 15 16 39 101 4 44 73 74 7 48 77 160 50 51 52 53 54 55 57 58 59 61 36 37 66 127 40 41 70 19 75 105 23 81 82 83 85 89 67 68 98 71 45 112 99 
35 51 20 14 36 65 66 11 26 81 24 83 42 1 5 46 15 38 39 13 67 97 98 29 31 2 33 53 8 55 50 112 52 114 4 17 73 6 7 21 77 3 40 69 70 37 99 127 128 57 9 59 10 61 12 63 25 85 27 87 82 138 84 140 18 19 43 105 22 23 47 109 16 71 101 102 68 129 149 150 28 89 30 91 32 93 34 95 54 116 56 118 113 154 115 156 44 45 74 134 48 49 78 137 41 103 131 132 100 151 159 58 120 60 122 62 124 64 126 86 142 88 144 139 160 141 75 76 106 153 79 80 110 72 133 152 130 90 145 92 147 94 148 96 117 157 119 155 107 108 135 111 104 121 158 123 125 143 136 146 
36 81 6 15 65 13 67 10 53 24 50 112 18 20 1 22 38 3 40 35 97 37 99 28 11 31 32 8 25 85 51 52 82 138 42 4 44 5 46 7 48 14 69 16 71 66 127 68 129 29 57 58 2 33 61 62 26 27 54 116 83 84 113 154 17 73 19 75 21 77 23 79 39 101 41 103 98 149 100 151 9 59 89 90 12 63 93 94 55 56 86 142 114 115 139 160 43 105 45 107 47 109 49 111 70 131 72 133 128 159 130 30 91 120 121 34 95 124 125 87 88 117 157 140 141 155 74 134 76 136 78 137 80 102 152 104 150 60 122 145 146 64 126 148 118 119 143 156 106 153 108 110 132 92 147 158 96 144 135 123 
37 155 7 16 66 67 68 148 143 156 160 50 19 21 22 23 39 40 41 97 98 99 100 158 96 125 31 144 157 25 141 51 81 82 43 44 45 46 47 48 49 69 70 71 72 127 128 129 130 123 146 57 126 2 10 61 119 26 53 54 24 83 112 113 73 74 75 76 77 78 79 80 101 102 103 104 149 150 151 13 147 9 28 89 11 12 32 93 8 55 85 86 52 114 138 139 105 106 107 108 109 110 111 1 131 132 133 3 159 35 36 29 30 58 120 33 34 62 124 27 87 116 117 84 140 154 134 135 136 4 137 5 6 152 14 15 65 59 60 90 145 63 64 94 56 118 142 115 153 17 18 20 38 91 92 121 95 88 42 122 
38 8 17 65 3 14 69 9 24 25 26 27 5 18 42 43 13 35 97 15 16 39 101 2 28 29 30 50 51 52 53 54 55 56 6 20 21 4 44 73 74 36 37 66 127 40 41 70 131 10 11 12 57 58 59 60 81 82 83 84 85 86 87 88 1 22 46 47 19 75 105 106 67 68 98 149 71 72 102 152 31 32 33 34 89 90 91 92 112 113 114 115 116 117 118 119 7 48 77 78 45 107 134 135 99 100 128 159 103 104 132 61 62 63 64 120 121 122 123 138 139 140 141 142 143 144 23 79 109 110 76 136 153 129 130 150 133 93 94 95 96 145 146 147 154 155 156 157 49 111 137 108 151 124 125 126 158 160 80 148 
39 144 73 66 40 69 70 147 156 157 119 26 46 19 43 105 67 97 98 16 71 101 102 126 158 123 29 160 141 51 143 53 8 55 7 21 77 44 45 74 134 37 99 127 128 41 103 131 132 148 96 11 146 57 9 59 155 81 24 83 25 85 27 87 22 23 47 109 75 76 106 153 68 129 149 150 72 133 152 14 125 31 2 33 28 89 30 91 50 112 52 114 54 116 56 118 48 49 78 137 107 108 135 42 100 151 159 35 104 15 38 10 61 12 63 58 120 60 122 82 138 84 140 86 142 88 79 80 110 20 136 4 17 130 36 65 3 32 93 34 95 90 145 92 113 154 115 117 111 1 5 18 13 62 124 64 121 139 6 94 
40 157 44 67 69 16 71 146 160 119 143 53 22 73 19 75 97 37 99 39 101 41 103 125 147 158 28 141 155 81 144 8 25 85 46 7 48 43 105 45 107 66 127 68 129 70 131 72 133 126 148 10 123 29 57 58 156 24 50 112 26 27 54 116 21 77 23 79 74 134 76 136 98 149 100 151 102 152 104 15 96 11 31 32 9 59 89 90 51 52 82 138 55 56 86 142 47 109 49 111 106 153 108 18 128 159 130 36 132 38 3 2 33 61 62 30 91 120 121 83 84 113 154 87 88 117 78 137 80 6 135 42 4 150 65 13 14 12 63 93 94 60 122 145 114 115 139 118 110 20 1 17 35 34 95 124 92 140 5 64 
41 117 45 68 70 71 72 145 139 118 142 143 23 74 75 76 98 99 100 101 102 103 104 124 92 121 158 140 154 155 88 144 157 25 47 48 49 105 106 107 108 127 128 129 130 131 132 133 3 64 94 148 122 123 146 57 115 156 160 50 119 26 53 54 77 78 79 80 134 135 136 4 149 150 151 13 152 14 15 16 95 96 125 31 147 9 28 89 141 51 81 82 8 55 85 86 109 110 111 1 153 17 18 19 159 35 36 37 38 39 40 126 2 10 61 29 30 58 120 24 83 112 113 27 87 116 137 5 6 7 42 43 44 65 66 67 69 11 12 32 93 59 60 90 52 114 138 56 20 21 22 73 97 33 34 62 91 84 46 63 
42 57 35 20 4 17 73 50 31 9 28 89 14 36 65 66 1 5 46 18 19 43 105 25 51 81 82 2 10 61 29 30 58 120 15 38 39 13 67 97 98 6 7 21 77 44 45 74 134 26 53 54 24 83 112 113 11 12 32 93 59 60 90 145 3 40 69 70 37 99 127 128 22 23 47 109 75 76 106 153 8 55 85 86 52 114 138 139 33 34 62 124 91 92 121 158 16 71 101 102 68 129 149 150 48 49 78 137 107 108 135 27 87 116 117 84 140 154 155 63 64 94 148 122 123 146 41 103 131 132 100 151 159 79 80 110 136 56 118 142 143 115 156 160 95 96 125 147 72 133 152 130 111 88 144 157 141 126 104 119 
43 146 97 21 44 73 74 160 125 147 158 28 69 37 66 127 22 46 47 19 75 105 106 157 141 155 81 126 148 10 123 29 57 58 16 39 101 67 68 98 149 7 48 77 78 45 107 134 135 119 143 53 156 24 50 112 96 11 31 32 9 59 89 90 40 41 70 131 99 100 128 159 23 79 109 110 76 136 153 17 144 8 25 85 51 52 82 138 2 33 61 62 30 91 120 121 71 72 102 152 129 130 150 65 49 111 137 5 108 18 42 26 27 54 116 83 84 113 154 12 63 93 94 60 122 145 103 104 132 38 151 13 35 80 6 20 4 55 56 86 142 114 115 139 34 95 124 92 133 3 14 36 1 87 88 117 140 64 15 118 
44 147 67 22 73 19 75 156 126 158 123 29 40 97 37 99 46 7 48 43 105 45 107 144 160 141 51 148 96 11 146 57 9 59 69 16 71 66 127 68 129 21 77 23 79 74 134 76 136 157 119 26 155 81 24 83 125 31 2 33 28 89 30 91 39 101 41 103 98 149 100 151 47 109 49 111 106 153 108 18 143 53 8 55 50 112 52 114 10 61 12 63 58 120 60 122 70 131 72 133 128 159 130 36 78 137 80 6 135 42 4 25 85 27 87 82 138 84 140 32 93 34 95 90 145 92 102 152 104 15 150 65 13 110 20 1 17 54 116 56 118 113 154 115 62 124 64 121 132 38 3 35 5 86 142 88 139 94 14 117 
45 92 68 23 74 75 76 115 64 121 122 123 41 98 99 100 47 48 49 105 106 107 108 88 139 140 141 94 95 96 145 146 147 9 70 71 72 127 128 129 130 77 78 79 80 134 135 136 4 117 118 119 154 155 156 24 124 125 126 2 158 28 29 30 101 102 103 104 149 150 151 13 109 110 111 1 153 17 18 19 142 143 144 8 160 50 51 52 148 10 11 12 57 58 59 60 131 132 133 3 159 35 36 37 137 5 6 7 42 43 44 157 25 26 27 81 82 83 84 31 32 33 34 89 90 91 152 14 15 16 65 66 67 20 21 22 73 53 54 55 56 112 113 114 61 62 63 120 38 39 40 97 46 85 86 87 138 93 69 116 
46 148 39 73 7 21 77 143 158 96 125 31 66 40 69 70 19 43 105 22 23 47 109 155 144 157 25 123 146 57 126 2 10 61 67 97 98 16 71 101 102 44 45 74 134 48 49 78 137 156 160 50 119 26 53 54 147 9 28 89 11 12 32 93 37 99 127 128 41 103 131 132 75 76 106 153 79 80 110 20 141 51 81 82 8 55 85 86 29 30 58 120 33 34 62 124 68 129 149 150 72 133 152 14 107 108 135 42 111 1 5 24 83 112 113 27 87 116 117 59 60 90 145 63 64 94 100 151 159 35 104 15 38 136 4 17 6 52 114 138 139 56 118 142 91 92 121 95 130 36 65 3 18 84 140 154 88 122 13 115 
47 94 101 74 48 77 78 142 121 95 124 125 127 41 70 131 75 105 106 23 79 109 110 154 88 117 157 122 145 146 64 126 148 10 68 98 149 71 72 102 152 45 107 134 135 49 111 137 5 115 139 160 118 119 143 53 92 147 158 28 96 11 31 32 99 100 128 159 103 104 132 38 76 136 153 17 80 6 20 21 140 141 155 81 144 8 25 85 123 29 57 58 2 33 61 62 129 130 150 65 133 3 14 69 108 18 42 43 1 22 46 156 24 50 112 26 27 54 116 9 59 89 90 12 63 93 151 13 35 97 15 16 39 4 44 73 7 51 52 82 138 55 56 86 30 91 120 34 36 37 66 40 19 83 84 113 87 60 67 114 
48 95 71 75 77 23 79 118 122 124 64 126 99 101 41 103 105 45 107 47 109 49 111 140 142 88 144 145 92 147 94 148 96 11 127 68 129 70 131 72 133 74 134 76 136 78 137 80 6 154 115 156 117 157 119 26 121 158 123 29 125 31 2 33 98 149 100 151 102 152 104 15 106 153 108 18 110 20 1 22 139 160 141 51 143 53 8 55 146 57 9 59 10 61 12 63 128 159 130 36 132 38 3 40 135 42 4 44 5 46 7 155 81 24 83 25 85 27 87 28 89 30 91 32 93 34 150 65 13 67 14 69 16 17 73 19 21 50 112 52 114 54 116 56 58 120 60 62 35 97 37 39 43 82 138 84 86 90 66 113 
49 34 72 76 78 79 80 56 60 62 63 64 100 102 103 104 106 107 108 109 110 111 1 84 86 87 88 90 91 92 93 94 95 96 128 129 130 131 132 133 3 134 135 136 4 137 5 6 7 113 114 115 116 117 118 119 120 121 122 123 124 125 126 2 149 150 151 13 152 14 15 16 153 17 18 19 20 21 22 23 138 139 140 141 142 143 144 8 145 146 147 9 148 10 11 12 159 35 36 37 38 39 40 41 42 43 44 45 46 47 48 154 155 156 24 157 25 26 27 158 28 29 30 31 32 33 65 66 67 68 69 70 71 73 74 75 77 160 50 51 52 53 54 55 57 58 59 61 97 98 99 101 105 81 82 83 85 89 127 112 
50 35 31 25 51 81 82 20 14 36 65 66 57 2 10 61 26 53 54 24 83 112 113 42 1 5 46 15 38 39 13 67 97 98 9 28 89 11 12 32 93 8 55 85 86 52 114 138 139 4 17 73 6 7 21 77 3 40 69 70 37 99 127 128 29 30 58 120 33 34 62 124 27 87 116 117 84 140 154 155 18 19 43 105 22 23 47 109 16 71 101 102 68 129 149 150 59 60 90 145 63 64 94 148 56 118 142 143 115 156 160 44 45 74 134 48 49 78 137 41 103 131 132 100 151 159 91 92 121 158 95 96 125 88 144 157 141 75 76 106 153 79 80 110 72 133 152 130 122 123 146 126 119 107 108 135 111 104 147 136 
51 36 11 26 81 24 83 6 15 65 13 67 29 31 2 33 53 8 55 50 112 52 114 18 20 1 22 38 3 40 35 97 37 99 57 9 59 10 61 12 63 25 85 27 87 82 138 84 140 42 4 44 5 46 7 48 14 69 16 71 66 127 68 129 28 89 30 91 32 93 34 95 54 116 56 118 113 154 115 156 17 73 19 75 21 77 23 79 39 101 41 103 98 149 100 151 58 120 60 122 62 124 64 126 86 142 88 144 139 160 141 43 105 45 107 47 109 49 111 70 131 72 133 128 159 130 90 145 92 147 94 148 96 117 157 119 155 74 134 76 136 78 137 80 102 152 104 150 121 158 123 125 143 106 153 108 110 132 146 135 
52 130 12 27 82 83 84 80 104 150 151 13 30 32 33 34 54 55 56 112 113 114 115 108 110 111 1 132 133 3 159 35 36 37 58 59 60 61 62 63 64 85 86 87 88 138 139 140 141 135 136 4 137 5 6 7 152 14 15 16 65 66 67 68 89 90 91 92 93 94 95 96 116 117 118 119 154 155 156 24 153 17 18 19 20 21 22 23 38 39 40 41 97 98 99 100 120 121 122 123 124 125 126 2 142 143 144 8 160 50 51 42 43 44 45 46 47 48 49 69 70 71 72 127 128 129 145 146 147 9 148 10 11 157 25 26 81 73 74 75 76 77 78 79 101 102 103 149 158 28 29 31 53 105 106 107 109 131 57 134 
53 38 28 81 8 25 85 17 65 3 14 69 10 29 57 58 24 50 112 26 27 54 116 5 18 42 43 13 35 97 15 16 39 101 11 31 32 9 59 89 90 51 52 82 138 55 56 86 142 6 20 21 4 44 73 74 36 37 66 127 40 41 70 131 2 33 61 62 30 91 120 121 83 84 113 154 87 88 117 157 1 22 46 47 19 75 105 106 67 68 98 149 71 72 102 152 12 63 93 94 60 122 145 146 114 115 139 160 118 119 143 7 48 77 78 45 107 134 135 99 100 128 159 103 104 132 34 95 124 125 92 147 158 140 141 155 144 23 79 109 110 76 136 153 129 130 150 133 64 126 148 123 156 49 111 137 108 151 96 80 
54 132 89 82 55 85 86 153 150 133 152 14 61 30 58 120 83 112 113 27 87 116 117 137 108 135 42 151 159 35 104 15 38 39 12 32 93 59 60 90 145 52 114 138 139 56 118 142 143 80 110 20 136 4 17 73 130 36 65 66 3 40 69 70 33 34 62 124 91 92 121 158 84 140 154 155 88 144 157 25 111 1 5 46 18 19 43 105 13 67 97 98 16 71 101 102 63 64 94 148 122 123 146 57 115 156 160 50 119 26 53 6 7 21 77 44 45 74 134 37 99 127 128 41 103 131 95 96 125 31 147 9 28 141 51 81 8 22 23 47 109 75 76 106 68 129 149 72 126 2 10 29 24 48 49 78 107 100 11 79 
55 133 59 83 85 27 87 136 151 152 104 15 33 89 30 91 112 52 114 54 116 56 118 111 153 108 18 159 130 36 132 38 3 40 61 12 63 58 120 60 122 82 138 84 140 86 142 88 144 137 80 6 135 42 4 44 150 65 13 67 14 69 16 71 32 93 34 95 90 145 92 147 113 154 115 156 117 157 119 26 110 20 1 22 17 73 19 75 35 97 37 99 39 101 41 103 62 124 64 126 121 158 123 29 139 160 141 51 143 53 8 5 46 7 48 43 105 45 107 66 127 68 129 70 131 72 94 148 96 11 146 57 9 155 81 24 25 21 77 23 79 74 134 76 98 149 100 102 125 31 2 28 50 47 109 49 106 128 10 78 
56 72 60 84 86 87 88 76 100 102 103 104 34 90 91 92 113 114 115 116 117 118 119 49 106 107 108 128 129 130 131 132 133 3 62 63 64 120 121 122 123 138 139 140 141 142 143 144 8 78 79 80 134 135 136 4 149 150 151 13 152 14 15 16 93 94 95 96 145 146 147 9 154 155 156 24 157 25 26 27 109 110 111 1 153 17 18 19 159 35 36 37 38 39 40 41 124 125 126 2 158 28 29 30 160 50 51 52 53 54 55 137 5 6 7 42 43 44 45 65 66 67 68 69 70 71 148 10 11 12 57 58 59 81 82 83 85 20 21 22 23 73 74 75 97 98 99 101 31 32 33 89 112 46 47 48 105 127 61 77 
57 4 50 31 9 28 89 13 1 17 18 19 25 51 81 82 2 10 61 29 30 58 120 3 35 36 37 5 6 7 42 43 44 45 26 53 54 24 83 112 113 11 12 32 93 59 60 90 145 14 15 16 65 66 67 68 20 21 22 23 73 74 75 76 8 55 85 86 52 114 138 139 33 34 62 124 91 92 121 158 38 39 40 41 97 98 99 100 46 47 48 49 105 106 107 108 27 87 116 117 84 140 154 155 63 64 94 148 122 123 146 69 70 71 72 127 128 129 130 77 78 79 80 134 135 136 56 118 142 143 115 156 160 95 96 125 147 101 102 103 104 149 150 151 109 110 111 153 88 144 157 141 126 131 132 133 159 137 119 152 
58 136 112 32 59 89 90 151 111 153 108 18 85 52 82 138 33 61 62 30 91 120 121 133 159 130 36 137 80 6 135 42 4 44 27 54 116 83 84 113 154 12 63 93 94 60 122 145 146 152 104 15 150 65 13 67 110 20 1 22 17 73 19 75 55 56 86 142 114 115 139 160 34 95 124 125 92 147 158 28 132 38 3 40 35 97 37 99 5 46 7 48 43 105 45 107 87 88 117 157 140 141 155 81 64 126 148 10 123 29 57 14 69 16 71 66 127 68 129 21 77 23 79 74 134 76 118 119 143 53 156 24 50 96 11 31 9 39 101 41 103 98 149 100 47 109 49 106 144 8 25 51 2 70 131 72 128 78 26 102 
59 153 83 33 89 30 91 150 137 108 135 42 55 112 52 114 61 12 63 58 120 60 122 132 151 159 35 80 110 20 136 4 17 73 85 27 87 82 138 84 140 32 93 34 95 90 145 92 147 133 152 14 130 36 65 66 111 1 5 46 18 19 43 105 54 116 56 118 113 154 115 156 62 124 64 126 121 158 123 29 104 15 38 39 13 67 97 98 6 7 21 77 44 45 74 134 86 142 88 144 139 160 141 51 94 148 96 11 146 57 9 3 40 69 70 37 99 127 128 22 23 47 109 75 76 106 117 157 119 26 155 81 24 125 31 2 28 16 71 101 102 68 129 149 48 49 78 107 143 53 8 50 10 41 103 131 100 79 25 72 
60 106 84 34 90 91 92 149 78 107 134 135 56 113 114 115 62 63 64 120 121 122 123 131 100 128 159 79 109 110 76 136 153 17 86 87 88 138 139 140 141 93 94 95 96 145 146 147 9 72 102 152 129 130 150 65 49 111 137 5 108 18 42 43 116 117 118 119 154 155 156 24 124 125 126 2 158 28 29 30 103 104 132 38 151 13 35 97 80 6 20 21 4 44 73 74 142 143 144 8 160 50 51 52 148 10 11 12 57 58 59 133 3 14 69 36 37 66 127 1 22 46 47 19 75 105 157 25 26 27 81 82 83 31 32 33 89 15 16 39 101 67 68 98 7 48 77 45 53 54 55 112 61 40 41 70 99 23 85 71 
61 80 54 89 12 32 93 104 108 110 111 1 82 55 85 86 30 58 120 33 34 62 124 130 132 133 3 135 136 4 137 5 6 7 83 112 113 27 87 116 117 59 60 90 145 63 64 94 148 150 151 13 152 14 15 16 153 17 18 19 20 21 22 23 52 114 138 139 56 118 142 143 91 92 121 158 95 96 125 31 159 35 36 37 38 39 40 41 42 43 44 45 46 47 48 49 84 140 154 155 88 144 157 25 122 123 146 57 126 2 10 65 66 67 68 69 70 71 72 73 74 75 76 77 78 79 115 156 160 50 119 26 53 147 9 28 11 97 98 99 100 101 102 103 105 106 107 109 141 51 81 8 29 127 128 129 131 134 24 149 
62 79 116 90 63 93 94 103 107 109 49 111 138 56 86 142 91 120 121 34 95 124 125 129 131 72 133 134 76 136 78 137 80 6 84 113 154 87 88 117 157 60 122 145 146 64 126 148 10 149 100 151 102 152 104 15 106 153 108 18 110 20 1 22 114 115 139 160 118 119 143 53 92 147 158 28 96 11 31 32 128 159 130 36 132 38 3 40 135 42 4 44 5 46 7 48 140 141 155 81 144 8 25 85 123 29 57 58 2 33 61 150 65 13 67 14 69 16 71 17 73 19 75 21 77 23 156 24 50 112 26 27 54 9 59 89 12 35 97 37 99 39 101 41 43 105 45 47 51 52 82 55 30 66 127 68 70 74 83 98 
63 109 87 91 93 34 95 102 134 49 78 137 114 116 56 118 120 60 122 62 124 64 126 128 103 131 132 76 106 153 79 80 110 20 138 84 140 86 142 88 144 90 145 92 147 94 148 96 11 129 149 150 72 133 152 14 107 108 135 42 111 1 5 46 113 154 115 156 117 157 119 26 121 158 123 29 125 31 2 33 100 151 159 35 104 15 38 39 136 4 17 73 6 7 21 77 139 160 141 51 143 53 8 55 146 57 9 59 10 61 12 130 36 65 66 3 40 69 70 18 19 43 105 22 23 47 155 81 24 83 25 85 27 28 89 30 32 13 67 97 98 16 71 101 44 45 74 48 50 112 52 54 58 37 99 127 41 75 82 68 
64 47 88 92 94 95 96 101 74 48 77 78 115 117 118 119 121 122 123 124 125 126 2 127 41 70 131 75 105 106 23 79 109 110 139 140 141 142 143 144 8 145 146 147 9 148 10 11 12 68 98 149 71 72 102 152 45 107 134 135 49 111 137 5 154 155 156 24 157 25 26 27 158 28 29 30 31 32 33 34 99 100 128 159 103 104 132 38 76 136 153 17 80 6 20 21 160 50 51 52 53 54 55 56 57 58 59 60 61 62 63 129 130 150 65 133 3 14 69 108 18 42 43 1 22 46 81 82 83 84 85 86 87 89 90 91 93 151 13 35 97 15 16 39 4 44 73 7 112 113 114 116 120 36 37 66 40 19 138 67 
65 24 5 38 13 35 97 2 8 50 51 52 17 6 20 21 3 14 69 36 37 66 127 9 10 11 12 25 26 27 81 82 83 84 18 42 43 1 22 46 47 15 16 39 101 67 68 98 149 28 29 30 31 32 33 34 53 54 55 56 112 113 114 115 4 44 73 74 7 48 77 78 40 41 70 131 99 100 128 159 57 58 59 60 61 62 63 64 85 86 87 88 138 139 140 141 19 75 105 106 23 79 109 110 71 72 102 152 129 130 150 89 90 91 92 93 94 95 96 116 117 118 119 154 155 156 45 107 134 135 49 111 137 103 104 132 151 120 121 122 123 124 125 126 142 143 144 160 76 136 153 80 133 145 146 147 148 157 108 158 
66 156 46 39 67 97 98 126 144 160 141 51 73 7 21 77 40 69 70 37 99 127 128 147 148 96 11 157 119 26 155 81 24 83 19 43 105 22 23 47 109 16 71 101 102 68 129 149 150 158 123 29 125 31 2 33 143 53 8 55 50 112 52 114 44 45 74 134 48 49 78 137 41 103 131 132 100 151 159 35 146 57 9 59 10 61 12 63 25 85 27 87 82 138 84 140 75 76 106 153 79 80 110 20 72 133 152 14 130 36 65 28 89 30 91 32 93 34 95 54 116 56 118 113 154 115 107 108 135 42 111 1 5 104 15 38 13 58 120 60 122 62 124 64 86 142 88 139 136 4 17 6 3 90 145 92 94 117 18 121 
67 160 22 40 97 37 99 125 157 141 155 81 44 46 7 48 69 16 71 66 127 68 129 146 126 148 10 119 143 53 156 24 50 112 73 19 75 21 77 23 79 39 101 41 103 98 149 100 151 147 158 28 96 11 31 32 144 8 25 85 51 52 82 138 43 105 45 107 47 109 49 111 70 131 72 133 128 159 130 36 123 29 57 58 2 33 61 62 26 27 54 116 83 84 113 154 74 134 76 136 78 137 80 6 102 152 104 15 150 65 13 9 59 89 90 12 63 93 94 55 56 86 142 114 115 139 106 153 108 18 110 20 1 132 38 3 35 30 91 120 121 34 95 124 87 88 117 140 135 42 4 5 14 60 122 145 64 118 17 92 
68 139 23 41 98 99 100 124 117 140 154 155 45 47 48 49 70 71 72 127 128 129 130 145 64 94 148 118 142 143 115 156 160 50 74 75 76 77 78 79 80 101 102 103 104 149 150 151 13 92 121 158 95 96 125 31 88 144 157 25 141 51 81 82 105 106 107 108 109 110 111 1 131 132 133 3 159 35 36 37 122 123 146 57 126 2 10 61 119 26 53 54 24 83 112 113 134 135 136 4 137 5 6 7 152 14 15 16 65 66 67 147 9 28 89 11 12 32 93 8 55 85 86 52 114 138 153 17 18 19 20 21 22 38 39 40 97 29 30 58 120 33 34 62 27 87 116 84 42 43 44 46 69 59 60 90 63 56 73 91 
69 119 43 97 16 39 101 123 141 143 144 8 21 44 73 74 37 66 127 40 41 70 131 96 146 147 9 155 156 24 157 25 26 27 22 46 47 19 75 105 106 67 68 98 149 71 72 102 152 125 126 2 158 28 29 30 160 50 51 52 53 54 55 56 7 48 77 78 45 107 134 135 99 100 128 159 103 104 132 38 148 10 11 12 57 58 59 60 81 82 83 84 85 86 87 88 23 79 109 110 76 136 153 17 129 130 150 65 133 3 14 31 32 33 34 89 90 91 92 112 113 114 115 116 117 118 49 111 137 5 108 18 42 151 13 35 15 61 62 63 64 120 121 122 138 139 140 142 80 6 20 4 36 93 94 95 145 154 1 124 
70 118 105 98 71 101 102 122 140 142 88 144 77 45 74 134 99 127 128 41 103 131 132 95 145 92 147 154 115 156 117 157 119 26 23 47 109 75 76 106 153 68 129 149 150 72 133 152 14 124 64 126 121 158 123 29 139 160 141 51 143 53 8 55 48 49 78 137 107 108 135 42 100 151 159 35 104 15 38 39 94 148 96 11 146 57 9 59 155 81 24 83 25 85 27 87 79 80 110 20 136 4 17 73 130 36 65 66 3 40 69 125 31 2 33 28 89 30 91 50 112 52 114 54 116 56 111 1 5 46 18 19 43 13 67 97 16 10 61 12 63 58 120 60 82 138 84 86 6 7 21 44 37 32 93 34 90 113 22 62 
71 142 75 99 101 41 103 121 154 88 117 157 48 105 45 107 127 68 129 70 131 72 133 94 122 145 146 115 139 160 118 119 143 53 77 23 79 74 134 76 136 98 149 100 151 102 152 104 15 95 124 125 92 147 158 28 140 141 155 81 144 8 25 85 47 109 49 111 106 153 108 18 128 159 130 36 132 38 3 40 64 126 148 10 123 29 57 58 156 24 50 112 26 27 54 116 78 137 80 6 135 42 4 44 150 65 13 67 14 69 16 96 11 31 32 9 59 89 90 51 52 82 138 55 56 86 110 20 1 22 17 73 19 35 97 37 39 2 33 61 62 30 91 120 83 84 113 87 5 46 7 43 66 12 63 93 60 114 21 34 
72 86 76 100 102 103 104 120 113 87 116 117 49 106 107 108 128 129 130 131 132 133 3 93 60 90 145 114 138 139 56 118 142 143 78 79 80 134 135 136 4 149 150 151 13 152 14 15 16 34 62 124 91 92 121 158 84 140 154 155 88 144 157 25 109 110 111 1 153 17 18 19 159 35 36 37 38 39 40 41 63 64 94 148 122 123 146 57 115 156 160 50 119 26 53 54 137 5 6 7 42 43 44 45 65 66 67 68 69 70 71 95 96 125 31 147 9 28 89 141 51 81 82 8 55 85 20 21 22 23 73 74 75 97 98 99 101 126 2 10 61 29 30 58 24 83 112 27 46 47 48 105 127 11 12 32 59 52 77 33 
73 158 66 46 19 43 105 155 148 123 146 57 39 67 97 98 7 21 77 44 45 74 134 143 156 160 50 96 125 31 147 9 28 89 40 69 70 37 99 127 128 22 23 47 109 75 76 106 153 144 157 25 141 51 81 82 126 2 10 61 29 30 58 120 16 71 101 102 68 129 149 150 48 49 78 137 107 108 135 42 119 26 53 54 24 83 112 113 11 12 32 93 59 60 90 145 41 103 131 132 100 151 159 35 79 80 110 20 136 4 17 8 55 85 86 52 114 138 139 33 34 62 124 91 92 121 72 133 152 14 130 36 65 111 1 5 18 27 87 116 117 84 140 154 63 64 94 122 104 15 38 13 6 56 118 142 115 95 3 88 
74 121 127 47 75 105 106 154 94 122 145 146 101 68 98 149 48 77 78 45 107 134 135 142 115 139 160 95 124 125 92 147 158 28 41 70 131 99 100 128 159 23 79 109 110 76 136 153 17 88 117 157 140 141 155 81 64 126 148 10 123 29 57 58 71 72 102 152 129 130 150 65 49 111 137 5 108 18 42 43 118 119 143 53 156 24 50 112 96 11 31 32 9 59 89 90 103 104 132 38 151 13 35 97 80 6 20 21 4 44 73 144 8 25 85 51 52 82 138 2 33 61 62 30 91 120 133 3 14 69 36 37 66 1 22 46 19 26 27 54 116 83 84 113 12 63 93 60 15 16 39 67 7 55 56 86 114 34 40 87 
75 122 99 48 105 45 107 140 95 145 92 147 71 127 68 129 77 23 79 74 134 76 136 118 154 115 156 124 64 126 121 158 123 29 101 41 103 98 149 100 151 47 109 49 111 106 153 108 18 142 88 144 139 160 141 51 94 148 96 11 146 57 9 59 70 131 72 133 128 159 130 36 78 137 80 6 135 42 4 44 117 157 119 26 155 81 24 83 125 31 2 33 28 89 30 91 102 152 104 15 150 65 13 67 110 20 1 22 17 73 19 143 53 8 55 50 112 52 114 10 61 12 63 58 120 60 132 38 3 40 35 97 37 5 46 7 43 25 85 27 87 82 138 84 32 93 34 90 14 69 16 66 21 54 116 56 113 62 39 86 
76 60 100 49 106 107 108 84 34 90 91 92 72 128 129 130 78 79 80 134 135 136 4 56 113 114 115 62 63 64 120 121 122 123 102 103 104 149 150 151 13 109 110 111 1 153 17 18 19 86 87 88 138 139 140 141 93 94 95 96 145 146 147 9 131 132 133 3 159 35 36 37 137 5 6 7 42 43 44 45 116 117 118 119 154 155 156 24 124 125 126 2 158 28 29 30 152 14 15 16 65 66 67 68 20 21 22 23 73 74 75 142 143 144 8 160 50 51 52 148 10 11 12 57 58 59 38 39 40 41 97 98 99 46 47 48 105 157 25 26 27 81 82 83 31 32 33 89 69 70 71 127 77 53 54 55 112 61 101 85 
77 124 70 105 23 47 109 117 145 64 94 148 98 71 101 102 45 74 134 48 49 78 137 139 118 142 143 92 121 158 95 96 125 31 99 127 128 41 103 131 132 75 76 106 153 79 80 110 20 140 154 155 88 144 157 25 122 123 146 57 126 2 10 61 68 129 149 150 72 133 152 14 107 108 135 42 111 1 5 46 115 156 160 50 119 26 53 54 147 9 28 89 11 12 32 93 100 151 159 35 104 15 38 39 136 4 17 73 6 7 21 141 51 81 82 8 55 85 86 29 30 58 120 33 34 62 130 36 65 66 3 40 69 18 19 43 22 24 83 112 113 27 87 116 59 60 90 63 13 67 97 16 44 52 114 138 56 91 37 84 
78 62 131 106 79 109 110 116 90 63 93 94 149 72 102 152 107 134 135 49 111 137 5 138 56 86 142 91 120 121 34 95 124 125 100 128 159 103 104 132 38 76 136 153 17 80 6 20 21 84 113 154 87 88 117 157 60 122 145 146 64 126 148 10 129 130 150 65 133 3 14 69 108 18 42 43 1 22 46 47 114 115 139 160 118 119 143 53 92 147 158 28 96 11 31 32 151 13 35 97 15 16 39 101 4 44 73 74 7 48 77 140 141 155 81 144 8 25 85 123 29 57 58 2 33 61 36 37 66 127 40 41 70 19 75 105 23 156 24 50 112 26 27 54 9 59 89 12 67 68 98 71 45 51 52 82 55 30 99 83 
79 63 103 107 109 49 111 87 91 93 34 95 129 131 72 133 134 76 136 78 137 80 6 114 116 56 118 120 60 122 62 124 64 126 149 100 151 102 152 104 15 106 153 108 18 110 20 1 22 138 84 140 86 142 88 144 90 145 92 147 94 148 96 11 128 159 130 36 132 38 3 40 135 42 4 44 5 46 7 48 113 154 115 156 117 157 119 26 121 158 123 29 125 31 2 33 150 65 13 67 14 69 16 71 17 73 19 75 21 77 23 139 160 141 51 143 53 8 55 146 57 9 59 10 61 12 35 97 37 99 39 101 41 43 105 45 47 155 81 24 83 25 85 27 28 89 30 32 66 127 68 70 74 50 112 52 54 58 98 82 
80 12 104 108 110 111 1 27 30 32 33 34 130 132 133 3 135 136 4 137 5 6 7 52 54 55 56 58 59 60 61 62 63 64 150 151 13 152 14 15 16 153 17 18 19 20 21 22 23 82 83 84 85 86 87 88 89 90 91 92 93 94 95 96 159 35 36 37 38 39 40 41 42 43 44 45 46 47 48 49 112 113 114 115 116 117 118 119 120 121 122 123 124 125 126 2 65 66 67 68 69 70 71 72 73 74 75 76 77 78 79 138 139 140 141 142 143 144 8 145 146 147 9 148 10 11 97 98 99 100 101 102 103 105 106 107 109 154 155 156 24 157 25 26 158 28 29 31 127 128 129 131 134 160 50 51 53 57 149 81 
81 65 10 53 24 50 112 5 38 13 35 97 28 11 31 32 8 25 85 51 52 82 138 17 6 20 21 3 14 69 36 37 66 127 29 57 58 2 33 61 62 26 27 54 116 83 84 113 154 18 42 43 1 22 46 47 15 16 39 101 67 68 98 149 9 59 89 90 12 63 93 94 55 56 86 142 114 115 139 160 4 44 73 74 7 48 77 78 40 41 70 131 99 100 128 159 30 91 120 121 34 95 124 125 87 88 117 157 140 141 155 19 75 105 106 23 79 109 110 71 72 102 152 129 130 150 60 122 145 146 64 126 148 118 119 143 156 45 107 134 135 49 111 137 103 104 132 151 92 147 158 96 144 76 136 153 80 133 123 108 
82 150 61 54 83 112 113 137 132 151 159 35 89 12 32 93 55 85 86 52 114 138 139 153 80 110 20 133 152 14 130 36 65 66 30 58 120 33 34 62 124 27 87 116 117 84 140 154 155 108 135 42 111 1 5 46 104 15 38 39 13 67 97 98 59 60 90 145 63 64 94 148 56 118 142 143 115 156 160 50 136 4 17 73 6 7 21 77 3 40 69 70 37 99 127 128 91 92 121 158 95 96 125 31 88 144 157 25 141 51 81 18 19 43 105 22 23 47 109 16 71 101 102 68 129 149 122 123 146 57 126 2 10 119 26 53 24 44 45 74 134 48 49 78 41 103 131 100 147 9 28 11 8 75 76 106 79 72 29 107 
83 151 33 55 112 52 114 111 133 159 130 36 59 61 12 63 85 27 87 82 138 84 140 136 137 80 6 152 104 15 150 65 13 67 89 30 91 32 93 34 95 54 116 56 118 113 154 115 156 153 108 18 110 20 1 22 132 38 3 40 35 97 37 99 58 120 60 122 62 124 64 126 86 142 88 144 139 160 141 51 135 42 4 44 5 46 7 48 14 69 16 71 66 127 68 129 90 145 92 147 94 148 96 11 117 157 119 26 155 81 24 17 73 19 75 21 77 23 79 39 101 41 103 98 149 100 121 158 123 29 125 31 2 143 53 8 50 43 105 45 107 47 109 49 70 131 72 128 146 57 9 10 25 74 134 76 78 102 28 106 
84 100 34 56 113 114 115 49 72 128 129 130 60 62 63 64 86 87 88 138 139 140 141 76 78 79 80 102 103 104 149 150 151 13 90 91 92 93 94 95 96 116 117 118 119 154 155 156 24 106 107 108 109 110 111 1 131 132 133 3 159 35 36 37 120 121 122 123 124 125 126 2 142 143 144 8 160 50 51 52 134 135 136 4 137 5 6 7 152 14 15 16 65 66 67 68 145 146 147 9 148 10 11 12 157 25 26 27 81 82 83 153 17 18 19 20 21 22 23 38 39 40 41 97 98 99 158 28 29 30 31 32 33 53 54 55 112 42 43 44 45 46 47 48 69 70 71 127 57 58 59 61 85 73 74 75 77 101 89 105 
85 152 58 112 27 54 116 135 159 104 132 38 32 59 89 90 52 82 138 55 56 86 142 110 136 153 17 130 150 65 133 3 14 69 33 61 62 30 91 120 121 83 84 113 154 87 88 117 157 111 137 5 108 18 42 43 151 13 35 97 15 16 39 101 12 63 93 94 60 122 145 146 114 115 139 160 118 119 143 53 80 6 20 21 4 44 73 74 36 37 66 127 40 41 70 131 34 95 124 125 92 147 158 28 140 141 155 81 144 8 25 1 22 46 47 19 75 105 106 67 68 98 149 71 72 102 64 126 148 10 123 29 57 156 24 50 26 7 48 77 78 45 107 134 99 100 128 103 96 11 31 9 51 23 79 109 76 129 2 49 
86 102 120 113 87 116 117 134 128 103 131 132 93 60 90 145 114 138 139 56 118 142 143 109 76 106 153 129 149 150 72 133 152 14 34 62 124 91 92 121 158 84 140 154 155 88 144 157 25 49 78 137 107 108 135 42 100 151 159 35 104 15 38 39 63 64 94 148 122 123 146 57 115 156 160 50 119 26 53 54 79 80 110 20 136 4 17 73 130 36 65 66 3 40 69 70 95 96 125 31 147 9 28 89 141 51 81 82 8 55 85 111 1 5 46 18 19 43 105 13 67 97 98 16 71 101 126 2 10 61 29 30 58 24 83 112 27 6 7 21 77 44 45 74 37 99 127 41 11 12 32 59 52 22 23 47 75 68 33 48 
87 103 91 114 116 56 118 107 129 131 72 133 63 120 60 122 138 84 140 86 142 88 144 79 134 76 136 149 100 151 102 152 104 15 93 34 95 90 145 92 147 113 154 115 156 117 157 119 26 109 49 111 106 153 108 18 128 159 130 36 132 38 3 40 62 124 64 126 121 158 123 29 139 160 141 51 143 53 8 55 78 137 80 6 135 42 4 44 150 65 13 67 14 69 16 71 94 148 96 11 146 57 9 59 155 81 24 83 25 85 27 110 20 1 22 17 73 19 75 35 97 37 99 39 101 41 125 31 2 33 28 89 30 50 112 52 54 5 46 7 48 43 105 45 66 127 68 70 10 61 12 58 82 21 77 23 74 98 32 47 
88 41 92 115 117 118 119 45 68 70 71 72 64 121 122 123 139 140 141 142 143 144 8 23 74 75 76 98 99 100 101 102 103 104 94 95 96 145 146 147 9 154 155 156 24 157 25 26 27 47 48 49 105 106 107 108 127 128 129 130 131 132 133 3 124 125 126 2 158 28 29 30 160 50 51 52 53 54 55 56 77 78 79 80 134 135 136 4 149 150 151 13 152 14 15 16 148 10 11 12 57 58 59 60 81 82 83 84 85 86 87 109 110 111 1 153 17 18 19 159 35 36 37 38 39 40 31 32 33 34 89 90 91 112 113 114 116 137 5 6 7 42 43 44 65 66 67 69 61 62 63 120 138 20 21 22 73 97 93 46 
89 108 82 61 30 58 120 130 80 135 136 4 54 83 112 113 12 32 93 59 60 90 145 104 150 151 13 110 111 1 153 17 18 19 55 85 86 52 114 138 139 33 34 62 124 91 92 121 158 132 133 3 159 35 36 37 137 5 6 7 42 43 44 45 27 87 116 117 84 140 154 155 63 64 94 148 122 123 146 57 152 14 15 16 65 66 67 68 20 21 22 23 73 74 75 76 56 118 142 143 115 156 160 50 95 96 125 31 147 9 28 38 39 40 41 97 98 99 100 46 47 48 49 105 106 107 88 144 157 25 141 51 81 126 2 10 29 69 70 71 72 127 128 129 77 78 79 134 119 26 53 24 11 101 102 103 149 109 8 131 
90 107 138 62 91 120 121 129 79 134 76 136 116 84 113 154 63 93 94 60 122 145 146 103 149 100 151 109 49 111 106 153 108 18 56 86 142 114 115 139 160 34 95 124 125 92 147 158 28 131 72 133 128 159 130 36 78 137 80 6 135 42 4 44 87 88 117 157 140 141 155 81 64 126 148 10 123 29 57 58 102 152 104 15 150 65 13 67 110 20 1 22 17 73 19 75 118 119 143 53 156 24 50 112 96 11 31 32 9 59 89 132 38 3 40 35 97 37 99 5 46 7 48 43 105 45 144 8 25 85 51 52 82 2 33 61 30 14 69 16 71 66 127 68 21 77 23 74 26 27 54 83 12 39 101 41 98 47 55 70 
91 134 114 63 120 60 122 128 109 76 106 153 87 138 84 140 93 34 95 90 145 92 147 102 129 149 150 49 78 137 107 108 135 42 116 56 118 113 154 115 156 62 124 64 126 121 158 123 29 103 131 132 100 151 159 35 79 80 110 20 136 4 17 73 86 142 88 144 139 160 141 51 94 148 96 11 146 57 9 59 72 133 152 14 130 36 65 66 111 1 5 46 18 19 43 105 117 157 119 26 155 81 24 83 125 31 2 33 28 89 30 104 15 38 39 13 67 97 98 6 7 21 77 44 45 74 143 53 8 55 50 112 52 10 61 12 58 3 40 69 70 37 99 127 22 23 47 75 25 85 27 82 32 16 71 101 68 48 54 41 
92 74 115 64 121 122 123 127 47 75 105 106 88 139 140 141 94 95 96 145 146 147 9 101 68 98 149 48 77 78 45 107 134 135 117 118 119 154 155 156 24 124 125 126 2 158 28 29 30 41 70 131 99 100 128 159 23 79 109 110 76 136 153 17 142 143 144 8 160 50 51 52 148 10 11 12 57 58 59 60 71 72 102 152 129 130 150 65 49 111 137 5 108 18 42 43 157 25 26 27 81 82 83 84 31 32 33 34 89 90 91 103 104 132 38 151 13 35 97 80 6 20 21 4 44 73 53 54 55 56 112 113 114 61 62 63 120 133 3 14 69 36 37 66 1 22 46 19 85 86 87 138 93 15 16 39 67 7 116 40 
93 49 86 120 34 62 124 72 76 78 79 80 113 87 116 117 60 90 145 63 64 94 148 100 102 103 104 106 107 108 109 110 111 1 114 138 139 56 118 142 143 91 92 121 158 95 96 125 31 128 129 130 131 132 133 3 134 135 136 4 137 5 6 7 84 140 154 155 88 144 157 25 122 123 146 57 126 2 10 61 149 150 151 13 152 14 15 16 153 17 18 19 20 21 22 23 115 156 160 50 119 26 53 54 147 9 28 89 11 12 32 159 35 36 37 38 39 40 41 42 43 44 45 46 47 48 141 51 81 82 8 55 85 29 30 58 33 65 66 67 68 69 70 71 73 74 75 77 24 83 112 27 59 97 98 99 101 105 52 127 
94 48 142 121 95 124 125 71 75 77 23 79 154 88 117 157 122 145 146 64 126 148 10 99 101 41 103 105 45 107 47 109 49 111 115 139 160 118 119 143 53 92 147 158 28 96 11 31 32 127 68 129 70 131 72 133 74 134 76 136 78 137 80 6 140 141 155 81 144 8 25 85 123 29 57 58 2 33 61 62 98 149 100 151 102 152 104 15 106 153 108 18 110 20 1 22 156 24 50 112 26 27 54 116 9 59 89 90 12 63 93 128 159 130 36 132 38 3 40 135 42 4 44 5 46 7 51 52 82 138 55 56 86 30 91 120 34 150 65 13 67 14 69 16 17 73 19 21 83 84 113 87 60 35 97 37 39 43 114 66 
95 77 118 122 124 64 126 70 105 23 47 109 140 142 88 144 145 92 147 94 148 96 11 98 71 101 102 45 74 134 48 49 78 137 154 115 156 117 157 119 26 121 158 123 29 125 31 2 33 99 127 128 41 103 131 132 75 76 106 153 79 80 110 20 139 160 141 51 143 53 8 55 146 57 9 59 10 61 12 63 68 129 149 150 72 133 152 14 107 108 135 42 111 1 5 46 155 81 24 83 25 85 27 87 28 89 30 91 32 93 34 100 151 159 35 104 15 38 39 136 4 17 73 6 7 21 50 112 52 114 54 116 56 58 120 60 62 130 36 65 66 3 40 69 18 19 43 22 82 138 84 86 90 13 67 97 16 44 113 37 
96 21 119 123 125 126 2 69 43 22 46 47 141 143 144 8 146 147 9 148 10 11 12 97 16 39 101 44 73 74 7 48 77 78 155 156 24 157 25 26 27 158 28 29 30 31 32 33 34 37 66 127 40 41 70 131 19 75 105 106 23 79 109 110 160 50 51 52 53 54 55 56 57 58 59 60 61 62 63 64 67 68 98 149 71 72 102 152 45 107 134 135 49 111 137 5 81 82 83 84 85 86 87 88 89 90 91 92 93 94 95 99 100 128 159 103 104 132 38 76 136 153 17 80 6 20 112 113 114 115 116 117 118 120 121 122 124 129 130 150 65 133 3 14 108 18 42 1 138 139 140 142 145 151 13 35 15 4 154 36 
97 141 21 69 37 66 127 96 119 155 156 24 43 22 46 47 16 39 101 67 68 98 149 123 125 126 2 143 144 8 160 50 51 52 44 73 74 7 48 77 78 40 41 70 131 99 100 128 159 146 147 9 148 10 11 12 157 25 26 27 81 82 83 84 19 75 105 106 23 79 109 110 71 72 102 152 129 130 150 65 158 28 29 30 31 32 33 34 53 54 55 56 112 113 114 115 45 107 134 135 49 111 137 5 103 104 132 38 151 13 35 57 58 59 60 61 62 63 64 85 86 87 88 138 139 140 76 136 153 17 80 6 20 133 3 14 36 89 90 91 92 93 94 95 116 117 118 154 108 18 42 1 15 120 121 122 124 142 4 145 
98 140 77 70 99 127 128 95 118 154 115 156 105 23 47 109 71 101 102 68 129 149 150 122 124 64 126 142 88 144 139 160 141 51 45 74 134 48 49 78 137 41 103 131 132 100 151 159 35 145 92 147 94 148 96 11 117 157 119 26 155 81 24 83 75 76 106 153 79 80 110 20 72 133 152 14 130 36 65 66 121 158 123 29 125 31 2 33 143 53 8 55 50 112 52 114 107 108 135 42 111 1 5 46 104 15 38 39 13 67 97 146 57 9 59 10 61 12 63 25 85 27 87 82 138 84 136 4 17 73 6 7 21 3 40 69 37 28 89 30 91 32 93 34 54 116 56 113 18 19 43 22 16 58 120 60 62 86 44 90 
99 154 48 71 127 68 129 94 142 115 139 160 75 77 23 79 101 41 103 98 149 100 151 121 95 124 125 88 117 157 140 141 155 81 105 45 107 47 109 49 111 70 131 72 133 128 159 130 36 122 145 146 64 126 148 10 118 119 143 53 156 24 50 112 74 134 76 136 78 137 80 6 102 152 104 15 150 65 13 67 92 147 158 28 96 11 31 32 144 8 25 85 51 52 82 138 106 153 108 18 110 20 1 22 132 38 3 40 35 97 37 123 29 57 58 2 33 61 62 26 27 54 116 83 84 113 135 42 4 44 5 46 7 14 69 16 66 9 59 89 90 12 63 93 55 56 86 114 17 73 19 21 39 30 91 120 34 87 43 60 
100 113 49 72 128 129 130 93 86 114 138 139 76 78 79 80 102 103 104 149 150 151 13 120 34 62 124 87 116 117 84 140 154 155 106 107 108 109 110 111 1 131 132 133 3 159 35 36 37 60 90 145 63 64 94 148 56 118 142 143 115 156 160 50 134 135 136 4 137 5 6 7 152 14 15 16 65 66 67 68 91 92 121 158 95 96 125 31 88 144 157 25 141 51 81 82 153 17 18 19 20 21 22 23 38 39 40 41 97 98 99 122 123 146 57 126 2 10 61 119 26 53 54 24 83 112 42 43 44 45 46 47 48 69 70 71 127 147 9 28 89 11 12 32 8 55 85 52 73 74 75 77 101 29 30 58 33 27 105 59 
101 88 74 127 41 70 131 92 115 117 118 119 47 75 105 106 68 98 149 71 72 102 152 64 121 122 123 139 140 141 142 143 144 8 48 77 78 45 107 134 135 99 100 128 159 103 104 132 38 94 95 96 145 146 147 9 154 155 156 24 157 25 26 27 23 79 109 110 76 136 153 17 129 130 150 65 133 3 14 69 124 125 126 2 158 28 29 30 160 50 51 52 53 54 55 56 49 111 137 5 108 18 42 43 151 13 35 97 15 16 39 148 10 11 12 57 58 59 60 81 82 83 84 85 86 87 80 6 20 21 4 44 73 36 37 66 40 31 32 33 34 89 90 91 112 113 114 116 1 22 46 19 67 61 62 63 120 138 7 93 
102 87 134 128 103 131 132 91 114 116 56 118 109 76 106 153 129 149 150 72 133 152 14 63 120 60 122 138 84 140 86 142 88 144 49 78 137 107 108 135 42 100 151 159 35 104 15 38 39 93 34 95 90 145 92 147 113 154 115 156 117 157 119 26 79 80 110 20 136 4 17 73 130 36 65 66 3 40 69 70 62 124 64 126 121 158 123 29 139 160 141 51 143 53 8 55 111 1 5 46 18 19 43 105 13 67 97 98 16 71 101 94 148 96 11 146 57 9 59 155 81 24 83 25 85 27 6 7 21 77 44 45 74 37 99 127 41 125 31 2 33 28 89 30 50 112 52 54 22 23 47 75 68 10 61 12 58 82 48 32 
103 116 107 129 131 72 133 90 138 56 86 142 79 134 76 136 149 100 151 102 152 104 15 62 91 120 121 84 113 154 87 88 117 157 109 49 111 106 153 108 18 128 159 130 36 132 38 3 40 63 93 94 60 122 145 146 114 115 139 160 118 119 143 53 78 137 80 6 135 42 4 44 150 65 13 67 14 69 16 71 34 95 124 125 92 147 158 28 140 141 155 81 144 8 25 85 110 20 1 22 17 73 19 75 35 97 37 99 39 101 41 64 126 148 10 123 29 57 58 156 24 50 112 26 27 54 5 46 7 48 43 105 45 66 127 68 70 96 11 31 32 9 59 89 51 52 82 55 21 77 23 74 98 2 33 61 30 83 47 12 
104 54 108 130 132 133 3 89 82 55 85 86 80 135 136 4 150 151 13 152 14 15 16 61 30 58 120 83 112 113 27 87 116 117 110 111 1 153 17 18 19 159 35 36 37 38 39 40 41 12 32 93 59 60 90 145 52 114 138 139 56 118 142 143 137 5 6 7 42 43 44 45 65 66 67 68 69 70 71 72 33 34 62 124 91 92 121 158 84 140 154 155 88 144 157 25 20 21 22 23 73 74 75 76 97 98 99 100 101 102 103 63 64 94 148 122 123 146 57 115 156 160 50 119 26 53 46 47 48 49 105 106 107 127 128 129 131 95 96 125 31 147 9 28 141 51 81 8 77 78 79 134 149 126 2 10 29 24 109 11 
105 145 98 77 45 74 134 139 124 92 121 158 70 99 127 128 23 47 109 75 76 106 153 117 140 154 155 64 94 148 122 123 146 57 71 101 102 68 129 149 150 48 49 78 137 107 108 135 42 118 142 143 115 156 160 50 95 96 125 31 147 9 28 89 41 103 131 132 100 151 159 35 79 80 110 20 136 4 17 73 88 144 157 25 141 51 81 82 126 2 10 61 29 30 58 120 72 133 152 14 130 36 65 66 111 1 5 46 18 19 43 119 26 53 54 24 83 112 113 11 12 32 93 59 60 90 104 15 38 39 13 67 97 6 7 21 44 8 55 85 86 52 114 138 33 34 62 91 3 40 69 37 22 27 87 116 84 63 16 56 
106 90 149 78 107 134 135 138 62 91 120 121 131 100 128 159 79 109 110 76 136 153 17 116 84 113 154 63 93 94 60 122 145 146 72 102 152 129 130 150 65 49 111 137 5 108 18 42 43 56 86 142 114 115 139 160 34 95 124 125 92 147 158 28 103 104 132 38 151 13 35 97 80 6 20 21 4 44 73 74 87 88 117 157 140 141 155 81 64 126 148 10 123 29 57 58 133 3 14 69 36 37 66 127 1 22 46 47 19 75 105 118 119 143 53 156 24 50 112 96 11 31 32 9 59 89 15 16 39 101 67 68 98 7 48 77 45 144 8 25 85 51 52 82 2 33 61 30 40 41 70 99 23 26 27 54 83 12 71 55 
107 91 129 79 134 76 136 114 63 120 60 122 103 149 100 151 109 49 111 106 153 108 18 87 138 84 140 93 34 95 90 145 92 147 131 72 133 128 159 130 36 78 137 80 6 135 42 4 44 116 56 118 113 154 115 156 62 124 64 126 121 158 123 29 102 152 104 15 150 65 13 67 110 20 1 22 17 73 19 75 86 142 88 144 139 160 141 51 94 148 96 11 146 57 9 59 132 38 3 40 35 97 37 99 5 46 7 48 43 105 45 117 157 119 26 155 81 24 83 125 31 2 33 28 89 30 14 69 16 71 66 127 68 21 77 23 74 143 53 8 55 50 112 52 10 61 12 58 39 101 41 98 47 25 85 27 82 32 70 54 
108 30 130 80 135 136 4 52 12 58 59 60 104 150 151 13 110 111 1 153 17 18 19 27 82 83 84 32 33 34 89 90 91 92 132 133 3 159 35 36 37 137 5 6 7 42 43 44 45 54 55 56 112 113 114 115 61 62 63 64 120 121 122 123 152 14 15 16 65 66 67 68 20 21 22 23 73 74 75 76 85 86 87 88 138 139 140 141 93 94 95 96 145 146 147 9 38 39 40 41 97 98 99 100 46 47 48 49 105 106 107 116 117 118 119 154 155 156 24 124 125 126 2 158 28 29 69 70 71 72 127 128 129 77 78 79 134 142 143 144 8 160 50 51 148 10 11 57 101 102 103 149 109 157 25 26 81 31 131 53 
109 93 102 134 49 78 137 86 120 34 62 124 128 103 131 132 76 106 153 79 80 110 20 113 87 116 117 60 90 145 63 64 94 148 129 149 150 72 133 152 14 107 108 135 42 111 1 5 46 114 138 139 56 118 142 143 91 92 121 158 95 96 125 31 100 151 159 35 104 15 38 39 136 4 17 73 6 7 21 77 84 140 154 155 88 144 157 25 122 123 146 57 126 2 10 61 130 36 65 66 3 40 69 70 18 19 43 105 22 23 47 115 156 160 50 119 26 53 54 147 9 28 89 11 12 32 13 67 97 98 16 71 101 44 45 74 48 141 51 81 82 8 55 85 29 30 58 33 37 99 127 41 75 24 83 112 27 59 68 52 
110 32 152 135 111 137 5 85 58 33 61 62 159 104 132 38 136 153 17 80 6 20 21 112 27 54 116 59 89 90 12 63 93 94 130 150 65 133 3 14 69 108 18 42 43 1 22 46 47 52 82 138 55 56 86 142 30 91 120 121 34 95 124 125 151 13 35 97 15 16 39 101 4 44 73 74 7 48 77 78 83 84 113 154 87 88 117 157 60 122 145 146 64 126 148 10 36 37 66 127 40 41 70 131 19 75 105 106 23 79 109 114 115 139 160 118 119 143 53 92 147 158 28 96 11 31 67 68 98 149 71 72 102 45 107 134 49 140 141 155 81 144 8 25 123 29 57 2 99 100 128 103 76 156 24 50 26 9 129 51 
111 33 133 136 137 80 6 55 59 61 12 63 151 152 104 15 153 108 18 110 20 1 22 83 85 27 87 89 30 91 32 93 34 95 159 130 36 132 38 3 40 135 42 4 44 5 46 7 48 112 52 114 54 116 56 118 58 120 60 122 62 124 64 126 150 65 13 67 14 69 16 71 17 73 19 75 21 77 23 79 82 138 84 140 86 142 88 144 90 145 92 147 94 148 96 11 35 97 37 99 39 101 41 103 43 105 45 107 47 109 49 113 154 115 156 117 157 119 26 121 158 123 29 125 31 2 66 127 68 129 70 131 72 74 134 76 78 139 160 141 51 143 53 8 146 57 9 10 98 149 100 102 106 155 81 24 25 28 128 50 
112 159 32 85 52 82 138 110 152 130 150 65 58 33 61 62 27 54 116 83 84 113 154 135 111 137 5 104 132 38 151 13 35 97 59 89 90 12 63 93 94 55 56 86 142 114 115 139 160 136 153 17 80 6 20 21 133 3 14 69 36 37 66 127 30 91 120 121 34 95 124 125 87 88 117 157 140 141 155 81 108 18 42 43 1 22 46 47 15 16 39 101 67 68 98 149 60 122 145 146 64 126 148 10 118 119 143 53 156 24 50 4 44 73 74 7 48 77 78 40 41 70 131 99 100 128 92 147 158 28 96 11 31 144 8 25 51 19 75 105 106 23 79 109 71 72 102 129 123 29 57 2 26 45 107 134 49 103 9 76 
113 128 93 86 114 138 139 109 102 129 149 150 120 34 62 124 87 116 117 84 140 154 155 134 49 78 137 103 131 132 100 151 159 35 60 90 145 63 64 94 148 56 118 142 143 115 156 160 50 76 106 153 79 80 110 20 72 133 152 14 130 36 65 66 91 92 121 158 95 96 125 31 88 144 157 25 141 51 81 82 107 108 135 42 111 1 5 46 104 15 38 39 13 67 97 98 122 123 146 57 126 2 10 61 119 26 53 54 24 83 112 136 4 17 73 6 7 21 77 3 40 69 70 37 99 127 147 9 28 89 11 12 32 8 55 85 52 18 19 43 105 22 23 47 16 71 101 68 29 30 58 33 27 44 45 74 48 41 59 75 
114 129 63 87 138 84 140 79 103 149 100 151 91 93 34 95 116 56 118 113 154 115 156 107 109 49 111 131 72 133 128 159 130 36 120 60 122 62 124 64 126 86 142 88 144 139 160 141 51 134 76 136 78 137 80 6 102 152 104 15 150 65 13 67 90 145 92 147 94 148 96 11 117 157 119 26 155 81 24 83 106 153 108 18 110 20 1 22 132 38 3 40 35 97 37 99 121 158 123 29 125 31 2 33 143 53 8 55 50 112 52 135 42 4 44 5 46 7 48 14 69 16 71 66 127 68 146 57 9 59 10 61 12 25 85 27 82 17 73 19 75 21 77 23 39 101 41 98 28 89 30 32 54 43 105 45 47 70 58 74 
115 68 64 88 139 140 141 23 41 98 99 100 92 94 95 96 117 118 119 154 155 156 24 45 47 48 49 70 71 72 127 128 129 130 121 122 123 124 125 126 2 142 143 144 8 160 50 51 52 74 75 76 77 78 79 80 101 102 103 104 149 150 151 13 145 146 147 9 148 10 11 12 157 25 26 27 81 82 83 84 105 106 107 108 109 110 111 1 131 132 133 3 159 35 36 37 158 28 29 30 31 32 33 34 53 54 55 56 112 113 114 134 135 136 4 137 5 6 7 152 14 15 16 65 66 67 57 58 59 60 61 62 63 85 86 87 138 153 17 18 19 20 21 22 38 39 40 97 89 90 91 93 116 42 43 44 46 69 120 73 
116 131 90 138 56 86 142 106 149 72 102 152 62 91 120 121 84 113 154 87 88 117 157 78 107 134 135 100 128 159 103 104 132 38 63 93 94 60 122 145 146 114 115 139 160 118 119 143 53 79 109 110 76 136 153 17 129 130 150 65 133 3 14 69 34 95 124 125 92 147 158 28 140 141 155 81 144 8 25 85 49 111 137 5 108 18 42 43 151 13 35 97 15 16 39 101 64 126 148 10 123 29 57 58 156 24 50 112 26 27 54 80 6 20 21 4 44 73 74 36 37 66 127 40 41 70 96 11 31 32 9 59 89 51 52 82 55 1 22 46 47 19 75 105 67 68 98 71 2 33 61 30 83 7 48 77 45 99 12 23 
117 70 145 139 118 142 143 105 98 71 101 102 124 92 121 158 140 154 155 88 144 157 25 77 45 74 134 99 127 128 41 103 131 132 64 94 148 122 123 146 57 115 156 160 50 119 26 53 54 23 47 109 75 76 106 153 68 129 149 150 72 133 152 14 95 96 125 31 147 9 28 89 141 51 81 82 8 55 85 86 48 49 78 137 107 108 135 42 100 151 159 35 104 15 38 39 126 2 10 61 29 30 58 120 24 83 112 113 27 87 116 79 80 110 20 136 4 17 73 130 36 65 66 3 40 69 11 12 32 93 59 60 90 52 114 138 56 111 1 5 46 18 19 43 13 67 97 16 33 34 62 91 84 6 7 21 44 37 63 22 
118 71 122 140 142 88 144 75 99 101 41 103 95 145 92 147 154 115 156 117 157 119 26 48 105 45 107 127 68 129 70 131 72 133 124 64 126 121 158 123 29 139 160 141 51 143 53 8 55 77 23 79 74 134 76 136 98 149 100 151 102 152 104 15 94 148 96 11 146 57 9 59 155 81 24 83 25 85 27 87 47 109 49 111 106 153 108 18 128 159 130 36 132 38 3 40 125 31 2 33 28 89 30 91 50 112 52 114 54 116 56 78 137 80 6 135 42 4 44 150 65 13 67 14 69 16 10 61 12 63 58 120 60 82 138 84 86 110 20 1 22 17 73 19 35 97 37 39 32 93 34 90 113 5 46 7 43 66 62 21 
119 16 123 141 143 144 8 19 37 39 40 41 96 146 147 9 155 156 24 157 25 26 27 7 43 44 45 66 67 68 69 70 71 72 125 126 2 158 28 29 30 160 50 51 52 53 54 55 56 21 22 23 73 74 75 76 97 98 99 100 101 102 103 104 148 10 11 12 57 58 59 60 81 82 83 84 85 86 87 88 46 47 48 49 105 106 107 108 127 128 129 130 131 132 133 3 31 32 33 34 89 90 91 92 112 113 114 115 116 117 118 77 78 79 80 134 135 136 4 149 150 151 13 152 14 15 61 62 63 64 120 121 122 138 139 140 142 109 110 111 1 153 17 18 159 35 36 38 93 94 95 145 154 137 5 6 42 65 124 20 
120 76 113 93 60 90 145 100 49 106 107 108 86 114 138 139 34 62 124 91 92 121 158 72 128 129 130 78 79 80 134 135 136 4 87 116 117 84 140 154 155 63 64 94 148 122 123 146 57 102 103 104 149 150 151 13 109 110 111 1 153 17 18 19 56 118 142 143 115 156 160 50 95 96 125 31 147 9 28 89 131 132 133 3 159 35 36 37 137 5 6 7 42 43 44 45 88 144 157 25 141 51 81 82 126 2 10 61 29 30 58 152 14 15 16 65 66 67 68 20 21 22 23 73 74 75 119 26 53 54 24 83 112 11 12 32 59 38 39 40 41 97 98 99 46 47 48 105 8 55 85 52 33 69 70 71 127 77 27 101 
121 75 154 94 122 145 146 99 48 105 45 107 142 115 139 160 95 124 125 92 147 158 28 71 127 68 129 77 23 79 74 134 76 136 88 117 157 140 141 155 81 64 126 148 10 123 29 57 58 101 41 103 98 149 100 151 47 109 49 111 106 153 108 18 118 119 143 53 156 24 50 112 96 11 31 32 9 59 89 90 70 131 72 133 128 159 130 36 78 137 80 6 135 42 4 44 144 8 25 85 51 52 82 138 2 33 61 62 30 91 120 102 152 104 15 150 65 13 67 110 20 1 22 17 73 19 26 27 54 116 83 84 113 12 63 93 60 132 38 3 40 35 97 37 5 46 7 43 55 56 86 114 34 14 69 16 66 21 87 39 
122 105 140 95 145 92 147 98 77 45 74 134 118 154 115 156 124 64 126 121 158 123 29 70 99 127 128 23 47 109 75 76 106 153 142 88 144 139 160 141 51 94 148 96 11 146 57 9 59 71 101 102 68 129 149 150 48 49 78 137 107 108 135 42 117 157 119 26 155 81 24 83 125 31 2 33 28 89 30 91 41 103 131 132 100 151 159 35 79 80 110 20 136 4 17 73 143 53 8 55 50 112 52 114 10 61 12 63 58 120 60 72 133 152 14 130 36 65 66 111 1 5 46 18 19 43 25 85 27 87 82 138 84 32 93 34 90 104 15 38 39 13 67 97 6 7 21 44 54 116 56 113 62 3 40 69 37 22 86 16 
123 43 141 96 146 147 9 97 21 44 73 74 119 155 156 24 125 126 2 158 28 29 30 69 37 66 127 22 46 47 19 75 105 106 143 144 8 160 50 51 52 148 10 11 12 57 58 59 60 16 39 101 67 68 98 149 7 48 77 78 45 107 134 135 157 25 26 27 81 82 83 84 31 32 33 34 89 90 91 92 40 41 70 131 99 100 128 159 23 79 109 110 76 136 153 17 53 54 55 56 112 113 114 115 61 62 63 64 120 121 122 71 72 102 152 129 130 150 65 49 111 137 5 108 18 42 85 86 87 88 138 139 140 93 94 95 145 103 104 132 38 151 13 35 80 6 20 4 116 117 118 154 124 133 3 14 36 1 142 15 
124 23 117 145 64 94 148 41 45 47 48 49 139 118 142 143 92 121 158 95 96 125 31 68 70 71 72 74 75 76 77 78 79 80 140 154 155 88 144 157 25 122 123 146 57 126 2 10 61 98 99 100 101 102 103 104 105 106 107 108 109 110 111 1 115 156 160 50 119 26 53 54 147 9 28 89 11 12 32 93 127 128 129 130 131 132 133 3 134 135 136 4 137 5 6 7 141 51 81 82 8 55 85 86 29 30 58 120 33 34 62 149 150 151 13 152 14 15 16 153 17 18 19 20 21 22 24 83 112 113 27 87 116 59 60 90 63 159 35 36 37 38 39 40 42 43 44 46 52 114 138 56 91 65 66 67 69 73 84 97 
125 22 157 146 126 148 10 40 44 46 7 48 160 119 143 53 147 158 28 96 11 31 32 67 69 16 71 73 19 75 21 77 23 79 141 155 81 144 8 25 85 123 29 57 58 2 33 61 62 97 37 99 39 101 41 103 43 105 45 107 47 109 49 111 156 24 50 112 26 27 54 116 9 59 89 90 12 63 93 94 66 127 68 129 70 131 72 133 74 134 76 136 78 137 80 6 51 52 82 138 55 56 86 142 30 91 120 121 34 95 124 98 149 100 151 102 152 104 15 106 153 108 18 110 20 1 83 84 113 154 87 88 117 60 122 145 64 128 159 130 36 132 38 3 135 42 4 5 114 115 139 118 92 150 65 13 14 17 140 35 
126 46 144 147 148 96 11 39 73 7 21 77 156 157 119 26 158 123 29 125 31 2 33 66 40 69 70 19 43 105 22 23 47 109 160 141 51 143 53 8 55 146 57 9 59 10 61 12 63 67 97 98 16 71 101 102 44 45 74 134 48 49 78 137 155 81 24 83 25 85 27 87 28 89 30 91 32 93 34 95 37 99 127 128 41 103 131 132 75 76 106 153 79 80 110 20 50 112 52 114 54 116 56 118 58 120 60 122 62 124 64 68 129 149 150 72 133 152 14 107 108 135 42 111 1 5 82 138 84 140 86 142 88 90 145 92 94 100 151 159 35 104 15 38 136 4 17 6 113 154 115 117 121 130 36 65 3 18 139 13 
127 115 47 101 68 98 149 64 88 139 140 141 74 48 77 78 41 70 131 99 100 128 159 92 94 95 96 117 118 119 154 155 156 24 75 105 106 23 79 109 110 71 72 102 152 129 130 150 65 121 122 123 124 125 126 2 142 143 144 8 160 50 51 52 45 107 134 135 49 111 137 5 103 104 132 38 151 13 35 97 145 146 147 9 148 10 11 12 157 25 26 27 81 82 83 84 76 136 153 17 80 6 20 21 133 3 14 69 36 37 66 158 28 29 30 31 32 33 34 53 54 55 56 112 113 114 108 18 42 43 1 22 46 15 16 39 67 57 58 59 60 61 62 63 85 86 87 138 4 44 73 7 40 89 90 91 93 116 19 120 
128 114 109 102 129 149 150 63 87 138 84 140 134 49 78 137 103 131 132 100 151 159 35 91 93 34 95 116 56 118 113 154 115 156 76 106 153 79 80 110 20 72 133 152 14 130 36 65 66 120 60 122 62 124 64 126 86 142 88 144 139 160 141 51 107 108 135 42 111 1 5 46 104 15 38 39 13 67 97 98 90 145 92 147 94 148 96 11 117 157 119 26 155 81 24 83 136 4 17 73 6 7 21 77 3 40 69 70 37 99 127 121 158 123 29 125 31 2 33 143 53 8 55 50 112 52 18 19 43 105 22 23 47 16 71 101 68 146 57 9 59 10 61 12 25 85 27 82 44 45 74 48 41 28 89 30 32 54 75 58 
129 138 79 103 149 100 151 62 116 84 113 154 107 109 49 111 131 72 133 128 159 130 36 90 63 93 94 56 86 142 114 115 139 160 134 76 136 78 137 80 6 102 152 104 15 150 65 13 67 91 120 121 34 95 124 125 87 88 117 157 140 141 155 81 106 153 108 18 110 20 1 22 132 38 3 40 35 97 37 99 60 122 145 146 64 126 148 10 118 119 143 53 156 24 50 112 135 42 4 44 5 46 7 48 14 69 16 71 66 127 68 92 147 158 28 96 11 31 32 144 8 25 85 51 52 82 17 73 19 75 21 77 23 39 101 41 98 123 29 57 58 2 33 61 26 27 54 83 43 105 45 47 70 9 59 89 12 55 74 30 
130 82 80 104 150 151 13 61 54 83 112 113 108 110 111 1 132 133 3 159 35 36 37 89 12 32 93 55 85 86 52 114 138 139 135 136 4 137 5 6 7 152 14 15 16 65 66 67 68 30 58 120 33 34 62 124 27 87 116 117 84 140 154 155 153 17 18 19 20 21 22 23 38 39 40 41 97 98 99 100 59 60 90 145 63 64 94 148 56 118 142 143 115 156 160 50 42 43 44 45 46 47 48 49 69 70 71 72 127 128 129 91 92 121 158 95 96 125 31 88 144 157 25 141 51 81 73 74 75 76 77 78 79 101 102 103 149 122 123 146 57 126 2 10 119 26 53 24 105 106 107 109 131 147 9 28 11 8 134 29 
131 56 106 149 72 102 152 60 84 86 87 88 78 107 134 135 100 128 159 103 104 132 38 34 90 91 92 113 114 115 116 117 118 119 79 109 110 76 136 153 17 129 130 150 65 133 3 14 69 62 63 64 120 121 122 123 138 139 140 141 142 143 144 8 49 111 137 5 108 18 42 43 151 13 35 97 15 16 39 101 93 94 95 96 145 146 147 9 154 155 156 24 157 25 26 27 80 6 20 21 4 44 73 74 36 37 66 127 40 41 70 124 125 126 2 158 28 29 30 160 50 51 52 53 54 55 1 22 46 47 19 75 105 67 68 98 71 148 10 11 12 57 58 59 81 82 83 85 7 48 77 45 99 31 32 33 89 112 23 61 
132 55 153 150 133 152 14 59 83 85 27 87 137 108 135 42 151 159 35 104 15 38 39 33 89 30 91 112 52 114 54 116 56 118 80 110 20 136 4 17 73 130 36 65 66 3 40 69 70 61 12 63 58 120 60 122 82 138 84 140 86 142 88 144 111 1 5 46 18 19 43 105 13 67 97 98 16 71 101 102 32 93 34 95 90 145 92 147 113 154 115 156 117 157 119 26 6 7 21 77 44 45 74 134 37 99 127 128 41 103 131 62 124 64 126 121 158 123 29 139 160 141 51 143 53 8 22 23 47 109 75 76 106 68 129 149 72 94 148 96 11 146 57 9 155 81 24 25 48 49 78 107 100 125 31 2 28 50 79 10 
133 85 136 151 152 104 15 58 112 27 54 116 111 153 108 18 159 130 36 132 38 3 40 32 59 89 90 52 82 138 55 56 86 142 137 80 6 135 42 4 44 150 65 13 67 14 69 16 71 33 61 62 30 91 120 121 83 84 113 154 87 88 117 157 110 20 1 22 17 73 19 75 35 97 37 99 39 101 41 103 12 63 93 94 60 122 145 146 114 115 139 160 118 119 143 53 5 46 7 48 43 105 45 107 66 127 68 129 70 131 72 34 95 124 125 92 147 158 28 140 141 155 81 144 8 25 21 77 23 79 74 134 76 98 149 100 102 64 126 148 10 123 29 57 156 24 50 26 47 109 49 106 128 96 11 31 9 51 78 2 
134 120 128 109 76 106 153 113 93 60 90 145 102 129 149 150 49 78 137 107 108 135 42 86 114 138 139 34 62 124 91 92 121 158 103 131 132 100 151 159 35 79 80 110 20 136 4 17 73 87 116 117 84 140 154 155 63 64 94 148 122 123 146 57 72 133 152 14 130 36 65 66 111 1 5 46 18 19 43 105 56 118 142 143 115 156 160 50 95 96 125 31 147 9 28 89 104 15 38 39 13 67 97 98 6 7 21 77 44 45 74 88 144 157 25 141 51 81 82 126 2 10 61 29 30 58 3 40 69 70 37 99 127 22 23 47 75 119 26 53 54 24 83 112 11 12 32 59 16 71 101 68 48 8 55 85 52 33 41 27 
135 58 159 110 136 153 17 112 32 59 89 90 152 130 150 65 111 137 5 108 18 42 43 85 52 82 138 33 61 62 30 91 120 121 104 132 38 151 13 35 97 80 6 20 21 4 44 73 74 27 54 116 83 84 113 154 12 63 93 94 60 122 145 146 133 3 14 69 36 37 66 127 1 22 46 47 19 75 105 106 55 56 86 142 114 115 139 160 34 95 124 125 92 147 158 28 15 16 39 101 67 68 98 149 7 48 77 78 45 107 134 87 88 117 157 140 141 155 81 64 126 148 10 123 29 57 40 41 70 131 99 100 128 23 79 109 76 118 119 143 53 156 24 50 96 11 31 9 71 72 102 129 49 144 8 25 51 2 103 26 
136 59 151 111 153 108 18 83 33 89 30 91 133 159 130 36 137 80 6 135 42 4 44 55 112 52 114 61 12 63 58 120 60 122 152 104 15 150 65 13 67 110 20 1 22 17 73 19 75 85 27 87 82 138 84 140 32 93 34 95 90 145 92 147 132 38 3 40 35 97 37 99 5 46 7 48 43 105 45 107 54 116 56 118 113 154 115 156 62 124 64 126 121 158 123 29 14 69 16 71 66 127 68 129 21 77 23 79 74 134 76 86 142 88 144 139 160 141 51 94 148 96 11 146 57 9 39 101 41 103 98 149 100 47 109 49 106 117 157 119 26 155 81 24 125 31 2 28 70 131 72 128 78 143 53 8 50 10 102 25 
137 61 132 153 80 110 20 54 89 12 32 93 150 133 152 14 108 135 42 111 1 5 46 82 55 85 86 30 58 120 33 34 62 124 151 159 35 104 15 38 39 136 4 17 73 6 7 21 77 83 112 113 27 87 116 117 59 60 90 145 63 64 94 148 130 36 65 66 3 40 69 70 18 19 43 105 22 23 47 109 52 114 138 139 56 118 142 143 91 92 121 158 95 96 125 31 13 67 97 98 16 71 101 102 44 45 74 134 48 49 78 84 140 154 155 88 144 157 25 122 123 146 57 126 2 10 37 99 127 128 41 103 131 75 76 106 79 115 156 160 50 119 26 53 147 9 28 11 68 129 149 72 107 141 51 81 8 29 100 24 
138 149 62 116 84 113 154 78 131 100 128 159 90 63 93 94 56 86 142 114 115 139 160 106 79 109 110 72 102 152 129 130 150 65 91 120 121 34 95 124 125 87 88 117 157 140 141 155 81 107 134 135 49 111 137 5 103 104 132 38 151 13 35 97 60 122 145 146 64 126 148 10 118 119 143 53 156 24 50 112 76 136 153 17 80 6 20 21 133 3 14 69 36 37 66 127 92 147 158 28 96 11 31 32 144 8 25 85 51 52 82 108 18 42 43 1 22 46 47 15 16 39 101 67 68 98 123 29 57 58 2 33 61 26 27 54 83 4 44 73 74 7 48 77 40 41 70 99 9 59 89 12 55 19 75 105 23 71 30 45 
139 98 124 117 140 154 155 77 70 99 127 128 145 64 94 148 118 142 143 115 156 160 50 105 23 47 109 71 101 102 68 129 149 150 92 121 158 95 96 125 31 88 144 157 25 141 51 81 82 45 74 134 48 49 78 137 41 103 131 132 100 151 159 35 122 123 146 57 126 2 10 61 119 26 53 54 24 83 112 113 75 76 106 153 79 80 110 20 72 133 152 14 130 36 65 66 147 9 28 89 11 12 32 93 8 55 85 86 52 114 138 107 108 135 42 111 1 5 46 104 15 38 39 13 67 97 29 30 58 120 33 34 62 27 87 116 84 136 4 17 73 6 7 21 3 40 69 37 59 60 90 63 56 18 19 43 22 16 91 44 
140 99 95 118 154 115 156 48 71 127 68 129 122 124 64 126 142 88 144 139 160 141 51 75 77 23 79 101 41 103 98 149 100 151 145 92 147 94 148 96 11 117 157 119 26 155 81 24 83 105 45 107 47 109 49 111 70 131 72 133 128 159 130 36 121 158 123 29 125 31 2 33 143 53 8 55 50 112 52 114 74 134 76 136 78 137 80 6 102 152 104 15 150 65 13 67 146 57 9 59 10 61 12 63 25 85 27 87 82 138 84 106 153 108 18 110 20 1 22 132 38 3 40 35 97 37 28 89 30 91 32 93 34 54 116 56 113 135 42 4 44 5 46 7 14 69 16 66 58 120 60 62 86 17 73 19 21 39 90 43 
141 37 96 119 155 156 24 7 16 66 67 68 123 125 126 2 143 144 8 160 50 51 52 19 21 22 23 39 40 41 97 98 99 100 146 147 9 148 10 11 12 157 25 26 27 81 82 83 84 43 44 45 46 47 48 49 69 70 71 72 127 128 129 130 158 28 29 30 31 32 33 34 53 54 55 56 112 113 114 115 73 74 75 76 77 78 79 80 101 102 103 104 149 150 151 13 57 58 59 60 61 62 63 64 85 86 87 88 138 139 140 105 106 107 108 109 110 111 1 131 132 133 3 159 35 36 89 90 91 92 93 94 95 116 117 118 154 134 135 136 4 137 5 6 152 14 15 65 120 121 122 124 142 153 17 18 20 38 145 42 
142 101 121 154 88 117 157 74 127 41 70 131 94 122 145 146 115 139 160 118 119 143 53 47 75 105 106 68 98 149 71 72 102 152 95 124 125 92 147 158 28 140 141 155 81 144 8 25 85 48 77 78 45 107 134 135 99 100 128 159 103 104 132 38 64 126 148 10 123 29 57 58 156 24 50 112 26 27 54 116 23 79 109 110 76 136 153 17 129 130 150 65 133 3 14 69 96 11 31 32 9 59 89 90 51 52 82 138 55 56 86 49 111 137 5 108 18 42 43 151 13 35 97 15 16 39 2 33 61 62 30 91 120 83 84 113 87 80 6 20 21 4 44 73 36 37 66 40 12 63 93 60 114 1 22 46 19 67 34 7 
143 39 158 155 144 157 25 73 66 40 69 70 148 123 146 57 156 160 50 119 26 53 54 46 19 43 105 67 97 98 16 71 101 102 96 125 31 147 9 28 89 141 51 81 82 8 55 85 86 7 21 77 44 45 74 134 37 99 127 128 41 103 131 132 126 2 10 61 29 30 58 120 24 83 112 113 27 87 116 117 22 23 47 109 75 76 106 153 68 129 149 150 72 133 152 14 11 12 32 93 59 60 90 145 52 114 138 139 56 118 142 48 49 78 137 107 108 135 42 100 151 159 35 104 15 38 33 34 62 124 91 92 121 84 140 154 88 79 80 110 20 136 4 17 130 36 65 3 63 64 94 122 115 111 1 5 18 13 95 6 
144 40 147 156 157 119 26 44 67 69 16 71 126 158 123 29 160 141 51 143 53 8 55 22 73 19 75 97 37 99 39 101 41 103 148 96 11 146 57 9 59 155 81 24 83 25 85 27 87 46 7 48 43 105 45 107 66 127 68 129 70 131 72 133 125 31 2 33 28 89 30 91 50 112 52 114 54 116 56 118 21 77 23 79 74 134 76 136 98 149 100 151 102 152 104 15 10 61 12 63 58 120 60 122 82 138 84 140 86 142 88 47 109 49 111 106 153 108 18 128 159 130 36 132 38 3 32 93 34 95 90 145 92 113 154 115 117 78 137 80 6 135 42 4 150 65 13 14 62 124 64 121 139 110 20 1 17 35 94 5 
145 45 139 124 92 121 158 68 23 74 75 76 117 140 154 155 64 94 148 122 123 146 57 41 98 99 100 47 48 49 105 106 107 108 118 142 143 115 156 160 50 95 96 125 31 147 9 28 89 70 71 72 127 128 129 130 77 78 79 80 134 135 136 4 88 144 157 25 141 51 81 82 126 2 10 61 29 30 58 120 101 102 103 104 149 150 151 13 109 110 111 1 153 17 18 19 119 26 53 54 24 83 112 113 11 12 32 93 59 60 90 131 132 133 3 159 35 36 37 137 5 6 7 42 43 44 8 55 85 86 52 114 138 33 34 62 91 152 14 15 16 65 66 67 20 21 22 73 27 87 116 84 63 38 39 40 97 46 56 69 
146 44 160 125 147 158 28 67 22 73 19 75 157 141 155 81 126 148 10 123 29 57 58 40 97 37 99 46 7 48 43 105 45 107 119 143 53 156 24 50 112 96 11 31 32 9 59 89 90 69 16 71 66 127 68 129 21 77 23 79 74 134 76 136 144 8 25 85 51 52 82 138 2 33 61 62 30 91 120 121 39 101 41 103 98 149 100 151 47 109 49 111 106 153 108 18 26 27 54 116 83 84 113 154 12 63 93 94 60 122 145 70 131 72 133 128 159 130 36 78 137 80 6 135 42 4 55 56 86 142 114 115 139 34 95 124 92 102 152 104 15 150 65 13 110 20 1 17 87 88 117 140 64 132 38 3 35 5 118 14 
147 73 156 126 158 123 29 66 46 19 43 105 144 160 141 51 148 96 11 146 57 9 59 39 67 97 98 7 21 77 44 45 74 134 157 119 26 155 81 24 83 125 31 2 33 28 89 30 91 40 69 70 37 99 127 128 22 23 47 109 75 76 106 153 143 53 8 55 50 112 52 114 10 61 12 63 58 120 60 122 16 71 101 102 68 129 149 150 48 49 78 137 107 108 135 42 25 85 27 87 82 138 84 140 32 93 34 95 90 145 92 41 103 131 132 100 151 159 35 79 80 110 20 136 4 17 54 116 56 118 113 154 115 62 124 64 121 72 133 152 14 130 36 65 111 1 5 18 86 142 88 139 94 104 15 38 13 6 117 3 
148 7 143 158 96 125 31 16 19 21 22 23 155 144 157 25 123 146 57 126 2 10 61 37 39 40 41 43 44 45 46 47 48 49 156 160 50 119 26 53 54 147 9 28 89 11 12 32 93 66 67 68 69 70 71 72 73 74 75 76 77 78 79 80 141 51 81 82 8 55 85 86 29 30 58 120 33 34 62 124 97 98 99 100 101 102 103 104 105 106 107 108 109 110 111 1 24 83 112 113 27 87 116 117 59 60 90 145 63 64 94 127 128 129 130 131 132 133 3 134 135 136 4 137 5 6 52 114 138 139 56 118 142 91 92 121 95 149 150 151 13 152 14 15 153 17 18 20 84 140 154 88 122 159 35 36 38 42 115 65 
149 84 78 131 100 128 159 34 56 113 114 115 106 79 109 110 72 102 152 129 130 150 65 60 62 63 64 86 87 88 138 139 140 141 107 134 135 49 111 137 5 103 104 132 38 151 13 35 97 90 91 92 93 94 95 96 116 117 118 119 154 155 156 24 76 136 153 17 80 6 20 21 133 3 14 69 36 37 66 127 120 121 122 123 124 125 126 2 142 143 144 8 160 50 51 52 108 18 42 43 1 22 46 47 15 16 39 101 67 68 98 145 146 147 9 148 10 11 12 157 25 26 27 81 82 83 4 44 73 74 7 48 77 40 41 70 99 158 28 29 30 31 32 33 53 54 55 112 19 75 105 23 71 57 58 59 61 85 45 89 
150 83 137 132 151 159 35 33 55 112 52 114 153 80 110 20 133 152 14 130 36 65 66 59 61 12 63 85 27 87 82 138 84 140 108 135 42 111 1 5 46 104 15 38 39 13 67 97 98 89 30 91 32 93 34 95 54 116 56 118 113 154 115 156 136 4 17 73 6 7 21 77 3 40 69 70 37 99 127 128 58 120 60 122 62 124 64 126 86 142 88 144 139 160 141 51 18 19 43 105 22 23 47 109 16 71 101 102 68 129 149 90 145 92 147 94 148 96 11 117 157 119 26 155 81 24 44 45 74 134 48 49 78 41 103 131 100 121 158 123 29 125 31 2 143 53 8 50 75 76 106 79 72 146 57 9 10 25 107 28 
151 112 111 133 159 130 36 32 85 52 82 138 136 137 80 6 152 104 15 150 65 13 67 58 33 61 62 27 54 116 83 84 113 154 153 108 18 110 20 1 22 132 38 3 40 35 97 37 99 59 89 90 12 63 93 94 55 56 86 142 114 115 139 160 135 42 4 44 5 46 7 48 14 69 16 71 66 127 68 129 30 91 120 121 34 95 124 125 87 88 117 157 140 141 155 81 17 73 19 75 21 77 23 79 39 101 41 103 98 149 100 60 122 145 146 64 126 148 10 118 119 143 53 156 24 50 43 105 45 107 47 109 49 70 131 72 128 92 147 158 28 96 11 31 144 8 25 51 74 134 76 78 102 123 29 57 2 26 106 9 
152 27 135 159 104 132 38 30 52 54 55 56 110 136 153 17 130 150 65 133 3 14 69 12 58 59 60 82 83 84 85 86 87 88 111 137 5 108 18 42 43 151 13 35 97 15 16 39 101 32 33 34 89 90 91 92 112 113 114 115 116 117 118 119 80 6 20 21 4 44 73 74 36 37 66 127 40 41 70 131 61 62 63 64 120 121 122 123 138 139 140 141 142 143 144 8 1 22 46 47 19 75 105 106 67 68 98 149 71 72 102 93 94 95 96 145 146 147 9 154 155 156 24 157 25 26 7 48 77 78 45 107 134 99 100 128 103 124 125 126 2 158 28 29 160 50 51 53 23 79 109 76 129 148 10 11 57 81 49 31 
153 89 150 137 108 135 42 82 61 30 58 120 132 151 159 35 80 110 20 136 4 17 73 54 83 112 113 12 32 93 59 60 90 145 133 152 14 130 36 65 66 111 1 5 46 18 19 43 105 55 85 86 52 114 138 139 33 34 62 124 91 92 121 158 104 15 38 39 13 67 97 98 6 7 21 77 44 45 74 134 27 87 116 117 84 140 154 155 63 64 94 148 122 123 146 57 3 40 69 70 37 99 127 128 22 23 47 109 75 76 106 56 118 142 143 115 156 160 50 95 96 125 31 147 9 28 16 71 101 102 68 129 149 48 49 78 107 88 144 157 25 141 51 81 126 2 10 29 41 103 131 100 79 119 26 53 24 11 72 8 
154 127 94 142 115 139 160 47 101 68 98 149 121 95 124 125 88 117 157 140 141 155 81 74 48 77 78 41 70 131 99 100 128 159 122 145 146 64 126 148 10 118 119 143 53 156 24 50 112 75 105 106 23 79 109 110 71 72 102 152 129 130 150 65 92 147 158 28 96 11 31 32 144 8 25 85 51 52 82 138 45 107 134 135 49 111 137 5 103 104 132 38 151 13 35 97 123 29 57 58 2 33 61 62 26 27 54 116 83 84 113 76 136 153 17 80 6 20 21 133 3 14 69 36 37 66 9 59 89 90 12 63 93 55 56 86 114 108 18 42 43 1 22 46 15 16 39 67 30 91 120 34 87 4 44 73 7 40 60 19 
155 66 148 143 156 160 50 46 39 67 97 98 158 96 125 31 144 157 25 141 51 81 82 73 7 21 77 40 69 70 37 99 127 128 123 146 57 126 2 10 61 119 26 53 54 24 83 112 113 19 43 105 22 23 47 109 16 71 101 102 68 129 149 150 147 9 28 89 11 12 32 93 8 55 85 86 52 114 138 139 44 45 74 134 48 49 78 137 41 103 131 132 100 151 159 35 29 30 58 120 33 34 62 124 27 87 116 117 84 140 154 75 76 106 153 79 80 110 20 72 133 152 14 130 36 65 59 60 90 145 63 64 94 56 118 142 115 107 108 135 42 111 1 5 104 15 38 13 91 92 121 95 88 136 4 17 6 3 122 18 
156 67 126 144 160 141 51 22 40 97 37 99 147 148 96 11 157 119 26 155 81 24 83 44 46 7 48 69 16 71 66 127 68 129 158 123 29 125 31 2 33 143 53 8 55 50 112 52 114 73 19 75 21 77 23 79 39 101 41 103 98 149 100 151 146 57 9 59 10 61 12 63 25 85 27 87 82 138 84 140 43 105 45 107 47 109 49 111 70 131 72 133 128 159 130 36 28 89 30 91 32 93 34 95 54 116 56 118 113 154 115 74 134 76 136 78 137 80 6 102 152 104 15 150 65 13 58 120 60 122 62 124 64 86 142 88 139 106 153 108 18 110 20 1 132 38 3 35 90 145 92 94 117 135 42 4 5 14 121 17 
157 69 146 160 119 143 53 43 97 16 39 101 125 147 158 28 141 155 81 144 8 25 85 21 44 73 74 37 66 127 40 41 70 131 126 148 10 123 29 57 58 156 24 50 112 26 27 54 116 22 46 47 19 75 105 106 67 68 98 149 71 72 102 152 96 11 31 32 9 59 89 90 51 52 82 138 55 56 86 142 7 48 77 78 45 107 134 135 99 100 128 159 103 104 132 38 2 33 61 62 30 91 120 121 83 84 113 154 87 88 117 23 79 109 110 76 136 153 17 129 130 150 65 133 3 14 12 63 93 94 60 122 145 114 115 139 118 49 111 137 5 108 18 42 151 13 35 15 34 95 124 92 140 80 6 20 4 36 64 1 
158 19 155 148 123 146 57 37 7 43 44 45 143 156 160 50 96 125 31 147 9 28 89 16 66 67 68 21 22 23 73 74 75 76 144 157 25 141 51 81 82 126 2 10 61 29 30 58 120 39 40 41 97 98 99 100 46 47 48 49 105 106 107 108 119 26 53 54 24 83 112 113 11 12 32 93 59 60 90 145 69 70 71 72 127 128 129 130 77 78 79 80 134 135 136 4 8 55 85 86 52 114 138 139 33 34 62 124 91 92 121 101 102 103 104 149 150 151 13 109 110 111 1 153 17 18 27 87 116 117 84 140 154 63 64 94 122 131 132 133 3 159 35 36 137 5 6 42 56 118 142 115 95 152 14 15 65 20 88 38 
159 52 110 152 130 150 65 12 27 82 83 84 135 111 137 5 104 132 38 151 13 35 97 30 32 33 34 54 55 56 112 113 114 115 136 153 17 80 6 20 21 133 3 14 69 36 37 66 127 58 59 60 61 62 63 64 85 86 87 88 138 139 140 141 108 18 42 43 1 22 46 47 15 16 39 101 67 68 98 149 89 90 91 92 93 94 95 96 116 117 118 119 154 155 156 24 4 44 73 74 7 48 77 78 40 41 70 131 99 100 128 120 121 122 123 124 125 126 2 142 143 144 8 160 50 51 19 75 105 106 23 79 109 71 72 102 129 145 146 147 9 148 10 11 157 25 26 81 45 107 134 49 103 158 28 29 31 53 76 57 
160 97 125 157 141 155 81 21 69 37 66 127 146 126 148 10 119 143 53 156 24 50 112 43 22 46 47 16 39 101 67 68 98 149 147 158 28 96 11 31 32 144 8 25 85 51 52 82 138 44 73 74 7 48 77 78 40 41 70 131 99 100 128 159 123 29 57 58 2 33 61 62 26 27 54 116 83 84 113 154 19 75 105 106 23 79 109 110 71 72 102 152 129 130 150 65 9 59 89 90 12 63 93 94 55 56 86 142 114 115 139 45 107 134 135 49 111 137 5 103 104 132 38 151 13 35 30 91 120 121 34 95 124 87 88 117 140 76 136 153 17 80 6 20 133 3 14 36 60 122 145 64 118 108 18 42 1 15 92 4 
