144 196
1 2 3 4 5 6 7 8 9 10 11 12 13 14 15 16 17 18 19 20 21 22 23 24 25 26 27 28 29 30 31 32 33 34 35 36 37 38 39 40 41 42 43 44 45 46 47 48 49 50 51 52 53 54 55 56 57 58 59 60 61 62 63 64 65 66 67 68 69 70 71 72 73 74 75 76 77 78 79 80 81 82 83 84 85 86 87 88 89 90 91 92 93 94 95 96 97 98 99 100 101 102 103 104 105 106 107 108 109 110 111 112 113 114 115 116 117 118 119 120 121 122 123 124 125 126 127 128 129 130 131 132 133 134 135 136 137 138 139 140 141 142 143 144 
2 1 8 9 10 11 12 3 4 5 6 7 25 26 27 28 29 30 31 32 33 34 35 36 13 14 15 16 17 18 19 20 21 22 23 24 55 56 57 58 59 60 61 62 63 64 65 66 67 68 69 70 71 72 37 38 39 40 41 42 43 44 45 46 47 48 49 50 51 52 53 54 91 92 93 94 95 96 97 98 99 100 101 102 103 104 105 106 107 108 73 74 75 76 77 78 79 80 81 82 83 84 85 86 87 88 89 90 121 122 123 124 125 126 127 128 129 130 131 132 109 110 111 112 113 114 115 116 117 118 119 120 138 139 140 141 142 133 134 135 136 137 144 143 
3 8 1 13 14 15 16 2 25 26 27 28 4 5 6 7 37 38 39 40 41 42 43 44 9 10 11 12 55 56 57 58 59 60 61 62 17 18 19 20 21 22 23 24 73 74 75 76 77 78 79 80 81 82 29 30 31 32 33 34 35 36 91 92 93 94 95 96 97 98 99 100 45 46 47 48 49 50 51 52 53 54 109 110 111 112 113 114 115 116 63 64 65 66 67 68 69 70 71 72 121 122 123 124 125 126 127 128 83 84 85 86 87 88 89 90 133 134 135 136 101 102 103 104 105 106 107 108 138 139 140 141 117 118 119 120 143 129 130 131 132 144 137 142 
4 9 13 1 17 18 19 25 2 29 30 31 3 37 38 39 5 6 7 45 46 47 48 49 8 55 56 57 10 11 12 63 64 65 66 67 14 15 16 73 74 75 76 77 20 21 22 23 24 83 84 85 86 87 26 27 28 91 92 93 94 95 32 33 34 35 36 101 102 103 104 105 40 41 42 43 44 109 110 111 112 113 50 51 52 53 54 117 118 119 58 59 60 61 62 121 122 123 124 125 68 69 70 71 72 129 130 131 78 79 80 81 82 133 134 135 88 89 90 137 96 97 98 99 100 138 139 140 106 107 108 142 114 115 116 143 120 126 127 128 144 132 136 141 
5 10 14 17 1 20 21 26 29 2 32 33 37 3 40 41 4 45 46 6 7 50 51 52 55 8 58 59 9 63 64 11 12 68 69 70 13 73 74 15 16 78 79 80 18 19 83 84 85 22 23 24 88 89 25 91 92 27 28 96 97 98 30 31 101 102 103 34 35 36 106 107 38 39 109 110 111 42 43 44 114 115 47 48 49 117 118 53 54 120 56 57 121 122 123 60 61 62 126 127 65 66 67 129 130 71 72 132 75 76 77 133 134 81 82 136 86 87 137 90 93 94 95 138 139 99 100 141 104 105 142 108 112 113 143 116 119 124 125 144 128 131 135 140 
6 34 15 18 20 22 23 60 65 68 2 71 38 40 42 43 45 47 48 50 51 1 53 54 93 96 8 99 101 9 104 10 106 11 12 108 73 75 76 78 79 3 81 82 83 84 4 86 87 5 88 89 7 90 121 25 124 26 126 27 28 128 29 129 30 31 131 32 33 132 35 36 109 110 13 112 113 14 114 115 16 116 17 117 118 19 119 21 120 24 55 138 56 57 140 58 59 141 61 62 63 64 142 66 67 69 70 72 37 133 134 39 135 41 136 44 46 137 49 52 91 92 144 94 95 97 98 100 102 103 105 107 74 143 77 80 85 122 123 125 127 130 111 139 
7 36 16 19 21 23 24 62 67 70 72 2 39 41 43 44 46 48 49 51 52 53 54 1 95 98 100 8 103 105 9 107 10 108 11 12 74 76 77 79 80 81 82 3 84 85 86 87 4 88 89 5 90 6 123 125 25 127 26 128 27 28 130 29 131 30 31 132 32 33 34 35 110 111 112 113 13 114 115 14 116 15 117 118 17 119 18 120 20 22 139 55 140 56 57 141 58 59 60 61 142 63 64 65 66 68 69 71 133 134 37 135 38 136 40 42 137 45 47 50 144 91 92 93 94 96 97 99 101 102 104 106 143 73 75 78 83 121 122 124 126 129 109 138 
8 3 2 25 26 27 28 1 13 14 15 16 9 10 11 12 55 56 57 58 59 60 61 62 4 5 6 7 37 38 39 40 41 42 43 44 29 30 31 32 33 34 35 36 91 92 93 94 95 96 97 98 99 100 17 18 19 20 21 22 23 24 73 74 75 76 77 78 79 80 81 82 63 64 65 66 67 68 69 70 71 72 121 122 123 124 125 126 127 128 45 46 47 48 49 50 51 52 53 54 109 110 111 112 113 114 115 116 101 102 103 104 105 106 107 108 138 139 140 141 83 84 85 86 87 88 89 90 133 134 135 136 129 130 131 132 144 117 118 119 120 143 142 137 
9 4 25 2 29 30 31 13 1 17 18 19 8 55 56 57 10 11 12 63 64 65 66 67 3 37 38 39 5 6 7 45 46 47 48 49 26 27 28 91 92 93 94 95 32 33 34 35 36 101 102 103 104 105 14 15 16 73 74 75 76 77 20 21 22 23 24 83 84 85 86 87 58 59 60 61 62 121 122 123 124 125 68 69 70 71 72 129 130 131 40 41 42 43 44 109 110 111 112 113 50 51 52 53 54 117 118 119 96 97 98 99 100 138 139 140 106 107 108 142 78 79 80 81 82 133 134 135 88 89 90 137 126 127 128 144 132 114 115 116 143 120 141 136 
10 5 26 29 2 32 33 14 17 1 20 21 55 8 58 59 9 63 64 11 12 68 69 70 37 3 40 41 4 45 46 6 7 50 51 52 25 91 92 27 28 96 97 98 30 31 101 102 103 34 35 36 106 107 13 73 74 15 16 78 79 80 18 19 83 84 85 22 23 24 88 89 56 57 121 122 123 60 61 62 126 127 65 66 67 129 130 71 72 132 38 39 109 110 111 42 43 44 114 115 47 48 49 117 118 53 54 120 93 94 95 138 139 99 100 141 104 105 142 108 75 76 77 133 134 81 82 136 86 87 137 90 124 125 144 128 131 112 113 143 116 119 140 135 
11 22 27 30 32 34 35 42 47 50 1 53 56 58 60 61 63 65 66 68 69 2 71 72 75 78 3 81 83 4 86 5 88 6 7 90 91 93 94 96 97 8 99 100 101 102 9 104 105 10 106 107 12 108 109 13 112 14 114 15 16 116 17 117 18 19 119 20 21 120 23 24 121 122 25 124 125 26 126 127 28 128 29 129 130 31 131 33 132 36 37 133 38 39 135 40 41 136 43 44 45 46 137 48 49 51 52 54 55 138 139 57 140 59 141 62 64 142 67 70 73 74 143 76 77 79 80 82 84 85 87 89 92 144 95 98 103 110 111 113 115 118 123 134 
12 24 28 31 33 35 36 44 49 52 54 1 57 59 61 62 64 66 67 69 70 71 72 2 77 80 82 3 85 87 4 89 5 90 6 7 92 94 95 97 98 99 100 8 102 103 104 105 9 106 107 10 108 11 111 113 13 115 14 116 15 16 118 17 119 18 19 120 20 21 22 23 122 123 124 125 25 126 127 26 128 27 129 130 29 131 30 132 32 34 134 37 135 38 39 136 40 41 42 43 137 45 46 47 48 50 51 53 138 139 55 140 56 141 58 60 142 63 65 68 143 73 74 75 76 78 79 81 83 84 86 88 144 91 93 96 101 109 110 112 114 117 121 133 
13 25 4 3 37 38 39 9 8 55 56 57 1 17 18 19 14 15 16 73 74 75 76 77 2 29 30 31 26 27 28 91 92 93 94 95 5 6 7 45 46 47 48 49 40 41 42 43 44 109 110 111 112 113 10 11 12 63 64 65 66 67 58 59 60 61 62 121 122 123 124 125 20 21 22 23 24 83 84 85 86 87 78 79 80 81 82 133 134 135 32 33 34 35 36 101 102 103 104 105 96 97 98 99 100 138 139 140 50 51 52 53 54 117 118 119 114 115 116 143 68 69 70 71 72 129 130 131 126 127 128 144 88 89 90 137 136 106 107 108 142 141 120 132 
14 26 5 37 3 40 41 10 55 8 58 59 17 1 20 21 13 73 74 15 16 78 79 80 29 2 32 33 25 91 92 27 28 96 97 98 4 45 46 6 7 50 51 52 38 39 109 110 111 42 43 44 114 115 9 63 64 11 12 68 69 70 56 57 121 122 123 60 61 62 126 127 18 19 83 84 85 22 23 24 88 89 75 76 77 133 134 81 82 136 30 31 101 102 103 34 35 36 106 107 93 94 95 138 139 99 100 141 47 48 49 117 118 53 54 120 112 113 143 116 65 66 67 129 130 71 72 132 124 125 144 128 86 87 137 90 135 104 105 142 108 140 119 131 
15 60 6 38 40 42 43 34 93 96 8 99 18 20 22 23 73 75 76 78 79 3 81 82 65 68 2 71 121 25 124 26 126 27 28 128 45 47 48 50 51 1 53 54 109 110 13 112 113 14 114 115 16 116 101 9 104 10 106 11 12 108 55 138 56 57 140 58 59 141 61 62 83 84 4 86 87 5 88 89 7 90 37 133 134 39 135 41 136 44 29 129 30 31 131 32 33 132 35 36 91 92 144 94 95 97 98 100 17 117 118 19 119 21 120 24 74 143 77 80 63 64 142 66 67 69 70 72 122 123 125 127 46 137 49 52 111 102 103 105 107 139 85 130 
16 62 7 39 41 43 44 36 95 98 100 8 19 21 23 24 74 76 77 79 80 81 82 3 67 70 72 2 123 125 25 127 26 128 27 28 46 48 49 51 52 53 54 1 110 111 112 113 13 114 115 14 116 15 103 105 9 107 10 108 11 12 139 55 140 56 57 141 58 59 60 61 84 85 86 87 4 88 89 5 90 6 133 134 37 135 38 136 40 42 130 29 131 30 31 132 32 33 34 35 144 91 92 93 94 96 97 99 117 118 17 119 18 120 20 22 143 73 75 78 142 63 64 65 66 68 69 71 121 122 124 126 137 45 47 50 109 101 102 104 106 138 83 129 
17 29 37 5 4 45 46 55 10 9 63 64 14 13 73 74 1 20 21 18 19 83 84 85 26 25 91 92 2 32 33 30 31 101 102 103 3 40 41 38 39 109 110 111 6 7 50 51 52 47 48 49 117 118 8 58 59 56 57 121 122 123 11 12 68 69 70 65 66 67 129 130 15 16 78 79 80 75 76 77 133 134 22 23 24 88 89 86 87 137 27 28 96 97 98 93 94 95 138 139 34 35 36 106 107 104 105 142 42 43 44 114 115 112 113 143 53 54 120 119 60 61 62 126 127 124 125 144 71 72 132 131 81 82 136 135 90 99 100 141 140 108 116 128 
18 65 38 6 45 47 48 93 34 101 9 104 15 73 75 76 20 22 23 83 84 4 86 87 60 121 25 124 68 2 71 29 129 30 31 131 40 42 43 109 110 13 112 113 50 51 1 53 54 17 117 118 19 119 96 8 99 55 138 56 57 140 10 106 11 12 108 63 64 142 66 67 78 79 3 81 82 37 133 134 39 135 5 88 89 7 90 46 137 49 26 126 27 28 128 91 92 144 94 95 32 33 132 35 36 102 103 105 14 114 115 16 116 74 143 77 21 120 24 85 58 59 141 61 62 122 123 125 69 70 72 130 41 136 44 111 52 97 98 100 139 107 80 127 
19 67 39 7 46 48 49 95 36 103 105 9 16 74 76 77 21 23 24 84 85 86 87 4 62 123 125 25 70 72 2 130 29 131 30 31 41 43 44 110 111 112 113 13 51 52 53 54 1 117 118 17 119 18 98 100 8 139 55 140 56 57 107 10 108 11 12 142 63 64 65 66 79 80 81 82 3 133 134 37 135 38 88 89 5 90 6 137 45 47 127 26 128 27 28 144 91 92 93 94 132 32 33 34 35 101 102 104 114 115 14 116 15 143 73 75 120 20 22 83 141 58 59 60 61 121 122 124 68 69 71 129 136 40 42 109 50 96 97 99 138 106 78 126 
20 68 40 45 6 50 51 96 101 34 10 106 73 15 78 79 18 83 84 22 23 5 88 89 121 60 26 126 65 29 129 2 71 32 33 132 38 109 110 42 43 14 114 115 47 48 17 117 118 1 53 54 21 120 93 55 138 8 99 58 59 141 9 104 63 64 142 11 12 108 69 70 75 76 37 133 134 3 81 82 41 136 4 86 87 46 137 7 90 52 25 124 91 92 144 27 28 128 97 98 30 31 131 102 103 35 36 107 13 112 113 74 143 16 116 80 19 119 85 24 56 57 140 122 123 61 62 127 66 67 130 72 39 135 111 44 49 94 95 139 100 105 77 125 
21 70 41 46 7 51 52 98 103 36 107 10 74 16 79 80 19 84 85 23 24 88 89 5 123 62 127 26 67 130 29 72 2 132 32 33 39 110 111 43 44 114 115 14 48 49 117 118 17 53 54 1 120 20 95 139 55 100 8 141 58 59 105 9 142 63 64 108 11 12 68 69 76 77 133 134 37 81 82 3 136 40 86 87 4 137 45 90 6 50 125 25 144 91 92 128 27 28 96 97 131 30 31 101 102 34 35 106 112 113 13 143 73 116 15 78 119 18 83 22 140 56 57 121 122 60 61 126 65 66 129 71 135 38 109 42 47 93 94 138 99 104 75 124 
22 11 42 47 50 1 53 27 30 32 34 35 75 78 3 81 83 4 86 5 88 6 7 90 56 58 60 61 63 65 66 68 69 2 71 72 109 13 112 14 114 15 16 116 17 117 18 19 119 20 21 120 23 24 91 93 94 96 97 8 99 100 101 102 9 104 105 10 106 107 12 108 37 133 38 39 135 40 41 136 43 44 45 46 137 48 49 51 52 54 121 122 25 124 125 26 126 127 28 128 29 129 130 31 131 33 132 36 73 74 143 76 77 79 80 82 84 85 87 89 55 138 139 57 140 59 141 62 64 142 67 70 110 111 113 115 118 92 144 95 98 103 134 123 
23 108 43 48 51 53 54 128 131 132 36 34 76 79 81 82 84 86 87 88 89 7 90 6 140 141 62 60 142 67 65 70 68 72 2 71 110 112 113 114 115 16 116 15 117 118 19 119 18 21 120 20 24 22 144 95 93 98 96 100 8 99 103 101 105 9 104 107 10 106 11 12 133 134 39 135 38 41 136 40 44 42 46 137 45 49 47 52 50 1 123 121 125 25 124 127 26 126 27 28 130 29 129 30 31 32 33 35 74 143 73 77 75 80 78 3 85 83 4 5 139 55 138 56 57 58 59 61 63 64 66 69 111 109 13 14 17 91 92 94 97 102 37 122 
24 12 44 49 52 54 1 28 31 33 35 36 77 80 82 3 85 87 4 89 5 90 6 7 57 59 61 62 64 66 67 69 70 71 72 2 111 113 13 115 14 116 15 16 118 17 119 18 19 120 20 21 22 23 92 94 95 97 98 99 100 8 102 103 104 105 9 106 107 10 108 11 134 37 135 38 39 136 40 41 42 43 137 45 46 47 48 50 51 53 122 123 124 125 25 126 127 26 128 27 129 130 29 131 30 132 32 34 143 73 74 75 76 78 79 81 83 84 86 88 138 139 55 140 56 141 58 60 142 63 65 68 109 110 112 114 117 144 91 93 96 101 133 121 
25 13 9 8 55 56 57 4 3 37 38 39 2 29 30 31 26 27 28 91 92 93 94 95 1 17 18 19 14 15 16 73 74 75 76 77 10 11 12 63 64 65 66 67 58 59 60 61 62 121 122 123 124 125 5 6 7 45 46 47 48 49 40 41 42 43 44 109 110 111 112 113 32 33 34 35 36 101 102 103 104 105 96 97 98 99 100 138 139 140 20 21 22 23 24 83 84 85 86 87 78 79 80 81 82 133 134 135 68 69 70 71 72 129 130 131 126 127 128 144 50 51 52 53 54 117 118 119 114 115 116 143 106 107 108 142 141 88 89 90 137 136 132 120 
26 14 10 55 8 58 59 5 37 3 40 41 29 2 32 33 25 91 92 27 28 96 97 98 17 1 20 21 13 73 74 15 16 78 79 80 9 63 64 11 12 68 69 70 56 57 121 122 123 60 61 62 126 127 4 45 46 6 7 50 51 52 38 39 109 110 111 42 43 44 114 115 30 31 101 102 103 34 35 36 106 107 93 94 95 138 139 99 100 141 18 19 83 84 85 22 23 24 88 89 75 76 77 133 134 81 82 136 65 66 67 129 130 71 72 132 124 125 144 128 47 48 49 117 118 53 54 120 112 113 143 116 104 105 142 108 140 86 87 137 90 135 131 119 
27 42 11 56 58 60 61 22 75 78 3 81 30 32 34 35 91 93 94 96 97 8 99 100 47 50 1 53 109 13 112 14 114 15 16 116 63 65 66 68 69 2 71 72 121 122 25 124 125 26 126 127 28 128 83 4 86 5 88 6 7 90 37 133 38 39 135 40 41 136 43 44 101 102 9 104 105 10 106 107 12 108 55 138 139 57 140 59 141 62 17 117 18 19 119 20 21 120 23 24 73 74 143 76 77 79 80 82 29 129 130 31 131 33 132 36 92 144 95 98 45 46 137 48 49 51 52 54 110 111 113 115 64 142 67 70 123 84 85 87 89 134 103 118 
28 44 12 57 59 61 62 24 77 80 82 3 31 33 35 36 92 94 95 97 98 99 100 8 49 52 54 1 111 113 13 115 14 116 15 16 64 66 67 69 70 71 72 2 122 123 124 125 25 126 127 26 128 27 85 87 4 89 5 90 6 7 134 37 135 38 39 136 40 41 42 43 102 103 104 105 9 106 107 10 108 11 138 139 55 140 56 141 58 60 118 17 119 18 19 120 20 21 22 23 143 73 74 75 76 78 79 81 129 130 29 131 30 132 32 34 144 91 93 96 137 45 46 47 48 50 51 53 109 110 112 114 142 63 65 68 121 83 84 86 88 133 101 117 
29 17 55 10 9 63 64 37 5 4 45 46 26 25 91 92 2 32 33 30 31 101 102 103 14 13 73 74 1 20 21 18 19 83 84 85 8 58 59 56 57 121 122 123 11 12 68 69 70 65 66 67 129 130 3 40 41 38 39 109 110 111 6 7 50 51 52 47 48 49 117 118 27 28 96 97 98 93 94 95 138 139 34 35 36 106 107 104 105 142 15 16 78 79 80 75 76 77 133 134 22 23 24 88 89 86 87 137 60 61 62 126 127 124 125 144 71 72 132 131 42 43 44 114 115 112 113 143 53 54 120 119 99 100 141 140 108 81 82 136 135 90 128 116 
30 47 56 11 63 65 66 75 22 83 4 86 27 91 93 94 32 34 35 101 102 9 104 105 42 109 13 112 50 1 53 17 117 18 19 119 58 60 61 121 122 25 124 125 68 69 2 71 72 29 129 130 31 131 78 3 81 37 133 38 39 135 5 88 6 7 90 45 46 137 48 49 96 97 8 99 100 55 138 139 57 140 10 106 107 12 108 64 142 67 14 114 15 16 116 73 74 143 76 77 20 21 120 23 24 84 85 87 26 126 127 28 128 92 144 95 33 132 36 103 40 41 136 43 44 110 111 113 51 52 54 118 59 141 62 123 70 79 80 82 134 89 98 115 
31 49 57 12 64 66 67 77 24 85 87 4 28 92 94 95 33 35 36 102 103 104 105 9 44 111 113 13 52 54 1 118 17 119 18 19 59 61 62 122 123 124 125 25 69 70 71 72 2 129 130 29 131 30 80 82 3 134 37 135 38 39 89 5 90 6 7 137 45 46 47 48 97 98 99 100 8 138 139 55 140 56 106 107 10 108 11 142 63 65 115 14 116 15 16 143 73 74 75 76 120 20 21 22 23 83 84 86 126 127 26 128 27 144 91 93 132 32 34 101 136 40 41 42 43 109 110 112 50 51 53 117 141 58 60 121 68 78 79 81 133 88 96 114 
32 50 58 63 11 68 69 78 83 22 5 88 91 27 96 97 30 101 102 34 35 10 106 107 109 42 14 114 47 17 117 1 53 20 21 120 56 121 122 60 61 26 126 127 65 66 29 129 130 2 71 72 33 132 75 37 133 3 81 40 41 136 4 86 45 46 137 6 7 90 51 52 93 94 55 138 139 8 99 100 59 141 9 104 105 64 142 12 108 70 13 112 73 74 143 15 16 116 79 80 18 19 119 84 85 23 24 89 25 124 125 92 144 28 128 98 31 131 103 36 38 39 135 110 111 43 44 115 48 49 118 54 57 140 123 62 67 76 77 134 82 87 95 113 
33 52 59 64 12 69 70 80 85 24 89 5 92 28 97 98 31 102 103 35 36 106 107 10 111 44 115 14 49 118 17 54 1 120 20 21 57 122 123 61 62 126 127 26 66 67 129 130 29 71 72 2 132 32 77 134 37 82 3 136 40 41 87 4 137 45 46 90 6 7 50 51 94 95 138 139 55 99 100 8 141 58 104 105 9 142 63 108 11 68 113 13 143 73 74 116 15 16 78 79 119 18 19 83 84 22 23 88 124 125 25 144 91 128 27 96 131 30 101 34 135 38 39 109 110 42 43 114 47 48 117 53 140 56 121 60 65 75 76 133 81 86 93 112 
34 6 60 65 68 2 71 15 18 20 22 23 93 96 8 99 101 9 104 10 106 11 12 108 38 40 42 43 45 47 48 50 51 1 53 54 121 25 124 26 126 27 28 128 29 129 30 31 131 32 33 132 35 36 73 75 76 78 79 3 81 82 83 84 4 86 87 5 88 89 7 90 55 138 56 57 140 58 59 141 61 62 63 64 142 66 67 69 70 72 109 110 13 112 113 14 114 115 16 116 17 117 118 19 119 21 120 24 91 92 144 94 95 97 98 100 102 103 105 107 37 133 134 39 135 41 136 44 46 137 49 52 122 123 125 127 130 74 143 77 80 85 139 111 
35 90 61 66 69 71 72 116 119 120 24 22 94 97 99 100 102 104 105 106 107 12 108 11 135 136 44 42 137 49 47 52 50 54 1 53 122 124 125 126 127 28 128 27 129 130 31 131 30 33 132 32 36 34 143 77 75 80 78 82 3 81 85 83 87 4 86 89 5 88 6 7 138 139 57 140 56 59 141 58 62 60 64 142 63 67 65 70 68 2 111 109 113 13 112 115 14 114 15 16 118 17 117 18 19 20 21 23 92 144 91 95 93 98 96 8 103 101 9 10 134 37 133 38 39 40 41 43 45 46 48 51 123 121 25 26 29 73 74 76 79 84 55 110 
36 7 62 67 70 72 2 16 19 21 23 24 95 98 100 8 103 105 9 107 10 108 11 12 39 41 43 44 46 48 49 51 52 53 54 1 123 125 25 127 26 128 27 28 130 29 131 30 31 132 32 33 34 35 74 76 77 79 80 81 82 3 84 85 86 87 4 88 89 5 90 6 139 55 140 56 57 141 58 59 60 61 142 63 64 65 66 68 69 71 110 111 112 113 13 114 115 14 116 15 117 118 17 119 18 120 20 22 144 91 92 93 94 96 97 99 101 102 104 106 133 134 37 135 38 136 40 42 137 45 47 50 121 122 124 126 129 143 73 75 78 83 138 109 
37 55 17 14 13 73 74 29 26 25 91 92 5 4 45 46 3 40 41 38 39 109 110 111 10 9 63 64 8 58 59 56 57 121 122 123 1 20 21 18 19 83 84 85 15 16 78 79 80 75 76 77 133 134 2 32 33 30 31 101 102 103 27 28 96 97 98 93 94 95 138 139 6 7 50 51 52 47 48 49 117 118 42 43 44 114 115 112 113 143 11 12 68 69 70 65 66 67 129 130 60 61 62 126 127 124 125 144 22 23 24 88 89 86 87 137 81 82 136 135 34 35 36 106 107 104 105 142 99 100 141 140 53 54 120 119 116 71 72 132 131 128 90 108 
38 93 18 15 73 75 76 65 60 121 25 124 6 45 47 48 40 42 43 109 110 13 112 113 34 101 9 104 96 8 99 55 138 56 57 140 20 22 23 83 84 4 86 87 78 79 3 81 82 37 133 134 39 135 68 2 71 29 129 30 31 131 26 126 27 28 128 91 92 144 94 95 50 51 1 53 54 17 117 118 19 119 14 114 115 16 116 74 143 77 10 106 11 12 108 63 64 142 66 67 58 59 141 61 62 122 123 125 5 88 89 7 90 46 137 49 41 136 44 111 32 33 132 35 36 102 103 105 97 98 100 139 21 120 24 85 80 69 70 72 130 127 52 107 
39 95 19 16 74 76 77 67 62 123 125 25 7 46 48 49 41 43 44 110 111 112 113 13 36 103 105 9 98 100 8 139 55 140 56 57 21 23 24 84 85 86 87 4 79 80 81 82 3 133 134 37 135 38 70 72 2 130 29 131 30 31 127 26 128 27 28 144 91 92 93 94 51 52 53 54 1 117 118 17 119 18 114 115 14 116 15 143 73 75 107 10 108 11 12 142 63 64 65 66 141 58 59 60 61 121 122 124 88 89 5 90 6 137 45 47 136 40 42 109 132 32 33 34 35 101 102 104 96 97 99 138 120 20 22 83 78 68 69 71 129 126 50 106 
40 96 20 73 15 78 79 68 121 60 26 126 45 6 50 51 38 109 110 42 43 14 114 115 101 34 10 106 93 55 138 8 99 58 59 141 18 83 84 22 23 5 88 89 75 76 37 133 134 3 81 82 41 136 65 29 129 2 71 32 33 132 25 124 91 92 144 27 28 128 97 98 47 48 17 117 118 1 53 54 21 120 13 112 113 74 143 16 116 80 9 104 63 64 142 11 12 108 69 70 56 57 140 122 123 61 62 127 4 86 87 46 137 7 90 52 39 135 111 44 30 31 131 102 103 35 36 107 94 95 139 100 19 119 85 24 77 66 67 130 72 125 49 105 
41 98 21 74 16 79 80 70 123 62 127 26 46 7 51 52 39 110 111 43 44 114 115 14 103 36 107 10 95 139 55 100 8 141 58 59 19 84 85 23 24 88 89 5 76 77 133 134 37 81 82 3 136 40 67 130 29 72 2 132 32 33 125 25 144 91 92 128 27 28 96 97 48 49 117 118 17 53 54 1 120 20 112 113 13 143 73 116 15 78 105 9 142 63 64 108 11 12 68 69 140 56 57 121 122 60 61 126 86 87 4 137 45 90 6 50 135 38 109 42 131 30 31 101 102 34 35 106 93 94 138 99 119 18 83 22 75 65 66 129 71 124 47 104 
42 27 22 75 78 3 81 11 56 58 60 61 47 50 1 53 109 13 112 14 114 15 16 116 30 32 34 35 91 93 94 96 97 8 99 100 83 4 86 5 88 6 7 90 37 133 38 39 135 40 41 136 43 44 63 65 66 68 69 2 71 72 121 122 25 124 125 26 126 127 28 128 17 117 18 19 119 20 21 120 23 24 73 74 143 76 77 79 80 82 101 102 9 104 105 10 106 107 12 108 55 138 139 57 140 59 141 62 45 46 137 48 49 51 52 54 110 111 113 115 29 129 130 31 131 33 132 36 92 144 95 98 84 85 87 89 134 64 142 67 70 123 118 103 
43 128 23 76 79 81 82 108 140 141 62 60 48 51 53 54 110 112 113 114 115 16 116 15 131 132 36 34 144 95 93 98 96 100 8 99 84 86 87 88 89 7 90 6 133 134 39 135 38 41 136 40 44 42 142 67 65 70 68 72 2 71 123 121 125 25 124 127 26 126 27 28 117 118 19 119 18 21 120 20 24 22 74 143 73 77 75 80 78 3 103 101 105 9 104 107 10 106 11 12 139 55 138 56 57 58 59 61 46 137 45 49 47 52 50 1 111 109 13 14 130 29 129 30 31 32 33 35 91 92 94 97 85 83 4 5 37 63 64 66 69 122 17 102 
44 28 24 77 80 82 3 12 57 59 61 62 49 52 54 1 111 113 13 115 14 116 15 16 31 33 35 36 92 94 95 97 98 99 100 8 85 87 4 89 5 90 6 7 134 37 135 38 39 136 40 41 42 43 64 66 67 69 70 71 72 2 122 123 124 125 25 126 127 26 128 27 118 17 119 18 19 120 20 21 22 23 143 73 74 75 76 78 79 81 102 103 104 105 9 106 107 10 108 11 138 139 55 140 56 141 58 60 137 45 46 47 48 50 51 53 109 110 112 114 129 130 29 131 30 132 32 34 144 91 93 96 83 84 86 88 133 142 63 65 68 121 117 101 
45 101 73 20 18 83 84 121 68 65 29 129 40 38 109 110 6 50 51 47 48 17 117 118 96 93 55 138 34 10 106 9 104 63 64 142 15 78 79 75 76 37 133 134 22 23 5 88 89 4 86 87 46 137 60 26 126 25 124 91 92 144 2 71 32 33 132 30 31 131 102 103 42 43 14 114 115 13 112 113 74 143 1 53 54 21 120 19 119 85 8 99 58 59 141 56 57 140 122 123 11 12 108 69 70 66 67 130 3 81 82 41 136 39 135 111 7 90 52 49 27 28 128 97 98 94 95 139 35 36 107 105 16 116 80 77 24 61 62 127 125 72 44 100 
46 103 74 21 19 84 85 123 70 67 130 29 41 39 110 111 7 51 52 48 49 117 118 17 98 95 139 55 36 107 10 105 9 142 63 64 16 79 80 76 77 133 134 37 23 24 88 89 5 86 87 4 137 45 62 127 26 125 25 144 91 92 72 2 132 32 33 131 30 31 101 102 43 44 114 115 14 112 113 13 143 73 53 54 1 120 20 119 18 83 100 8 141 58 59 140 56 57 121 122 108 11 12 68 69 65 66 129 81 82 3 136 40 135 38 109 90 6 50 47 128 27 28 96 97 93 94 138 34 35 106 104 116 15 78 75 22 60 61 126 124 71 42 99 
47 30 75 22 83 4 86 56 11 63 65 66 42 109 13 112 50 1 53 17 117 18 19 119 27 91 93 94 32 34 35 101 102 9 104 105 78 3 81 37 133 38 39 135 5 88 6 7 90 45 46 137 48 49 58 60 61 121 122 25 124 125 68 69 2 71 72 29 129 130 31 131 14 114 15 16 116 73 74 143 76 77 20 21 120 23 24 84 85 87 96 97 8 99 100 55 138 139 57 140 10 106 107 12 108 64 142 67 40 41 136 43 44 110 111 113 51 52 54 118 26 126 127 28 128 92 144 95 33 132 36 103 79 80 82 134 89 59 141 62 123 70 115 98 
48 131 76 23 84 86 87 140 108 142 67 65 43 110 112 113 51 53 54 117 118 19 119 18 128 144 95 93 132 36 34 103 101 105 9 104 79 81 82 133 134 39 135 38 88 89 7 90 6 46 137 45 49 47 141 62 60 123 121 125 25 124 70 68 72 2 71 130 29 129 30 31 114 115 16 116 15 74 143 73 77 75 21 120 20 24 22 85 83 4 98 96 100 8 99 139 55 138 56 57 107 10 106 11 12 63 64 66 41 136 40 44 42 111 109 13 52 50 1 17 127 26 126 27 28 91 92 94 32 33 35 102 80 78 3 37 5 58 59 61 122 69 14 97 
49 31 77 24 85 87 4 57 12 64 66 67 44 111 113 13 52 54 1 118 17 119 18 19 28 92 94 95 33 35 36 102 103 104 105 9 80 82 3 134 37 135 38 39 89 5 90 6 7 137 45 46 47 48 59 61 62 122 123 124 125 25 69 70 71 72 2 129 130 29 131 30 115 14 116 15 16 143 73 74 75 76 120 20 21 22 23 83 84 86 97 98 99 100 8 138 139 55 140 56 106 107 10 108 11 142 63 65 136 40 41 42 43 109 110 112 50 51 53 117 126 127 26 128 27 144 91 93 132 32 34 101 78 79 81 133 88 141 58 60 121 68 114 96 
50 32 78 83 22 5 88 58 63 11 68 69 109 42 14 114 47 17 117 1 53 20 21 120 91 27 96 97 30 101 102 34 35 10 106 107 75 37 133 3 81 40 41 136 4 86 45 46 137 6 7 90 51 52 56 121 122 60 61 26 126 127 65 66 29 129 130 2 71 72 33 132 13 112 73 74 143 15 16 116 79 80 18 19 119 84 85 23 24 89 93 94 55 138 139 8 99 100 59 141 9 104 105 64 142 12 108 70 38 39 135 110 111 43 44 115 48 49 118 54 25 124 125 92 144 28 128 98 31 131 103 36 76 77 134 82 87 57 140 123 62 67 113 95 
51 132 79 84 23 88 89 141 142 108 70 68 110 43 114 115 48 117 118 53 54 21 120 20 144 128 98 96 131 103 101 36 34 107 10 106 76 133 134 81 82 41 136 40 86 87 46 137 45 7 90 6 52 50 140 123 121 62 60 127 26 126 67 65 130 29 129 72 2 71 32 33 112 113 74 143 73 16 116 15 80 78 19 119 18 85 83 24 22 5 95 93 139 55 138 100 8 99 58 59 105 9 104 63 64 11 12 69 39 135 38 111 109 44 42 14 49 47 17 1 125 25 124 91 92 27 28 97 30 31 102 35 77 75 37 3 4 56 57 122 61 66 13 94 
52 33 80 85 24 89 5 59 64 12 69 70 111 44 115 14 49 118 17 54 1 120 20 21 92 28 97 98 31 102 103 35 36 106 107 10 77 134 37 82 3 136 40 41 87 4 137 45 46 90 6 7 50 51 57 122 123 61 62 126 127 26 66 67 129 130 29 71 72 2 132 32 113 13 143 73 74 116 15 16 78 79 119 18 19 83 84 22 23 88 94 95 138 139 55 99 100 8 141 58 104 105 9 142 63 108 11 68 135 38 39 109 110 42 43 114 47 48 117 53 124 125 25 144 91 128 27 96 131 30 101 34 75 76 133 81 86 140 56 121 60 65 112 93 
53 72 81 86 88 7 90 100 105 107 108 11 112 114 16 116 117 19 119 21 120 23 24 22 125 127 128 27 130 131 30 132 32 36 34 35 133 39 135 41 136 43 44 42 46 137 48 49 47 51 52 50 54 1 139 140 56 141 58 62 60 61 142 63 67 65 66 70 68 69 2 71 74 143 76 77 75 79 80 78 82 3 84 85 83 87 4 89 5 6 144 91 95 93 94 98 96 97 8 99 103 101 102 9 104 10 106 12 110 111 109 113 13 115 14 15 118 17 18 20 123 121 122 25 124 26 126 28 29 129 31 33 134 37 38 40 45 55 138 57 59 64 73 92 
54 71 82 87 89 90 6 99 104 106 12 108 113 115 116 15 118 119 18 120 20 24 22 23 124 126 28 128 129 31 131 33 132 35 36 34 134 135 38 136 40 44 42 43 137 45 49 47 48 52 50 51 1 53 138 57 140 59 141 61 62 60 64 142 66 67 65 69 70 68 72 2 143 73 77 75 76 80 78 79 3 81 85 83 84 4 86 5 88 7 92 144 94 95 93 97 98 96 100 8 102 103 101 105 9 107 10 11 111 109 110 13 112 14 114 16 17 117 19 21 122 123 121 125 25 127 26 27 130 29 30 32 37 133 39 41 46 139 55 56 58 63 74 91 
55 37 29 26 25 91 92 17 14 13 73 74 10 9 63 64 8 58 59 56 57 121 122 123 5 4 45 46 3 40 41 38 39 109 110 111 2 32 33 30 31 101 102 103 27 28 96 97 98 93 94 95 138 139 1 20 21 18 19 83 84 85 15 16 78 79 80 75 76 77 133 134 11 12 68 69 70 65 66 67 129 130 60 61 62 126 127 124 125 144 6 7 50 51 52 47 48 49 117 118 42 43 44 114 115 112 113 143 34 35 36 106 107 104 105 142 99 100 141 140 22 23 24 88 89 86 87 137 81 82 136 135 71 72 132 131 128 53 54 120 119 116 108 90 
56 75 30 27 91 93 94 47 42 109 13 112 11 63 65 66 58 60 61 121 122 25 124 125 22 83 4 86 78 3 81 37 133 38 39 135 32 34 35 101 102 9 104 105 96 97 8 99 100 55 138 139 57 140 50 1 53 17 117 18 19 119 14 114 15 16 116 73 74 143 76 77 68 69 2 71 72 29 129 130 31 131 26 126 127 28 128 92 144 95 5 88 6 7 90 45 46 137 48 49 40 41 136 43 44 110 111 113 10 106 107 12 108 64 142 67 59 141 62 123 20 21 120 23 24 84 85 87 79 80 82 134 33 132 36 103 98 51 52 54 118 115 70 89 
57 77 31 28 92 94 95 49 44 111 113 13 12 64 66 67 59 61 62 122 123 124 125 25 24 85 87 4 80 82 3 134 37 135 38 39 33 35 36 102 103 104 105 9 97 98 99 100 8 138 139 55 140 56 52 54 1 118 17 119 18 19 115 14 116 15 16 143 73 74 75 76 69 70 71 72 2 129 130 29 131 30 126 127 26 128 27 144 91 93 89 5 90 6 7 137 45 46 47 48 136 40 41 42 43 109 110 112 106 107 10 108 11 142 63 65 141 58 60 121 120 20 21 22 23 83 84 86 78 79 81 133 132 32 34 101 96 50 51 53 117 114 68 88 
58 78 32 91 27 96 97 50 109 42 14 114 63 11 68 69 56 121 122 60 61 26 126 127 83 22 5 88 75 37 133 3 81 40 41 136 30 101 102 34 35 10 106 107 93 94 55 138 139 8 99 100 59 141 47 17 117 1 53 20 21 120 13 112 73 74 143 15 16 116 79 80 65 66 29 129 130 2 71 72 33 132 25 124 125 92 144 28 128 98 4 86 45 46 137 6 7 90 51 52 38 39 135 110 111 43 44 115 9 104 105 64 142 12 108 70 57 140 123 62 18 19 119 84 85 23 24 89 76 77 134 82 31 131 103 36 95 48 49 118 54 113 67 87 
59 80 33 92 28 97 98 52 111 44 115 14 64 12 69 70 57 122 123 61 62 126 127 26 85 24 89 5 77 134 37 82 3 136 40 41 31 102 103 35 36 106 107 10 94 95 138 139 55 99 100 8 141 58 49 118 17 54 1 120 20 21 113 13 143 73 74 116 15 16 78 79 66 67 129 130 29 71 72 2 132 32 124 125 25 144 91 128 27 96 87 4 137 45 46 90 6 7 50 51 135 38 39 109 110 42 43 114 104 105 9 142 63 108 11 68 140 56 121 60 119 18 19 83 84 22 23 88 75 76 133 81 131 30 101 34 93 47 48 117 53 112 65 86 
60 15 34 93 96 8 99 6 38 40 42 43 65 68 2 71 121 25 124 26 126 27 28 128 18 20 22 23 73 75 76 78 79 3 81 82 101 9 104 10 106 11 12 108 55 138 56 57 140 58 59 141 61 62 45 47 48 50 51 1 53 54 109 110 13 112 113 14 114 115 16 116 29 129 30 31 131 32 33 132 35 36 91 92 144 94 95 97 98 100 83 84 4 86 87 5 88 89 7 90 37 133 134 39 135 41 136 44 63 64 142 66 67 69 70 72 122 123 125 127 17 117 118 19 119 21 120 24 74 143 77 80 102 103 105 107 139 46 137 49 52 111 130 85 
61 116 35 94 97 99 100 90 135 136 44 42 66 69 71 72 122 124 125 126 127 28 128 27 119 120 24 22 143 77 75 80 78 82 3 81 102 104 105 106 107 12 108 11 138 139 57 140 56 59 141 58 62 60 137 49 47 52 50 54 1 53 111 109 113 13 112 115 14 114 15 16 129 130 31 131 30 33 132 32 36 34 92 144 91 95 93 98 96 8 85 83 87 4 86 89 5 88 6 7 134 37 133 38 39 40 41 43 64 142 63 67 65 70 68 2 123 121 25 26 118 17 117 18 19 20 21 23 73 74 76 79 103 101 9 10 55 45 46 48 51 110 29 84 
62 16 36 95 98 100 8 7 39 41 43 44 67 70 72 2 123 125 25 127 26 128 27 28 19 21 23 24 74 76 77 79 80 81 82 3 103 105 9 107 10 108 11 12 139 55 140 56 57 141 58 59 60 61 46 48 49 51 52 53 54 1 110 111 112 113 13 114 115 14 116 15 130 29 131 30 31 132 32 33 34 35 144 91 92 93 94 96 97 99 84 85 86 87 4 88 89 5 90 6 133 134 37 135 38 136 40 42 142 63 64 65 66 68 69 71 121 122 124 126 117 118 17 119 18 120 20 22 143 73 75 78 101 102 104 106 138 137 45 47 50 109 129 83 
63 83 91 32 30 101 102 109 50 47 17 117 58 56 121 122 11 68 69 65 66 29 129 130 78 75 37 133 22 5 88 4 86 45 46 137 27 96 97 93 94 55 138 139 34 35 10 106 107 9 104 105 64 142 42 14 114 13 112 73 74 143 1 53 20 21 120 18 19 119 84 85 60 61 26 126 127 25 124 125 92 144 2 71 72 33 132 31 131 103 3 81 40 41 136 38 39 135 110 111 6 7 90 51 52 48 49 118 8 99 100 59 141 57 140 123 12 108 70 67 15 16 116 79 80 76 77 134 23 24 89 87 28 128 98 95 36 43 44 115 113 54 62 82 
64 85 92 33 31 102 103 111 52 49 118 17 59 57 122 123 12 69 70 66 67 129 130 29 80 77 134 37 24 89 5 87 4 137 45 46 28 97 98 94 95 138 139 55 35 36 106 107 10 104 105 9 142 63 44 115 14 113 13 143 73 74 54 1 120 20 21 119 18 19 83 84 61 62 126 127 26 124 125 25 144 91 71 72 2 132 32 131 30 101 82 3 136 40 41 135 38 39 109 110 90 6 7 50 51 47 48 117 99 100 8 141 58 140 56 121 108 11 68 65 116 15 16 78 79 75 76 133 22 23 88 86 128 27 96 93 34 42 43 114 112 53 60 81 
65 18 93 34 101 9 104 38 6 45 47 48 60 121 25 124 68 2 71 29 129 30 31 131 15 73 75 76 20 22 23 83 84 4 86 87 96 8 99 55 138 56 57 140 10 106 11 12 108 63 64 142 66 67 40 42 43 109 110 13 112 113 50 51 1 53 54 17 117 118 19 119 26 126 27 28 128 91 92 144 94 95 32 33 132 35 36 102 103 105 78 79 3 81 82 37 133 134 39 135 5 88 89 7 90 46 137 49 58 59 141 61 62 122 123 125 69 70 72 130 14 114 115 16 116 74 143 77 21 120 24 85 97 98 100 139 107 41 136 44 111 52 127 80 
66 119 94 35 102 104 105 135 90 137 49 47 61 122 124 125 69 71 72 129 130 31 131 30 116 143 77 75 120 24 22 85 83 87 4 86 97 99 100 138 139 57 140 56 106 107 12 108 11 64 142 63 67 65 136 44 42 111 109 113 13 112 52 50 54 1 53 118 17 117 18 19 126 127 28 128 27 92 144 91 95 93 33 132 32 36 34 103 101 9 80 78 82 3 81 134 37 133 38 39 89 5 88 6 7 45 46 48 59 141 58 62 60 123 121 25 70 68 2 29 115 14 114 15 16 73 74 76 20 21 23 84 98 96 8 55 10 40 41 43 110 51 26 79 
67 19 95 36 103 105 9 39 7 46 48 49 62 123 125 25 70 72 2 130 29 131 30 31 16 74 76 77 21 23 24 84 85 86 87 4 98 100 8 139 55 140 56 57 107 10 108 11 12 142 63 64 65 66 41 43 44 110 111 112 113 13 51 52 53 54 1 117 118 17 119 18 127 26 128 27 28 144 91 92 93 94 132 32 33 34 35 101 102 104 79 80 81 82 3 133 134 37 135 38 88 89 5 90 6 137 45 47 141 58 59 60 61 121 122 124 68 69 71 129 114 115 14 116 15 143 73 75 120 20 22 83 96 97 99 138 106 136 40 42 109 50 126 78 
68 20 96 101 34 10 106 40 45 6 50 51 121 60 26 126 65 29 129 2 71 32 33 132 73 15 78 79 18 83 84 22 23 5 88 89 93 55 138 8 99 58 59 141 9 104 63 64 142 11 12 108 69 70 38 109 110 42 43 14 114 115 47 48 17 117 118 1 53 54 21 120 25 124 91 92 144 27 28 128 97 98 30 31 131 102 103 35 36 107 75 76 37 133 134 3 81 82 41 136 4 86 87 46 137 7 90 52 56 57 140 122 123 61 62 127 66 67 130 72 13 112 113 74 143 16 116 80 19 119 85 24 94 95 139 100 105 39 135 111 44 49 125 77 
69 120 97 102 35 106 107 136 137 90 52 50 122 61 126 127 66 129 130 71 72 33 132 32 143 116 80 78 119 85 83 24 22 89 5 88 94 138 139 99 100 59 141 58 104 105 64 142 63 12 108 11 70 68 135 111 109 44 42 115 14 114 49 47 118 17 117 54 1 53 20 21 124 125 92 144 91 28 128 27 98 96 31 131 30 103 101 36 34 10 77 75 134 37 133 82 3 81 40 41 87 4 86 45 46 6 7 51 57 140 56 123 121 62 60 26 67 65 29 2 113 13 112 73 74 15 16 79 18 19 84 23 95 93 55 8 9 38 39 110 43 48 25 76 
70 21 98 103 36 107 10 41 46 7 51 52 123 62 127 26 67 130 29 72 2 132 32 33 74 16 79 80 19 84 85 23 24 88 89 5 95 139 55 100 8 141 58 59 105 9 142 63 64 108 11 12 68 69 39 110 111 43 44 114 115 14 48 49 117 118 17 53 54 1 120 20 125 25 144 91 92 128 27 28 96 97 131 30 31 101 102 34 35 106 76 77 133 134 37 81 82 3 136 40 86 87 4 137 45 90 6 50 140 56 57 121 122 60 61 126 65 66 129 71 112 113 13 143 73 116 15 78 119 18 83 22 93 94 138 99 104 135 38 109 42 47 124 75 
71 54 99 104 106 12 108 82 87 89 90 6 124 126 28 128 129 31 131 33 132 35 36 34 113 115 116 15 118 119 18 120 20 24 22 23 138 57 140 59 141 61 62 60 64 142 66 67 65 69 70 68 72 2 134 135 38 136 40 44 42 43 137 45 49 47 48 52 50 51 1 53 92 144 94 95 93 97 98 96 100 8 102 103 101 105 9 107 10 11 143 73 77 75 76 80 78 79 3 81 85 83 84 4 86 5 88 7 122 123 121 125 25 127 26 27 130 29 30 32 111 109 110 13 112 14 114 16 17 117 19 21 139 55 56 58 63 37 133 39 41 46 91 74 
72 53 100 105 107 108 11 81 86 88 7 90 125 127 128 27 130 131 30 132 32 36 34 35 112 114 16 116 117 19 119 21 120 23 24 22 139 140 56 141 58 62 60 61 142 63 67 65 66 70 68 69 2 71 133 39 135 41 136 43 44 42 46 137 48 49 47 51 52 50 54 1 144 91 95 93 94 98 96 97 8 99 103 101 102 9 104 10 106 12 74 143 76 77 75 79 80 78 82 3 84 85 83 87 4 89 5 6 123 121 122 25 124 26 126 28 29 129 31 33 110 111 109 113 13 115 14 15 118 17 18 20 55 138 57 59 64 134 37 38 40 45 92 73 
73 121 45 40 38 109 110 101 96 93 55 138 20 18 83 84 15 78 79 75 76 37 133 134 68 65 29 129 60 26 126 25 124 91 92 144 6 50 51 47 48 17 117 118 42 43 14 114 115 13 112 113 74 143 34 10 106 9 104 63 64 142 8 99 58 59 141 56 57 140 122 123 22 23 5 88 89 4 86 87 46 137 3 81 82 41 136 39 135 111 2 71 32 33 132 30 31 131 102 103 27 28 128 97 98 94 95 139 1 53 54 21 120 19 119 85 16 116 80 77 11 12 108 69 70 66 67 130 61 62 127 125 7 90 52 49 44 35 36 107 105 100 24 72 
74 123 46 41 39 110 111 103 98 95 139 55 21 19 84 85 16 79 80 76 77 133 134 37 70 67 130 29 62 127 26 125 25 144 91 92 7 51 52 48 49 117 118 17 43 44 114 115 14 112 113 13 143 73 36 107 10 105 9 142 63 64 100 8 141 58 59 140 56 57 121 122 23 24 88 89 5 86 87 4 137 45 81 82 3 136 40 135 38 109 72 2 132 32 33 131 30 31 101 102 128 27 28 96 97 93 94 138 53 54 1 120 20 119 18 83 116 15 78 75 108 11 12 68 69 65 66 129 60 61 126 124 90 6 50 47 42 34 35 106 104 99 22 71 
75 56 47 42 109 13 112 30 27 91 93 94 22 83 4 86 78 3 81 37 133 38 39 135 11 63 65 66 58 60 61 121 122 25 124 125 50 1 53 17 117 18 19 119 14 114 15 16 116 73 74 143 76 77 32 34 35 101 102 9 104 105 96 97 8 99 100 55 138 139 57 140 5 88 6 7 90 45 46 137 48 49 40 41 136 43 44 110 111 113 68 69 2 71 72 29 129 130 31 131 26 126 127 28 128 92 144 95 20 21 120 23 24 84 85 87 79 80 82 134 10 106 107 12 108 64 142 67 59 141 62 123 51 52 54 118 115 33 132 36 103 98 89 70 
76 140 48 43 110 112 113 131 128 144 95 93 23 84 86 87 79 81 82 133 134 39 135 38 108 142 67 65 141 62 60 123 121 125 25 124 51 53 54 117 118 19 119 18 114 115 16 116 15 74 143 73 77 75 132 36 34 103 101 105 9 104 98 96 100 8 99 139 55 138 56 57 88 89 7 90 6 46 137 45 49 47 41 136 40 44 42 111 109 13 70 68 72 2 71 130 29 129 30 31 127 26 126 27 28 91 92 94 21 120 20 24 22 85 83 4 80 78 3 37 107 10 106 11 12 63 64 66 58 59 61 122 52 50 1 17 14 32 33 35 102 97 5 69 
77 57 49 44 111 113 13 31 28 92 94 95 24 85 87 4 80 82 3 134 37 135 38 39 12 64 66 67 59 61 62 122 123 124 125 25 52 54 1 118 17 119 18 19 115 14 116 15 16 143 73 74 75 76 33 35 36 102 103 104 105 9 97 98 99 100 8 138 139 55 140 56 89 5 90 6 7 137 45 46 47 48 136 40 41 42 43 109 110 112 69 70 71 72 2 129 130 29 131 30 126 127 26 128 27 144 91 93 120 20 21 22 23 83 84 86 78 79 81 133 106 107 10 108 11 142 63 65 141 58 60 121 50 51 53 117 114 132 32 34 101 96 88 68 
78 58 50 109 42 14 114 32 91 27 96 97 83 22 5 88 75 37 133 3 81 40 41 136 63 11 68 69 56 121 122 60 61 26 126 127 47 17 117 1 53 20 21 120 13 112 73 74 143 15 16 116 79 80 30 101 102 34 35 10 106 107 93 94 55 138 139 8 99 100 59 141 4 86 45 46 137 6 7 90 51 52 38 39 135 110 111 43 44 115 65 66 29 129 130 2 71 72 33 132 25 124 125 92 144 28 128 98 18 19 119 84 85 23 24 89 76 77 134 82 9 104 105 64 142 12 108 70 57 140 123 62 48 49 118 54 113 31 131 103 36 95 87 67 
79 141 51 110 43 114 115 132 144 128 98 96 84 23 88 89 76 133 134 81 82 41 136 40 142 108 70 68 140 123 121 62 60 127 26 126 48 117 118 53 54 21 120 20 112 113 74 143 73 16 116 15 80 78 131 103 101 36 34 107 10 106 95 93 139 55 138 100 8 99 58 59 86 87 46 137 45 7 90 6 52 50 39 135 38 111 109 44 42 14 67 65 130 29 129 72 2 71 32 33 125 25 124 91 92 27 28 97 19 119 18 85 83 24 22 5 77 75 37 3 105 9 104 63 64 11 12 69 56 57 122 61 49 47 17 1 13 30 31 102 35 94 4 66 
80 59 52 111 44 115 14 33 92 28 97 98 85 24 89 5 77 134 37 82 3 136 40 41 64 12 69 70 57 122 123 61 62 126 127 26 49 118 17 54 1 120 20 21 113 13 143 73 74 116 15 16 78 79 31 102 103 35 36 106 107 10 94 95 138 139 55 99 100 8 141 58 87 4 137 45 46 90 6 7 50 51 135 38 39 109 110 42 43 114 66 67 129 130 29 71 72 2 132 32 124 125 25 144 91 128 27 96 119 18 19 83 84 22 23 88 75 76 133 81 104 105 9 142 63 108 11 68 140 56 121 60 47 48 117 53 112 131 30 101 34 93 86 65 
81 100 53 112 114 16 116 72 125 127 128 27 86 88 7 90 133 39 135 41 136 43 44 42 105 107 108 11 139 140 56 141 58 62 60 61 117 19 119 21 120 23 24 22 74 143 76 77 75 79 80 78 82 3 130 131 30 132 32 36 34 35 144 91 95 93 94 98 96 97 8 99 46 137 48 49 47 51 52 50 54 1 110 111 109 113 13 115 14 15 142 63 67 65 66 70 68 69 2 71 123 121 122 25 124 26 126 28 84 85 83 87 4 89 5 6 134 37 38 40 103 101 102 9 104 10 106 12 55 138 57 59 118 17 18 20 73 29 129 31 33 92 45 64 
82 99 54 113 115 116 15 71 124 126 28 128 87 89 90 6 134 135 38 136 40 44 42 43 104 106 12 108 138 57 140 59 141 61 62 60 118 119 18 120 20 24 22 23 143 73 77 75 76 80 78 79 3 81 129 31 131 33 132 35 36 34 92 144 94 95 93 97 98 96 100 8 137 45 49 47 48 52 50 51 1 53 111 109 110 13 112 14 114 16 64 142 66 67 65 69 70 68 72 2 122 123 121 125 25 127 26 27 85 83 84 4 86 5 88 7 37 133 39 41 102 103 101 105 9 107 10 11 139 55 56 58 17 117 19 21 74 130 29 30 32 91 46 63 
83 63 109 50 47 17 117 91 32 30 101 102 78 75 37 133 22 5 88 4 86 45 46 137 58 56 121 122 11 68 69 65 66 29 129 130 42 14 114 13 112 73 74 143 1 53 20 21 120 18 19 119 84 85 27 96 97 93 94 55 138 139 34 35 10 106 107 9 104 105 64 142 3 81 40 41 136 38 39 135 110 111 6 7 90 51 52 48 49 118 60 61 26 126 127 25 124 125 92 144 2 71 72 33 132 31 131 103 15 16 116 79 80 76 77 134 23 24 89 87 8 99 100 59 141 57 140 123 12 108 70 67 43 44 115 113 54 28 128 98 95 36 82 62 
84 142 110 51 48 117 118 144 132 131 103 101 79 76 133 134 23 88 89 86 87 46 137 45 141 140 123 121 108 70 68 67 65 130 29 129 43 114 115 112 113 74 143 73 53 54 21 120 20 19 119 18 85 83 128 98 96 95 93 139 55 138 36 34 107 10 106 105 9 104 63 64 81 82 41 136 40 39 135 38 111 109 7 90 6 52 50 49 47 17 62 60 127 26 126 125 25 124 91 92 72 2 71 32 33 30 31 102 16 116 15 80 78 77 75 37 24 22 5 4 100 8 99 58 59 56 57 122 11 12 69 66 44 42 14 13 1 27 28 97 94 35 3 61 
85 64 111 52 49 118 17 92 33 31 102 103 80 77 134 37 24 89 5 87 4 137 45 46 59 57 122 123 12 69 70 66 67 129 130 29 44 115 14 113 13 143 73 74 54 1 120 20 21 119 18 19 83 84 28 97 98 94 95 138 139 55 35 36 106 107 10 104 105 9 142 63 82 3 136 40 41 135 38 39 109 110 90 6 7 50 51 47 48 117 61 62 126 127 26 124 125 25 144 91 71 72 2 132 32 131 30 101 116 15 16 78 79 75 76 133 22 23 88 86 99 100 8 141 58 140 56 121 108 11 68 65 42 43 114 112 53 128 27 96 93 34 81 60 
86 105 112 53 117 19 119 125 72 130 131 30 81 133 39 135 88 7 90 46 137 48 49 47 100 139 140 56 107 108 11 142 63 67 65 66 114 16 116 74 143 76 77 75 21 120 23 24 22 84 85 83 87 4 127 128 27 144 91 95 93 94 132 32 36 34 35 103 101 102 9 104 41 136 43 44 42 110 111 109 113 13 51 52 50 54 1 118 17 18 141 58 62 60 61 123 121 122 25 124 70 68 69 2 71 29 129 31 79 80 78 82 3 134 37 38 89 5 6 45 98 96 97 8 99 55 138 57 10 106 12 64 115 14 15 73 20 26 126 28 92 33 40 59 
87 104 113 54 118 119 18 124 71 129 31 131 82 134 135 38 89 90 6 137 45 49 47 48 99 138 57 140 106 12 108 64 142 66 67 65 115 116 15 143 73 77 75 76 120 20 24 22 23 85 83 84 4 86 126 28 128 92 144 94 95 93 33 132 35 36 34 102 103 101 105 9 136 40 44 42 43 111 109 110 13 112 52 50 51 1 53 17 117 19 59 141 61 62 60 122 123 121 125 25 69 70 68 72 2 130 29 30 80 78 79 3 81 37 133 39 5 88 7 46 97 98 96 100 8 139 55 56 107 10 11 63 14 114 16 74 21 127 26 27 91 32 41 58 
88 107 114 117 53 21 120 127 130 72 132 32 133 81 41 136 86 46 137 7 90 51 52 50 139 100 141 58 105 142 63 108 11 70 68 69 112 74 143 16 116 79 80 78 19 119 84 85 83 23 24 22 89 5 125 144 91 128 27 98 96 97 131 30 103 101 102 36 34 35 10 106 39 135 110 111 109 43 44 42 115 14 48 49 47 118 17 54 1 20 140 56 123 121 122 62 60 61 26 126 67 65 66 29 129 2 71 33 76 77 75 134 37 82 3 40 87 4 45 6 95 93 94 55 138 8 99 59 9 104 64 12 113 13 73 15 18 25 124 92 28 31 38 57 
89 106 115 118 54 120 20 126 129 71 33 132 134 82 136 40 87 137 45 90 6 52 50 51 138 99 59 141 104 64 142 12 108 69 70 68 113 143 73 116 15 80 78 79 119 18 85 83 84 24 22 23 5 88 124 92 144 28 128 97 98 96 31 131 102 103 101 35 36 34 107 10 135 38 111 109 110 44 42 43 14 114 49 47 48 17 117 1 53 21 57 140 122 123 121 61 62 60 127 26 66 67 65 130 29 72 2 32 77 75 76 37 133 3 81 41 4 86 46 7 94 95 93 139 55 100 8 58 105 9 63 11 13 112 74 16 19 125 25 91 27 30 39 56 
90 35 116 119 120 24 22 61 66 69 71 72 135 136 44 42 137 49 47 52 50 54 1 53 94 97 99 100 102 104 105 106 107 12 108 11 143 77 75 80 78 82 3 81 85 83 87 4 86 89 5 88 6 7 122 124 125 126 127 28 128 27 129 130 31 131 30 33 132 32 36 34 111 109 113 13 112 115 14 114 15 16 118 17 117 18 19 20 21 23 138 139 57 140 56 59 141 58 62 60 64 142 63 67 65 70 68 2 134 37 133 38 39 40 41 43 45 46 48 51 92 144 91 95 93 98 96 8 103 101 9 10 73 74 76 79 84 123 121 25 26 29 110 55 
91 109 63 58 56 121 122 83 78 75 37 133 32 30 101 102 27 96 97 93 94 55 138 139 50 47 17 117 42 14 114 13 112 73 74 143 11 68 69 65 66 29 129 130 60 61 26 126 127 25 124 125 92 144 22 5 88 4 86 45 46 137 3 81 40 41 136 38 39 135 110 111 34 35 10 106 107 9 104 105 64 142 8 99 100 59 141 57 140 123 1 53 20 21 120 18 19 119 84 85 15 16 116 79 80 76 77 134 2 71 72 33 132 31 131 103 28 128 98 95 6 7 90 51 52 48 49 118 43 44 115 113 12 108 70 67 62 23 24 89 87 82 36 54 
92 111 64 59 57 122 123 85 80 77 134 37 33 31 102 103 28 97 98 94 95 138 139 55 52 49 118 17 44 115 14 113 13 143 73 74 12 69 70 66 67 129 130 29 61 62 126 127 26 124 125 25 144 91 24 89 5 87 4 137 45 46 82 3 136 40 41 135 38 39 109 110 35 36 106 107 10 104 105 9 142 63 99 100 8 141 58 140 56 121 54 1 120 20 21 119 18 19 83 84 116 15 16 78 79 75 76 133 71 72 2 132 32 131 30 101 128 27 96 93 90 6 7 50 51 47 48 117 42 43 114 112 108 11 68 65 60 22 23 88 86 81 34 53 
93 38 65 60 121 25 124 18 15 73 75 76 34 101 9 104 96 8 99 55 138 56 57 140 6 45 47 48 40 42 43 109 110 13 112 113 68 2 71 29 129 30 31 131 26 126 27 28 128 91 92 144 94 95 20 22 23 83 84 4 86 87 78 79 3 81 82 37 133 134 39 135 10 106 11 12 108 63 64 142 66 67 58 59 141 61 62 122 123 125 50 51 1 53 54 17 117 118 19 119 14 114 115 16 116 74 143 77 32 33 132 35 36 102 103 105 97 98 100 139 5 88 89 7 90 46 137 49 41 136 44 111 69 70 72 130 127 21 120 24 85 80 107 52 
94 135 66 61 122 124 125 119 116 143 77 75 35 102 104 105 97 99 100 138 139 57 140 56 90 137 49 47 136 44 42 111 109 113 13 112 69 71 72 129 130 31 131 30 126 127 28 128 27 92 144 91 95 93 120 24 22 85 83 87 4 86 80 78 82 3 81 134 37 133 38 39 106 107 12 108 11 64 142 63 67 65 59 141 58 62 60 123 121 25 52 50 54 1 53 118 17 117 18 19 115 14 114 15 16 73 74 76 33 132 32 36 34 103 101 9 98 96 8 55 89 5 88 6 7 45 46 48 40 41 43 110 70 68 2 29 26 20 21 23 84 79 10 51 
95 39 67 62 123 125 25 19 16 74 76 77 36 103 105 9 98 100 8 139 55 140 56 57 7 46 48 49 41 43 44 110 111 112 113 13 70 72 2 130 29 131 30 31 127 26 128 27 28 144 91 92 93 94 21 23 24 84 85 86 87 4 79 80 81 82 3 133 134 37 135 38 107 10 108 11 12 142 63 64 65 66 141 58 59 60 61 121 122 124 51 52 53 54 1 117 118 17 119 18 114 115 14 116 15 143 73 75 132 32 33 34 35 101 102 104 96 97 99 138 88 89 5 90 6 137 45 47 136 40 42 109 68 69 71 129 126 120 20 22 83 78 106 50 
96 40 68 121 60 26 126 20 73 15 78 79 101 34 10 106 93 55 138 8 99 58 59 141 45 6 50 51 38 109 110 42 43 14 114 115 65 29 129 2 71 32 33 132 25 124 91 92 144 27 28 128 97 98 18 83 84 22 23 5 88 89 75 76 37 133 134 3 81 82 41 136 9 104 63 64 142 11 12 108 69 70 56 57 140 122 123 61 62 127 47 48 17 117 118 1 53 54 21 120 13 112 113 74 143 16 116 80 30 31 131 102 103 35 36 107 94 95 139 100 4 86 87 46 137 7 90 52 39 135 111 44 66 67 130 72 125 19 119 85 24 77 105 49 
97 136 69 122 61 126 127 120 143 116 80 78 102 35 106 107 94 138 139 99 100 59 141 58 137 90 52 50 135 111 109 44 42 115 14 114 66 129 130 71 72 33 132 32 124 125 92 144 91 28 128 27 98 96 119 85 83 24 22 89 5 88 77 75 134 37 133 82 3 81 40 41 104 105 64 142 63 12 108 11 70 68 57 140 56 123 121 62 60 26 49 47 118 17 117 54 1 53 20 21 113 13 112 73 74 15 16 79 31 131 30 103 101 36 34 10 95 93 55 8 87 4 86 45 46 6 7 51 38 39 110 43 67 65 29 2 25 18 19 84 23 76 9 48 
98 41 70 123 62 127 26 21 74 16 79 80 103 36 107 10 95 139 55 100 8 141 58 59 46 7 51 52 39 110 111 43 44 114 115 14 67 130 29 72 2 132 32 33 125 25 144 91 92 128 27 28 96 97 19 84 85 23 24 88 89 5 76 77 133 134 37 81 82 3 136 40 105 9 142 63 64 108 11 12 68 69 140 56 57 121 122 60 61 126 48 49 117 118 17 53 54 1 120 20 112 113 13 143 73 116 15 78 131 30 31 101 102 34 35 106 93 94 138 99 86 87 4 137 45 90 6 50 135 38 109 42 65 66 129 71 124 119 18 83 22 75 104 47 
99 82 71 124 126 28 128 54 113 115 116 15 104 106 12 108 138 57 140 59 141 61 62 60 87 89 90 6 134 135 38 136 40 44 42 43 129 31 131 33 132 35 36 34 92 144 94 95 93 97 98 96 100 8 118 119 18 120 20 24 22 23 143 73 77 75 76 80 78 79 3 81 64 142 66 67 65 69 70 68 72 2 122 123 121 125 25 127 26 27 137 45 49 47 48 52 50 51 1 53 111 109 110 13 112 14 114 16 102 103 101 105 9 107 10 11 139 55 56 58 85 83 84 4 86 5 88 7 37 133 39 41 130 29 30 32 91 17 117 19 21 74 63 46 
100 81 72 125 127 128 27 53 112 114 16 116 105 107 108 11 139 140 56 141 58 62 60 61 86 88 7 90 133 39 135 41 136 43 44 42 130 131 30 132 32 36 34 35 144 91 95 93 94 98 96 97 8 99 117 19 119 21 120 23 24 22 74 143 76 77 75 79 80 78 82 3 142 63 67 65 66 70 68 69 2 71 123 121 122 25 124 26 126 28 46 137 48 49 47 51 52 50 54 1 110 111 109 113 13 115 14 15 103 101 102 9 104 10 106 12 55 138 57 59 84 85 83 87 4 89 5 6 134 37 38 40 29 129 31 33 92 118 17 18 20 73 64 45 
101 45 121 68 65 29 129 73 20 18 83 84 96 93 55 138 34 10 106 9 104 63 64 142 40 38 109 110 6 50 51 47 48 17 117 118 60 26 126 25 124 91 92 144 2 71 32 33 132 30 31 131 102 103 15 78 79 75 76 37 133 134 22 23 5 88 89 4 86 87 46 137 8 99 58 59 141 56 57 140 122 123 11 12 108 69 70 66 67 130 42 43 14 114 115 13 112 113 74 143 1 53 54 21 120 19 119 85 27 28 128 97 98 94 95 139 35 36 107 105 3 81 82 41 136 39 135 111 7 90 52 49 61 62 127 125 72 16 116 80 77 24 100 44 
102 137 122 69 66 129 130 143 120 119 85 83 97 94 138 139 35 106 107 104 105 64 142 63 136 135 111 109 90 52 50 49 47 118 17 117 61 126 127 124 125 92 144 91 71 72 33 132 32 31 131 30 103 101 116 80 78 77 75 134 37 133 24 22 89 5 88 87 4 86 45 46 99 100 59 141 58 57 140 56 123 121 12 108 11 70 68 67 65 29 44 42 115 14 114 113 13 112 73 74 54 1 53 20 21 18 19 84 28 128 27 98 96 95 93 55 36 34 10 9 82 3 81 40 41 38 39 110 6 7 51 48 62 60 26 25 2 15 16 79 76 23 8 43 
103 46 123 70 67 130 29 74 21 19 84 85 98 95 139 55 36 107 10 105 9 142 63 64 41 39 110 111 7 51 52 48 49 117 118 17 62 127 26 125 25 144 91 92 72 2 132 32 33 131 30 31 101 102 16 79 80 76 77 133 134 37 23 24 88 89 5 86 87 4 137 45 100 8 141 58 59 140 56 57 121 122 108 11 12 68 69 65 66 129 43 44 114 115 14 112 113 13 143 73 53 54 1 120 20 119 18 83 128 27 28 96 97 93 94 138 34 35 106 104 81 82 3 136 40 135 38 109 90 6 50 47 60 61 126 124 71 116 15 78 75 22 99 42 
104 87 124 71 129 31 131 113 54 118 119 18 99 138 57 140 106 12 108 64 142 66 67 65 82 134 135 38 89 90 6 137 45 49 47 48 126 28 128 92 144 94 95 93 33 132 35 36 34 102 103 101 105 9 115 116 15 143 73 77 75 76 120 20 24 22 23 85 83 84 4 86 59 141 61 62 60 122 123 121 125 25 69 70 68 72 2 130 29 30 136 40 44 42 43 111 109 110 13 112 52 50 51 1 53 17 117 19 97 98 96 100 8 139 55 56 107 10 11 63 80 78 79 3 81 37 133 39 5 88 7 46 127 26 27 91 32 14 114 16 74 21 58 41 
105 86 125 72 130 131 30 112 53 117 19 119 100 139 140 56 107 108 11 142 63 67 65 66 81 133 39 135 88 7 90 46 137 48 49 47 127 128 27 144 91 95 93 94 132 32 36 34 35 103 101 102 9 104 114 16 116 74 143 76 77 75 21 120 23 24 22 84 85 83 87 4 141 58 62 60 61 123 121 122 25 124 70 68 69 2 71 29 129 31 41 136 43 44 42 110 111 109 113 13 51 52 50 54 1 118 17 18 98 96 97 8 99 55 138 57 10 106 12 64 79 80 78 82 3 134 37 38 89 5 6 45 26 126 28 92 33 115 14 15 73 20 59 40 
106 89 126 129 71 33 132 115 118 54 120 20 138 99 59 141 104 64 142 12 108 69 70 68 134 82 136 40 87 137 45 90 6 52 50 51 124 92 144 28 128 97 98 96 31 131 102 103 101 35 36 34 107 10 113 143 73 116 15 80 78 79 119 18 85 83 84 24 22 23 5 88 57 140 122 123 121 61 62 60 127 26 66 67 65 130 29 72 2 32 135 38 111 109 110 44 42 43 14 114 49 47 48 17 117 1 53 21 94 95 93 139 55 100 8 58 105 9 63 11 77 75 76 37 133 3 81 41 4 86 46 7 125 25 91 27 30 13 112 74 16 19 56 39 
107 88 127 130 72 132 32 114 117 53 21 120 139 100 141 58 105 142 63 108 11 70 68 69 133 81 41 136 86 46 137 7 90 51 52 50 125 144 91 128 27 98 96 97 131 30 103 101 102 36 34 35 10 106 112 74 143 16 116 79 80 78 19 119 84 85 83 23 24 22 89 5 140 56 123 121 122 62 60 61 26 126 67 65 66 29 129 2 71 33 39 135 110 111 109 43 44 42 115 14 48 49 47 118 17 54 1 20 95 93 94 55 138 8 99 59 9 104 64 12 76 77 75 134 37 82 3 40 87 4 45 6 25 124 92 28 31 113 13 73 15 18 57 38 
108 23 128 131 132 36 34 43 48 51 53 54 140 141 62 60 142 67 65 70 68 72 2 71 76 79 81 82 84 86 87 88 89 7 90 6 144 95 93 98 96 100 8 99 103 101 105 9 104 107 10 106 11 12 110 112 113 114 115 16 116 15 117 118 19 119 18 21 120 20 24 22 123 121 125 25 124 127 26 126 27 28 130 29 129 30 31 32 33 35 133 134 39 135 38 41 136 40 44 42 46 137 45 49 47 52 50 1 139 55 138 56 57 58 59 61 63 64 66 69 74 143 73 77 75 80 78 3 85 83 4 5 91 92 94 97 102 111 109 13 14 17 122 37 
109 91 83 78 75 37 133 63 58 56 121 122 50 47 17 117 42 14 114 13 112 73 74 143 32 30 101 102 27 96 97 93 94 55 138 139 22 5 88 4 86 45 46 137 3 81 40 41 136 38 39 135 110 111 11 68 69 65 66 29 129 130 60 61 26 126 127 25 124 125 92 144 1 53 20 21 120 18 19 119 84 85 15 16 116 79 80 76 77 134 34 35 10 106 107 9 104 105 64 142 8 99 100 59 141 57 140 123 6 7 90 51 52 48 49 118 43 44 115 113 2 71 72 33 132 31 131 103 28 128 98 95 23 24 89 87 82 12 108 70 67 62 54 36 
110 144 84 79 76 133 134 142 141 140 123 121 51 48 117 118 43 114 115 112 113 74 143 73 132 131 103 101 128 98 96 95 93 139 55 138 23 88 89 86 87 46 137 45 81 82 41 136 40 39 135 38 111 109 108 70 68 67 65 130 29 129 62 60 127 26 126 125 25 124 91 92 53 54 21 120 20 19 119 18 85 83 16 116 15 80 78 77 75 37 36 34 107 10 106 105 9 104 63 64 100 8 99 58 59 56 57 122 7 90 6 52 50 49 47 17 44 42 14 13 72 2 71 32 33 30 31 102 27 28 97 94 24 22 5 4 3 11 12 69 66 61 1 35 
111 92 85 80 77 134 37 64 59 57 122 123 52 49 118 17 44 115 14 113 13 143 73 74 33 31 102 103 28 97 98 94 95 138 139 55 24 89 5 87 4 137 45 46 82 3 136 40 41 135 38 39 109 110 12 69 70 66 67 129 130 29 61 62 126 127 26 124 125 25 144 91 54 1 120 20 21 119 18 19 83 84 116 15 16 78 79 75 76 133 35 36 106 107 10 104 105 9 142 63 99 100 8 141 58 140 56 121 90 6 7 50 51 47 48 117 42 43 114 112 71 72 2 132 32 131 30 101 128 27 96 93 22 23 88 86 81 108 11 68 65 60 53 34 
112 125 86 81 133 39 135 105 100 139 140 56 53 117 19 119 114 16 116 74 143 76 77 75 72 130 131 30 127 128 27 144 91 95 93 94 88 7 90 46 137 48 49 47 41 136 43 44 42 110 111 109 113 13 107 108 11 142 63 67 65 66 141 58 62 60 61 123 121 122 25 124 21 120 23 24 22 84 85 83 87 4 79 80 78 82 3 134 37 38 132 32 36 34 35 103 101 102 9 104 98 96 97 8 99 55 138 57 51 52 50 54 1 118 17 18 115 14 15 73 70 68 69 2 71 29 129 31 26 126 28 92 89 5 6 45 40 10 106 12 64 59 20 33 
113 124 87 82 134 135 38 104 99 138 57 140 54 118 119 18 115 116 15 143 73 77 75 76 71 129 31 131 126 28 128 92 144 94 95 93 89 90 6 137 45 49 47 48 136 40 44 42 43 111 109 110 13 112 106 12 108 64 142 66 67 65 59 141 61 62 60 122 123 121 125 25 120 20 24 22 23 85 83 84 4 86 80 78 79 3 81 37 133 39 33 132 35 36 34 102 103 101 105 9 97 98 96 100 8 139 55 56 52 50 51 1 53 17 117 19 14 114 16 74 69 70 68 72 2 130 29 30 127 26 27 91 5 88 7 46 41 107 10 11 63 58 21 32 
114 127 88 133 81 41 136 107 139 100 141 58 117 53 21 120 112 74 143 16 116 79 80 78 130 72 132 32 125 144 91 128 27 98 96 97 86 46 137 7 90 51 52 50 39 135 110 111 109 43 44 42 115 14 105 142 63 108 11 70 68 69 140 56 123 121 122 62 60 61 26 126 19 119 84 85 83 23 24 22 89 5 76 77 75 134 37 82 3 40 131 30 103 101 102 36 34 35 10 106 95 93 94 55 138 8 99 59 48 49 47 118 17 54 1 20 113 13 73 15 67 65 66 29 129 2 71 33 25 124 92 28 87 4 45 6 38 9 104 64 12 57 18 31 
115 126 89 134 82 136 40 106 138 99 59 141 118 54 120 20 113 143 73 116 15 80 78 79 129 71 33 132 124 92 144 28 128 97 98 96 87 137 45 90 6 52 50 51 135 38 111 109 110 44 42 43 14 114 104 64 142 12 108 69 70 68 57 140 122 123 121 61 62 60 127 26 119 18 85 83 84 24 22 23 5 88 77 75 76 37 133 3 81 41 31 131 102 103 101 35 36 34 107 10 94 95 93 139 55 100 8 58 49 47 48 17 117 1 53 21 13 112 74 16 66 67 65 130 29 72 2 32 125 25 91 27 4 86 46 7 39 105 9 63 11 56 19 30 
116 61 90 135 136 44 42 35 94 97 99 100 119 120 24 22 143 77 75 80 78 82 3 81 66 69 71 72 122 124 125 126 127 28 128 27 137 49 47 52 50 54 1 53 111 109 113 13 112 115 14 114 15 16 102 104 105 106 107 12 108 11 138 139 57 140 56 59 141 58 62 60 85 83 87 4 86 89 5 88 6 7 134 37 133 38 39 40 41 43 129 130 31 131 30 33 132 32 36 34 92 144 91 95 93 98 96 8 118 17 117 18 19 20 21 23 73 74 76 79 64 142 63 67 65 70 68 2 123 121 25 26 45 46 48 51 110 103 101 9 10 55 84 29 
117 130 133 88 86 46 137 139 107 105 142 63 114 112 74 143 53 21 120 19 119 84 85 83 127 125 144 91 72 132 32 131 30 103 101 102 81 41 136 39 135 110 111 109 7 90 51 52 50 48 49 47 118 17 100 141 58 140 56 123 121 122 108 11 70 68 69 67 65 66 29 129 16 116 79 80 78 76 77 75 134 37 23 24 22 89 5 87 4 45 128 27 98 96 97 95 93 94 55 138 36 34 35 10 106 9 104 64 43 44 42 115 14 113 13 73 54 1 20 18 62 60 61 26 126 25 124 92 2 71 33 31 82 3 40 38 6 8 99 59 57 12 15 28 
118 129 134 89 87 137 45 138 106 104 64 142 115 113 143 73 54 120 20 119 18 85 83 84 126 124 92 144 71 33 132 31 131 102 103 101 82 136 40 135 38 111 109 110 90 6 52 50 51 49 47 48 17 117 99 59 141 57 140 122 123 121 12 108 69 70 68 66 67 65 130 29 116 15 80 78 79 77 75 76 37 133 24 22 23 5 88 4 86 46 28 128 97 98 96 94 95 93 139 55 35 36 34 107 10 105 9 63 44 42 43 14 114 13 112 74 1 53 21 19 61 62 60 127 26 125 25 91 72 2 32 30 3 81 41 39 7 100 8 58 56 11 16 27 
119 66 135 90 137 49 47 94 35 102 104 105 116 143 77 75 120 24 22 85 83 87 4 86 61 122 124 125 69 71 72 129 130 31 131 30 136 44 42 111 109 113 13 112 52 50 54 1 53 118 17 117 18 19 97 99 100 138 139 57 140 56 106 107 12 108 11 64 142 63 67 65 80 78 82 3 81 134 37 133 38 39 89 5 88 6 7 45 46 48 126 127 28 128 27 92 144 91 95 93 33 132 32 36 34 103 101 9 115 14 114 15 16 73 74 76 20 21 23 84 59 141 58 62 60 123 121 25 70 68 2 29 40 41 43 110 51 98 96 8 55 10 79 26 
120 69 136 137 90 52 50 97 102 35 106 107 143 116 80 78 119 85 83 24 22 89 5 88 122 61 126 127 66 129 130 71 72 33 132 32 135 111 109 44 42 115 14 114 49 47 118 17 117 54 1 53 20 21 94 138 139 99 100 59 141 58 104 105 64 142 63 12 108 11 70 68 77 75 134 37 133 82 3 81 40 41 87 4 86 45 46 6 7 51 124 125 92 144 91 28 128 27 98 96 31 131 30 103 101 36 34 10 113 13 112 73 74 15 16 79 18 19 84 23 57 140 56 123 121 62 60 26 67 65 29 2 38 39 110 43 48 95 93 55 8 9 76 25 
121 73 101 96 93 55 138 45 40 38 109 110 68 65 29 129 60 26 126 25 124 91 92 144 20 18 83 84 15 78 79 75 76 37 133 134 34 10 106 9 104 63 64 142 8 99 58 59 141 56 57 140 122 123 6 50 51 47 48 17 117 118 42 43 14 114 115 13 112 113 74 143 2 71 32 33 132 30 31 131 102 103 27 28 128 97 98 94 95 139 22 23 5 88 89 4 86 87 46 137 3 81 82 41 136 39 135 111 11 12 108 69 70 66 67 130 61 62 127 125 1 53 54 21 120 19 119 85 16 116 80 77 35 36 107 105 100 7 90 52 49 44 72 24 
122 143 102 97 94 138 139 137 136 135 111 109 69 66 129 130 61 126 127 124 125 92 144 91 120 119 85 83 116 80 78 77 75 134 37 133 35 106 107 104 105 64 142 63 99 100 59 141 58 57 140 56 123 121 90 52 50 49 47 118 17 117 44 42 115 14 114 113 13 112 73 74 71 72 33 132 32 31 131 30 103 101 28 128 27 98 96 95 93 55 24 22 89 5 88 87 4 86 45 46 82 3 81 40 41 38 39 110 12 108 11 70 68 67 65 29 62 60 26 25 54 1 53 20 21 18 19 84 15 16 79 76 36 34 10 9 8 6 7 51 48 43 2 23 
123 74 103 98 95 139 55 46 41 39 110 111 70 67 130 29 62 127 26 125 25 144 91 92 21 19 84 85 16 79 80 76 77 133 134 37 36 107 10 105 9 142 63 64 100 8 141 58 59 140 56 57 121 122 7 51 52 48 49 117 118 17 43 44 114 115 14 112 113 13 143 73 72 2 132 32 33 131 30 31 101 102 128 27 28 96 97 93 94 138 23 24 88 89 5 86 87 4 137 45 81 82 3 136 40 135 38 109 108 11 12 68 69 65 66 129 60 61 126 124 53 54 1 120 20 119 18 83 116 15 78 75 34 35 106 104 99 90 6 50 47 42 71 22 
124 113 104 99 138 57 140 87 82 134 135 38 71 129 31 131 126 28 128 92 144 94 95 93 54 118 119 18 115 116 15 143 73 77 75 76 106 12 108 64 142 66 67 65 59 141 61 62 60 122 123 121 125 25 89 90 6 137 45 49 47 48 136 40 44 42 43 111 109 110 13 112 33 132 35 36 34 102 103 101 105 9 97 98 96 100 8 139 55 56 120 20 24 22 23 85 83 84 4 86 80 78 79 3 81 37 133 39 69 70 68 72 2 130 29 30 127 26 27 91 52 50 51 1 53 17 117 19 14 114 16 74 107 10 11 63 58 5 88 7 46 41 32 21 
125 112 105 100 139 140 56 86 81 133 39 135 72 130 131 30 127 128 27 144 91 95 93 94 53 117 19 119 114 16 116 74 143 76 77 75 107 108 11 142 63 67 65 66 141 58 62 60 61 123 121 122 25 124 88 7 90 46 137 48 49 47 41 136 43 44 42 110 111 109 113 13 132 32 36 34 35 103 101 102 9 104 98 96 97 8 99 55 138 57 21 120 23 24 22 84 85 83 87 4 79 80 78 82 3 134 37 38 70 68 69 2 71 29 129 31 26 126 28 92 51 52 50 54 1 118 17 18 115 14 15 73 10 106 12 64 59 89 5 6 45 40 33 20 
126 115 106 138 99 59 141 89 134 82 136 40 129 71 33 132 124 92 144 28 128 97 98 96 118 54 120 20 113 143 73 116 15 80 78 79 104 64 142 12 108 69 70 68 57 140 122 123 121 61 62 60 127 26 87 137 45 90 6 52 50 51 135 38 111 109 110 44 42 43 14 114 31 131 102 103 101 35 36 34 107 10 94 95 93 139 55 100 8 58 119 18 85 83 84 24 22 23 5 88 77 75 76 37 133 3 81 41 66 67 65 130 29 72 2 32 125 25 91 27 49 47 48 17 117 1 53 21 13 112 74 16 105 9 63 11 56 4 86 46 7 39 30 19 
127 114 107 139 100 141 58 88 133 81 41 136 130 72 132 32 125 144 91 128 27 98 96 97 117 53 21 120 112 74 143 16 116 79 80 78 105 142 63 108 11 70 68 69 140 56 123 121 122 62 60 61 26 126 86 46 137 7 90 51 52 50 39 135 110 111 109 43 44 42 115 14 131 30 103 101 102 36 34 35 10 106 95 93 94 55 138 8 99 59 19 119 84 85 83 23 24 22 89 5 76 77 75 134 37 82 3 40 67 65 66 29 129 2 71 33 25 124 92 28 48 49 47 118 17 54 1 20 113 13 73 15 9 104 64 12 57 87 4 45 6 38 31 18 
128 43 108 140 141 62 60 23 76 79 81 82 131 132 36 34 144 95 93 98 96 100 8 99 48 51 53 54 110 112 113 114 115 16 116 15 142 67 65 70 68 72 2 71 123 121 125 25 124 127 26 126 27 28 84 86 87 88 89 7 90 6 133 134 39 135 38 41 136 40 44 42 103 101 105 9 104 107 10 106 11 12 139 55 138 56 57 58 59 61 117 118 19 119 18 21 120 20 24 22 74 143 73 77 75 80 78 3 130 29 129 30 31 32 33 35 91 92 94 97 46 137 45 49 47 52 50 1 111 109 13 14 63 64 66 69 122 85 83 4 5 37 102 17 
129 118 138 106 104 64 142 134 89 87 137 45 126 124 92 144 71 33 132 31 131 102 103 101 115 113 143 73 54 120 20 119 18 85 83 84 99 59 141 57 140 122 123 121 12 108 69 70 68 66 67 65 130 29 82 136 40 135 38 111 109 110 90 6 52 50 51 49 47 48 17 117 28 128 97 98 96 94 95 93 139 55 35 36 34 107 10 105 9 63 116 15 80 78 79 77 75 76 37 133 24 22 23 5 88 4 86 46 61 62 60 127 26 125 25 91 72 2 32 30 44 42 43 14 114 13 112 74 1 53 21 19 100 8 58 56 11 3 81 41 39 7 27 16 
130 117 139 107 105 142 63 133 88 86 46 137 127 125 144 91 72 132 32 131 30 103 101 102 114 112 74 143 53 21 120 19 119 84 85 83 100 141 58 140 56 123 121 122 108 11 70 68 69 67 65 66 29 129 81 41 136 39 135 110 111 109 7 90 51 52 50 48 49 47 118 17 128 27 98 96 97 95 93 94 55 138 36 34 35 10 106 9 104 64 16 116 79 80 78 76 77 75 134 37 23 24 22 89 5 87 4 45 62 60 61 26 126 25 124 92 2 71 33 31 43 44 42 115 14 113 13 73 54 1 20 18 8 99 59 57 12 82 3 40 38 6 28 15 
131 48 140 108 142 67 65 76 23 84 86 87 128 144 95 93 132 36 34 103 101 105 9 104 43 110 112 113 51 53 54 117 118 19 119 18 141 62 60 123 121 125 25 124 70 68 72 2 71 130 29 129 30 31 79 81 82 133 134 39 135 38 88 89 7 90 6 46 137 45 49 47 98 96 100 8 99 139 55 138 56 57 107 10 106 11 12 63 64 66 114 115 16 116 15 74 143 73 77 75 21 120 20 24 22 85 83 4 127 26 126 27 28 91 92 94 32 33 35 102 41 136 40 44 42 111 109 13 52 50 1 17 58 59 61 122 69 80 78 3 37 5 97 14 
132 51 141 142 108 70 68 79 84 23 88 89 144 128 98 96 131 103 101 36 34 107 10 106 110 43 114 115 48 117 118 53 54 21 120 20 140 123 121 62 60 127 26 126 67 65 130 29 129 72 2 71 32 33 76 133 134 81 82 41 136 40 86 87 46 137 45 7 90 6 52 50 95 93 139 55 138 100 8 99 58 59 105 9 104 63 64 11 12 69 112 113 74 143 73 16 116 15 80 78 19 119 18 85 83 24 22 5 125 25 124 91 92 27 28 97 30 31 102 35 39 135 38 111 109 44 42 14 49 47 17 1 56 57 122 61 66 77 75 37 3 4 94 13 
133 139 117 114 112 74 143 130 127 125 144 91 88 86 46 137 81 41 136 39 135 110 111 109 107 105 142 63 100 141 58 140 56 123 121 122 53 21 120 19 119 84 85 83 16 116 79 80 78 76 77 75 134 37 72 132 32 131 30 103 101 102 128 27 98 96 97 95 93 94 55 138 7 90 51 52 50 48 49 47 118 17 43 44 42 115 14 113 13 73 108 11 70 68 69 67 65 66 29 129 62 60 61 26 126 25 124 92 23 24 22 89 5 87 4 45 82 3 40 38 36 34 35 10 106 9 104 64 8 99 59 57 54 1 20 18 15 2 71 33 31 28 6 12 
134 138 118 115 113 143 73 129 126 124 92 144 89 87 137 45 82 136 40 135 38 111 109 110 106 104 64 142 99 59 141 57 140 122 123 121 54 120 20 119 18 85 83 84 116 15 80 78 79 77 75 76 37 133 71 33 132 31 131 102 103 101 28 128 97 98 96 94 95 93 139 55 90 6 52 50 51 49 47 48 17 117 44 42 43 14 114 13 112 74 12 108 69 70 68 66 67 65 130 29 61 62 60 127 26 125 25 91 24 22 23 5 88 4 86 46 3 81 41 39 35 36 34 107 10 105 9 63 100 8 58 56 1 53 21 19 16 72 2 32 30 27 7 11 
135 94 119 116 143 77 75 66 61 122 124 125 90 137 49 47 136 44 42 111 109 113 13 112 35 102 104 105 97 99 100 138 139 57 140 56 120 24 22 85 83 87 4 86 80 78 82 3 81 134 37 133 38 39 69 71 72 129 130 31 131 30 126 127 28 128 27 92 144 91 95 93 52 50 54 1 53 118 17 117 18 19 115 14 114 15 16 73 74 76 106 107 12 108 11 64 142 63 67 65 59 141 58 62 60 123 121 25 89 5 88 6 7 45 46 48 40 41 43 110 33 132 32 36 34 103 101 9 98 96 8 55 20 21 23 84 79 70 68 2 29 26 51 10 
136 97 120 143 116 80 78 69 122 61 126 127 137 90 52 50 135 111 109 44 42 115 14 114 102 35 106 107 94 138 139 99 100 59 141 58 119 85 83 24 22 89 5 88 77 75 134 37 133 82 3 81 40 41 66 129 130 71 72 33 132 32 124 125 92 144 91 28 128 27 98 96 49 47 118 17 117 54 1 53 20 21 113 13 112 73 74 15 16 79 104 105 64 142 63 12 108 11 70 68 57 140 56 123 121 62 60 26 87 4 86 45 46 6 7 51 38 39 110 43 31 131 30 103 101 36 34 10 95 93 55 8 18 19 84 23 76 67 65 29 2 25 48 9 
137 102 143 120 119 85 83 122 69 66 129 130 136 135 111 109 90 52 50 49 47 118 17 117 97 94 138 139 35 106 107 104 105 64 142 63 116 80 78 77 75 134 37 133 24 22 89 5 88 87 4 86 45 46 61 126 127 124 125 92 144 91 71 72 33 132 32 31 131 30 103 101 44 42 115 14 114 113 13 112 73 74 54 1 53 20 21 18 19 84 99 100 59 141 58 57 140 56 123 121 12 108 11 70 68 67 65 29 82 3 81 40 41 38 39 110 6 7 51 48 28 128 27 98 96 95 93 55 36 34 10 9 15 16 79 76 23 62 60 26 25 2 43 8 
138 134 129 126 124 92 144 118 115 113 143 73 106 104 64 142 99 59 141 57 140 122 123 121 89 87 137 45 82 136 40 135 38 111 109 110 71 33 132 31 131 102 103 101 28 128 97 98 96 94 95 93 139 55 54 120 20 119 18 85 83 84 116 15 80 78 79 77 75 76 37 133 12 108 69 70 68 66 67 65 130 29 61 62 60 127 26 125 25 91 90 6 52 50 51 49 47 48 17 117 44 42 43 14 114 13 112 74 35 36 34 107 10 105 9 63 100 8 58 56 24 22 23 5 88 4 86 46 3 81 41 39 72 2 32 30 27 1 53 21 19 16 11 7 
139 133 130 127 125 144 91 117 114 112 74 143 107 105 142 63 100 141 58 140 56 123 121 122 88 86 46 137 81 41 136 39 135 110 111 109 72 132 32 131 30 103 101 102 128 27 98 96 97 95 93 94 55 138 53 21 120 19 119 84 85 83 16 116 79 80 78 76 77 75 134 37 108 11 70 68 69 67 65 66 29 129 62 60 61 26 126 25 124 92 7 90 51 52 50 48 49 47 118 17 43 44 42 115 14 113 13 73 36 34 35 10 106 9 104 64 8 99 59 57 23 24 22 89 5 87 4 45 82 3 40 38 2 71 33 31 28 54 1 20 18 15 12 6 
140 76 131 128 144 95 93 48 43 110 112 113 108 142 67 65 141 62 60 123 121 125 25 124 23 84 86 87 79 81 82 133 134 39 135 38 132 36 34 103 101 105 9 104 98 96 100 8 99 139 55 138 56 57 51 53 54 117 118 19 119 18 114 115 16 116 15 74 143 73 77 75 70 68 72 2 71 130 29 129 30 31 127 26 126 27 28 91 92 94 88 89 7 90 6 46 137 45 49 47 41 136 40 44 42 111 109 13 107 10 106 11 12 63 64 66 58 59 61 122 21 120 20 24 22 85 83 4 80 78 3 37 32 33 35 102 97 52 50 1 17 14 69 5 
141 79 132 144 128 98 96 51 110 43 114 115 142 108 70 68 140 123 121 62 60 127 26 126 84 23 88 89 76 133 134 81 82 41 136 40 131 103 101 36 34 107 10 106 95 93 139 55 138 100 8 99 58 59 48 117 118 53 54 21 120 20 112 113 74 143 73 16 116 15 80 78 67 65 130 29 129 72 2 71 32 33 125 25 124 91 92 27 28 97 86 87 46 137 45 7 90 6 52 50 39 135 38 111 109 44 42 14 105 9 104 63 64 11 12 69 56 57 122 61 19 119 18 85 83 24 22 5 77 75 37 3 30 31 102 35 94 49 47 17 1 13 66 4 
142 84 144 132 131 103 101 110 51 48 117 118 141 140 123 121 108 70 68 67 65 130 29 129 79 76 133 134 23 88 89 86 87 46 137 45 128 98 96 95 93 139 55 138 36 34 107 10 106 105 9 104 63 64 43 114 115 112 113 74 143 73 53 54 21 120 20 19 119 18 85 83 62 60 127 26 126 125 25 124 91 92 72 2 71 32 33 30 31 102 81 82 41 136 40 39 135 38 111 109 7 90 6 52 50 49 47 17 100 8 99 58 59 56 57 122 11 12 69 66 16 116 15 80 78 77 75 37 24 22 5 4 27 28 97 94 35 44 42 14 13 1 61 3 
143 122 137 136 135 111 109 102 97 94 138 139 120 119 85 83 116 80 78 77 75 134 37 133 69 66 129 130 61 126 127 124 125 92 144 91 90 52 50 49 47 118 17 117 44 42 115 14 114 113 13 112 73 74 35 106 107 104 105 64 142 63 99 100 59 141 58 57 140 56 123 121 24 22 89 5 88 87 4 86 45 46 82 3 81 40 41 38 39 110 71 72 33 132 32 31 131 30 103 101 28 128 27 98 96 95 93 55 54 1 53 20 21 18 19 84 15 16 79 76 12 108 11 70 68 67 65 29 62 60 26 25 6 7 51 48 43 36 34 10 9 8 23 2 
144 110 142 141 140 123 121 84 79 76 133 134 132 131 103 101 128 98 96 95 93 139 55 138 51 48 117 118 43 114 115 112 113 74 143 73 108 70 68 67 65 130 29 129 62 60 127 26 126 125 25 124 91 92 23 88 89 86 87 46 137 45 81 82 41 136 40 39 135 38 111 109 36 34 107 10 106 105 9 104 63 64 100 8 99 58 59 56 57 122 53 54 21 120 20 19 119 18 85 83 16 116 15 80 78 77 75 37 72 2 71 32 33 30 31 102 27 28 97 94 7 90 6 52 50 49 47 17 44 42 14 13 11 12 69 66 61 24 22 5 4 3 35 1 
