153 2
1 2 3 4 5 6 7 8 9 10 11 12 13 14 15 16 17 18 19 20 21 22 23 24 25 26 27 28 29 30 31 32 33 34 35 36 37 38 39 40 41 42 43 44 45 46 47 48 49 50 51 52 53 54 55 56 57 58 59 60 61 62 63 64 65 66 67 68 69 70 71 72 73 74 75 76 77 78 79 80 81 82 83 84 85 86 87 88 89 90 91 92 93 94 95 96 97 98 99 100 101 102 103 104 105 106 107 108 109 110 111 112 113 114 115 116 117 118 119 120 121 122 123 124 125 126 127 128 129 130 131 132 133 134 135 136 137 138 139 140 141 142 143 144 145 146 147 148 149 150 151 152 153 
2 5 6 7 1 11 12 13 14 15 3 4 19 20 21 22 23 24 8 9 10 28 29 30 31 32 33 16 17 18 37 38 39 40 41 42 25 26 27 46 47 48 49 50 51 34 35 36 55 56 57 58 59 60 43 44 45 64 65 66 67 68 69 52 53 54 73 74 75 76 77 78 61 62 63 82 83 84 85 86 87 70 71 72 91 92 93 94 95 96 79 80 81 100 101 102 103 104 105 88 89 90 109 110 111 112 113 114 97 98 99 118 119 120 121 122 123 106 107 108 127 128 129 130 131 132 115 116 117 136 137 138 139 140 141 124 125 126 144 145 146 147 148 133 134 135 150 151 152 142 143 153 149 
3 6 8 9 11 13 14 1 16 17 19 20 2 22 23 4 25 26 5 28 29 7 31 32 10 34 35 12 37 38 15 40 41 18 43 44 21 46 47 24 49 50 27 52 53 30 55 56 33 58 59 36 61 62 39 64 65 42 67 68 45 70 71 48 73 74 51 76 77 54 79 80 57 82 83 60 85 86 63 88 89 66 91 92 69 94 95 72 97 98 75 100 101 78 103 104 81 106 107 84 109 110 87 112 113 90 115 116 93 118 119 96 121 122 99 124 125 102 127 128 105 130 131 108 133 134 111 136 137 114 139 140 117 142 143 120 144 145 123 147 148 126 149 129 150 151 132 152 135 138 153 141 146 
4 7 9 10 12 14 15 16 17 18 20 21 22 23 24 25 26 27 28 29 30 31 32 33 34 35 36 37 38 39 40 41 42 43 44 45 46 47 48 49 50 51 52 53 54 55 56 57 58 59 60 61 62 63 64 65 66 67 68 69 70 71 72 73 74 75 76 77 78 79 80 81 82 83 84 85 86 87 88 89 90 91 92 93 94 95 96 97 98 99 100 101 102 103 104 105 106 107 108 109 110 111 112 113 114 115 116 117 118 119 120 121 122 123 124 125 126 127 128 129 130 131 132 133 134 135 136 137 138 139 140 141 142 143 1 144 145 146 147 148 2 149 3 150 151 5 152 6 8 153 11 13 19 
5 1 11 12 2 3 4 19 20 21 6 7 8 9 10 28 29 30 13 14 15 16 17 18 37 38 39 22 23 24 25 26 27 46 47 48 31 32 33 34 35 36 55 56 57 40 41 42 43 44 45 64 65 66 49 50 51 52 53 54 73 74 75 58 59 60 61 62 63 82 83 84 67 68 69 70 71 72 91 92 93 76 77 78 79 80 81 100 101 102 85 86 87 88 89 90 109 110 111 94 95 96 97 98 99 118 119 120 103 104 105 106 107 108 127 128 129 112 113 114 115 116 117 136 137 138 121 122 123 124 125 126 144 145 146 130 131 132 133 134 135 150 151 139 140 141 142 143 153 147 148 149 152 
6 11 13 14 3 19 20 2 22 23 8 9 5 28 29 7 31 32 1 16 17 12 37 38 15 40 41 4 25 26 21 46 47 24 49 50 10 34 35 30 55 56 33 58 59 18 43 44 39 64 65 42 67 68 27 52 53 48 73 74 51 76 77 36 61 62 57 82 83 60 85 86 45 70 71 66 91 92 69 94 95 54 79 80 75 100 101 78 103 104 63 88 89 84 109 110 87 112 113 72 97 98 93 118 119 96 121 122 81 106 107 102 127 128 105 130 131 90 115 116 111 136 137 114 139 140 99 124 125 120 144 145 123 147 148 108 133 134 129 150 151 132 152 117 142 143 138 153 141 126 149 146 135 
7 12 14 15 4 20 21 22 23 24 9 10 28 29 30 31 32 33 16 17 18 37 38 39 40 41 42 25 26 27 46 47 48 49 50 51 34 35 36 55 56 57 58 59 60 43 44 45 64 65 66 67 68 69 52 53 54 73 74 75 76 77 78 61 62 63 82 83 84 85 86 87 70 71 72 91 92 93 94 95 96 79 80 81 100 101 102 103 104 105 88 89 90 109 110 111 112 113 114 97 98 99 118 119 120 121 122 123 106 107 108 127 128 129 130 131 132 115 116 117 136 137 138 139 140 141 124 125 126 144 145 146 147 148 2 133 134 135 150 151 5 152 6 142 143 1 153 11 13 149 3 19 8 
8 13 1 16 19 2 22 3 4 25 5 28 6 7 31 9 10 34 11 12 37 14 15 40 17 18 43 20 21 46 23 24 49 26 27 52 29 30 55 32 33 58 35 36 61 38 39 64 41 42 67 44 45 70 47 48 73 50 51 76 53 54 79 56 57 82 59 60 85 62 63 88 65 66 91 68 69 94 71 72 97 74 75 100 77 78 103 80 81 106 83 84 109 86 87 112 89 90 115 92 93 118 95 96 121 98 99 124 101 102 127 104 105 130 107 108 133 110 111 136 113 114 139 116 117 142 119 120 144 122 123 147 125 126 149 128 129 150 131 132 152 134 135 137 138 153 140 141 143 145 146 148 151 
9 14 16 17 20 22 23 4 25 26 28 29 7 31 32 10 34 35 12 37 38 15 40 41 18 43 44 21 46 47 24 49 50 27 52 53 30 55 56 33 58 59 36 61 62 39 64 65 42 67 68 45 70 71 48 73 74 51 76 77 54 79 80 57 82 83 60 85 86 63 88 89 66 91 92 69 94 95 72 97 98 75 100 101 78 103 104 81 106 107 84 109 110 87 112 113 90 115 116 93 118 119 96 121 122 99 124 125 102 127 128 105 130 131 108 133 134 111 136 137 114 139 140 117 142 143 120 144 145 123 147 148 126 149 3 129 150 151 132 152 6 135 8 138 153 11 141 13 1 146 19 2 5 
10 15 17 18 21 23 24 25 26 27 29 30 31 32 33 34 35 36 37 38 39 40 41 42 43 44 45 46 47 48 49 50 51 52 53 54 55 56 57 58 59 60 61 62 63 64 65 66 67 68 69 70 71 72 73 74 75 76 77 78 79 80 81 82 83 84 85 86 87 88 89 90 91 92 93 94 95 96 97 98 99 100 101 102 103 104 105 106 107 108 109 110 111 112 113 114 115 116 117 118 119 120 121 122 123 124 125 126 127 128 129 130 131 132 133 134 135 136 137 138 139 140 141 142 143 1 144 145 146 147 148 2 149 3 4 150 151 5 152 6 7 8 9 153 11 12 13 14 16 19 20 22 28 
11 3 19 20 6 8 9 5 28 29 13 14 1 16 17 12 37 38 2 22 23 4 25 26 21 46 47 7 31 32 10 34 35 30 55 56 15 40 41 18 43 44 39 64 65 24 49 50 27 52 53 48 73 74 33 58 59 36 61 62 57 82 83 42 67 68 45 70 71 66 91 92 51 76 77 54 79 80 75 100 101 60 85 86 63 88 89 84 109 110 69 94 95 72 97 98 93 118 119 78 103 104 81 106 107 102 127 128 87 112 113 90 115 116 111 136 137 96 121 122 99 124 125 120 144 145 105 130 131 108 133 134 129 150 151 114 139 140 117 142 143 138 153 123 147 148 126 149 146 132 152 135 141 
12 4 20 21 7 9 10 28 29 30 14 15 16 17 18 37 38 39 22 23 24 25 26 27 46 47 48 31 32 33 34 35 36 55 56 57 40 41 42 43 44 45 64 65 66 49 50 51 52 53 54 73 74 75 58 59 60 61 62 63 82 83 84 67 68 69 70 71 72 91 92 93 76 77 78 79 80 81 100 101 102 85 86 87 88 89 90 109 110 111 94 95 96 97 98 99 118 119 120 103 104 105 106 107 108 127 128 129 112 113 114 115 116 117 136 137 138 121 122 123 124 125 126 144 145 146 130 131 132 133 134 135 150 151 5 139 140 141 142 143 1 153 11 147 148 2 149 3 19 152 6 8 13 
13 19 2 22 8 5 28 6 7 31 1 16 11 12 37 14 15 40 3 4 25 20 21 46 23 24 49 9 10 34 29 30 55 32 33 58 17 18 43 38 39 64 41 42 67 26 27 52 47 48 73 50 51 76 35 36 61 56 57 82 59 60 85 44 45 70 65 66 91 68 69 94 53 54 79 74 75 100 77 78 103 62 63 88 83 84 109 86 87 112 71 72 97 92 93 118 95 96 121 80 81 106 101 102 127 104 105 130 89 90 115 110 111 136 113 114 139 98 99 124 119 120 144 122 123 147 107 108 133 128 129 150 131 132 152 116 117 142 137 138 153 140 141 125 126 149 145 146 148 134 135 151 143 
14 20 22 23 9 28 29 7 31 32 16 17 12 37 38 15 40 41 4 25 26 21 46 47 24 49 50 10 34 35 30 55 56 33 58 59 18 43 44 39 64 65 42 67 68 27 52 53 48 73 74 51 76 77 36 61 62 57 82 83 60 85 86 45 70 71 66 91 92 69 94 95 54 79 80 75 100 101 78 103 104 63 88 89 84 109 110 87 112 113 72 97 98 93 118 119 96 121 122 81 106 107 102 127 128 105 130 131 90 115 116 111 136 137 114 139 140 99 124 125 120 144 145 123 147 148 108 133 134 129 150 151 132 152 6 117 142 143 138 153 11 141 13 126 149 3 146 19 2 135 8 5 1 
15 21 23 24 10 29 30 31 32 33 17 18 37 38 39 40 41 42 25 26 27 46 47 48 49 50 51 34 35 36 55 56 57 58 59 60 43 44 45 64 65 66 67 68 69 52 53 54 73 74 75 76 77 78 61 62 63 82 83 84 85 86 87 70 71 72 91 92 93 94 95 96 79 80 81 100 101 102 103 104 105 88 89 90 109 110 111 112 113 114 97 98 99 118 119 120 121 122 123 106 107 108 127 128 129 130 131 132 115 116 117 136 137 138 139 140 141 124 125 126 144 145 146 147 148 2 133 134 135 150 151 5 152 6 7 142 143 1 153 11 12 13 14 149 3 4 19 20 22 8 9 28 16 
16 22 4 25 28 7 31 9 10 34 12 37 14 15 40 17 18 43 20 21 46 23 24 49 26 27 52 29 30 55 32 33 58 35 36 61 38 39 64 41 42 67 44 45 70 47 48 73 50 51 76 53 54 79 56 57 82 59 60 85 62 63 88 65 66 91 68 69 94 71 72 97 74 75 100 77 78 103 80 81 106 83 84 109 86 87 112 89 90 115 92 93 118 95 96 121 98 99 124 101 102 127 104 105 130 107 108 133 110 111 136 113 114 139 116 117 142 119 120 144 122 123 147 125 126 149 128 129 150 131 132 152 134 135 8 137 138 153 140 141 13 143 1 145 146 19 148 2 3 151 5 6 11 
17 23 25 26 29 31 32 10 34 35 37 38 15 40 41 18 43 44 21 46 47 24 49 50 27 52 53 30 55 56 33 58 59 36 61 62 39 64 65 42 67 68 45 70 71 48 73 74 51 76 77 54 79 80 57 82 83 60 85 86 63 88 89 66 91 92 69 94 95 72 97 98 75 100 101 78 103 104 81 106 107 84 109 110 87 112 113 90 115 116 93 118 119 96 121 122 99 124 125 102 127 128 105 130 131 108 133 134 111 136 137 114 139 140 117 142 143 120 144 145 123 147 148 126 149 3 129 150 151 132 152 6 135 8 9 138 153 11 141 13 14 1 16 146 19 20 2 22 4 5 28 7 12 
18 24 26 27 30 32 33 34 35 36 38 39 40 41 42 43 44 45 46 47 48 49 50 51 52 53 54 55 56 57 58 59 60 61 62 63 64 65 66 67 68 69 70 71 72 73 74 75 76 77 78 79 80 81 82 83 84 85 86 87 88 89 90 91 92 93 94 95 96 97 98 99 100 101 102 103 104 105 106 107 108 109 110 111 112 113 114 115 116 117 118 119 120 121 122 123 124 125 126 127 128 129 130 131 132 133 134 135 136 137 138 139 140 141 142 143 1 144 145 146 147 148 2 149 3 4 150 151 5 152 6 7 8 9 10 153 11 12 13 14 15 16 17 19 20 21 22 23 25 28 29 31 37 
19 8 5 28 13 1 16 11 12 37 2 22 3 4 25 20 21 46 6 7 31 9 10 34 29 30 55 14 15 40 17 18 43 38 39 64 23 24 49 26 27 52 47 48 73 32 33 58 35 36 61 56 57 82 41 42 67 44 45 70 65 66 91 50 51 76 53 54 79 74 75 100 59 60 85 62 63 88 83 84 109 68 69 94 71 72 97 92 93 118 77 78 103 80 81 106 101 102 127 86 87 112 89 90 115 110 111 136 95 96 121 98 99 124 119 120 144 104 105 130 107 108 133 128 129 150 113 114 139 116 117 142 137 138 153 122 123 147 125 126 149 145 146 131 132 152 134 135 151 140 141 143 148 
20 9 28 29 14 16 17 12 37 38 22 23 4 25 26 21 46 47 7 31 32 10 34 35 30 55 56 15 40 41 18 43 44 39 64 65 24 49 50 27 52 53 48 73 74 33 58 59 36 61 62 57 82 83 42 67 68 45 70 71 66 91 92 51 76 77 54 79 80 75 100 101 60 85 86 63 88 89 84 109 110 69 94 95 72 97 98 93 118 119 78 103 104 81 106 107 102 127 128 87 112 113 90 115 116 111 136 137 96 121 122 99 124 125 120 144 145 105 130 131 108 133 134 129 150 151 114 139 140 117 142 143 138 153 11 123 147 148 126 149 3 146 19 132 152 6 135 8 5 141 13 1 2 
21 10 29 30 15 17 18 37 38 39 23 24 25 26 27 46 47 48 31 32 33 34 35 36 55 56 57 40 41 42 43 44 45 64 65 66 49 50 51 52 53 54 73 74 75 58 59 60 61 62 63 82 83 84 67 68 69 70 71 72 91 92 93 76 77 78 79 80 81 100 101 102 85 86 87 88 89 90 109 110 111 94 95 96 97 98 99 118 119 120 103 104 105 106 107 108 127 128 129 112 113 114 115 116 117 136 137 138 121 122 123 124 125 126 144 145 146 130 131 132 133 134 135 150 151 5 139 140 141 142 143 1 153 11 12 147 148 2 149 3 4 19 20 152 6 7 8 9 28 13 14 16 22 
22 28 7 31 16 12 37 14 15 40 4 25 20 21 46 23 24 49 9 10 34 29 30 55 32 33 58 17 18 43 38 39 64 41 42 67 26 27 52 47 48 73 50 51 76 35 36 61 56 57 82 59 60 85 44 45 70 65 66 91 68 69 94 53 54 79 74 75 100 77 78 103 62 63 88 83 84 109 86 87 112 71 72 97 92 93 118 95 96 121 80 81 106 101 102 127 104 105 130 89 90 115 110 111 136 113 114 139 98 99 124 119 120 144 122 123 147 107 108 133 128 129 150 131 132 152 116 117 142 137 138 153 140 141 13 125 126 149 145 146 19 148 2 134 135 8 151 5 6 143 1 11 3 
23 29 31 32 17 37 38 15 40 41 25 26 21 46 47 24 49 50 10 34 35 30 55 56 33 58 59 18 43 44 39 64 65 42 67 68 27 52 53 48 73 74 51 76 77 36 61 62 57 82 83 60 85 86 45 70 71 66 91 92 69 94 95 54 79 80 75 100 101 78 103 104 63 88 89 84 109 110 87 112 113 72 97 98 93 118 119 96 121 122 81 106 107 102 127 128 105 130 131 90 115 116 111 136 137 114 139 140 99 124 125 120 144 145 123 147 148 108 133 134 129 150 151 132 152 6 117 142 143 138 153 11 141 13 14 126 149 3 146 19 20 2 22 135 8 9 5 28 7 1 16 12 4 
24 30 32 33 18 38 39 40 41 42 26 27 46 47 48 49 50 51 34 35 36 55 56 57 58 59 60 43 44 45 64 65 66 67 68 69 52 53 54 73 74 75 76 77 78 61 62 63 82 83 84 85 86 87 70 71 72 91 92 93 94 95 96 79 80 81 100 101 102 103 104 105 88 89 90 109 110 111 112 113 114 97 98 99 118 119 120 121 122 123 106 107 108 127 128 129 130 131 132 115 116 117 136 137 138 139 140 141 124 125 126 144 145 146 147 148 2 133 134 135 150 151 5 152 6 7 142 143 1 153 11 12 13 14 15 149 3 4 19 20 21 22 23 8 9 10 28 29 31 16 17 37 25 
25 31 10 34 37 15 40 17 18 43 21 46 23 24 49 26 27 52 29 30 55 32 33 58 35 36 61 38 39 64 41 42 67 44 45 70 47 48 73 50 51 76 53 54 79 56 57 82 59 60 85 62 63 88 65 66 91 68 69 94 71 72 97 74 75 100 77 78 103 80 81 106 83 84 109 86 87 112 89 90 115 92 93 118 95 96 121 98 99 124 101 102 127 104 105 130 107 108 133 110 111 136 113 114 139 116 117 142 119 120 144 122 123 147 125 126 149 128 129 150 131 132 152 134 135 8 137 138 153 140 141 13 143 1 16 145 146 19 148 2 22 3 4 151 5 28 6 7 9 11 12 14 20 
26 32 34 35 38 40 41 18 43 44 46 47 24 49 50 27 52 53 30 55 56 33 58 59 36 61 62 39 64 65 42 67 68 45 70 71 48 73 74 51 76 77 54 79 80 57 82 83 60 85 86 63 88 89 66 91 92 69 94 95 72 97 98 75 100 101 78 103 104 81 106 107 84 109 110 87 112 113 90 115 116 93 118 119 96 121 122 99 124 125 102 127 128 105 130 131 108 133 134 111 136 137 114 139 140 117 142 143 120 144 145 123 147 148 126 149 3 129 150 151 132 152 6 135 8 9 138 153 11 141 13 14 1 16 17 146 19 20 2 22 23 4 25 5 28 29 7 31 10 12 37 15 21 
27 33 35 36 39 41 42 43 44 45 47 48 49 50 51 52 53 54 55 56 57 58 59 60 61 62 63 64 65 66 67 68 69 70 71 72 73 74 75 76 77 78 79 80 81 82 83 84 85 86 87 88 89 90 91 92 93 94 95 96 97 98 99 100 101 102 103 104 105 106 107 108 109 110 111 112 113 114 115 116 117 118 119 120 121 122 123 124 125 126 127 128 129 130 131 132 133 134 135 136 137 138 139 140 141 142 143 1 144 145 146 147 148 2 149 3 4 150 151 5 152 6 7 8 9 10 153 11 12 13 14 15 16 17 18 19 20 21 22 23 24 25 26 28 29 30 31 32 34 37 38 40 46 
28 16 12 37 22 4 25 20 21 46 7 31 9 10 34 29 30 55 14 15 40 17 18 43 38 39 64 23 24 49 26 27 52 47 48 73 32 33 58 35 36 61 56 57 82 41 42 67 44 45 70 65 66 91 50 51 76 53 54 79 74 75 100 59 60 85 62 63 88 83 84 109 68 69 94 71 72 97 92 93 118 77 78 103 80 81 106 101 102 127 86 87 112 89 90 115 110 111 136 95 96 121 98 99 124 119 120 144 104 105 130 107 108 133 128 129 150 113 114 139 116 117 142 137 138 153 122 123 147 125 126 149 145 146 19 131 132 152 134 135 8 151 5 140 141 13 143 1 11 148 2 3 6 
29 17 37 38 23 25 26 21 46 47 31 32 10 34 35 30 55 56 15 40 41 18 43 44 39 64 65 24 49 50 27 52 53 48 73 74 33 58 59 36 61 62 57 82 83 42 67 68 45 70 71 66 91 92 51 76 77 54 79 80 75 100 101 60 85 86 63 88 89 84 109 110 69 94 95 72 97 98 93 118 119 78 103 104 81 106 107 102 127 128 87 112 113 90 115 116 111 136 137 96 121 122 99 124 125 120 144 145 105 130 131 108 133 134 129 150 151 114 139 140 117 142 143 138 153 11 123 147 148 126 149 3 146 19 20 132 152 6 135 8 9 5 28 141 13 14 1 16 12 2 22 4 7 
30 18 38 39 24 26 27 46 47 48 32 33 34 35 36 55 56 57 40 41 42 43 44 45 64 65 66 49 50 51 52 53 54 73 74 75 58 59 60 61 62 63 82 83 84 67 68 69 70 71 72 91 92 93 76 77 78 79 80 81 100 101 102 85 86 87 88 89 90 109 110 111 94 95 96 97 98 99 118 119 120 103 104 105 106 107 108 127 128 129 112 113 114 115 116 117 136 137 138 121 122 123 124 125 126 144 145 146 130 131 132 133 134 135 150 151 5 139 140 141 142 143 1 153 11 12 147 148 2 149 3 4 19 20 21 152 6 7 8 9 10 28 29 13 14 15 16 17 37 22 23 25 31 
31 37 15 40 25 21 46 23 24 49 10 34 29 30 55 32 33 58 17 18 43 38 39 64 41 42 67 26 27 52 47 48 73 50 51 76 35 36 61 56 57 82 59 60 85 44 45 70 65 66 91 68 69 94 53 54 79 74 75 100 77 78 103 62 63 88 83 84 109 86 87 112 71 72 97 92 93 118 95 96 121 80 81 106 101 102 127 104 105 130 89 90 115 110 111 136 113 114 139 98 99 124 119 120 144 122 123 147 107 108 133 128 129 150 131 132 152 116 117 142 137 138 153 140 141 13 125 126 149 145 146 19 148 2 22 134 135 8 151 5 28 6 7 143 1 16 11 12 14 3 4 20 9 
32 38 40 41 26 46 47 24 49 50 34 35 30 55 56 33 58 59 18 43 44 39 64 65 42 67 68 27 52 53 48 73 74 51 76 77 36 61 62 57 82 83 60 85 86 45 70 71 66 91 92 69 94 95 54 79 80 75 100 101 78 103 104 63 88 89 84 109 110 87 112 113 72 97 98 93 118 119 96 121 122 81 106 107 102 127 128 105 130 131 90 115 116 111 136 137 114 139 140 99 124 125 120 144 145 123 147 148 108 133 134 129 150 151 132 152 6 117 142 143 138 153 11 141 13 14 126 149 3 146 19 20 2 22 23 135 8 9 5 28 29 7 31 1 16 17 12 37 15 4 25 21 10 
33 39 41 42 27 47 48 49 50 51 35 36 55 56 57 58 59 60 43 44 45 64 65 66 67 68 69 52 53 54 73 74 75 76 77 78 61 62 63 82 83 84 85 86 87 70 71 72 91 92 93 94 95 96 79 80 81 100 101 102 103 104 105 88 89 90 109 110 111 112 113 114 97 98 99 118 119 120 121 122 123 106 107 108 127 128 129 130 131 132 115 116 117 136 137 138 139 140 141 124 125 126 144 145 146 147 148 2 133 134 135 150 151 5 152 6 7 142 143 1 153 11 12 13 14 15 149 3 4 19 20 21 22 23 24 8 9 10 28 29 30 31 32 16 17 18 37 38 40 25 26 46 34 
34 40 18 43 46 24 49 26 27 52 30 55 32 33 58 35 36 61 38 39 64 41 42 67 44 45 70 47 48 73 50 51 76 53 54 79 56 57 82 59 60 85 62 63 88 65 66 91 68 69 94 71 72 97 74 75 100 77 78 103 80 81 106 83 84 109 86 87 112 89 90 115 92 93 118 95 96 121 98 99 124 101 102 127 104 105 130 107 108 133 110 111 136 113 114 139 116 117 142 119 120 144 122 123 147 125 126 149 128 129 150 131 132 152 134 135 8 137 138 153 140 141 13 143 1 16 145 146 19 148 2 22 3 4 25 151 5 28 6 7 31 9 10 11 12 37 14 15 17 20 21 23 29 
35 41 43 44 47 49 50 27 52 53 55 56 33 58 59 36 61 62 39 64 65 42 67 68 45 70 71 48 73 74 51 76 77 54 79 80 57 82 83 60 85 86 63 88 89 66 91 92 69 94 95 72 97 98 75 100 101 78 103 104 81 106 107 84 109 110 87 112 113 90 115 116 93 118 119 96 121 122 99 124 125 102 127 128 105 130 131 108 133 134 111 136 137 114 139 140 117 142 143 120 144 145 123 147 148 126 149 3 129 150 151 132 152 6 135 8 9 138 153 11 141 13 14 1 16 17 146 19 20 2 22 23 4 25 26 5 28 29 7 31 32 10 34 12 37 38 15 40 18 21 46 24 30 
36 42 44 45 48 50 51 52 53 54 56 57 58 59 60 61 62 63 64 65 66 67 68 69 70 71 72 73 74 75 76 77 78 79 80 81 82 83 84 85 86 87 88 89 90 91 92 93 94 95 96 97 98 99 100 101 102 103 104 105 106 107 108 109 110 111 112 113 114 115 116 117 118 119 120 121 122 123 124 125 126 127 128 129 130 131 132 133 134 135 136 137 138 139 140 141 142 143 1 144 145 146 147 148 2 149 3 4 150 151 5 152 6 7 8 9 10 153 11 12 13 14 15 16 17 18 19 20 21 22 23 24 25 26 27 28 29 30 31 32 33 34 35 37 38 39 40 41 43 46 47 49 55 
37 25 21 46 31 10 34 29 30 55 15 40 17 18 43 38 39 64 23 24 49 26 27 52 47 48 73 32 33 58 35 36 61 56 57 82 41 42 67 44 45 70 65 66 91 50 51 76 53 54 79 74 75 100 59 60 85 62 63 88 83 84 109 68 69 94 71 72 97 92 93 118 77 78 103 80 81 106 101 102 127 86 87 112 89 90 115 110 111 136 95 96 121 98 99 124 119 120 144 104 105 130 107 108 133 128 129 150 113 114 139 116 117 142 137 138 153 122 123 147 125 126 149 145 146 19 131 132 152 134 135 8 151 5 28 140 141 13 143 1 16 11 12 148 2 22 3 4 20 6 7 9 14 
38 26 46 47 32 34 35 30 55 56 40 41 18 43 44 39 64 65 24 49 50 27 52 53 48 73 74 33 58 59 36 61 62 57 82 83 42 67 68 45 70 71 66 91 92 51 76 77 54 79 80 75 100 101 60 85 86 63 88 89 84 109 110 69 94 95 72 97 98 93 118 119 78 103 104 81 106 107 102 127 128 87 112 113 90 115 116 111 136 137 96 121 122 99 124 125 120 144 145 105 130 131 108 133 134 129 150 151 114 139 140 117 142 143 138 153 11 123 147 148 126 149 3 146 19 20 132 152 6 135 8 9 5 28 29 141 13 14 1 16 17 12 37 2 22 23 4 25 21 7 31 10 15 
39 27 47 48 33 35 36 55 56 57 41 42 43 44 45 64 65 66 49 50 51 52 53 54 73 74 75 58 59 60 61 62 63 82 83 84 67 68 69 70 71 72 91 92 93 76 77 78 79 80 81 100 101 102 85 86 87 88 89 90 109 110 111 94 95 96 97 98 99 118 119 120 103 104 105 106 107 108 127 128 129 112 113 114 115 116 117 136 137 138 121 122 123 124 125 126 144 145 146 130 131 132 133 134 135 150 151 5 139 140 141 142 143 1 153 11 12 147 148 2 149 3 4 19 20 21 152 6 7 8 9 10 28 29 30 13 14 15 16 17 18 37 38 22 23 24 25 26 46 31 32 34 40 
40 46 24 49 34 30 55 32 33 58 18 43 38 39 64 41 42 67 26 27 52 47 48 73 50 51 76 35 36 61 56 57 82 59 60 85 44 45 70 65 66 91 68 69 94 53 54 79 74 75 100 77 78 103 62 63 88 83 84 109 86 87 112 71 72 97 92 93 118 95 96 121 80 81 106 101 102 127 104 105 130 89 90 115 110 111 136 113 114 139 98 99 124 119 120 144 122 123 147 107 108 133 128 129 150 131 132 152 116 117 142 137 138 153 140 141 13 125 126 149 145 146 19 148 2 22 134 135 8 151 5 28 6 7 31 143 1 16 11 12 37 14 15 3 4 25 20 21 23 9 10 29 17 
41 47 49 50 35 55 56 33 58 59 43 44 39 64 65 42 67 68 27 52 53 48 73 74 51 76 77 36 61 62 57 82 83 60 85 86 45 70 71 66 91 92 69 94 95 54 79 80 75 100 101 78 103 104 63 88 89 84 109 110 87 112 113 72 97 98 93 118 119 96 121 122 81 106 107 102 127 128 105 130 131 90 115 116 111 136 137 114 139 140 99 124 125 120 144 145 123 147 148 108 133 134 129 150 151 132 152 6 117 142 143 138 153 11 141 13 14 126 149 3 146 19 20 2 22 23 135 8 9 5 28 29 7 31 32 1 16 17 12 37 38 15 40 4 25 26 21 46 24 10 34 30 18 
42 48 50 51 36 56 57 58 59 60 44 45 64 65 66 67 68 69 52 53 54 73 74 75 76 77 78 61 62 63 82 83 84 85 86 87 70 71 72 91 92 93 94 95 96 79 80 81 100 101 102 103 104 105 88 89 90 109 110 111 112 113 114 97 98 99 118 119 120 121 122 123 106 107 108 127 128 129 130 131 132 115 116 117 136 137 138 139 140 141 124 125 126 144 145 146 147 148 2 133 134 135 150 151 5 152 6 7 142 143 1 153 11 12 13 14 15 149 3 4 19 20 21 22 23 24 8 9 10 28 29 30 31 32 33 16 17 18 37 38 39 40 41 25 26 27 46 47 49 34 35 55 43 
43 49 27 52 55 33 58 35 36 61 39 64 41 42 67 44 45 70 47 48 73 50 51 76 53 54 79 56 57 82 59 60 85 62 63 88 65 66 91 68 69 94 71 72 97 74 75 100 77 78 103 80 81 106 83 84 109 86 87 112 89 90 115 92 93 118 95 96 121 98 99 124 101 102 127 104 105 130 107 108 133 110 111 136 113 114 139 116 117 142 119 120 144 122 123 147 125 126 149 128 129 150 131 132 152 134 135 8 137 138 153 140 141 13 143 1 16 145 146 19 148 2 22 3 4 25 151 5 28 6 7 31 9 10 34 11 12 37 14 15 40 17 18 20 21 46 23 24 26 29 30 32 38 
44 50 52 53 56 58 59 36 61 62 64 65 42 67 68 45 70 71 48 73 74 51 76 77 54 79 80 57 82 83 60 85 86 63 88 89 66 91 92 69 94 95 72 97 98 75 100 101 78 103 104 81 106 107 84 109 110 87 112 113 90 115 116 93 118 119 96 121 122 99 124 125 102 127 128 105 130 131 108 133 134 111 136 137 114 139 140 117 142 143 120 144 145 123 147 148 126 149 3 129 150 151 132 152 6 135 8 9 138 153 11 141 13 14 1 16 17 146 19 20 2 22 23 4 25 26 5 28 29 7 31 32 10 34 35 12 37 38 15 40 41 18 43 21 46 47 24 49 27 30 55 33 39 
45 51 53 54 57 59 60 61 62 63 65 66 67 68 69 70 71 72 73 74 75 76 77 78 79 80 81 82 83 84 85 86 87 88 89 90 91 92 93 94 95 96 97 98 99 100 101 102 103 104 105 106 107 108 109 110 111 112 113 114 115 116 117 118 119 120 121 122 123 124 125 126 127 128 129 130 131 132 133 134 135 136 137 138 139 140 141 142 143 1 144 145 146 147 148 2 149 3 4 150 151 5 152 6 7 8 9 10 153 11 12 13 14 15 16 17 18 19 20 21 22 23 24 25 26 27 28 29 30 31 32 33 34 35 36 37 38 39 40 41 42 43 44 46 47 48 49 50 52 55 56 58 64 
46 34 30 55 40 18 43 38 39 64 24 49 26 27 52 47 48 73 32 33 58 35 36 61 56 57 82 41 42 67 44 45 70 65 66 91 50 51 76 53 54 79 74 75 100 59 60 85 62 63 88 83 84 109 68 69 94 71 72 97 92 93 118 77 78 103 80 81 106 101 102 127 86 87 112 89 90 115 110 111 136 95 96 121 98 99 124 119 120 144 104 105 130 107 108 133 128 129 150 113 114 139 116 117 142 137 138 153 122 123 147 125 126 149 145 146 19 131 132 152 134 135 8 151 5 28 140 141 13 143 1 16 11 12 37 148 2 22 3 4 25 20 21 6 7 31 9 10 29 14 15 17 23 
47 35 55 56 41 43 44 39 64 65 49 50 27 52 53 48 73 74 33 58 59 36 61 62 57 82 83 42 67 68 45 70 71 66 91 92 51 76 77 54 79 80 75 100 101 60 85 86 63 88 89 84 109 110 69 94 95 72 97 98 93 118 119 78 103 104 81 106 107 102 127 128 87 112 113 90 115 116 111 136 137 96 121 122 99 124 125 120 144 145 105 130 131 108 133 134 129 150 151 114 139 140 117 142 143 138 153 11 123 147 148 126 149 3 146 19 20 132 152 6 135 8 9 5 28 29 141 13 14 1 16 17 12 37 38 2 22 23 4 25 26 21 46 7 31 32 10 34 30 15 40 18 24 
48 36 56 57 42 44 45 64 65 66 50 51 52 53 54 73 74 75 58 59 60 61 62 63 82 83 84 67 68 69 70 71 72 91 92 93 76 77 78 79 80 81 100 101 102 85 86 87 88 89 90 109 110 111 94 95 96 97 98 99 118 119 120 103 104 105 106 107 108 127 128 129 112 113 114 115 116 117 136 137 138 121 122 123 124 125 126 144 145 146 130 131 132 133 134 135 150 151 5 139 140 141 142 143 1 153 11 12 147 148 2 149 3 4 19 20 21 152 6 7 8 9 10 28 29 30 13 14 15 16 17 18 37 38 39 22 23 24 25 26 27 46 47 31 32 33 34 35 55 40 41 43 49 
49 55 33 58 43 39 64 41 42 67 27 52 47 48 73 50 51 76 35 36 61 56 57 82 59 60 85 44 45 70 65 66 91 68 69 94 53 54 79 74 75 100 77 78 103 62 63 88 83 84 109 86 87 112 71 72 97 92 93 118 95 96 121 80 81 106 101 102 127 104 105 130 89 90 115 110 111 136 113 114 139 98 99 124 119 120 144 122 123 147 107 108 133 128 129 150 131 132 152 116 117 142 137 138 153 140 141 13 125 126 149 145 146 19 148 2 22 134 135 8 151 5 28 6 7 31 143 1 16 11 12 37 14 15 40 3 4 25 20 21 46 23 24 9 10 34 29 30 32 17 18 38 26 
50 56 58 59 44 64 65 42 67 68 52 53 48 73 74 51 76 77 36 61 62 57 82 83 60 85 86 45 70 71 66 91 92 69 94 95 54 79 80 75 100 101 78 103 104 63 88 89 84 109 110 87 112 113 72 97 98 93 118 119 96 121 122 81 106 107 102 127 128 105 130 131 90 115 116 111 136 137 114 139 140 99 124 125 120 144 145 123 147 148 108 133 134 129 150 151 132 152 6 117 142 143 138 153 11 141 13 14 126 149 3 146 19 20 2 22 23 135 8 9 5 28 29 7 31 32 1 16 17 12 37 38 15 40 41 4 25 26 21 46 47 24 49 10 34 35 30 55 33 18 43 39 27 
51 57 59 60 45 65 66 67 68 69 53 54 73 74 75 76 77 78 61 62 63 82 83 84 85 86 87 70 71 72 91 92 93 94 95 96 79 80 81 100 101 102 103 104 105 88 89 90 109 110 111 112 113 114 97 98 99 118 119 120 121 122 123 106 107 108 127 128 129 130 131 132 115 116 117 136 137 138 139 140 141 124 125 126 144 145 146 147 148 2 133 134 135 150 151 5 152 6 7 142 143 1 153 11 12 13 14 15 149 3 4 19 20 21 22 23 24 8 9 10 28 29 30 31 32 33 16 17 18 37 38 39 40 41 42 25 26 27 46 47 48 49 50 34 35 36 55 56 58 43 44 64 52 
52 58 36 61 64 42 67 44 45 70 48 73 50 51 76 53 54 79 56 57 82 59 60 85 62 63 88 65 66 91 68 69 94 71 72 97 74 75 100 77 78 103 80 81 106 83 84 109 86 87 112 89 90 115 92 93 118 95 96 121 98 99 124 101 102 127 104 105 130 107 108 133 110 111 136 113 114 139 116 117 142 119 120 144 122 123 147 125 126 149 128 129 150 131 132 152 134 135 8 137 138 153 140 141 13 143 1 16 145 146 19 148 2 22 3 4 25 151 5 28 6 7 31 9 10 34 11 12 37 14 15 40 17 18 43 20 21 46 23 24 49 26 27 29 30 55 32 33 35 38 39 41 47 
53 59 61 62 65 67 68 45 70 71 73 74 51 76 77 54 79 80 57 82 83 60 85 86 63 88 89 66 91 92 69 94 95 72 97 98 75 100 101 78 103 104 81 106 107 84 109 110 87 112 113 90 115 116 93 118 119 96 121 122 99 124 125 102 127 128 105 130 131 108 133 134 111 136 137 114 139 140 117 142 143 120 144 145 123 147 148 126 149 3 129 150 151 132 152 6 135 8 9 138 153 11 141 13 14 1 16 17 146 19 20 2 22 23 4 25 26 5 28 29 7 31 32 10 34 35 12 37 38 15 40 41 18 43 44 21 46 47 24 49 50 27 52 30 55 56 33 58 36 39 64 42 48 
54 60 62 63 66 68 69 70 71 72 74 75 76 77 78 79 80 81 82 83 84 85 86 87 88 89 90 91 92 93 94 95 96 97 98 99 100 101 102 103 104 105 106 107 108 109 110 111 112 113 114 115 116 117 118 119 120 121 122 123 124 125 126 127 128 129 130 131 132 133 134 135 136 137 138 139 140 141 142 143 1 144 145 146 147 148 2 149 3 4 150 151 5 152 6 7 8 9 10 153 11 12 13 14 15 16 17 18 19 20 21 22 23 24 25 26 27 28 29 30 31 32 33 34 35 36 37 38 39 40 41 42 43 44 45 46 47 48 49 50 51 52 53 55 56 57 58 59 61 64 65 67 73 
55 43 39 64 49 27 52 47 48 73 33 58 35 36 61 56 57 82 41 42 67 44 45 70 65 66 91 50 51 76 53 54 79 74 75 100 59 60 85 62 63 88 83 84 109 68 69 94 71 72 97 92 93 118 77 78 103 80 81 106 101 102 127 86 87 112 89 90 115 110 111 136 95 96 121 98 99 124 119 120 144 104 105 130 107 108 133 128 129 150 113 114 139 116 117 142 137 138 153 122 123 147 125 126 149 145 146 19 131 132 152 134 135 8 151 5 28 140 141 13 143 1 16 11 12 37 148 2 22 3 4 25 20 21 46 6 7 31 9 10 34 29 30 14 15 40 17 18 38 23 24 26 32 
56 44 64 65 50 52 53 48 73 74 58 59 36 61 62 57 82 83 42 67 68 45 70 71 66 91 92 51 76 77 54 79 80 75 100 101 60 85 86 63 88 89 84 109 110 69 94 95 72 97 98 93 118 119 78 103 104 81 106 107 102 127 128 87 112 113 90 115 116 111 136 137 96 121 122 99 124 125 120 144 145 105 130 131 108 133 134 129 150 151 114 139 140 117 142 143 138 153 11 123 147 148 126 149 3 146 19 20 132 152 6 135 8 9 5 28 29 141 13 14 1 16 17 12 37 38 2 22 23 4 25 26 21 46 47 7 31 32 10 34 35 30 55 15 40 41 18 43 39 24 49 27 33 
57 45 65 66 51 53 54 73 74 75 59 60 61 62 63 82 83 84 67 68 69 70 71 72 91 92 93 76 77 78 79 80 81 100 101 102 85 86 87 88 89 90 109 110 111 94 95 96 97 98 99 118 119 120 103 104 105 106 107 108 127 128 129 112 113 114 115 116 117 136 137 138 121 122 123 124 125 126 144 145 146 130 131 132 133 134 135 150 151 5 139 140 141 142 143 1 153 11 12 147 148 2 149 3 4 19 20 21 152 6 7 8 9 10 28 29 30 13 14 15 16 17 18 37 38 39 22 23 24 25 26 27 46 47 48 31 32 33 34 35 36 55 56 40 41 42 43 44 64 49 50 52 58 
58 64 42 67 52 48 73 50 51 76 36 61 56 57 82 59 60 85 44 45 70 65 66 91 68 69 94 53 54 79 74 75 100 77 78 103 62 63 88 83 84 109 86 87 112 71 72 97 92 93 118 95 96 121 80 81 106 101 102 127 104 105 130 89 90 115 110 111 136 113 114 139 98 99 124 119 120 144 122 123 147 107 108 133 128 129 150 131 132 152 116 117 142 137 138 153 140 141 13 125 126 149 145 146 19 148 2 22 134 135 8 151 5 28 6 7 31 143 1 16 11 12 37 14 15 40 3 4 25 20 21 46 23 24 49 9 10 34 29 30 55 32 33 17 18 43 38 39 41 26 27 47 35 
59 65 67 68 53 73 74 51 76 77 61 62 57 82 83 60 85 86 45 70 71 66 91 92 69 94 95 54 79 80 75 100 101 78 103 104 63 88 89 84 109 110 87 112 113 72 97 98 93 118 119 96 121 122 81 106 107 102 127 128 105 130 131 90 115 116 111 136 137 114 139 140 99 124 125 120 144 145 123 147 148 108 133 134 129 150 151 132 152 6 117 142 143 138 153 11 141 13 14 126 149 3 146 19 20 2 22 23 135 8 9 5 28 29 7 31 32 1 16 17 12 37 38 15 40 41 4 25 26 21 46 47 24 49 50 10 34 35 30 55 56 33 58 18 43 44 39 64 42 27 52 48 36 
60 66 68 69 54 74 75 76 77 78 62 63 82 83 84 85 86 87 70 71 72 91 92 93 94 95 96 79 80 81 100 101 102 103 104 105 88 89 90 109 110 111 112 113 114 97 98 99 118 119 120 121 122 123 106 107 108 127 128 129 130 131 132 115 116 117 136 137 138 139 140 141 124 125 126 144 145 146 147 148 2 133 134 135 150 151 5 152 6 7 142 143 1 153 11 12 13 14 15 149 3 4 19 20 21 22 23 24 8 9 10 28 29 30 31 32 33 16 17 18 37 38 39 40 41 42 25 26 27 46 47 48 49 50 51 34 35 36 55 56 57 58 59 43 44 45 64 65 67 52 53 73 61 
61 67 45 70 73 51 76 53 54 79 57 82 59 60 85 62 63 88 65 66 91 68 69 94 71 72 97 74 75 100 77 78 103 80 81 106 83 84 109 86 87 112 89 90 115 92 93 118 95 96 121 98 99 124 101 102 127 104 105 130 107 108 133 110 111 136 113 114 139 116 117 142 119 120 144 122 123 147 125 126 149 128 129 150 131 132 152 134 135 8 137 138 153 140 141 13 143 1 16 145 146 19 148 2 22 3 4 25 151 5 28 6 7 31 9 10 34 11 12 37 14 15 40 17 18 43 20 21 46 23 24 49 26 27 52 29 30 55 32 33 58 35 36 38 39 64 41 42 44 47 48 50 56 
62 68 70 71 74 76 77 54 79 80 82 83 60 85 86 63 88 89 66 91 92 69 94 95 72 97 98 75 100 101 78 103 104 81 106 107 84 109 110 87 112 113 90 115 116 93 118 119 96 121 122 99 124 125 102 127 128 105 130 131 108 133 134 111 136 137 114 139 140 117 142 143 120 144 145 123 147 148 126 149 3 129 150 151 132 152 6 135 8 9 138 153 11 141 13 14 1 16 17 146 19 20 2 22 23 4 25 26 5 28 29 7 31 32 10 34 35 12 37 38 15 40 41 18 43 44 21 46 47 24 49 50 27 52 53 30 55 56 33 58 59 36 61 39 64 65 42 67 45 48 73 51 57 
63 69 71 72 75 77 78 79 80 81 83 84 85 86 87 88 89 90 91 92 93 94 95 96 97 98 99 100 101 102 103 104 105 106 107 108 109 110 111 112 113 114 115 116 117 118 119 120 121 122 123 124 125 126 127 128 129 130 131 132 133 134 135 136 137 138 139 140 141 142 143 1 144 145 146 147 148 2 149 3 4 150 151 5 152 6 7 8 9 10 153 11 12 13 14 15 16 17 18 19 20 21 22 23 24 25 26 27 28 29 30 31 32 33 34 35 36 37 38 39 40 41 42 43 44 45 46 47 48 49 50 51 52 53 54 55 56 57 58 59 60 61 62 64 65 66 67 68 70 73 74 76 82 
64 52 48 73 58 36 61 56 57 82 42 67 44 45 70 65 66 91 50 51 76 53 54 79 74 75 100 59 60 85 62 63 88 83 84 109 68 69 94 71 72 97 92 93 118 77 78 103 80 81 106 101 102 127 86 87 112 89 90 115 110 111 136 95 96 121 98 99 124 119 120 144 104 105 130 107 108 133 128 129 150 113 114 139 116 117 142 137 138 153 122 123 147 125 126 149 145 146 19 131 132 152 134 135 8 151 5 28 140 141 13 143 1 16 11 12 37 148 2 22 3 4 25 20 21 46 6 7 31 9 10 34 29 30 55 14 15 40 17 18 43 38 39 23 24 49 26 27 47 32 33 35 41 
65 53 73 74 59 61 62 57 82 83 67 68 45 70 71 66 91 92 51 76 77 54 79 80 75 100 101 60 85 86 63 88 89 84 109 110 69 94 95 72 97 98 93 118 119 78 103 104 81 106 107 102 127 128 87 112 113 90 115 116 111 136 137 96 121 122 99 124 125 120 144 145 105 130 131 108 133 134 129 150 151 114 139 140 117 142 143 138 153 11 123 147 148 126 149 3 146 19 20 132 152 6 135 8 9 5 28 29 141 13 14 1 16 17 12 37 38 2 22 23 4 25 26 21 46 47 7 31 32 10 34 35 30 55 56 15 40 41 18 43 44 39 64 24 49 50 27 52 48 33 58 36 42 
66 54 74 75 60 62 63 82 83 84 68 69 70 71 72 91 92 93 76 77 78 79 80 81 100 101 102 85 86 87 88 89 90 109 110 111 94 95 96 97 98 99 118 119 120 103 104 105 106 107 108 127 128 129 112 113 114 115 116 117 136 137 138 121 122 123 124 125 126 144 145 146 130 131 132 133 134 135 150 151 5 139 140 141 142 143 1 153 11 12 147 148 2 149 3 4 19 20 21 152 6 7 8 9 10 28 29 30 13 14 15 16 17 18 37 38 39 22 23 24 25 26 27 46 47 48 31 32 33 34 35 36 55 56 57 40 41 42 43 44 45 64 65 49 50 51 52 53 73 58 59 61 67 
67 73 51 76 61 57 82 59 60 85 45 70 65 66 91 68 69 94 53 54 79 74 75 100 77 78 103 62 63 88 83 84 109 86 87 112 71 72 97 92 93 118 95 96 121 80 81 106 101 102 127 104 105 130 89 90 115 110 111 136 113 114 139 98 99 124 119 120 144 122 123 147 107 108 133 128 129 150 131 132 152 116 117 142 137 138 153 140 141 13 125 126 149 145 146 19 148 2 22 134 135 8 151 5 28 6 7 31 143 1 16 11 12 37 14 15 40 3 4 25 20 21 46 23 24 49 9 10 34 29 30 55 32 33 58 17 18 43 38 39 64 41 42 26 27 52 47 48 50 35 36 56 44 
68 74 76 77 62 82 83 60 85 86 70 71 66 91 92 69 94 95 54 79 80 75 100 101 78 103 104 63 88 89 84 109 110 87 112 113 72 97 98 93 118 119 96 121 122 81 106 107 102 127 128 105 130 131 90 115 116 111 136 137 114 139 140 99 124 125 120 144 145 123 147 148 108 133 134 129 150 151 132 152 6 117 142 143 138 153 11 141 13 14 126 149 3 146 19 20 2 22 23 135 8 9 5 28 29 7 31 32 1 16 17 12 37 38 15 40 41 4 25 26 21 46 47 24 49 50 10 34 35 30 55 56 33 58 59 18 43 44 39 64 65 42 67 27 52 53 48 73 51 36 61 57 45 
69 75 77 78 63 83 84 85 86 87 71 72 91 92 93 94 95 96 79 80 81 100 101 102 103 104 105 88 89 90 109 110 111 112 113 114 97 98 99 118 119 120 121 122 123 106 107 108 127 128 129 130 131 132 115 116 117 136 137 138 139 140 141 124 125 126 144 145 146 147 148 2 133 134 135 150 151 5 152 6 7 142 143 1 153 11 12 13 14 15 149 3 4 19 20 21 22 23 24 8 9 10 28 29 30 31 32 33 16 17 18 37 38 39 40 41 42 25 26 27 46 47 48 49 50 51 34 35 36 55 56 57 58 59 60 43 44 45 64 65 66 67 68 52 53 54 73 74 76 61 62 82 70 
70 76 54 79 82 60 85 62 63 88 66 91 68 69 94 71 72 97 74 75 100 77 78 103 80 81 106 83 84 109 86 87 112 89 90 115 92 93 118 95 96 121 98 99 124 101 102 127 104 105 130 107 108 133 110 111 136 113 114 139 116 117 142 119 120 144 122 123 147 125 126 149 128 129 150 131 132 152 134 135 8 137 138 153 140 141 13 143 1 16 145 146 19 148 2 22 3 4 25 151 5 28 6 7 31 9 10 34 11 12 37 14 15 40 17 18 43 20 21 46 23 24 49 26 27 52 29 30 55 32 33 58 35 36 61 38 39 64 41 42 67 44 45 47 48 73 50 51 53 56 57 59 65 
71 77 79 80 83 85 86 63 88 89 91 92 69 94 95 72 97 98 75 100 101 78 103 104 81 106 107 84 109 110 87 112 113 90 115 116 93 118 119 96 121 122 99 124 125 102 127 128 105 130 131 108 133 134 111 136 137 114 139 140 117 142 143 120 144 145 123 147 148 126 149 3 129 150 151 132 152 6 135 8 9 138 153 11 141 13 14 1 16 17 146 19 20 2 22 23 4 25 26 5 28 29 7 31 32 10 34 35 12 37 38 15 40 41 18 43 44 21 46 47 24 49 50 27 52 53 30 55 56 33 58 59 36 61 62 39 64 65 42 67 68 45 70 48 73 74 51 76 54 57 82 60 66 
72 78 80 81 84 86 87 88 89 90 92 93 94 95 96 97 98 99 100 101 102 103 104 105 106 107 108 109 110 111 112 113 114 115 116 117 118 119 120 121 122 123 124 125 126 127 128 129 130 131 132 133 134 135 136 137 138 139 140 141 142 143 1 144 145 146 147 148 2 149 3 4 150 151 5 152 6 7 8 9 10 153 11 12 13 14 15 16 17 18 19 20 21 22 23 24 25 26 27 28 29 30 31 32 33 34 35 36 37 38 39 40 41 42 43 44 45 46 47 48 49 50 51 52 53 54 55 56 57 58 59 60 61 62 63 64 65 66 67 68 69 70 71 73 74 75 76 77 79 82 83 85 91 
73 61 57 82 67 45 70 65 66 91 51 76 53 54 79 74 75 100 59 60 85 62 63 88 83 84 109 68 69 94 71 72 97 92 93 118 77 78 103 80 81 106 101 102 127 86 87 112 89 90 115 110 111 136 95 96 121 98 99 124 119 120 144 104 105 130 107 108 133 128 129 150 113 114 139 116 117 142 137 138 153 122 123 147 125 126 149 145 146 19 131 132 152 134 135 8 151 5 28 140 141 13 143 1 16 11 12 37 148 2 22 3 4 25 20 21 46 6 7 31 9 10 34 29 30 55 14 15 40 17 18 43 38 39 64 23 24 49 26 27 52 47 48 32 33 58 35 36 56 41 42 44 50 
74 62 82 83 68 70 71 66 91 92 76 77 54 79 80 75 100 101 60 85 86 63 88 89 84 109 110 69 94 95 72 97 98 93 118 119 78 103 104 81 106 107 102 127 128 87 112 113 90 115 116 111 136 137 96 121 122 99 124 125 120 144 145 105 130 131 108 133 134 129 150 151 114 139 140 117 142 143 138 153 11 123 147 148 126 149 3 146 19 20 132 152 6 135 8 9 5 28 29 141 13 14 1 16 17 12 37 38 2 22 23 4 25 26 21 46 47 7 31 32 10 34 35 30 55 56 15 40 41 18 43 44 39 64 65 24 49 50 27 52 53 48 73 33 58 59 36 61 57 42 67 45 51 
75 63 83 84 69 71 72 91 92 93 77 78 79 80 81 100 101 102 85 86 87 88 89 90 109 110 111 94 95 96 97 98 99 118 119 120 103 104 105 106 107 108 127 128 129 112 113 114 115 116 117 136 137 138 121 122 123 124 125 126 144 145 146 130 131 132 133 134 135 150 151 5 139 140 141 142 143 1 153 11 12 147 148 2 149 3 4 19 20 21 152 6 7 8 9 10 28 29 30 13 14 15 16 17 18 37 38 39 22 23 24 25 26 27 46 47 48 31 32 33 34 35 36 55 56 57 40 41 42 43 44 45 64 65 66 49 50 51 52 53 54 73 74 58 59 60 61 62 82 67 68 70 76 
76 82 60 85 70 66 91 68 69 94 54 79 74 75 100 77 78 103 62 63 88 83 84 109 86 87 112 71 72 97 92 93 118 95 96 121 80 81 106 101 102 127 104 105 130 89 90 115 110 111 136 113 114 139 98 99 124 119 120 144 122 123 147 107 108 133 128 129 150 131 132 152 116 117 142 137 138 153 140 141 13 125 126 149 145 146 19 148 2 22 134 135 8 151 5 28 6 7 31 143 1 16 11 12 37 14 15 40 3 4 25 20 21 46 23 24 49 9 10 34 29 30 55 32 33 58 17 18 43 38 39 64 41 42 67 26 27 52 47 48 73 50 51 35 36 61 56 57 59 44 45 65 53 
77 83 85 86 71 91 92 69 94 95 79 80 75 100 101 78 103 104 63 88 89 84 109 110 87 112 113 72 97 98 93 118 119 96 121 122 81 106 107 102 127 128 105 130 131 90 115 116 111 136 137 114 139 140 99 124 125 120 144 145 123 147 148 108 133 134 129 150 151 132 152 6 117 142 143 138 153 11 141 13 14 126 149 3 146 19 20 2 22 23 135 8 9 5 28 29 7 31 32 1 16 17 12 37 38 15 40 41 4 25 26 21 46 47 24 49 50 10 34 35 30 55 56 33 58 59 18 43 44 39 64 65 42 67 68 27 52 53 48 73 74 51 76 36 61 62 57 82 60 45 70 66 54 
78 84 86 87 72 92 93 94 95 96 80 81 100 101 102 103 104 105 88 89 90 109 110 111 112 113 114 97 98 99 118 119 120 121 122 123 106 107 108 127 128 129 130 131 132 115 116 117 136 137 138 139 140 141 124 125 126 144 145 146 147 148 2 133 134 135 150 151 5 152 6 7 142 143 1 153 11 12 13 14 15 149 3 4 19 20 21 22 23 24 8 9 10 28 29 30 31 32 33 16 17 18 37 38 39 40 41 42 25 26 27 46 47 48 49 50 51 34 35 36 55 56 57 58 59 60 43 44 45 64 65 66 67 68 69 52 53 54 73 74 75 76 77 61 62 63 82 83 85 70 71 91 79 
79 85 63 88 91 69 94 71 72 97 75 100 77 78 103 80 81 106 83 84 109 86 87 112 89 90 115 92 93 118 95 96 121 98 99 124 101 102 127 104 105 130 107 108 133 110 111 136 113 114 139 116 117 142 119 120 144 122 123 147 125 126 149 128 129 150 131 132 152 134 135 8 137 138 153 140 141 13 143 1 16 145 146 19 148 2 22 3 4 25 151 5 28 6 7 31 9 10 34 11 12 37 14 15 40 17 18 43 20 21 46 23 24 49 26 27 52 29 30 55 32 33 58 35 36 61 38 39 64 41 42 67 44 45 70 47 48 73 50 51 76 53 54 56 57 82 59 60 62 65 66 68 74 
80 86 88 89 92 94 95 72 97 98 100 101 78 103 104 81 106 107 84 109 110 87 112 113 90 115 116 93 118 119 96 121 122 99 124 125 102 127 128 105 130 131 108 133 134 111 136 137 114 139 140 117 142 143 120 144 145 123 147 148 126 149 3 129 150 151 132 152 6 135 8 9 138 153 11 141 13 14 1 16 17 146 19 20 2 22 23 4 25 26 5 28 29 7 31 32 10 34 35 12 37 38 15 40 41 18 43 44 21 46 47 24 49 50 27 52 53 30 55 56 33 58 59 36 61 62 39 64 65 42 67 68 45 70 71 48 73 74 51 76 77 54 79 57 82 83 60 85 63 66 91 69 75 
81 87 89 90 93 95 96 97 98 99 101 102 103 104 105 106 107 108 109 110 111 112 113 114 115 116 117 118 119 120 121 122 123 124 125 126 127 128 129 130 131 132 133 134 135 136 137 138 139 140 141 142 143 1 144 145 146 147 148 2 149 3 4 150 151 5 152 6 7 8 9 10 153 11 12 13 14 15 16 17 18 19 20 21 22 23 24 25 26 27 28 29 30 31 32 33 34 35 36 37 38 39 40 41 42 43 44 45 46 47 48 49 50 51 52 53 54 55 56 57 58 59 60 61 62 63 64 65 66 67 68 69 70 71 72 73 74 75 76 77 78 79 80 82 83 84 85 86 88 91 92 94 100 
82 70 66 91 76 54 79 74 75 100 60 85 62 63 88 83 84 109 68 69 94 71 72 97 92 93 118 77 78 103 80 81 106 101 102 127 86 87 112 89 90 115 110 111 136 95 96 121 98 99 124 119 120 144 104 105 130 107 108 133 128 129 150 113 114 139 116 117 142 137 138 153 122 123 147 125 126 149 145 146 19 131 132 152 134 135 8 151 5 28 140 141 13 143 1 16 11 12 37 148 2 22 3 4 25 20 21 46 6 7 31 9 10 34 29 30 55 14 15 40 17 18 43 38 39 64 23 24 49 26 27 52 47 48 73 32 33 58 35 36 61 56 57 41 42 67 44 45 65 50 51 53 59 
83 71 91 92 77 79 80 75 100 101 85 86 63 88 89 84 109 110 69 94 95 72 97 98 93 118 119 78 103 104 81 106 107 102 127 128 87 112 113 90 115 116 111 136 137 96 121 122 99 124 125 120 144 145 105 130 131 108 133 134 129 150 151 114 139 140 117 142 143 138 153 11 123 147 148 126 149 3 146 19 20 132 152 6 135 8 9 5 28 29 141 13 14 1 16 17 12 37 38 2 22 23 4 25 26 21 46 47 7 31 32 10 34 35 30 55 56 15 40 41 18 43 44 39 64 65 24 49 50 27 52 53 48 73 74 33 58 59 36 61 62 57 82 42 67 68 45 70 66 51 76 54 60 
84 72 92 93 78 80 81 100 101 102 86 87 88 89 90 109 110 111 94 95 96 97 98 99 118 119 120 103 104 105 106 107 108 127 128 129 112 113 114 115 116 117 136 137 138 121 122 123 124 125 126 144 145 146 130 131 132 133 134 135 150 151 5 139 140 141 142 143 1 153 11 12 147 148 2 149 3 4 19 20 21 152 6 7 8 9 10 28 29 30 13 14 15 16 17 18 37 38 39 22 23 24 25 26 27 46 47 48 31 32 33 34 35 36 55 56 57 40 41 42 43 44 45 64 65 66 49 50 51 52 53 54 73 74 75 58 59 60 61 62 63 82 83 67 68 69 70 71 91 76 77 79 85 
85 91 69 94 79 75 100 77 78 103 63 88 83 84 109 86 87 112 71 72 97 92 93 118 95 96 121 80 81 106 101 102 127 104 105 130 89 90 115 110 111 136 113 114 139 98 99 124 119 120 144 122 123 147 107 108 133 128 129 150 131 132 152 116 117 142 137 138 153 140 141 13 125 126 149 145 146 19 148 2 22 134 135 8 151 5 28 6 7 31 143 1 16 11 12 37 14 15 40 3 4 25 20 21 46 23 24 49 9 10 34 29 30 55 32 33 58 17 18 43 38 39 64 41 42 67 26 27 52 47 48 73 50 51 76 35 36 61 56 57 82 59 60 44 45 70 65 66 68 53 54 74 62 
86 92 94 95 80 100 101 78 103 104 88 89 84 109 110 87 112 113 72 97 98 93 118 119 96 121 122 81 106 107 102 127 128 105 130 131 90 115 116 111 136 137 114 139 140 99 124 125 120 144 145 123 147 148 108 133 134 129 150 151 132 152 6 117 142 143 138 153 11 141 13 14 126 149 3 146 19 20 2 22 23 135 8 9 5 28 29 7 31 32 1 16 17 12 37 38 15 40 41 4 25 26 21 46 47 24 49 50 10 34 35 30 55 56 33 58 59 18 43 44 39 64 65 42 67 68 27 52 53 48 73 74 51 76 77 36 61 62 57 82 83 60 85 45 70 71 66 91 69 54 79 75 63 
87 93 95 96 81 101 102 103 104 105 89 90 109 110 111 112 113 114 97 98 99 118 119 120 121 122 123 106 107 108 127 128 129 130 131 132 115 116 117 136 137 138 139 140 141 124 125 126 144 145 146 147 148 2 133 134 135 150 151 5 152 6 7 142 143 1 153 11 12 13 14 15 149 3 4 19 20 21 22 23 24 8 9 10 28 29 30 31 32 33 16 17 18 37 38 39 40 41 42 25 26 27 46 47 48 49 50 51 34 35 36 55 56 57 58 59 60 43 44 45 64 65 66 67 68 69 52 53 54 73 74 75 76 77 78 61 62 63 82 83 84 85 86 70 71 72 91 92 94 79 80 100 88 
88 94 72 97 100 78 103 80 81 106 84 109 86 87 112 89 90 115 92 93 118 95 96 121 98 99 124 101 102 127 104 105 130 107 108 133 110 111 136 113 114 139 116 117 142 119 120 144 122 123 147 125 126 149 128 129 150 131 132 152 134 135 8 137 138 153 140 141 13 143 1 16 145 146 19 148 2 22 3 4 25 151 5 28 6 7 31 9 10 34 11 12 37 14 15 40 17 18 43 20 21 46 23 24 49 26 27 52 29 30 55 32 33 58 35 36 61 38 39 64 41 42 67 44 45 70 47 48 73 50 51 76 53 54 79 56 57 82 59 60 85 62 63 65 66 91 68 69 71 74 75 77 83 
89 95 97 98 101 103 104 81 106 107 109 110 87 112 113 90 115 116 93 118 119 96 121 122 99 124 125 102 127 128 105 130 131 108 133 134 111 136 137 114 139 140 117 142 143 120 144 145 123 147 148 126 149 3 129 150 151 132 152 6 135 8 9 138 153 11 141 13 14 1 16 17 146 19 20 2 22 23 4 25 26 5 28 29 7 31 32 10 34 35 12 37 38 15 40 41 18 43 44 21 46 47 24 49 50 27 52 53 30 55 56 33 58 59 36 61 62 39 64 65 42 67 68 45 70 71 48 73 74 51 76 77 54 79 80 57 82 83 60 85 86 63 88 66 91 92 69 94 72 75 100 78 84 
90 96 98 99 102 104 105 106 107 108 110 111 112 113 114 115 116 117 118 119 120 121 122 123 124 125 126 127 128 129 130 131 132 133 134 135 136 137 138 139 140 141 142 143 1 144 145 146 147 148 2 149 3 4 150 151 5 152 6 7 8 9 10 153 11 12 13 14 15 16 17 18 19 20 21 22 23 24 25 26 27 28 29 30 31 32 33 34 35 36 37 38 39 40 41 42 43 44 45 46 47 48 49 50 51 52 53 54 55 56 57 58 59 60 61 62 63 64 65 66 67 68 69 70 71 72 73 74 75 76 77 78 79 80 81 82 83 84 85 86 87 88 89 91 92 93 94 95 97 100 101 103 109 
91 79 75 100 85 63 88 83 84 109 69 94 71 72 97 92 93 118 77 78 103 80 81 106 101 102 127 86 87 112 89 90 115 110 111 136 95 96 121 98 99 124 119 120 144 104 105 130 107 108 133 128 129 150 113 114 139 116 117 142 137 138 153 122 123 147 125 126 149 145 146 19 131 132 152 134 135 8 151 5 28 140 141 13 143 1 16 11 12 37 148 2 22 3 4 25 20 21 46 6 7 31 9 10 34 29 30 55 14 15 40 17 18 43 38 39 64 23 24 49 26 27 52 47 48 73 32 33 58 35 36 61 56 57 82 41 42 67 44 45 70 65 66 50 51 76 53 54 74 59 60 62 68 
92 80 100 101 86 88 89 84 109 110 94 95 72 97 98 93 118 119 78 103 104 81 106 107 102 127 128 87 112 113 90 115 116 111 136 137 96 121 122 99 124 125 120 144 145 105 130 131 108 133 134 129 150 151 114 139 140 117 142 143 138 153 11 123 147 148 126 149 3 146 19 20 132 152 6 135 8 9 5 28 29 141 13 14 1 16 17 12 37 38 2 22 23 4 25 26 21 46 47 7 31 32 10 34 35 30 55 56 15 40 41 18 43 44 39 64 65 24 49 50 27 52 53 48 73 74 33 58 59 36 61 62 57 82 83 42 67 68 45 70 71 66 91 51 76 77 54 79 75 60 85 63 69 
93 81 101 102 87 89 90 109 110 111 95 96 97 98 99 118 119 120 103 104 105 106 107 108 127 128 129 112 113 114 115 116 117 136 137 138 121 122 123 124 125 126 144 145 146 130 131 132 133 134 135 150 151 5 139 140 141 142 143 1 153 11 12 147 148 2 149 3 4 19 20 21 152 6 7 8 9 10 28 29 30 13 14 15 16 17 18 37 38 39 22 23 24 25 26 27 46 47 48 31 32 33 34 35 36 55 56 57 40 41 42 43 44 45 64 65 66 49 50 51 52 53 54 73 74 75 58 59 60 61 62 63 82 83 84 67 68 69 70 71 72 91 92 76 77 78 79 80 100 85 86 88 94 
94 100 78 103 88 84 109 86 87 112 72 97 92 93 118 95 96 121 80 81 106 101 102 127 104 105 130 89 90 115 110 111 136 113 114 139 98 99 124 119 120 144 122 123 147 107 108 133 128 129 150 131 132 152 116 117 142 137 138 153 140 141 13 125 126 149 145 146 19 148 2 22 134 135 8 151 5 28 6 7 31 143 1 16 11 12 37 14 15 40 3 4 25 20 21 46 23 24 49 9 10 34 29 30 55 32 33 58 17 18 43 38 39 64 41 42 67 26 27 52 47 48 73 50 51 76 35 36 61 56 57 82 59 60 85 44 45 70 65 66 91 68 69 53 54 79 74 75 77 62 63 83 71 
95 101 103 104 89 109 110 87 112 113 97 98 93 118 119 96 121 122 81 106 107 102 127 128 105 130 131 90 115 116 111 136 137 114 139 140 99 124 125 120 144 145 123 147 148 108 133 134 129 150 151 132 152 6 117 142 143 138 153 11 141 13 14 126 149 3 146 19 20 2 22 23 135 8 9 5 28 29 7 31 32 1 16 17 12 37 38 15 40 41 4 25 26 21 46 47 24 49 50 10 34 35 30 55 56 33 58 59 18 43 44 39 64 65 42 67 68 27 52 53 48 73 74 51 76 77 36 61 62 57 82 83 60 85 86 45 70 71 66 91 92 69 94 54 79 80 75 100 78 63 88 84 72 
96 102 104 105 90 110 111 112 113 114 98 99 118 119 120 121 122 123 106 107 108 127 128 129 130 131 132 115 116 117 136 137 138 139 140 141 124 125 126 144 145 146 147 148 2 133 134 135 150 151 5 152 6 7 142 143 1 153 11 12 13 14 15 149 3 4 19 20 21 22 23 24 8 9 10 28 29 30 31 32 33 16 17 18 37 38 39 40 41 42 25 26 27 46 47 48 49 50 51 34 35 36 55 56 57 58 59 60 43 44 45 64 65 66 67 68 69 52 53 54 73 74 75 76 77 78 61 62 63 82 83 84 85 86 87 70 71 72 91 92 93 94 95 79 80 81 100 101 103 88 89 109 97 
97 103 81 106 109 87 112 89 90 115 93 118 95 96 121 98 99 124 101 102 127 104 105 130 107 108 133 110 111 136 113 114 139 116 117 142 119 120 144 122 123 147 125 126 149 128 129 150 131 132 152 134 135 8 137 138 153 140 141 13 143 1 16 145 146 19 148 2 22 3 4 25 151 5 28 6 7 31 9 10 34 11 12 37 14 15 40 17 18 43 20 21 46 23 24 49 26 27 52 29 30 55 32 33 58 35 36 61 38 39 64 41 42 67 44 45 70 47 48 73 50 51 76 53 54 79 56 57 82 59 60 85 62 63 88 65 66 91 68 69 94 71 72 74 75 100 77 78 80 83 84 86 92 
98 104 106 107 110 112 113 90 115 116 118 119 96 121 122 99 124 125 102 127 128 105 130 131 108 133 134 111 136 137 114 139 140 117 142 143 120 144 145 123 147 148 126 149 3 129 150 151 132 152 6 135 8 9 138 153 11 141 13 14 1 16 17 146 19 20 2 22 23 4 25 26 5 28 29 7 31 32 10 34 35 12 37 38 15 40 41 18 43 44 21 46 47 24 49 50 27 52 53 30 55 56 33 58 59 36 61 62 39 64 65 42 67 68 45 70 71 48 73 74 51 76 77 54 79 80 57 82 83 60 85 86 63 88 89 66 91 92 69 94 95 72 97 75 100 101 78 103 81 84 109 87 93 
99 105 107 108 111 113 114 115 116 117 119 120 121 122 123 124 125 126 127 128 129 130 131 132 133 134 135 136 137 138 139 140 141 142 143 1 144 145 146 147 148 2 149 3 4 150 151 5 152 6 7 8 9 10 153 11 12 13 14 15 16 17 18 19 20 21 22 23 24 25 26 27 28 29 30 31 32 33 34 35 36 37 38 39 40 41 42 43 44 45 46 47 48 49 50 51 52 53 54 55 56 57 58 59 60 61 62 63 64 65 66 67 68 69 70 71 72 73 74 75 76 77 78 79 80 81 82 83 84 85 86 87 88 89 90 91 92 93 94 95 96 97 98 100 101 102 103 104 106 109 110 112 118 
100 88 84 109 94 72 97 92 93 118 78 103 80 81 106 101 102 127 86 87 112 89 90 115 110 111 136 95 96 121 98 99 124 119 120 144 104 105 130 107 108 133 128 129 150 113 114 139 116 117 142 137 138 153 122 123 147 125 126 149 145 146 19 131 132 152 134 135 8 151 5 28 140 141 13 143 1 16 11 12 37 148 2 22 3 4 25 20 21 46 6 7 31 9 10 34 29 30 55 14 15 40 17 18 43 38 39 64 23 24 49 26 27 52 47 48 73 32 33 58 35 36 61 56 57 82 41 42 67 44 45 70 65 66 91 50 51 76 53 54 79 74 75 59 60 85 62 63 83 68 69 71 77 
101 89 109 110 95 97 98 93 118 119 103 104 81 106 107 102 127 128 87 112 113 90 115 116 111 136 137 96 121 122 99 124 125 120 144 145 105 130 131 108 133 134 129 150 151 114 139 140 117 142 143 138 153 11 123 147 148 126 149 3 146 19 20 132 152 6 135 8 9 5 28 29 141 13 14 1 16 17 12 37 38 2 22 23 4 25 26 21 46 47 7 31 32 10 34 35 30 55 56 15 40 41 18 43 44 39 64 65 24 49 50 27 52 53 48 73 74 33 58 59 36 61 62 57 82 83 42 67 68 45 70 71 66 91 92 51 76 77 54 79 80 75 100 60 85 86 63 88 84 69 94 72 78 
102 90 110 111 96 98 99 118 119 120 104 105 106 107 108 127 128 129 112 113 114 115 116 117 136 137 138 121 122 123 124 125 126 144 145 146 130 131 132 133 134 135 150 151 5 139 140 141 142 143 1 153 11 12 147 148 2 149 3 4 19 20 21 152 6 7 8 9 10 28 29 30 13 14 15 16 17 18 37 38 39 22 23 24 25 26 27 46 47 48 31 32 33 34 35 36 55 56 57 40 41 42 43 44 45 64 65 66 49 50 51 52 53 54 73 74 75 58 59 60 61 62 63 82 83 84 67 68 69 70 71 72 91 92 93 76 77 78 79 80 81 100 101 85 86 87 88 89 109 94 95 97 103 
103 109 87 112 97 93 118 95 96 121 81 106 101 102 127 104 105 130 89 90 115 110 111 136 113 114 139 98 99 124 119 120 144 122 123 147 107 108 133 128 129 150 131 132 152 116 117 142 137 138 153 140 141 13 125 126 149 145 146 19 148 2 22 134 135 8 151 5 28 6 7 31 143 1 16 11 12 37 14 15 40 3 4 25 20 21 46 23 24 49 9 10 34 29 30 55 32 33 58 17 18 43 38 39 64 41 42 67 26 27 52 47 48 73 50 51 76 35 36 61 56 57 82 59 60 85 44 45 70 65 66 91 68 69 94 53 54 79 74 75 100 77 78 62 63 88 83 84 86 71 72 92 80 
104 110 112 113 98 118 119 96 121 122 106 107 102 127 128 105 130 131 90 115 116 111 136 137 114 139 140 99 124 125 120 144 145 123 147 148 108 133 134 129 150 151 132 152 6 117 142 143 138 153 11 141 13 14 126 149 3 146 19 20 2 22 23 135 8 9 5 28 29 7 31 32 1 16 17 12 37 38 15 40 41 4 25 26 21 46 47 24 49 50 10 34 35 30 55 56 33 58 59 18 43 44 39 64 65 42 67 68 27 52 53 48 73 74 51 76 77 36 61 62 57 82 83 60 85 86 45 70 71 66 91 92 69 94 95 54 79 80 75 100 101 78 103 63 88 89 84 109 87 72 97 93 81 
105 111 113 114 99 119 120 121 122 123 107 108 127 128 129 130 131 132 115 116 117 136 137 138 139 140 141 124 125 126 144 145 146 147 148 2 133 134 135 150 151 5 152 6 7 142 143 1 153 11 12 13 14 15 149 3 4 19 20 21 22 23 24 8 9 10 28 29 30 31 32 33 16 17 18 37 38 39 40 41 42 25 26 27 46 47 48 49 50 51 34 35 36 55 56 57 58 59 60 43 44 45 64 65 66 67 68 69 52 53 54 73 74 75 76 77 78 61 62 63 82 83 84 85 86 87 70 71 72 91 92 93 94 95 96 79 80 81 100 101 102 103 104 88 89 90 109 110 112 97 98 118 106 
106 112 90 115 118 96 121 98 99 124 102 127 104 105 130 107 108 133 110 111 136 113 114 139 116 117 142 119 120 144 122 123 147 125 126 149 128 129 150 131 132 152 134 135 8 137 138 153 140 141 13 143 1 16 145 146 19 148 2 22 3 4 25 151 5 28 6 7 31 9 10 34 11 12 37 14 15 40 17 18 43 20 21 46 23 24 49 26 27 52 29 30 55 32 33 58 35 36 61 38 39 64 41 42 67 44 45 70 47 48 73 50 51 76 53 54 79 56 57 82 59 60 85 62 63 88 65 66 91 68 69 94 71 72 97 74 75 100 77 78 103 80 81 83 84 109 86 87 89 92 93 95 101 
107 113 115 116 119 121 122 99 124 125 127 128 105 130 131 108 133 134 111 136 137 114 139 140 117 142 143 120 144 145 123 147 148 126 149 3 129 150 151 132 152 6 135 8 9 138 153 11 141 13 14 1 16 17 146 19 20 2 22 23 4 25 26 5 28 29 7 31 32 10 34 35 12 37 38 15 40 41 18 43 44 21 46 47 24 49 50 27 52 53 30 55 56 33 58 59 36 61 62 39 64 65 42 67 68 45 70 71 48 73 74 51 76 77 54 79 80 57 82 83 60 85 86 63 88 89 66 91 92 69 94 95 72 97 98 75 100 101 78 103 104 81 106 84 109 110 87 112 90 93 118 96 102 
108 114 116 117 120 122 123 124 125 126 128 129 130 131 132 133 134 135 136 137 138 139 140 141 142 143 1 144 145 146 147 148 2 149 3 4 150 151 5 152 6 7 8 9 10 153 11 12 13 14 15 16 17 18 19 20 21 22 23 24 25 26 27 28 29 30 31 32 33 34 35 36 37 38 39 40 41 42 43 44 45 46 47 48 49 50 51 52 53 54 55 56 57 58 59 60 61 62 63 64 65 66 67 68 69 70 71 72 73 74 75 76 77 78 79 80 81 82 83 84 85 86 87 88 89 90 91 92 93 94 95 96 97 98 99 100 101 102 103 104 105 106 107 109 110 111 112 113 115 118 119 121 127 
109 97 93 118 103 81 106 101 102 127 87 112 89 90 115 110 111 136 95 96 121 98 99 124 119 120 144 104 105 130 107 108 133 128 129 150 113 114 139 116 117 142 137 138 153 122 123 147 125 126 149 145 146 19 131 132 152 134 135 8 151 5 28 140 141 13 143 1 16 11 12 37 148 2 22 3 4 25 20 21 46 6 7 31 9 10 34 29 30 55 14 15 40 17 18 43 38 39 64 23 24 49 26 27 52 47 48 73 32 33 58 35 36 61 56 57 82 41 42 67 44 45 70 65 66 91 50 51 76 53 54 79 74 75 100 59 60 85 62 63 88 83 84 68 69 94 71 72 92 77 78 80 86 
110 98 118 119 104 106 107 102 127 128 112 113 90 115 116 111 136 137 96 121 122 99 124 125 120 144 145 105 130 131 108 133 134 129 150 151 114 139 140 117 142 143 138 153 11 123 147 148 126 149 3 146 19 20 132 152 6 135 8 9 5 28 29 141 13 14 1 16 17 12 37 38 2 22 23 4 25 26 21 46 47 7 31 32 10 34 35 30 55 56 15 40 41 18 43 44 39 64 65 24 49 50 27 52 53 48 73 74 33 58 59 36 61 62 57 82 83 42 67 68 45 70 71 66 91 92 51 76 77 54 79 80 75 100 101 60 85 86 63 88 89 84 109 69 94 95 72 97 93 78 103 81 87 
111 99 119 120 105 107 108 127 128 129 113 114 115 116 117 136 137 138 121 122 123 124 125 126 144 145 146 130 131 132 133 134 135 150 151 5 139 140 141 142 143 1 153 11 12 147 148 2 149 3 4 19 20 21 152 6 7 8 9 10 28 29 30 13 14 15 16 17 18 37 38 39 22 23 24 25 26 27 46 47 48 31 32 33 34 35 36 55 56 57 40 41 42 43 44 45 64 65 66 49 50 51 52 53 54 73 74 75 58 59 60 61 62 63 82 83 84 67 68 69 70 71 72 91 92 93 76 77 78 79 80 81 100 101 102 85 86 87 88 89 90 109 110 94 95 96 97 98 118 103 104 106 112 
112 118 96 121 106 102 127 104 105 130 90 115 110 111 136 113 114 139 98 99 124 119 120 144 122 123 147 107 108 133 128 129 150 131 132 152 116 117 142 137 138 153 140 141 13 125 126 149 145 146 19 148 2 22 134 135 8 151 5 28 6 7 31 143 1 16 11 12 37 14 15 40 3 4 25 20 21 46 23 24 49 9 10 34 29 30 55 32 33 58 17 18 43 38 39 64 41 42 67 26 27 52 47 48 73 50 51 76 35 36 61 56 57 82 59 60 85 44 45 70 65 66 91 68 69 94 53 54 79 74 75 100 77 78 103 62 63 88 83 84 109 86 87 71 72 97 92 93 95 80 81 101 89 
113 119 121 122 107 127 128 105 130 131 115 116 111 136 137 114 139 140 99 124 125 120 144 145 123 147 148 108 133 134 129 150 151 132 152 6 117 142 143 138 153 11 141 13 14 126 149 3 146 19 20 2 22 23 135 8 9 5 28 29 7 31 32 1 16 17 12 37 38 15 40 41 4 25 26 21 46 47 24 49 50 10 34 35 30 55 56 33 58 59 18 43 44 39 64 65 42 67 68 27 52 53 48 73 74 51 76 77 36 61 62 57 82 83 60 85 86 45 70 71 66 91 92 69 94 95 54 79 80 75 100 101 78 103 104 63 88 89 84 109 110 87 112 72 97 98 93 118 96 81 106 102 90 
114 120 122 123 108 128 129 130 131 132 116 117 136 137 138 139 140 141 124 125 126 144 145 146 147 148 2 133 134 135 150 151 5 152 6 7 142 143 1 153 11 12 13 14 15 149 3 4 19 20 21 22 23 24 8 9 10 28 29 30 31 32 33 16 17 18 37 38 39 40 41 42 25 26 27 46 47 48 49 50 51 34 35 36 55 56 57 58 59 60 43 44 45 64 65 66 67 68 69 52 53 54 73 74 75 76 77 78 61 62 63 82 83 84 85 86 87 70 71 72 91 92 93 94 95 96 79 80 81 100 101 102 103 104 105 88 89 90 109 110 111 112 113 97 98 99 118 119 121 106 107 127 115 
115 121 99 124 127 105 130 107 108 133 111 136 113 114 139 116 117 142 119 120 144 122 123 147 125 126 149 128 129 150 131 132 152 134 135 8 137 138 153 140 141 13 143 1 16 145 146 19 148 2 22 3 4 25 151 5 28 6 7 31 9 10 34 11 12 37 14 15 40 17 18 43 20 21 46 23 24 49 26 27 52 29 30 55 32 33 58 35 36 61 38 39 64 41 42 67 44 45 70 47 48 73 50 51 76 53 54 79 56 57 82 59 60 85 62 63 88 65 66 91 68 69 94 71 72 97 74 75 100 77 78 103 80 81 106 83 84 109 86 87 112 89 90 92 93 118 95 96 98 101 102 104 110 
116 122 124 125 128 130 131 108 133 134 136 137 114 139 140 117 142 143 120 144 145 123 147 148 126 149 3 129 150 151 132 152 6 135 8 9 138 153 11 141 13 14 1 16 17 146 19 20 2 22 23 4 25 26 5 28 29 7 31 32 10 34 35 12 37 38 15 40 41 18 43 44 21 46 47 24 49 50 27 52 53 30 55 56 33 58 59 36 61 62 39 64 65 42 67 68 45 70 71 48 73 74 51 76 77 54 79 80 57 82 83 60 85 86 63 88 89 66 91 92 69 94 95 72 97 98 75 100 101 78 103 104 81 106 107 84 109 110 87 112 113 90 115 93 118 119 96 121 99 102 127 105 111 
117 123 125 126 129 131 132 133 134 135 137 138 139 140 141 142 143 1 144 145 146 147 148 2 149 3 4 150 151 5 152 6 7 8 9 10 153 11 12 13 14 15 16 17 18 19 20 21 22 23 24 25 26 27 28 29 30 31 32 33 34 35 36 37 38 39 40 41 42 43 44 45 46 47 48 49 50 51 52 53 54 55 56 57 58 59 60 61 62 63 64 65 66 67 68 69 70 71 72 73 74 75 76 77 78 79 80 81 82 83 84 85 86 87 88 89 90 91 92 93 94 95 96 97 98 99 100 101 102 103 104 105 106 107 108 109 110 111 112 113 114 115 116 118 119 120 121 122 124 127 128 130 136 
118 106 102 127 112 90 115 110 111 136 96 121 98 99 124 119 120 144 104 105 130 107 108 133 128 129 150 113 114 139 116 117 142 137 138 153 122 123 147 125 126 149 145 146 19 131 132 152 134 135 8 151 5 28 140 141 13 143 1 16 11 12 37 148 2 22 3 4 25 20 21 46 6 7 31 9 10 34 29 30 55 14 15 40 17 18 43 38 39 64 23 24 49 26 27 52 47 48 73 32 33 58 35 36 61 56 57 82 41 42 67 44 45 70 65 66 91 50 51 76 53 54 79 74 75 100 59 60 85 62 63 88 83 84 109 68 69 94 71 72 97 92 93 77 78 103 80 81 101 86 87 89 95 
119 107 127 128 113 115 116 111 136 137 121 122 99 124 125 120 144 145 105 130 131 108 133 134 129 150 151 114 139 140 117 142 143 138 153 11 123 147 148 126 149 3 146 19 20 132 152 6 135 8 9 5 28 29 141 13 14 1 16 17 12 37 38 2 22 23 4 25 26 21 46 47 7 31 32 10 34 35 30 55 56 15 40 41 18 43 44 39 64 65 24 49 50 27 52 53 48 73 74 33 58 59 36 61 62 57 82 83 42 67 68 45 70 71 66 91 92 51 76 77 54 79 80 75 100 101 60 85 86 63 88 89 84 109 110 69 94 95 72 97 98 93 118 78 103 104 81 106 102 87 112 90 96 
120 108 128 129 114 116 117 136 137 138 122 123 124 125 126 144 145 146 130 131 132 133 134 135 150 151 5 139 140 141 142 143 1 153 11 12 147 148 2 149 3 4 19 20 21 152 6 7 8 9 10 28 29 30 13 14 15 16 17 18 37 38 39 22 23 24 25 26 27 46 47 48 31 32 33 34 35 36 55 56 57 40 41 42 43 44 45 64 65 66 49 50 51 52 53 54 73 74 75 58 59 60 61 62 63 82 83 84 67 68 69 70 71 72 91 92 93 76 77 78 79 80 81 100 101 102 85 86 87 88 89 90 109 110 111 94 95 96 97 98 99 118 119 103 104 105 106 107 127 112 113 115 121 
121 127 105 130 115 111 136 113 114 139 99 124 119 120 144 122 123 147 107 108 133 128 129 150 131 132 152 116 117 142 137 138 153 140 141 13 125 126 149 145 146 19 148 2 22 134 135 8 151 5 28 6 7 31 143 1 16 11 12 37 14 15 40 3 4 25 20 21 46 23 24 49 9 10 34 29 30 55 32 33 58 17 18 43 38 39 64 41 42 67 26 27 52 47 48 73 50 51 76 35 36 61 56 57 82 59 60 85 44 45 70 65 66 91 68 69 94 53 54 79 74 75 100 77 78 103 62 63 88 83 84 109 86 87 112 71 72 97 92 93 118 95 96 80 81 106 101 102 104 89 90 110 98 
122 128 130 131 116 136 137 114 139 140 124 125 120 144 145 123 147 148 108 133 134 129 150 151 132 152 6 117 142 143 138 153 11 141 13 14 126 149 3 146 19 20 2 22 23 135 8 9 5 28 29 7 31 32 1 16 17 12 37 38 15 40 41 4 25 26 21 46 47 24 49 50 10 34 35 30 55 56 33 58 59 18 43 44 39 64 65 42 67 68 27 52 53 48 73 74 51 76 77 36 61 62 57 82 83 60 85 86 45 70 71 66 91 92 69 94 95 54 79 80 75 100 101 78 103 104 63 88 89 84 109 110 87 112 113 72 97 98 93 118 119 96 121 81 106 107 102 127 105 90 115 111 99 
123 129 131 132 117 137 138 139 140 141 125 126 144 145 146 147 148 2 133 134 135 150 151 5 152 6 7 142 143 1 153 11 12 13 14 15 149 3 4 19 20 21 22 23 24 8 9 10 28 29 30 31 32 33 16 17 18 37 38 39 40 41 42 25 26 27 46 47 48 49 50 51 34 35 36 55 56 57 58 59 60 43 44 45 64 65 66 67 68 69 52 53 54 73 74 75 76 77 78 61 62 63 82 83 84 85 86 87 70 71 72 91 92 93 94 95 96 79 80 81 100 101 102 103 104 105 88 89 90 109 110 111 112 113 114 97 98 99 118 119 120 121 122 106 107 108 127 128 130 115 116 136 124 
124 130 108 133 136 114 139 116 117 142 120 144 122 123 147 125 126 149 128 129 150 131 132 152 134 135 8 137 138 153 140 141 13 143 1 16 145 146 19 148 2 22 3 4 25 151 5 28 6 7 31 9 10 34 11 12 37 14 15 40 17 18 43 20 21 46 23 24 49 26 27 52 29 30 55 32 33 58 35 36 61 38 39 64 41 42 67 44 45 70 47 48 73 50 51 76 53 54 79 56 57 82 59 60 85 62 63 88 65 66 91 68 69 94 71 72 97 74 75 100 77 78 103 80 81 106 83 84 109 86 87 112 89 90 115 92 93 118 95 96 121 98 99 101 102 127 104 105 107 110 111 113 119 
125 131 133 134 137 139 140 117 142 143 144 145 123 147 148 126 149 3 129 150 151 132 152 6 135 8 9 138 153 11 141 13 14 1 16 17 146 19 20 2 22 23 4 25 26 5 28 29 7 31 32 10 34 35 12 37 38 15 40 41 18 43 44 21 46 47 24 49 50 27 52 53 30 55 56 33 58 59 36 61 62 39 64 65 42 67 68 45 70 71 48 73 74 51 76 77 54 79 80 57 82 83 60 85 86 63 88 89 66 91 92 69 94 95 72 97 98 75 100 101 78 103 104 81 106 107 84 109 110 87 112 113 90 115 116 93 118 119 96 121 122 99 124 102 127 128 105 130 108 111 136 114 120 
126 132 134 135 138 140 141 142 143 1 145 146 147 148 2 149 3 4 150 151 5 152 6 7 8 9 10 153 11 12 13 14 15 16 17 18 19 20 21 22 23 24 25 26 27 28 29 30 31 32 33 34 35 36 37 38 39 40 41 42 43 44 45 46 47 48 49 50 51 52 53 54 55 56 57 58 59 60 61 62 63 64 65 66 67 68 69 70 71 72 73 74 75 76 77 78 79 80 81 82 83 84 85 86 87 88 89 90 91 92 93 94 95 96 97 98 99 100 101 102 103 104 105 106 107 108 109 110 111 112 113 114 115 116 117 118 119 120 121 122 123 124 125 127 128 129 130 131 133 136 137 139 144 
127 115 111 136 121 99 124 119 120 144 105 130 107 108 133 128 129 150 113 114 139 116 117 142 137 138 153 122 123 147 125 126 149 145 146 19 131 132 152 134 135 8 151 5 28 140 141 13 143 1 16 11 12 37 148 2 22 3 4 25 20 21 46 6 7 31 9 10 34 29 30 55 14 15 40 17 18 43 38 39 64 23 24 49 26 27 52 47 48 73 32 33 58 35 36 61 56 57 82 41 42 67 44 45 70 65 66 91 50 51 76 53 54 79 74 75 100 59 60 85 62 63 88 83 84 109 68 69 94 71 72 97 92 93 118 77 78 103 80 81 106 101 102 86 87 112 89 90 110 95 96 98 104 
128 116 136 137 122 124 125 120 144 145 130 131 108 133 134 129 150 151 114 139 140 117 142 143 138 153 11 123 147 148 126 149 3 146 19 20 132 152 6 135 8 9 5 28 29 141 13 14 1 16 17 12 37 38 2 22 23 4 25 26 21 46 47 7 31 32 10 34 35 30 55 56 15 40 41 18 43 44 39 64 65 24 49 50 27 52 53 48 73 74 33 58 59 36 61 62 57 82 83 42 67 68 45 70 71 66 91 92 51 76 77 54 79 80 75 100 101 60 85 86 63 88 89 84 109 110 69 94 95 72 97 98 93 118 119 78 103 104 81 106 107 102 127 87 112 113 90 115 111 96 121 99 105 
129 117 137 138 123 125 126 144 145 146 131 132 133 134 135 150 151 5 139 140 141 142 143 1 153 11 12 147 148 2 149 3 4 19 20 21 152 6 7 8 9 10 28 29 30 13 14 15 16 17 18 37 38 39 22 23 24 25 26 27 46 47 48 31 32 33 34 35 36 55 56 57 40 41 42 43 44 45 64 65 66 49 50 51 52 53 54 73 74 75 58 59 60 61 62 63 82 83 84 67 68 69 70 71 72 91 92 93 76 77 78 79 80 81 100 101 102 85 86 87 88 89 90 109 110 111 94 95 96 97 98 99 118 119 120 103 104 105 106 107 108 127 128 112 113 114 115 116 136 121 122 124 130 
130 136 114 139 124 120 144 122 123 147 108 133 128 129 150 131 132 152 116 117 142 137 138 153 140 141 13 125 126 149 145 146 19 148 2 22 134 135 8 151 5 28 6 7 31 143 1 16 11 12 37 14 15 40 3 4 25 20 21 46 23 24 49 9 10 34 29 30 55 32 33 58 17 18 43 38 39 64 41 42 67 26 27 52 47 48 73 50 51 76 35 36 61 56 57 82 59 60 85 44 45 70 65 66 91 68 69 94 53 54 79 74 75 100 77 78 103 62 63 88 83 84 109 86 87 112 71 72 97 92 93 118 95 96 121 80 81 106 101 102 127 104 105 89 90 115 110 111 113 98 99 119 107 
131 137 139 140 125 144 145 123 147 148 133 134 129 150 151 132 152 6 117 142 143 138 153 11 141 13 14 126 149 3 146 19 20 2 22 23 135 8 9 5 28 29 7 31 32 1 16 17 12 37 38 15 40 41 4 25 26 21 46 47 24 49 50 10 34 35 30 55 56 33 58 59 18 43 44 39 64 65 42 67 68 27 52 53 48 73 74 51 76 77 36 61 62 57 82 83 60 85 86 45 70 71 66 91 92 69 94 95 54 79 80 75 100 101 78 103 104 63 88 89 84 109 110 87 112 113 72 97 98 93 118 119 96 121 122 81 106 107 102 127 128 105 130 90 115 116 111 136 114 99 124 120 108 
132 138 140 141 126 145 146 147 148 2 134 135 150 151 5 152 6 7 142 143 1 153 11 12 13 14 15 149 3 4 19 20 21 22 23 24 8 9 10 28 29 30 31 32 33 16 17 18 37 38 39 40 41 42 25 26 27 46 47 48 49 50 51 34 35 36 55 56 57 58 59 60 43 44 45 64 65 66 67 68 69 52 53 54 73 74 75 76 77 78 61 62 63 82 83 84 85 86 87 70 71 72 91 92 93 94 95 96 79 80 81 100 101 102 103 104 105 88 89 90 109 110 111 112 113 114 97 98 99 118 119 120 121 122 123 106 107 108 127 128 129 130 131 115 116 117 136 137 139 124 125 144 133 
133 139 117 142 144 123 147 125 126 149 129 150 131 132 152 134 135 8 137 138 153 140 141 13 143 1 16 145 146 19 148 2 22 3 4 25 151 5 28 6 7 31 9 10 34 11 12 37 14 15 40 17 18 43 20 21 46 23 24 49 26 27 52 29 30 55 32 33 58 35 36 61 38 39 64 41 42 67 44 45 70 47 48 73 50 51 76 53 54 79 56 57 82 59 60 85 62 63 88 65 66 91 68 69 94 71 72 97 74 75 100 77 78 103 80 81 106 83 84 109 86 87 112 89 90 115 92 93 118 95 96 121 98 99 124 101 102 127 104 105 130 107 108 110 111 136 113 114 116 119 120 122 128 
134 140 142 143 145 147 148 126 149 3 150 151 132 152 6 135 8 9 138 153 11 141 13 14 1 16 17 146 19 20 2 22 23 4 25 26 5 28 29 7 31 32 10 34 35 12 37 38 15 40 41 18 43 44 21 46 47 24 49 50 27 52 53 30 55 56 33 58 59 36 61 62 39 64 65 42 67 68 45 70 71 48 73 74 51 76 77 54 79 80 57 82 83 60 85 86 63 88 89 66 91 92 69 94 95 72 97 98 75 100 101 78 103 104 81 106 107 84 109 110 87 112 113 90 115 116 93 118 119 96 121 122 99 124 125 102 127 128 105 130 131 108 133 111 136 137 114 139 117 120 144 123 129 
135 141 143 1 146 148 2 149 3 4 151 5 152 6 7 8 9 10 153 11 12 13 14 15 16 17 18 19 20 21 22 23 24 25 26 27 28 29 30 31 32 33 34 35 36 37 38 39 40 41 42 43 44 45 46 47 48 49 50 51 52 53 54 55 56 57 58 59 60 61 62 63 64 65 66 67 68 69 70 71 72 73 74 75 76 77 78 79 80 81 82 83 84 85 86 87 88 89 90 91 92 93 94 95 96 97 98 99 100 101 102 103 104 105 106 107 108 109 110 111 112 113 114 115 116 117 118 119 120 121 122 123 124 125 126 127 128 129 130 131 132 133 134 136 137 138 139 140 142 144 145 147 150 
136 124 120 144 130 108 133 128 129 150 114 139 116 117 142 137 138 153 122 123 147 125 126 149 145 146 19 131 132 152 134 135 8 151 5 28 140 141 13 143 1 16 11 12 37 148 2 22 3 4 25 20 21 46 6 7 31 9 10 34 29 30 55 14 15 40 17 18 43 38 39 64 23 24 49 26 27 52 47 48 73 32 33 58 35 36 61 56 57 82 41 42 67 44 45 70 65 66 91 50 51 76 53 54 79 74 75 100 59 60 85 62 63 88 83 84 109 68 69 94 71 72 97 92 93 118 77 78 103 80 81 106 101 102 127 86 87 112 89 90 115 110 111 95 96 121 98 99 119 104 105 107 113 
137 125 144 145 131 133 134 129 150 151 139 140 117 142 143 138 153 11 123 147 148 126 149 3 146 19 20 132 152 6 135 8 9 5 28 29 141 13 14 1 16 17 12 37 38 2 22 23 4 25 26 21 46 47 7 31 32 10 34 35 30 55 56 15 40 41 18 43 44 39 64 65 24 49 50 27 52 53 48 73 74 33 58 59 36 61 62 57 82 83 42 67 68 45 70 71 66 91 92 51 76 77 54 79 80 75 100 101 60 85 86 63 88 89 84 109 110 69 94 95 72 97 98 93 118 119 78 103 104 81 106 107 102 127 128 87 112 113 90 115 116 111 136 96 121 122 99 124 120 105 130 108 114 
138 126 145 146 132 134 135 150 151 5 140 141 142 143 1 153 11 12 147 148 2 149 3 4 19 20 21 152 6 7 8 9 10 28 29 30 13 14 15 16 17 18 37 38 39 22 23 24 25 26 27 46 47 48 31 32 33 34 35 36 55 56 57 40 41 42 43 44 45 64 65 66 49 50 51 52 53 54 73 74 75 58 59 60 61 62 63 82 83 84 67 68 69 70 71 72 91 92 93 76 77 78 79 80 81 100 101 102 85 86 87 88 89 90 109 110 111 94 95 96 97 98 99 118 119 120 103 104 105 106 107 108 127 128 129 112 113 114 115 116 117 136 137 121 122 123 124 125 144 130 131 133 139 
139 144 123 147 133 129 150 131 132 152 117 142 137 138 153 140 141 13 125 126 149 145 146 19 148 2 22 134 135 8 151 5 28 6 7 31 143 1 16 11 12 37 14 15 40 3 4 25 20 21 46 23 24 49 9 10 34 29 30 55 32 33 58 17 18 43 38 39 64 41 42 67 26 27 52 47 48 73 50 51 76 35 36 61 56 57 82 59 60 85 44 45 70 65 66 91 68 69 94 53 54 79 74 75 100 77 78 103 62 63 88 83 84 109 86 87 112 71 72 97 92 93 118 95 96 121 80 81 106 101 102 127 104 105 130 89 90 115 110 111 136 113 114 98 99 124 119 120 122 107 108 128 116 
140 145 147 148 134 150 151 132 152 6 142 143 138 153 11 141 13 14 126 149 3 146 19 20 2 22 23 135 8 9 5 28 29 7 31 32 1 16 17 12 37 38 15 40 41 4 25 26 21 46 47 24 49 50 10 34 35 30 55 56 33 58 59 18 43 44 39 64 65 42 67 68 27 52 53 48 73 74 51 76 77 36 61 62 57 82 83 60 85 86 45 70 71 66 91 92 69 94 95 54 79 80 75 100 101 78 103 104 63 88 89 84 109 110 87 112 113 72 97 98 93 118 119 96 121 122 81 106 107 102 127 128 105 130 131 90 115 116 111 136 137 114 139 99 124 125 120 144 123 108 133 129 117 
141 146 148 2 135 151 5 152 6 7 143 1 153 11 12 13 14 15 149 3 4 19 20 21 22 23 24 8 9 10 28 29 30 31 32 33 16 17 18 37 38 39 40 41 42 25 26 27 46 47 48 49 50 51 34 35 36 55 56 57 58 59 60 43 44 45 64 65 66 67 68 69 52 53 54 73 74 75 76 77 78 61 62 63 82 83 84 85 86 87 70 71 72 91 92 93 94 95 96 79 80 81 100 101 102 103 104 105 88 89 90 109 110 111 112 113 114 97 98 99 118 119 120 121 122 123 106 107 108 127 128 129 130 131 132 115 116 117 136 137 138 139 140 124 125 126 144 145 147 133 134 150 142 
142 147 126 149 150 132 152 134 135 8 138 153 140 141 13 143 1 16 145 146 19 148 2 22 3 4 25 151 5 28 6 7 31 9 10 34 11 12 37 14 15 40 17 18 43 20 21 46 23 24 49 26 27 52 29 30 55 32 33 58 35 36 61 38 39 64 41 42 67 44 45 70 47 48 73 50 51 76 53 54 79 56 57 82 59 60 85 62 63 88 65 66 91 68 69 94 71 72 97 74 75 100 77 78 103 80 81 106 83 84 109 86 87 112 89 90 115 92 93 118 95 96 121 98 99 124 101 102 127 104 105 130 107 108 133 110 111 136 113 114 139 116 117 119 120 144 122 123 125 128 129 131 137 
143 148 149 3 151 152 6 135 8 9 153 11 141 13 14 1 16 17 146 19 20 2 22 23 4 25 26 5 28 29 7 31 32 10 34 35 12 37 38 15 40 41 18 43 44 21 46 47 24 49 50 27 52 53 30 55 56 33 58 59 36 61 62 39 64 65 42 67 68 45 70 71 48 73 74 51 76 77 54 79 80 57 82 83 60 85 86 63 88 89 66 91 92 69 94 95 72 97 98 75 100 101 78 103 104 81 106 107 84 109 110 87 112 113 90 115 116 93 118 119 96 121 122 99 124 125 102 127 128 105 130 131 108 133 134 111 136 137 114 139 140 117 142 120 144 145 123 147 126 129 150 132 138 
144 133 129 150 139 117 142 137 138 153 123 147 125 126 149 145 146 19 131 132 152 134 135 8 151 5 28 140 141 13 143 1 16 11 12 37 148 2 22 3 4 25 20 21 46 6 7 31 9 10 34 29 30 55 14 15 40 17 18 43 38 39 64 23 24 49 26 27 52 47 48 73 32 33 58 35 36 61 56 57 82 41 42 67 44 45 70 65 66 91 50 51 76 53 54 79 74 75 100 59 60 85 62 63 88 83 84 109 68 69 94 71 72 97 92 93 118 77 78 103 80 81 106 101 102 127 86 87 112 89 90 115 110 111 136 95 96 121 98 99 124 119 120 104 105 130 107 108 128 113 114 116 122 
145 134 150 151 140 142 143 138 153 11 147 148 126 149 3 146 19 20 132 152 6 135 8 9 5 28 29 141 13 14 1 16 17 12 37 38 2 22 23 4 25 26 21 46 47 7 31 32 10 34 35 30 55 56 15 40 41 18 43 44 39 64 65 24 49 50 27 52 53 48 73 74 33 58 59 36 61 62 57 82 83 42 67 68 45 70 71 66 91 92 51 76 77 54 79 80 75 100 101 60 85 86 63 88 89 84 109 110 69 94 95 72 97 98 93 118 119 78 103 104 81 106 107 102 127 128 87 112 113 90 115 116 111 136 137 96 121 122 99 124 125 120 144 105 130 131 108 133 129 114 139 117 123 
146 135 151 5 141 143 1 153 11 12 148 2 149 3 4 19 20 21 152 6 7 8 9 10 28 29 30 13 14 15 16 17 18 37 38 39 22 23 24 25 26 27 46 47 48 31 32 33 34 35 36 55 56 57 40 41 42 43 44 45 64 65 66 49 50 51 52 53 54 73 74 75 58 59 60 61 62 63 82 83 84 67 68 69 70 71 72 91 92 93 76 77 78 79 80 81 100 101 102 85 86 87 88 89 90 109 110 111 94 95 96 97 98 99 118 119 120 103 104 105 106 107 108 127 128 129 112 113 114 115 116 117 136 137 138 121 122 123 124 125 126 144 145 130 131 132 133 134 150 139 140 142 147 
147 150 132 152 142 138 153 140 141 13 126 149 145 146 19 148 2 22 134 135 8 151 5 28 6 7 31 143 1 16 11 12 37 14 15 40 3 4 25 20 21 46 23 24 49 9 10 34 29 30 55 32 33 58 17 18 43 38 39 64 41 42 67 26 27 52 47 48 73 50 51 76 35 36 61 56 57 82 59 60 85 44 45 70 65 66 91 68 69 94 53 54 79 74 75 100 77 78 103 62 63 88 83 84 109 86 87 112 71 72 97 92 93 118 95 96 121 80 81 106 101 102 127 104 105 130 89 90 115 110 111 136 113 114 139 98 99 124 119 120 144 122 123 107 108 133 128 129 131 116 117 137 125 
148 151 152 6 143 153 11 141 13 14 149 3 146 19 20 2 22 23 135 8 9 5 28 29 7 31 32 1 16 17 12 37 38 15 40 41 4 25 26 21 46 47 24 49 50 10 34 35 30 55 56 33 58 59 18 43 44 39 64 65 42 67 68 27 52 53 48 73 74 51 76 77 36 61 62 57 82 83 60 85 86 45 70 71 66 91 92 69 94 95 54 79 80 75 100 101 78 103 104 63 88 89 84 109 110 87 112 113 72 97 98 93 118 119 96 121 122 81 106 107 102 127 128 105 130 131 90 115 116 111 136 137 114 139 140 99 124 125 120 144 145 123 147 108 133 134 129 150 132 117 142 138 126 
149 152 135 8 153 141 13 143 1 16 146 19 148 2 22 3 4 25 151 5 28 6 7 31 9 10 34 11 12 37 14 15 40 17 18 43 20 21 46 23 24 49 26 27 52 29 30 55 32 33 58 35 36 61 38 39 64 41 42 67 44 45 70 47 48 73 50 51 76 53 54 79 56 57 82 59 60 85 62 63 88 65 66 91 68 69 94 71 72 97 74 75 100 77 78 103 80 81 106 83 84 109 86 87 112 89 90 115 92 93 118 95 96 121 98 99 124 101 102 127 104 105 130 107 108 133 110 111 136 113 114 139 116 117 142 119 120 144 122 123 147 125 126 128 129 150 131 132 134 137 138 140 145 
150 142 138 153 147 126 149 145 146 19 132 152 134 135 8 151 5 28 140 141 13 143 1 16 11 12 37 148 2 22 3 4 25 20 21 46 6 7 31 9 10 34 29 30 55 14 15 40 17 18 43 38 39 64 23 24 49 26 27 52 47 48 73 32 33 58 35 36 61 56 57 82 41 42 67 44 45 70 65 66 91 50 51 76 53 54 79 74 75 100 59 60 85 62 63 88 83 84 109 68 69 94 71 72 97 92 93 118 77 78 103 80 81 106 101 102 127 86 87 112 89 90 115 110 111 136 95 96 121 98 99 124 119 120 144 104 105 130 107 108 133 128 129 113 114 139 116 117 137 122 123 125 131 
151 143 153 11 148 149 3 146 19 20 152 6 135 8 9 5 28 29 141 13 14 1 16 17 12 37 38 2 22 23 4 25 26 21 46 47 7 31 32 10 34 35 30 55 56 15 40 41 18 43 44 39 64 65 24 49 50 27 52 53 48 73 74 33 58 59 36 61 62 57 82 83 42 67 68 45 70 71 66 91 92 51 76 77 54 79 80 75 100 101 60 85 86 63 88 89 84 109 110 69 94 95 72 97 98 93 118 119 78 103 104 81 106 107 102 127 128 87 112 113 90 115 116 111 136 137 96 121 122 99 124 125 120 144 145 105 130 131 108 133 134 129 150 114 139 140 117 142 138 123 147 126 132 
152 153 141 13 149 146 19 148 2 22 135 8 151 5 28 6 7 31 143 1 16 11 12 37 14 15 40 3 4 25 20 21 46 23 24 49 9 10 34 29 30 55 32 33 58 17 18 43 38 39 64 41 42 67 26 27 52 47 48 73 50 51 76 35 36 61 56 57 82 59 60 85 44 45 70 65 66 91 68 69 94 53 54 79 74 75 100 77 78 103 62 63 88 83 84 109 86 87 112 71 72 97 92 93 118 95 96 121 80 81 106 101 102 127 104 105 130 89 90 115 110 111 136 113 114 139 98 99 124 119 120 144 122 123 147 107 108 133 128 129 150 131 132 116 117 142 137 138 140 125 126 145 134 
153 149 146 19 152 135 8 151 5 28 141 13 143 1 16 11 12 37 148 2 22 3 4 25 20 21 46 6 7 31 9 10 34 29 30 55 14 15 40 17 18 43 38 39 64 23 24 49 26 27 52 47 48 73 32 33 58 35 36 61 56 57 82 41 42 67 44 45 70 65 66 91 50 51 76 53 54 79 74 75 100 59 60 85 62 63 88 83 84 109 68 69 94 71 72 97 92 93 118 77 78 103 80 81 106 101 102 127 86 87 112 89 90 115 110 111 136 95 96 121 98 99 124 119 120 144 104 105 130 107 108 133 128 129 150 113 114 139 116 117 142 137 138 122 123 147 125 126 145 131 132 134 140 
