144 171
1 2 3 4 5 6 7 8 9 10 11 12 13 14 15 16 17 18 19 20 21 22 23 24 25 26 27 28 29 30 31 32 33 34 35 36 37 38 39 40 41 42 43 44 45 46 47 48 49 50 51 52 53 54 55 56 57 58 59 60 61 62 63 64 65 66 67 68 69 70 71 72 73 74 75 76 77 78 79 80 81 82 83 84 85 86 87 88 89 90 91 92 93 94 95 96 97 98 99 100 101 102 103 104 105 106 107 108 109 110 111 112 113 114 115 116 117 118 119 120 121 122 123 124 125 126 127 128 129 130 131 132 133 134 135 136 137 138 139 140 141 142 143 144 
2 1 8 9 10 11 12 3 4 5 6 7 25 26 27 28 29 30 31 32 33 34 35 36 13 14 15 16 17 18 19 20 21 22 23 24 55 56 57 58 59 60 61 62 63 64 65 66 67 68 69 70 71 72 37 38 39 40 41 42 43 44 45 46 47 48 49 50 51 52 53 54 91 92 93 94 95 96 97 98 99 100 101 102 103 104 105 106 107 108 73 74 75 76 77 78 79 80 81 82 83 84 85 86 87 88 89 90 121 122 123 124 125 126 127 128 129 130 131 132 109 110 111 112 113 114 115 116 117 118 119 120 138 139 140 141 142 133 134 135 136 137 144 143 
3 8 5 13 14 15 16 10 25 26 27 28 17 1 20 21 37 38 39 40 41 42 43 44 29 2 32 33 55 56 57 58 59 60 61 62 4 45 46 6 7 50 51 52 73 74 75 76 77 78 79 80 81 82 9 63 64 11 12 68 69 70 91 92 93 94 95 96 97 98 99 100 18 19 83 84 85 22 23 24 88 89 109 110 111 112 113 114 115 116 30 31 101 102 103 34 35 36 106 107 121 122 123 124 125 126 127 128 47 48 49 117 118 53 54 120 133 134 135 136 65 66 67 129 130 71 72 132 138 139 140 141 86 87 137 90 143 104 105 142 108 144 119 131 
4 29 13 1 17 18 19 55 10 9 63 64 3 37 38 39 5 6 7 45 46 47 48 49 26 25 91 92 2 32 33 30 31 101 102 103 14 15 16 73 74 75 76 77 20 21 22 23 24 83 84 85 86 87 8 58 59 56 57 121 122 123 11 12 68 69 70 65 66 67 129 130 40 41 42 43 44 109 110 111 112 113 50 51 52 53 54 117 118 119 27 28 96 97 98 93 94 95 138 139 34 35 36 106 107 104 105 142 78 79 80 81 82 133 134 135 88 89 90 137 60 61 62 126 127 124 125 144 71 72 132 131 114 115 116 143 120 99 100 141 140 108 136 128 
5 10 14 17 1 20 21 26 29 2 32 33 37 3 40 41 4 45 46 6 7 50 51 52 55 8 58 59 9 63 64 11 12 68 69 70 13 73 74 15 16 78 79 80 18 19 83 84 85 22 23 24 88 89 25 91 92 27 28 96 97 98 30 31 101 102 103 34 35 36 106 107 38 39 109 110 111 42 43 44 114 115 47 48 49 117 118 53 54 120 56 57 121 122 123 60 61 62 126 127 65 66 67 129 130 71 72 132 75 76 77 133 134 81 82 136 86 87 137 90 93 94 95 138 139 99 100 141 104 105 142 108 112 113 143 116 119 124 125 144 128 131 135 140 
6 34 15 18 20 22 23 60 65 68 2 71 38 40 42 43 45 47 48 50 51 1 53 54 93 96 8 99 101 9 104 10 106 11 12 108 73 75 76 78 79 3 81 82 83 84 4 86 87 5 88 89 7 90 121 25 124 26 126 27 28 128 29 129 30 31 131 32 33 132 35 36 109 110 13 112 113 14 114 115 16 116 17 117 118 19 119 21 120 24 55 138 56 57 140 58 59 141 61 62 63 64 142 66 67 69 70 72 37 133 134 39 135 41 136 44 46 137 49 52 91 92 144 94 95 97 98 100 102 103 105 107 74 143 77 80 85 122 123 125 127 130 111 139 
7 36 16 19 21 23 24 62 67 70 72 2 39 41 43 44 46 48 49 51 52 53 54 1 95 98 100 8 103 105 9 107 10 108 11 12 74 76 77 79 80 81 82 3 84 85 86 87 4 88 89 5 90 6 123 125 25 127 26 128 27 28 130 29 131 30 31 132 32 33 34 35 110 111 112 113 13 114 115 14 116 15 117 118 17 119 18 120 20 22 139 55 140 56 57 141 58 59 60 61 142 63 64 65 66 68 69 71 133 134 37 135 38 136 40 42 137 45 47 50 144 91 92 93 94 96 97 99 101 102 104 106 143 73 75 78 83 121 122 124 126 129 109 138 
8 3 10 25 26 27 28 5 13 14 15 16 29 2 32 33 55 56 57 58 59 60 61 62 17 1 20 21 37 38 39 40 41 42 43 44 9 63 64 11 12 68 69 70 91 92 93 94 95 96 97 98 99 100 4 45 46 6 7 50 51 52 73 74 75 76 77 78 79 80 81 82 30 31 101 102 103 34 35 36 106 107 121 122 123 124 125 126 127 128 18 19 83 84 85 22 23 24 88 89 109 110 111 112 113 114 115 116 65 66 67 129 130 71 72 132 138 139 140 141 47 48 49 117 118 53 54 120 133 134 135 136 104 105 142 108 144 86 87 137 90 143 131 119 
9 17 25 2 29 30 31 37 5 4 45 46 8 55 56 57 10 11 12 63 64 65 66 67 14 13 73 74 1 20 21 18 19 83 84 85 26 27 28 91 92 93 94 95 32 33 34 35 36 101 102 103 104 105 3 40 41 38 39 109 110 111 6 7 50 51 52 47 48 49 117 118 58 59 60 61 62 121 122 123 124 125 68 69 70 71 72 129 130 131 15 16 78 79 80 75 76 77 133 134 22 23 24 88 89 86 87 137 96 97 98 99 100 138 139 140 106 107 108 142 42 43 44 114 115 112 113 143 53 54 120 119 126 127 128 144 132 81 82 136 135 90 141 116 
10 5 26 29 2 32 33 14 17 1 20 21 55 8 58 59 9 63 64 11 12 68 69 70 37 3 40 41 4 45 46 6 7 50 51 52 25 91 92 27 28 96 97 98 30 31 101 102 103 34 35 36 106 107 13 73 74 15 16 78 79 80 18 19 83 84 85 22 23 24 88 89 56 57 121 122 123 60 61 62 126 127 65 66 67 129 130 71 72 132 38 39 109 110 111 42 43 44 114 115 47 48 49 117 118 53 54 120 93 94 95 138 139 99 100 141 104 105 142 108 75 76 77 133 134 81 82 136 86 87 137 90 124 125 144 128 131 112 113 143 116 119 140 135 
11 22 27 30 32 34 35 42 47 50 1 53 56 58 60 61 63 65 66 68 69 2 71 72 75 78 3 81 83 4 86 5 88 6 7 90 91 93 94 96 97 8 99 100 101 102 9 104 105 10 106 107 12 108 109 13 112 14 114 15 16 116 17 117 18 19 119 20 21 120 23 24 121 122 25 124 125 26 126 127 28 128 29 129 130 31 131 33 132 36 37 133 38 39 135 40 41 136 43 44 45 46 137 48 49 51 52 54 55 138 139 57 140 59 141 62 64 142 67 70 73 74 143 76 77 79 80 82 84 85 87 89 92 144 95 98 103 110 111 113 115 118 123 134 
12 24 28 31 33 35 36 44 49 52 54 1 57 59 61 62 64 66 67 69 70 71 72 2 77 80 82 3 85 87 4 89 5 90 6 7 92 94 95 97 98 99 100 8 102 103 104 105 9 106 107 10 108 11 111 113 13 115 14 116 15 16 118 17 119 18 19 120 20 21 22 23 122 123 124 125 25 126 127 26 128 27 129 130 29 131 30 132 32 34 134 37 135 38 39 136 40 41 42 43 137 45 46 47 48 50 51 53 138 139 55 140 56 141 58 60 142 63 65 68 143 73 74 75 76 78 79 81 83 84 86 88 144 91 93 96 101 109 110 112 114 117 121 133 
13 55 17 3 37 38 39 9 26 25 91 92 5 4 45 46 14 15 16 73 74 75 76 77 2 29 30 31 8 58 59 56 57 121 122 123 1 20 21 18 19 83 84 85 40 41 42 43 44 109 110 111 112 113 10 11 12 63 64 65 66 67 27 28 96 97 98 93 94 95 138 139 6 7 50 51 52 47 48 49 117 118 78 79 80 81 82 133 134 135 32 33 34 35 36 101 102 103 104 105 60 61 62 126 127 124 125 144 22 23 24 88 89 86 87 137 114 115 116 143 68 69 70 71 72 129 130 131 99 100 141 140 53 54 120 119 136 106 107 108 142 128 90 132 
14 26 1 37 3 40 41 2 55 8 58 59 4 5 6 7 13 73 74 15 16 78 79 80 9 10 11 12 25 91 92 27 28 96 97 98 17 18 19 20 21 22 23 24 38 39 109 110 111 42 43 44 114 115 29 30 31 32 33 34 35 36 56 57 121 122 123 60 61 62 126 127 45 46 47 48 49 50 51 52 53 54 75 76 77 133 134 81 82 136 63 64 65 66 67 68 69 70 71 72 93 94 95 138 139 99 100 141 83 84 85 86 87 88 89 90 112 113 143 116 101 102 103 104 105 106 107 108 124 125 144 128 117 118 119 120 135 129 130 131 132 140 137 142 
15 60 20 38 40 42 43 68 93 96 8 99 45 6 50 51 73 75 76 78 79 3 81 82 101 34 10 106 121 25 124 26 126 27 28 128 18 83 84 22 23 5 88 89 109 110 13 112 113 14 114 115 16 116 65 29 129 2 71 32 33 132 55 138 56 57 140 58 59 141 61 62 47 48 17 117 118 1 53 54 21 120 37 133 134 39 135 41 136 44 9 104 63 64 142 11 12 108 69 70 91 92 144 94 95 97 98 100 4 86 87 46 137 7 90 52 74 143 77 80 30 31 131 102 103 35 36 107 122 123 125 127 19 119 85 24 111 66 67 130 72 139 49 105 
16 62 21 39 41 43 44 70 95 98 100 8 46 7 51 52 74 76 77 79 80 81 82 3 103 36 107 10 123 125 25 127 26 128 27 28 19 84 85 23 24 88 89 5 110 111 112 113 13 114 115 14 116 15 67 130 29 72 2 132 32 33 139 55 140 56 57 141 58 59 60 61 48 49 117 118 17 53 54 1 120 20 133 134 37 135 38 136 40 42 105 9 142 63 64 108 11 12 68 69 144 91 92 93 94 96 97 99 86 87 4 137 45 90 6 50 143 73 75 78 131 30 31 101 102 34 35 106 121 122 124 126 119 18 83 22 109 65 66 129 71 138 47 104 
17 9 37 5 4 45 46 25 2 29 30 31 14 13 73 74 1 20 21 18 19 83 84 85 8 55 56 57 10 11 12 63 64 65 66 67 3 40 41 38 39 109 110 111 6 7 50 51 52 47 48 49 117 118 26 27 28 91 92 93 94 95 32 33 34 35 36 101 102 103 104 105 15 16 78 79 80 75 76 77 133 134 22 23 24 88 89 86 87 137 58 59 60 61 62 121 122 123 124 125 68 69 70 71 72 129 130 131 42 43 44 114 115 112 113 143 53 54 120 119 96 97 98 99 100 138 139 140 106 107 108 142 81 82 136 135 90 126 127 128 144 132 116 141 
18 101 38 6 45 47 48 121 68 65 29 129 15 73 75 76 20 22 23 83 84 4 86 87 96 93 55 138 34 10 106 9 104 63 64 142 40 42 43 109 110 13 112 113 50 51 1 53 54 17 117 118 19 119 60 26 126 25 124 91 92 144 2 71 32 33 132 30 31 131 102 103 78 79 3 81 82 37 133 134 39 135 5 88 89 7 90 46 137 49 8 99 58 59 141 56 57 140 122 123 11 12 108 69 70 66 67 130 14 114 115 16 116 74 143 77 21 120 24 85 27 28 128 97 98 94 95 139 35 36 107 105 41 136 44 111 52 61 62 127 125 72 80 100 
19 103 39 7 46 48 49 123 70 67 130 29 16 74 76 77 21 23 24 84 85 86 87 4 98 95 139 55 36 107 10 105 9 142 63 64 41 43 44 110 111 112 113 13 51 52 53 54 1 117 118 17 119 18 62 127 26 125 25 144 91 92 72 2 132 32 33 131 30 31 101 102 79 80 81 82 3 133 134 37 135 38 88 89 5 90 6 137 45 47 100 8 141 58 59 140 56 57 121 122 108 11 12 68 69 65 66 129 114 115 14 116 15 143 73 75 120 20 22 83 128 27 28 96 97 93 94 138 34 35 106 104 136 40 42 109 50 60 61 126 124 71 78 99 
20 68 40 45 6 50 51 96 101 34 10 106 73 15 78 79 18 83 84 22 23 5 88 89 121 60 26 126 65 29 129 2 71 32 33 132 38 109 110 42 43 14 114 115 47 48 17 117 118 1 53 54 21 120 93 55 138 8 99 58 59 141 9 104 63 64 142 11 12 108 69 70 75 76 37 133 134 3 81 82 41 136 4 86 87 46 137 7 90 52 25 124 91 92 144 27 28 128 97 98 30 31 131 102 103 35 36 107 13 112 113 74 143 16 116 80 19 119 85 24 56 57 140 122 123 61 62 127 66 67 130 72 39 135 111 44 49 94 95 139 100 105 77 125 
21 70 41 46 7 51 52 98 103 36 107 10 74 16 79 80 19 84 85 23 24 88 89 5 123 62 127 26 67 130 29 72 2 132 32 33 39 110 111 43 44 114 115 14 48 49 117 118 17 53 54 1 120 20 95 139 55 100 8 141 58 59 105 9 142 63 64 108 11 12 68 69 76 77 133 134 37 81 82 3 136 40 86 87 4 137 45 90 6 50 125 25 144 91 92 128 27 28 96 97 131 30 31 101 102 34 35 106 112 113 13 143 73 116 15 78 119 18 83 22 140 56 57 121 122 60 61 126 65 66 129 71 135 38 109 42 47 93 94 138 99 104 75 124 
22 11 42 47 50 1 53 27 30 32 34 35 75 78 3 81 83 4 86 5 88 6 7 90 56 58 60 61 63 65 66 68 69 2 71 72 109 13 112 14 114 15 16 116 17 117 18 19 119 20 21 120 23 24 91 93 94 96 97 8 99 100 101 102 9 104 105 10 106 107 12 108 37 133 38 39 135 40 41 136 43 44 45 46 137 48 49 51 52 54 121 122 25 124 125 26 126 127 28 128 29 129 130 31 131 33 132 36 73 74 143 76 77 79 80 82 84 85 87 89 55 138 139 57 140 59 141 62 64 142 67 70 110 111 113 115 118 92 144 95 98 103 134 123 
23 108 43 48 51 53 54 128 131 132 36 34 76 79 81 82 84 86 87 88 89 7 90 6 140 141 62 60 142 67 65 70 68 72 2 71 110 112 113 114 115 16 116 15 117 118 19 119 18 21 120 20 24 22 144 95 93 98 96 100 8 99 103 101 105 9 104 107 10 106 11 12 133 134 39 135 38 41 136 40 44 42 46 137 45 49 47 52 50 1 123 121 125 25 124 127 26 126 27 28 130 29 129 30 31 32 33 35 74 143 73 77 75 80 78 3 85 83 4 5 139 55 138 56 57 58 59 61 63 64 66 69 111 109 13 14 17 91 92 94 97 102 37 122 
24 12 44 49 52 54 1 28 31 33 35 36 77 80 82 3 85 87 4 89 5 90 6 7 57 59 61 62 64 66 67 69 70 71 72 2 111 113 13 115 14 116 15 16 118 17 119 18 19 120 20 21 22 23 92 94 95 97 98 99 100 8 102 103 104 105 9 106 107 10 108 11 134 37 135 38 39 136 40 41 42 43 137 45 46 47 48 50 51 53 122 123 124 125 25 126 127 26 128 27 129 130 29 131 30 132 32 34 143 73 74 75 76 78 79 81 83 84 86 88 138 139 55 140 56 141 58 60 142 63 65 68 109 110 112 114 117 144 91 93 96 101 133 121 
25 37 29 8 55 56 57 4 14 13 73 74 10 9 63 64 26 27 28 91 92 93 94 95 1 17 18 19 3 40 41 38 39 109 110 111 2 32 33 30 31 101 102 103 58 59 60 61 62 121 122 123 124 125 5 6 7 45 46 47 48 49 15 16 78 79 80 75 76 77 133 134 11 12 68 69 70 65 66 67 129 130 96 97 98 99 100 138 139 140 20 21 22 23 24 83 84 85 86 87 42 43 44 114 115 112 113 143 34 35 36 106 107 104 105 142 126 127 128 144 50 51 52 53 54 117 118 119 81 82 136 135 71 72 132 131 141 88 89 90 137 116 108 120 
26 14 2 55 8 58 59 1 37 3 40 41 9 10 11 12 25 91 92 27 28 96 97 98 4 5 6 7 13 73 74 15 16 78 79 80 29 30 31 32 33 34 35 36 56 57 121 122 123 60 61 62 126 127 17 18 19 20 21 22 23 24 38 39 109 110 111 42 43 44 114 115 63 64 65 66 67 68 69 70 71 72 93 94 95 138 139 99 100 141 45 46 47 48 49 50 51 52 53 54 75 76 77 133 134 81 82 136 101 102 103 104 105 106 107 108 124 125 144 128 83 84 85 86 87 88 89 90 112 113 143 116 129 130 131 132 140 117 118 119 120 135 142 137 
27 42 32 56 58 60 61 50 75 78 3 81 63 11 68 69 91 93 94 96 97 8 99 100 83 22 5 88 109 13 112 14 114 15 16 116 30 101 102 34 35 10 106 107 121 122 25 124 125 26 126 127 28 128 47 17 117 1 53 20 21 120 37 133 38 39 135 40 41 136 43 44 65 66 29 129 130 2 71 72 33 132 55 138 139 57 140 59 141 62 4 86 45 46 137 6 7 90 51 52 73 74 143 76 77 79 80 82 9 104 105 64 142 12 108 70 92 144 95 98 18 19 119 84 85 23 24 89 110 111 113 115 31 131 103 36 123 48 49 118 54 134 67 87 
28 44 33 57 59 61 62 52 77 80 82 3 64 12 69 70 92 94 95 97 98 99 100 8 85 24 89 5 111 113 13 115 14 116 15 16 31 102 103 35 36 106 107 10 122 123 124 125 25 126 127 26 128 27 49 118 17 54 1 120 20 21 134 37 135 38 39 136 40 41 42 43 66 67 129 130 29 71 72 2 132 32 138 139 55 140 56 141 58 60 87 4 137 45 46 90 6 7 50 51 143 73 74 75 76 78 79 81 104 105 9 142 63 108 11 68 144 91 93 96 119 18 19 83 84 22 23 88 109 110 112 114 131 30 101 34 121 47 48 117 53 133 65 86 
29 4 55 10 9 63 64 13 1 17 18 19 26 25 91 92 2 32 33 30 31 101 102 103 3 37 38 39 5 6 7 45 46 47 48 49 8 58 59 56 57 121 122 123 11 12 68 69 70 65 66 67 129 130 14 15 16 73 74 75 76 77 20 21 22 23 24 83 84 85 86 87 27 28 96 97 98 93 94 95 138 139 34 35 36 106 107 104 105 142 40 41 42 43 44 109 110 111 112 113 50 51 52 53 54 117 118 119 60 61 62 126 127 124 125 144 71 72 132 131 78 79 80 81 82 133 134 135 88 89 90 137 99 100 141 140 108 114 115 116 143 120 128 136 
30 83 56 11 63 65 66 109 50 47 17 117 27 91 93 94 32 34 35 101 102 9 104 105 78 75 37 133 22 5 88 4 86 45 46 137 58 60 61 121 122 25 124 125 68 69 2 71 72 29 129 130 31 131 42 14 114 13 112 73 74 143 1 53 20 21 120 18 19 119 84 85 96 97 8 99 100 55 138 139 57 140 10 106 107 12 108 64 142 67 3 81 40 41 136 38 39 135 110 111 6 7 90 51 52 48 49 118 26 126 127 28 128 92 144 95 33 132 36 103 15 16 116 79 80 76 77 134 23 24 89 87 59 141 62 123 70 43 44 115 113 54 98 82 
31 85 57 12 64 66 67 111 52 49 118 17 28 92 94 95 33 35 36 102 103 104 105 9 80 77 134 37 24 89 5 87 4 137 45 46 59 61 62 122 123 124 125 25 69 70 71 72 2 129 130 29 131 30 44 115 14 113 13 143 73 74 54 1 120 20 21 119 18 19 83 84 97 98 99 100 8 138 139 55 140 56 106 107 10 108 11 142 63 65 82 3 136 40 41 135 38 39 109 110 90 6 7 50 51 47 48 117 126 127 26 128 27 144 91 93 132 32 34 101 116 15 16 78 79 75 76 133 22 23 88 86 141 58 60 121 68 42 43 114 112 53 96 81 
32 50 58 63 11 68 69 78 83 22 5 88 91 27 96 97 30 101 102 34 35 10 106 107 109 42 14 114 47 17 117 1 53 20 21 120 56 121 122 60 61 26 126 127 65 66 29 129 130 2 71 72 33 132 75 37 133 3 81 40 41 136 4 86 45 46 137 6 7 90 51 52 93 94 55 138 139 8 99 100 59 141 9 104 105 64 142 12 108 70 13 112 73 74 143 15 16 116 79 80 18 19 119 84 85 23 24 89 25 124 125 92 144 28 128 98 31 131 103 36 38 39 135 110 111 43 44 115 48 49 118 54 57 140 123 62 67 76 77 134 82 87 95 113 
33 52 59 64 12 69 70 80 85 24 89 5 92 28 97 98 31 102 103 35 36 106 107 10 111 44 115 14 49 118 17 54 1 120 20 21 57 122 123 61 62 126 127 26 66 67 129 130 29 71 72 2 132 32 77 134 37 82 3 136 40 41 87 4 137 45 46 90 6 7 50 51 94 95 138 139 55 99 100 8 141 58 104 105 9 142 63 108 11 68 113 13 143 73 74 116 15 16 78 79 119 18 19 83 84 22 23 88 124 125 25 144 91 128 27 96 131 30 101 34 135 38 39 109 110 42 43 114 47 48 117 53 140 56 121 60 65 75 76 133 81 86 93 112 
34 6 60 65 68 2 71 15 18 20 22 23 93 96 8 99 101 9 104 10 106 11 12 108 38 40 42 43 45 47 48 50 51 1 53 54 121 25 124 26 126 27 28 128 29 129 30 31 131 32 33 132 35 36 73 75 76 78 79 3 81 82 83 84 4 86 87 5 88 89 7 90 55 138 56 57 140 58 59 141 61 62 63 64 142 66 67 69 70 72 109 110 13 112 113 14 114 115 16 116 17 117 118 19 119 21 120 24 91 92 144 94 95 97 98 100 102 103 105 107 37 133 134 39 135 41 136 44 46 137 49 52 122 123 125 127 130 74 143 77 80 85 139 111 
35 90 61 66 69 71 72 116 119 120 24 22 94 97 99 100 102 104 105 106 107 12 108 11 135 136 44 42 137 49 47 52 50 54 1 53 122 124 125 126 127 28 128 27 129 130 31 131 30 33 132 32 36 34 143 77 75 80 78 82 3 81 85 83 87 4 86 89 5 88 6 7 138 139 57 140 56 59 141 58 62 60 64 142 63 67 65 70 68 2 111 109 113 13 112 115 14 114 15 16 118 17 117 18 19 20 21 23 92 144 91 95 93 98 96 8 103 101 9 10 134 37 133 38 39 40 41 43 45 46 48 51 123 121 25 26 29 73 74 76 79 84 55 110 
36 7 62 67 70 72 2 16 19 21 23 24 95 98 100 8 103 105 9 107 10 108 11 12 39 41 43 44 46 48 49 51 52 53 54 1 123 125 25 127 26 128 27 28 130 29 131 30 31 132 32 33 34 35 74 76 77 79 80 81 82 3 84 85 86 87 4 88 89 5 90 6 139 55 140 56 57 141 58 59 60 61 142 63 64 65 66 68 69 71 110 111 112 113 13 114 115 14 116 15 117 118 17 119 18 120 20 22 144 91 92 93 94 96 97 99 101 102 104 106 133 134 37 135 38 136 40 42 137 45 47 50 121 122 124 126 129 143 73 75 78 83 138 109 
37 25 4 14 13 73 74 29 8 55 56 57 1 17 18 19 3 40 41 38 39 109 110 111 10 9 63 64 26 27 28 91 92 93 94 95 5 6 7 45 46 47 48 49 15 16 78 79 80 75 76 77 133 134 2 32 33 30 31 101 102 103 58 59 60 61 62 121 122 123 124 125 20 21 22 23 24 83 84 85 86 87 42 43 44 114 115 112 113 143 11 12 68 69 70 65 66 67 129 130 96 97 98 99 100 138 139 140 50 51 52 53 54 117 118 119 81 82 136 135 34 35 36 106 107 104 105 142 126 127 128 144 88 89 90 137 116 71 72 132 131 141 120 108 
38 121 45 15 73 75 76 65 96 93 55 138 20 18 83 84 40 42 43 109 110 13 112 113 34 101 9 104 60 26 126 25 124 91 92 144 6 50 51 47 48 17 117 118 78 79 3 81 82 37 133 134 39 135 68 2 71 29 129 30 31 131 8 99 58 59 141 56 57 140 122 123 22 23 5 88 89 4 86 87 46 137 14 114 115 16 116 74 143 77 10 106 11 12 108 63 64 142 66 67 27 28 128 97 98 94 95 139 1 53 54 21 120 19 119 85 41 136 44 111 32 33 132 35 36 102 103 105 61 62 127 125 7 90 52 49 80 69 70 72 130 100 24 107 
39 123 46 16 74 76 77 67 98 95 139 55 21 19 84 85 41 43 44 110 111 112 113 13 36 103 105 9 62 127 26 125 25 144 91 92 7 51 52 48 49 117 118 17 79 80 81 82 3 133 134 37 135 38 70 72 2 130 29 131 30 31 100 8 141 58 59 140 56 57 121 122 23 24 88 89 5 86 87 4 137 45 114 115 14 116 15 143 73 75 107 10 108 11 12 142 63 64 65 66 128 27 28 96 97 93 94 138 53 54 1 120 20 119 18 83 136 40 42 109 132 32 33 34 35 101 102 104 60 61 126 124 90 6 50 47 78 68 69 71 129 99 22 106 
40 96 6 73 15 78 79 34 121 60 26 126 18 20 22 23 38 109 110 42 43 14 114 115 65 68 2 71 93 55 138 8 99 58 59 141 45 47 48 50 51 1 53 54 75 76 37 133 134 3 81 82 41 136 101 9 104 10 106 11 12 108 25 124 91 92 144 27 28 128 97 98 83 84 4 86 87 5 88 89 7 90 13 112 113 74 143 16 116 80 29 129 30 31 131 32 33 132 35 36 56 57 140 122 123 61 62 127 17 117 118 19 119 21 120 24 39 135 111 44 63 64 142 66 67 69 70 72 94 95 139 100 46 137 49 52 77 102 103 105 107 125 85 130 
41 98 7 74 16 79 80 36 123 62 127 26 19 21 23 24 39 110 111 43 44 114 115 14 67 70 72 2 95 139 55 100 8 141 58 59 46 48 49 51 52 53 54 1 76 77 133 134 37 81 82 3 136 40 103 105 9 107 10 108 11 12 125 25 144 91 92 128 27 28 96 97 84 85 86 87 4 88 89 5 90 6 112 113 13 143 73 116 15 78 130 29 131 30 31 132 32 33 34 35 140 56 57 121 122 60 61 126 117 118 17 119 18 120 20 22 135 38 109 42 142 63 64 65 66 68 69 71 93 94 138 99 137 45 47 50 75 101 102 104 106 124 83 129 
42 27 50 75 78 3 81 32 56 58 60 61 83 22 5 88 109 13 112 14 114 15 16 116 63 11 68 69 91 93 94 96 97 8 99 100 47 17 117 1 53 20 21 120 37 133 38 39 135 40 41 136 43 44 30 101 102 34 35 10 106 107 121 122 25 124 125 26 126 127 28 128 4 86 45 46 137 6 7 90 51 52 73 74 143 76 77 79 80 82 65 66 29 129 130 2 71 72 33 132 55 138 139 57 140 59 141 62 18 19 119 84 85 23 24 89 110 111 113 115 9 104 105 64 142 12 108 70 92 144 95 98 48 49 118 54 134 31 131 103 36 123 87 67 
43 128 51 76 79 81 82 132 140 141 62 60 84 23 88 89 110 112 113 114 115 16 116 15 142 108 70 68 144 95 93 98 96 100 8 99 48 117 118 53 54 21 120 20 133 134 39 135 38 41 136 40 44 42 131 103 101 36 34 107 10 106 123 121 125 25 124 127 26 126 27 28 86 87 46 137 45 7 90 6 52 50 74 143 73 77 75 80 78 3 67 65 130 29 129 72 2 71 32 33 139 55 138 56 57 58 59 61 19 119 18 85 83 24 22 5 111 109 13 14 105 9 104 63 64 11 12 69 91 92 94 97 49 47 17 1 37 30 31 102 35 122 4 66 
44 28 52 77 80 82 3 33 57 59 61 62 85 24 89 5 111 113 13 115 14 116 15 16 64 12 69 70 92 94 95 97 98 99 100 8 49 118 17 54 1 120 20 21 134 37 135 38 39 136 40 41 42 43 31 102 103 35 36 106 107 10 122 123 124 125 25 126 127 26 128 27 87 4 137 45 46 90 6 7 50 51 143 73 74 75 76 78 79 81 66 67 129 130 29 71 72 2 132 32 138 139 55 140 56 141 58 60 119 18 19 83 84 22 23 88 109 110 112 114 104 105 9 142 63 108 11 68 144 91 93 96 47 48 117 53 133 131 30 101 34 121 86 65 
45 65 73 20 18 83 84 93 34 101 9 104 40 38 109 110 6 50 51 47 48 17 117 118 60 121 25 124 68 2 71 29 129 30 31 131 15 78 79 75 76 37 133 134 22 23 5 88 89 4 86 87 46 137 96 8 99 55 138 56 57 140 10 106 11 12 108 63 64 142 66 67 42 43 14 114 115 13 112 113 74 143 1 53 54 21 120 19 119 85 26 126 27 28 128 91 92 144 94 95 32 33 132 35 36 102 103 105 3 81 82 41 136 39 135 111 7 90 52 49 58 59 141 61 62 122 123 125 69 70 72 130 16 116 80 77 24 97 98 100 139 107 44 127 
46 67 74 21 19 84 85 95 36 103 105 9 41 39 110 111 7 51 52 48 49 117 118 17 62 123 125 25 70 72 2 130 29 131 30 31 16 79 80 76 77 133 134 37 23 24 88 89 5 86 87 4 137 45 98 100 8 139 55 140 56 57 107 10 108 11 12 142 63 64 65 66 43 44 114 115 14 112 113 13 143 73 53 54 1 120 20 119 18 83 127 26 128 27 28 144 91 92 93 94 132 32 33 34 35 101 102 104 81 82 3 136 40 135 38 109 90 6 50 47 141 58 59 60 61 121 122 124 68 69 71 129 116 15 78 75 22 96 97 99 138 106 42 126 
47 63 75 22 83 4 86 91 32 30 101 102 42 109 13 112 50 1 53 17 117 18 19 119 58 56 121 122 11 68 69 65 66 29 129 130 78 3 81 37 133 38 39 135 5 88 6 7 90 45 46 137 48 49 27 96 97 93 94 55 138 139 34 35 10 106 107 9 104 105 64 142 14 114 15 16 116 73 74 143 76 77 20 21 120 23 24 84 85 87 60 61 26 126 127 25 124 125 92 144 2 71 72 33 132 31 131 103 40 41 136 43 44 110 111 113 51 52 54 118 8 99 100 59 141 57 140 123 12 108 70 67 79 80 82 134 89 28 128 98 95 36 115 62 
48 142 76 23 84 86 87 144 132 131 103 101 43 110 112 113 51 53 54 117 118 19 119 18 141 140 123 121 108 70 68 67 65 130 29 129 79 81 82 133 134 39 135 38 88 89 7 90 6 46 137 45 49 47 128 98 96 95 93 139 55 138 36 34 107 10 106 105 9 104 63 64 114 115 16 116 15 74 143 73 77 75 21 120 20 24 22 85 83 4 62 60 127 26 126 125 25 124 91 92 72 2 71 32 33 30 31 102 41 136 40 44 42 111 109 13 52 50 1 17 100 8 99 58 59 56 57 122 11 12 69 66 80 78 3 37 5 27 28 97 94 35 14 61 
49 64 77 24 85 87 4 92 33 31 102 103 44 111 113 13 52 54 1 118 17 119 18 19 59 57 122 123 12 69 70 66 67 129 130 29 80 82 3 134 37 135 38 39 89 5 90 6 7 137 45 46 47 48 28 97 98 94 95 138 139 55 35 36 106 107 10 104 105 9 142 63 115 14 116 15 16 143 73 74 75 76 120 20 21 22 23 83 84 86 61 62 126 127 26 124 125 25 144 91 71 72 2 132 32 131 30 101 136 40 41 42 43 109 110 112 50 51 53 117 99 100 8 141 58 140 56 121 108 11 68 65 78 79 81 133 88 128 27 96 93 34 114 60 
50 32 78 83 22 5 88 58 63 11 68 69 109 42 14 114 47 17 117 1 53 20 21 120 91 27 96 97 30 101 102 34 35 10 106 107 75 37 133 3 81 40 41 136 4 86 45 46 137 6 7 90 51 52 56 121 122 60 61 26 126 127 65 66 29 129 130 2 71 72 33 132 13 112 73 74 143 15 16 116 79 80 18 19 119 84 85 23 24 89 93 94 55 138 139 8 99 100 59 141 9 104 105 64 142 12 108 70 38 39 135 110 111 43 44 115 48 49 118 54 25 124 125 92 144 28 128 98 31 131 103 36 76 77 134 82 87 57 140 123 62 67 113 95 
51 132 79 84 23 88 89 141 142 108 70 68 110 43 114 115 48 117 118 53 54 21 120 20 144 128 98 96 131 103 101 36 34 107 10 106 76 133 134 81 82 41 136 40 86 87 46 137 45 7 90 6 52 50 140 123 121 62 60 127 26 126 67 65 130 29 129 72 2 71 32 33 112 113 74 143 73 16 116 15 80 78 19 119 18 85 83 24 22 5 95 93 139 55 138 100 8 99 58 59 105 9 104 63 64 11 12 69 39 135 38 111 109 44 42 14 49 47 17 1 125 25 124 91 92 27 28 97 30 31 102 35 77 75 37 3 4 56 57 122 61 66 13 94 
52 33 80 85 24 89 5 59 64 12 69 70 111 44 115 14 49 118 17 54 1 120 20 21 92 28 97 98 31 102 103 35 36 106 107 10 77 134 37 82 3 136 40 41 87 4 137 45 46 90 6 7 50 51 57 122 123 61 62 126 127 26 66 67 129 130 29 71 72 2 132 32 113 13 143 73 74 116 15 16 78 79 119 18 19 83 84 22 23 88 94 95 138 139 55 99 100 8 141 58 104 105 9 142 63 108 11 68 135 38 39 109 110 42 43 114 47 48 117 53 124 125 25 144 91 128 27 96 131 30 101 34 75 76 133 81 86 140 56 121 60 65 112 93 
53 72 81 86 88 7 90 100 105 107 108 11 112 114 16 116 117 19 119 21 120 23 24 22 125 127 128 27 130 131 30 132 32 36 34 35 133 39 135 41 136 43 44 42 46 137 48 49 47 51 52 50 54 1 139 140 56 141 58 62 60 61 142 63 67 65 66 70 68 69 2 71 74 143 76 77 75 79 80 78 82 3 84 85 83 87 4 89 5 6 144 91 95 93 94 98 96 97 8 99 103 101 102 9 104 10 106 12 110 111 109 113 13 115 14 15 118 17 18 20 123 121 122 25 124 26 126 28 29 129 31 33 134 37 38 40 45 55 138 57 59 64 73 92 
54 71 82 87 89 90 6 99 104 106 12 108 113 115 116 15 118 119 18 120 20 24 22 23 124 126 28 128 129 31 131 33 132 35 36 34 134 135 38 136 40 44 42 43 137 45 49 47 48 52 50 51 1 53 138 57 140 59 141 61 62 60 64 142 66 67 65 69 70 68 72 2 143 73 77 75 76 80 78 79 3 81 85 83 84 4 86 5 88 7 92 144 94 95 93 97 98 96 100 8 102 103 101 105 9 107 10 11 111 109 110 13 112 14 114 16 17 117 19 21 122 123 121 125 25 127 26 27 130 29 30 32 37 133 39 41 46 139 55 56 58 63 74 91 
55 13 9 26 25 91 92 17 3 37 38 39 2 29 30 31 8 58 59 56 57 121 122 123 5 4 45 46 14 15 16 73 74 75 76 77 10 11 12 63 64 65 66 67 27 28 96 97 98 93 94 95 138 139 1 20 21 18 19 83 84 85 40 41 42 43 44 109 110 111 112 113 32 33 34 35 36 101 102 103 104 105 60 61 62 126 127 124 125 144 6 7 50 51 52 47 48 49 117 118 78 79 80 81 82 133 134 135 68 69 70 71 72 129 130 131 99 100 141 140 22 23 24 88 89 86 87 137 114 115 116 143 106 107 108 142 128 53 54 120 119 136 132 90 
56 109 63 27 91 93 94 47 78 75 37 133 32 30 101 102 58 60 61 121 122 25 124 125 22 83 4 86 42 14 114 13 112 73 74 143 11 68 69 65 66 29 129 130 96 97 8 99 100 55 138 139 57 140 50 1 53 17 117 18 19 119 3 81 40 41 136 38 39 135 110 111 34 35 10 106 107 9 104 105 64 142 26 126 127 28 128 92 144 95 5 88 6 7 90 45 46 137 48 49 15 16 116 79 80 76 77 134 2 71 72 33 132 31 131 103 59 141 62 123 20 21 120 23 24 84 85 87 43 44 115 113 12 108 70 67 98 51 52 54 118 82 36 89 
57 111 64 28 92 94 95 49 80 77 134 37 33 31 102 103 59 61 62 122 123 124 125 25 24 85 87 4 44 115 14 113 13 143 73 74 12 69 70 66 67 129 130 29 97 98 99 100 8 138 139 55 140 56 52 54 1 118 17 119 18 19 82 3 136 40 41 135 38 39 109 110 35 36 106 107 10 104 105 9 142 63 126 127 26 128 27 144 91 93 89 5 90 6 7 137 45 46 47 48 116 15 16 78 79 75 76 133 71 72 2 132 32 131 30 101 141 58 60 121 120 20 21 22 23 83 84 86 42 43 114 112 108 11 68 65 96 50 51 53 117 81 34 88 
58 78 11 91 27 96 97 22 109 42 14 114 30 32 34 35 56 121 122 60 61 26 126 127 47 50 1 53 75 37 133 3 81 40 41 136 63 65 66 68 69 2 71 72 93 94 55 138 139 8 99 100 59 141 83 4 86 5 88 6 7 90 13 112 73 74 143 15 16 116 79 80 101 102 9 104 105 10 106 107 12 108 25 124 125 92 144 28 128 98 17 117 18 19 119 20 21 120 23 24 38 39 135 110 111 43 44 115 29 129 130 31 131 33 132 36 57 140 123 62 45 46 137 48 49 51 52 54 76 77 134 82 64 142 67 70 95 84 85 87 89 113 103 118 
59 80 12 92 28 97 98 24 111 44 115 14 31 33 35 36 57 122 123 61 62 126 127 26 49 52 54 1 77 134 37 82 3 136 40 41 64 66 67 69 70 71 72 2 94 95 138 139 55 99 100 8 141 58 85 87 4 89 5 90 6 7 113 13 143 73 74 116 15 16 78 79 102 103 104 105 9 106 107 10 108 11 124 125 25 144 91 128 27 96 118 17 119 18 19 120 20 21 22 23 135 38 39 109 110 42 43 114 129 130 29 131 30 132 32 34 140 56 121 60 137 45 46 47 48 50 51 53 75 76 133 81 142 63 65 68 93 83 84 86 88 112 101 117 
60 15 68 93 96 8 99 20 38 40 42 43 101 34 10 106 121 25 124 26 126 27 28 128 45 6 50 51 73 75 76 78 79 3 81 82 65 29 129 2 71 32 33 132 55 138 56 57 140 58 59 141 61 62 18 83 84 22 23 5 88 89 109 110 13 112 113 14 114 115 16 116 9 104 63 64 142 11 12 108 69 70 91 92 144 94 95 97 98 100 47 48 17 117 118 1 53 54 21 120 37 133 134 39 135 41 136 44 30 31 131 102 103 35 36 107 122 123 125 127 4 86 87 46 137 7 90 52 74 143 77 80 66 67 130 72 139 19 119 85 24 111 105 49 
61 116 69 94 97 99 100 120 135 136 44 42 102 35 106 107 122 124 125 126 127 28 128 27 137 90 52 50 143 77 75 80 78 82 3 81 66 129 130 71 72 33 132 32 138 139 57 140 56 59 141 58 62 60 119 85 83 24 22 89 5 88 111 109 113 13 112 115 14 114 15 16 104 105 64 142 63 12 108 11 70 68 92 144 91 95 93 98 96 8 49 47 118 17 117 54 1 53 20 21 134 37 133 38 39 40 41 43 31 131 30 103 101 36 34 10 123 121 25 26 87 4 86 45 46 6 7 51 73 74 76 79 67 65 29 2 55 18 19 84 23 110 9 48 
62 16 70 95 98 100 8 21 39 41 43 44 103 36 107 10 123 125 25 127 26 128 27 28 46 7 51 52 74 76 77 79 80 81 82 3 67 130 29 72 2 132 32 33 139 55 140 56 57 141 58 59 60 61 19 84 85 23 24 88 89 5 110 111 112 113 13 114 115 14 116 15 105 9 142 63 64 108 11 12 68 69 144 91 92 93 94 96 97 99 48 49 117 118 17 53 54 1 120 20 133 134 37 135 38 136 40 42 131 30 31 101 102 34 35 106 121 122 124 126 86 87 4 137 45 90 6 50 143 73 75 78 65 66 129 71 138 119 18 83 22 109 104 47 
63 47 91 32 30 101 102 75 22 83 4 86 58 56 121 122 11 68 69 65 66 29 129 130 42 109 13 112 50 1 53 17 117 18 19 119 27 96 97 93 94 55 138 139 34 35 10 106 107 9 104 105 64 142 78 3 81 37 133 38 39 135 5 88 6 7 90 45 46 137 48 49 60 61 26 126 127 25 124 125 92 144 2 71 72 33 132 31 131 103 14 114 15 16 116 73 74 143 76 77 20 21 120 23 24 84 85 87 8 99 100 59 141 57 140 123 12 108 70 67 40 41 136 43 44 110 111 113 51 52 54 118 28 128 98 95 36 79 80 82 134 89 62 115 
64 49 92 33 31 102 103 77 24 85 87 4 59 57 122 123 12 69 70 66 67 129 130 29 44 111 113 13 52 54 1 118 17 119 18 19 28 97 98 94 95 138 139 55 35 36 106 107 10 104 105 9 142 63 80 82 3 134 37 135 38 39 89 5 90 6 7 137 45 46 47 48 61 62 126 127 26 124 125 25 144 91 71 72 2 132 32 131 30 101 115 14 116 15 16 143 73 74 75 76 120 20 21 22 23 83 84 86 99 100 8 141 58 140 56 121 108 11 68 65 136 40 41 42 43 109 110 112 50 51 53 117 128 27 96 93 34 78 79 81 133 88 60 114 
65 45 93 34 101 9 104 73 20 18 83 84 60 121 25 124 68 2 71 29 129 30 31 131 40 38 109 110 6 50 51 47 48 17 117 118 96 8 99 55 138 56 57 140 10 106 11 12 108 63 64 142 66 67 15 78 79 75 76 37 133 134 22 23 5 88 89 4 86 87 46 137 26 126 27 28 128 91 92 144 94 95 32 33 132 35 36 102 103 105 42 43 14 114 115 13 112 113 74 143 1 53 54 21 120 19 119 85 58 59 141 61 62 122 123 125 69 70 72 130 3 81 82 41 136 39 135 111 7 90 52 49 97 98 100 139 107 16 116 80 77 24 127 44 
66 137 94 35 102 104 105 143 120 119 85 83 61 122 124 125 69 71 72 129 130 31 131 30 136 135 111 109 90 52 50 49 47 118 17 117 97 99 100 138 139 57 140 56 106 107 12 108 11 64 142 63 67 65 116 80 78 77 75 134 37 133 24 22 89 5 88 87 4 86 45 46 126 127 28 128 27 92 144 91 95 93 33 132 32 36 34 103 101 9 44 42 115 14 114 113 13 112 73 74 54 1 53 20 21 18 19 84 59 141 58 62 60 123 121 25 70 68 2 29 82 3 81 40 41 38 39 110 6 7 51 48 98 96 8 55 10 15 16 79 76 23 26 43 
67 46 95 36 103 105 9 74 21 19 84 85 62 123 125 25 70 72 2 130 29 131 30 31 41 39 110 111 7 51 52 48 49 117 118 17 98 100 8 139 55 140 56 57 107 10 108 11 12 142 63 64 65 66 16 79 80 76 77 133 134 37 23 24 88 89 5 86 87 4 137 45 127 26 128 27 28 144 91 92 93 94 132 32 33 34 35 101 102 104 43 44 114 115 14 112 113 13 143 73 53 54 1 120 20 119 18 83 141 58 59 60 61 121 122 124 68 69 71 129 81 82 3 136 40 135 38 109 90 6 50 47 96 97 99 138 106 116 15 78 75 22 126 42 
68 20 96 101 34 10 106 40 45 6 50 51 121 60 26 126 65 29 129 2 71 32 33 132 73 15 78 79 18 83 84 22 23 5 88 89 93 55 138 8 99 58 59 141 9 104 63 64 142 11 12 108 69 70 38 109 110 42 43 14 114 115 47 48 17 117 118 1 53 54 21 120 25 124 91 92 144 27 28 128 97 98 30 31 131 102 103 35 36 107 75 76 37 133 134 3 81 82 41 136 4 86 87 46 137 7 90 52 56 57 140 122 123 61 62 127 66 67 130 72 13 112 113 74 143 16 116 80 19 119 85 24 94 95 139 100 105 39 135 111 44 49 125 77 
69 120 97 102 35 106 107 136 137 90 52 50 122 61 126 127 66 129 130 71 72 33 132 32 143 116 80 78 119 85 83 24 22 89 5 88 94 138 139 99 100 59 141 58 104 105 64 142 63 12 108 11 70 68 135 111 109 44 42 115 14 114 49 47 118 17 117 54 1 53 20 21 124 125 92 144 91 28 128 27 98 96 31 131 30 103 101 36 34 10 77 75 134 37 133 82 3 81 40 41 87 4 86 45 46 6 7 51 57 140 56 123 121 62 60 26 67 65 29 2 113 13 112 73 74 15 16 79 18 19 84 23 95 93 55 8 9 38 39 110 43 48 25 76 
70 21 98 103 36 107 10 41 46 7 51 52 123 62 127 26 67 130 29 72 2 132 32 33 74 16 79 80 19 84 85 23 24 88 89 5 95 139 55 100 8 141 58 59 105 9 142 63 64 108 11 12 68 69 39 110 111 43 44 114 115 14 48 49 117 118 17 53 54 1 120 20 125 25 144 91 92 128 27 28 96 97 131 30 31 101 102 34 35 106 76 77 133 134 37 81 82 3 136 40 86 87 4 137 45 90 6 50 140 56 57 121 122 60 61 126 65 66 129 71 112 113 13 143 73 116 15 78 119 18 83 22 93 94 138 99 104 135 38 109 42 47 124 75 
71 54 99 104 106 12 108 82 87 89 90 6 124 126 28 128 129 31 131 33 132 35 36 34 113 115 116 15 118 119 18 120 20 24 22 23 138 57 140 59 141 61 62 60 64 142 66 67 65 69 70 68 72 2 134 135 38 136 40 44 42 43 137 45 49 47 48 52 50 51 1 53 92 144 94 95 93 97 98 96 100 8 102 103 101 105 9 107 10 11 143 73 77 75 76 80 78 79 3 81 85 83 84 4 86 5 88 7 122 123 121 125 25 127 26 27 130 29 30 32 111 109 110 13 112 14 114 16 17 117 19 21 139 55 56 58 63 37 133 39 41 46 91 74 
72 53 100 105 107 108 11 81 86 88 7 90 125 127 128 27 130 131 30 132 32 36 34 35 112 114 16 116 117 19 119 21 120 23 24 22 139 140 56 141 58 62 60 61 142 63 67 65 66 70 68 69 2 71 133 39 135 41 136 43 44 42 46 137 48 49 47 51 52 50 54 1 144 91 95 93 94 98 96 97 8 99 103 101 102 9 104 10 106 12 74 143 76 77 75 79 80 78 82 3 84 85 83 87 4 89 5 6 123 121 122 25 124 26 126 28 29 129 31 33 110 111 109 113 13 115 14 15 118 17 18 20 55 138 57 59 64 134 37 38 40 45 92 73 
73 93 18 40 38 109 110 101 60 121 25 124 6 45 47 48 15 78 79 75 76 37 133 134 68 65 29 129 96 8 99 55 138 56 57 140 20 22 23 83 84 4 86 87 42 43 14 114 115 13 112 113 74 143 34 10 106 9 104 63 64 142 26 126 27 28 128 91 92 144 94 95 50 51 1 53 54 17 117 118 19 119 3 81 82 41 136 39 135 111 2 71 32 33 132 30 31 131 102 103 58 59 141 61 62 122 123 125 5 88 89 7 90 46 137 49 16 116 80 77 11 12 108 69 70 66 67 130 97 98 100 139 21 120 24 85 44 35 36 107 105 127 52 72 
74 95 19 41 39 110 111 103 62 123 125 25 7 46 48 49 16 79 80 76 77 133 134 37 70 67 130 29 98 100 8 139 55 140 56 57 21 23 24 84 85 86 87 4 43 44 114 115 14 112 113 13 143 73 36 107 10 105 9 142 63 64 127 26 128 27 28 144 91 92 93 94 51 52 53 54 1 117 118 17 119 18 81 82 3 136 40 135 38 109 72 2 132 32 33 131 30 31 101 102 141 58 59 60 61 121 122 124 88 89 5 90 6 137 45 47 116 15 78 75 108 11 12 68 69 65 66 129 96 97 99 138 120 20 22 83 42 34 35 106 104 126 50 71 
75 91 83 42 109 13 112 30 58 56 121 122 50 47 17 117 78 3 81 37 133 38 39 135 11 63 65 66 27 96 97 93 94 55 138 139 22 5 88 4 86 45 46 137 14 114 15 16 116 73 74 143 76 77 32 34 35 101 102 9 104 105 60 61 26 126 127 25 124 125 92 144 1 53 20 21 120 18 19 119 84 85 40 41 136 43 44 110 111 113 68 69 2 71 72 29 129 130 31 131 8 99 100 59 141 57 140 123 6 7 90 51 52 48 49 118 79 80 82 134 10 106 107 12 108 64 142 67 28 128 98 95 23 24 89 87 115 33 132 36 103 62 54 70 
76 144 84 43 110 112 113 131 141 140 123 121 51 48 117 118 79 81 82 133 134 39 135 38 108 142 67 65 128 98 96 95 93 139 55 138 23 88 89 86 87 46 137 45 114 115 16 116 15 74 143 73 77 75 132 36 34 103 101 105 9 104 62 60 127 26 126 125 25 124 91 92 53 54 21 120 20 19 119 18 85 83 41 136 40 44 42 111 109 13 70 68 72 2 71 130 29 129 30 31 100 8 99 58 59 56 57 122 7 90 6 52 50 49 47 17 80 78 3 37 107 10 106 11 12 63 64 66 27 28 97 94 24 22 5 4 14 32 33 35 102 61 1 69 
77 92 85 44 111 113 13 31 59 57 122 123 52 49 118 17 80 82 3 134 37 135 38 39 12 64 66 67 28 97 98 94 95 138 139 55 24 89 5 87 4 137 45 46 115 14 116 15 16 143 73 74 75 76 33 35 36 102 103 104 105 9 61 62 126 127 26 124 125 25 144 91 54 1 120 20 21 119 18 19 83 84 136 40 41 42 43 109 110 112 69 70 71 72 2 129 130 29 131 30 99 100 8 141 58 140 56 121 90 6 7 50 51 47 48 117 78 79 81 133 106 107 10 108 11 142 63 65 128 27 96 93 22 23 88 86 114 132 32 34 101 60 53 68 
78 58 22 109 42 14 114 11 91 27 96 97 47 50 1 53 75 37 133 3 81 40 41 136 30 32 34 35 56 121 122 60 61 26 126 127 83 4 86 5 88 6 7 90 13 112 73 74 143 15 16 116 79 80 63 65 66 68 69 2 71 72 93 94 55 138 139 8 99 100 59 141 17 117 18 19 119 20 21 120 23 24 38 39 135 110 111 43 44 115 101 102 9 104 105 10 106 107 12 108 25 124 125 92 144 28 128 98 45 46 137 48 49 51 52 54 76 77 134 82 29 129 130 31 131 33 132 36 57 140 123 62 84 85 87 89 113 64 142 67 70 95 118 103 
79 141 23 110 43 114 115 108 144 128 98 96 48 51 53 54 76 133 134 81 82 41 136 40 131 132 36 34 140 123 121 62 60 127 26 126 84 86 87 88 89 7 90 6 112 113 74 143 73 16 116 15 80 78 142 67 65 70 68 72 2 71 95 93 139 55 138 100 8 99 58 59 117 118 19 119 18 21 120 20 24 22 39 135 38 111 109 44 42 14 103 101 105 9 104 107 10 106 11 12 125 25 124 91 92 27 28 97 46 137 45 49 47 52 50 1 77 75 37 3 130 29 129 30 31 32 33 35 56 57 122 61 85 83 4 5 13 63 64 66 69 94 17 102 
80 59 24 111 44 115 14 12 92 28 97 98 49 52 54 1 77 134 37 82 3 136 40 41 31 33 35 36 57 122 123 61 62 126 127 26 85 87 4 89 5 90 6 7 113 13 143 73 74 116 15 16 78 79 64 66 67 69 70 71 72 2 94 95 138 139 55 99 100 8 141 58 118 17 119 18 19 120 20 21 22 23 135 38 39 109 110 42 43 114 102 103 104 105 9 106 107 10 108 11 124 125 25 144 91 128 27 96 137 45 46 47 48 50 51 53 75 76 133 81 129 130 29 131 30 132 32 34 140 56 121 60 83 84 86 88 112 142 63 65 68 93 117 101 
81 100 88 112 114 16 116 107 125 127 128 27 117 53 21 120 133 39 135 41 136 43 44 42 130 72 132 32 139 140 56 141 58 62 60 61 86 46 137 7 90 51 52 50 74 143 76 77 75 79 80 78 82 3 105 142 63 108 11 70 68 69 144 91 95 93 94 98 96 97 8 99 19 119 84 85 83 23 24 22 89 5 110 111 109 113 13 115 14 15 131 30 103 101 102 36 34 35 10 106 123 121 122 25 124 26 126 28 48 49 47 118 17 54 1 20 134 37 38 40 67 65 66 29 129 2 71 33 55 138 57 59 87 4 45 6 73 9 104 64 12 92 18 31 
82 99 89 113 115 116 15 106 124 126 28 128 118 54 120 20 134 135 38 136 40 44 42 43 129 71 33 132 138 57 140 59 141 61 62 60 87 137 45 90 6 52 50 51 143 73 77 75 76 80 78 79 3 81 104 64 142 12 108 69 70 68 92 144 94 95 93 97 98 96 100 8 119 18 85 83 84 24 22 23 5 88 111 109 110 13 112 14 114 16 31 131 102 103 101 35 36 34 107 10 122 123 121 125 25 127 26 27 49 47 48 17 117 1 53 21 37 133 39 41 66 67 65 130 29 72 2 32 139 55 56 58 4 86 46 7 74 105 9 63 11 91 19 30 
83 30 109 50 47 17 117 56 11 63 65 66 78 75 37 133 22 5 88 4 86 45 46 137 27 91 93 94 32 34 35 101 102 9 104 105 42 14 114 13 112 73 74 143 1 53 20 21 120 18 19 119 84 85 58 60 61 121 122 25 124 125 68 69 2 71 72 29 129 130 31 131 3 81 40 41 136 38 39 135 110 111 6 7 90 51 52 48 49 118 96 97 8 99 100 55 138 139 57 140 10 106 107 12 108 64 142 67 15 16 116 79 80 76 77 134 23 24 89 87 26 126 127 28 128 92 144 95 33 132 36 103 43 44 115 113 54 59 141 62 123 70 82 98 
84 131 110 51 48 117 118 140 108 142 67 65 79 76 133 134 23 88 89 86 87 46 137 45 128 144 95 93 132 36 34 103 101 105 9 104 43 114 115 112 113 74 143 73 53 54 21 120 20 19 119 18 85 83 141 62 60 123 121 125 25 124 70 68 72 2 71 130 29 129 30 31 81 82 41 136 40 39 135 38 111 109 7 90 6 52 50 49 47 17 98 96 100 8 99 139 55 138 56 57 107 10 106 11 12 63 64 66 16 116 15 80 78 77 75 37 24 22 5 4 127 26 126 27 28 91 92 94 32 33 35 102 44 42 14 13 1 58 59 61 122 69 3 97 
85 31 111 52 49 118 17 57 12 64 66 67 80 77 134 37 24 89 5 87 4 137 45 46 28 92 94 95 33 35 36 102 103 104 105 9 44 115 14 113 13 143 73 74 54 1 120 20 21 119 18 19 83 84 59 61 62 122 123 124 125 25 69 70 71 72 2 129 130 29 131 30 82 3 136 40 41 135 38 39 109 110 90 6 7 50 51 47 48 117 97 98 99 100 8 138 139 55 140 56 106 107 10 108 11 142 63 65 116 15 16 78 79 75 76 133 22 23 88 86 126 127 26 128 27 144 91 93 132 32 34 101 42 43 114 112 53 141 58 60 121 68 81 96 
86 130 112 53 117 19 119 139 107 105 142 63 81 133 39 135 88 7 90 46 137 48 49 47 127 125 144 91 72 132 32 131 30 103 101 102 114 16 116 74 143 76 77 75 21 120 23 24 22 84 85 83 87 4 100 141 58 140 56 123 121 122 108 11 70 68 69 67 65 66 29 129 41 136 43 44 42 110 111 109 113 13 51 52 50 54 1 118 17 18 128 27 98 96 97 95 93 94 55 138 36 34 35 10 106 9 104 64 79 80 78 82 3 134 37 38 89 5 6 45 62 60 61 26 126 25 124 92 2 71 33 31 115 14 15 73 20 8 99 59 57 12 40 28 
87 129 113 54 118 119 18 138 106 104 64 142 82 134 135 38 89 90 6 137 45 49 47 48 126 124 92 144 71 33 132 31 131 102 103 101 115 116 15 143 73 77 75 76 120 20 24 22 23 85 83 84 4 86 99 59 141 57 140 122 123 121 12 108 69 70 68 66 67 65 130 29 136 40 44 42 43 111 109 110 13 112 52 50 51 1 53 17 117 19 28 128 97 98 96 94 95 93 139 55 35 36 34 107 10 105 9 63 80 78 79 3 81 37 133 39 5 88 7 46 61 62 60 127 26 125 25 91 72 2 32 30 14 114 16 74 21 100 8 58 56 11 41 27 
88 107 114 117 53 21 120 127 130 72 132 32 133 81 41 136 86 46 137 7 90 51 52 50 139 100 141 58 105 142 63 108 11 70 68 69 112 74 143 16 116 79 80 78 19 119 84 85 83 23 24 22 89 5 125 144 91 128 27 98 96 97 131 30 103 101 102 36 34 35 10 106 39 135 110 111 109 43 44 42 115 14 48 49 47 118 17 54 1 20 140 56 123 121 122 62 60 61 26 126 67 65 66 29 129 2 71 33 76 77 75 134 37 82 3 40 87 4 45 6 95 93 94 55 138 8 99 59 9 104 64 12 113 13 73 15 18 25 124 92 28 31 38 57 
89 106 115 118 54 120 20 126 129 71 33 132 134 82 136 40 87 137 45 90 6 52 50 51 138 99 59 141 104 64 142 12 108 69 70 68 113 143 73 116 15 80 78 79 119 18 85 83 84 24 22 23 5 88 124 92 144 28 128 97 98 96 31 131 102 103 101 35 36 34 107 10 135 38 111 109 110 44 42 43 14 114 49 47 48 17 117 1 53 21 57 140 122 123 121 61 62 60 127 26 66 67 65 130 29 72 2 32 77 75 76 37 133 3 81 41 4 86 46 7 94 95 93 139 55 100 8 58 105 9 63 11 13 112 74 16 19 125 25 91 27 30 39 56 
90 35 116 119 120 24 22 61 66 69 71 72 135 136 44 42 137 49 47 52 50 54 1 53 94 97 99 100 102 104 105 106 107 12 108 11 143 77 75 80 78 82 3 81 85 83 87 4 86 89 5 88 6 7 122 124 125 126 127 28 128 27 129 130 31 131 30 33 132 32 36 34 111 109 113 13 112 115 14 114 15 16 118 17 117 18 19 20 21 23 138 139 57 140 56 59 141 58 62 60 64 142 63 67 65 70 68 2 134 37 133 38 39 40 41 43 45 46 48 51 92 144 91 95 93 98 96 8 103 101 9 10 73 74 76 79 84 123 121 25 26 29 110 55 
91 75 30 58 56 121 122 83 42 109 13 112 11 63 65 66 27 96 97 93 94 55 138 139 50 47 17 117 78 3 81 37 133 38 39 135 32 34 35 101 102 9 104 105 60 61 26 126 127 25 124 125 92 144 22 5 88 4 86 45 46 137 14 114 15 16 116 73 74 143 76 77 68 69 2 71 72 29 129 130 31 131 8 99 100 59 141 57 140 123 1 53 20 21 120 18 19 119 84 85 40 41 136 43 44 110 111 113 10 106 107 12 108 64 142 67 28 128 98 95 6 7 90 51 52 48 49 118 79 80 82 134 33 132 36 103 62 23 24 89 87 115 70 54 
92 77 31 59 57 122 123 85 44 111 113 13 12 64 66 67 28 97 98 94 95 138 139 55 52 49 118 17 80 82 3 134 37 135 38 39 33 35 36 102 103 104 105 9 61 62 126 127 26 124 125 25 144 91 24 89 5 87 4 137 45 46 115 14 116 15 16 143 73 74 75 76 69 70 71 72 2 129 130 29 131 30 99 100 8 141 58 140 56 121 54 1 120 20 21 119 18 19 83 84 136 40 41 42 43 109 110 112 106 107 10 108 11 142 63 65 128 27 96 93 90 6 7 50 51 47 48 117 78 79 81 133 132 32 34 101 60 22 23 88 86 114 68 53 
93 73 101 60 121 25 124 18 40 38 109 110 68 65 29 129 96 8 99 55 138 56 57 140 6 45 47 48 15 78 79 75 76 37 133 134 34 10 106 9 104 63 64 142 26 126 27 28 128 91 92 144 94 95 20 22 23 83 84 4 86 87 42 43 14 114 115 13 112 113 74 143 2 71 32 33 132 30 31 131 102 103 58 59 141 61 62 122 123 125 50 51 1 53 54 17 117 118 19 119 3 81 82 41 136 39 135 111 11 12 108 69 70 66 67 130 97 98 100 139 5 88 89 7 90 46 137 49 16 116 80 77 35 36 107 105 127 21 120 24 85 44 72 52 
94 143 102 61 122 124 125 119 136 135 111 109 69 66 129 130 97 99 100 138 139 57 140 56 90 137 49 47 116 80 78 77 75 134 37 133 35 106 107 104 105 64 142 63 126 127 28 128 27 92 144 91 95 93 120 24 22 85 83 87 4 86 44 42 115 14 114 113 13 112 73 74 71 72 33 132 32 31 131 30 103 101 59 141 58 62 60 123 121 25 52 50 54 1 53 118 17 117 18 19 82 3 81 40 41 38 39 110 12 108 11 70 68 67 65 29 98 96 8 55 89 5 88 6 7 45 46 48 15 16 79 76 36 34 10 9 26 20 21 23 84 43 2 51 
95 74 103 62 123 125 25 19 41 39 110 111 70 67 130 29 98 100 8 139 55 140 56 57 7 46 48 49 16 79 80 76 77 133 134 37 36 107 10 105 9 142 63 64 127 26 128 27 28 144 91 92 93 94 21 23 24 84 85 86 87 4 43 44 114 115 14 112 113 13 143 73 72 2 132 32 33 131 30 31 101 102 141 58 59 60 61 121 122 124 51 52 53 54 1 117 118 17 119 18 81 82 3 136 40 135 38 109 108 11 12 68 69 65 66 129 96 97 99 138 88 89 5 90 6 137 45 47 116 15 78 75 34 35 106 104 126 120 20 22 83 42 71 50 
96 40 34 121 60 26 126 6 73 15 78 79 65 68 2 71 93 55 138 8 99 58 59 141 18 20 22 23 38 109 110 42 43 14 114 115 101 9 104 10 106 11 12 108 25 124 91 92 144 27 28 128 97 98 45 47 48 50 51 1 53 54 75 76 37 133 134 3 81 82 41 136 29 129 30 31 131 32 33 132 35 36 56 57 140 122 123 61 62 127 83 84 4 86 87 5 88 89 7 90 13 112 113 74 143 16 116 80 63 64 142 66 67 69 70 72 94 95 139 100 17 117 118 19 119 21 120 24 39 135 111 44 102 103 105 107 125 46 137 49 52 77 130 85 
97 136 35 122 61 126 127 90 143 116 80 78 66 69 71 72 94 138 139 99 100 59 141 58 119 120 24 22 135 111 109 44 42 115 14 114 102 104 105 106 107 12 108 11 124 125 92 144 91 28 128 27 98 96 137 49 47 52 50 54 1 53 77 75 134 37 133 82 3 81 40 41 129 130 31 131 30 33 132 32 36 34 57 140 56 123 121 62 60 26 85 83 87 4 86 89 5 88 6 7 113 13 112 73 74 15 16 79 64 142 63 67 65 70 68 2 95 93 55 8 118 17 117 18 19 20 21 23 38 39 110 43 103 101 9 10 25 45 46 48 51 76 29 84 
98 41 36 123 62 127 26 7 74 16 79 80 67 70 72 2 95 139 55 100 8 141 58 59 19 21 23 24 39 110 111 43 44 114 115 14 103 105 9 107 10 108 11 12 125 25 144 91 92 128 27 28 96 97 46 48 49 51 52 53 54 1 76 77 133 134 37 81 82 3 136 40 130 29 131 30 31 132 32 33 34 35 140 56 57 121 122 60 61 126 84 85 86 87 4 88 89 5 90 6 112 113 13 143 73 116 15 78 142 63 64 65 66 68 69 71 93 94 138 99 117 118 17 119 18 120 20 22 135 38 109 42 101 102 104 106 124 137 45 47 50 75 129 83 
99 82 106 124 126 28 128 89 113 115 116 15 129 71 33 132 138 57 140 59 141 61 62 60 118 54 120 20 134 135 38 136 40 44 42 43 104 64 142 12 108 69 70 68 92 144 94 95 93 97 98 96 100 8 87 137 45 90 6 52 50 51 143 73 77 75 76 80 78 79 3 81 31 131 102 103 101 35 36 34 107 10 122 123 121 125 25 127 26 27 119 18 85 83 84 24 22 23 5 88 111 109 110 13 112 14 114 16 66 67 65 130 29 72 2 32 139 55 56 58 49 47 48 17 117 1 53 21 37 133 39 41 105 9 63 11 91 4 86 46 7 74 30 19 
100 81 107 125 127 128 27 88 112 114 16 116 130 72 132 32 139 140 56 141 58 62 60 61 117 53 21 120 133 39 135 41 136 43 44 42 105 142 63 108 11 70 68 69 144 91 95 93 94 98 96 97 8 99 86 46 137 7 90 51 52 50 74 143 76 77 75 79 80 78 82 3 131 30 103 101 102 36 34 35 10 106 123 121 122 25 124 26 126 28 19 119 84 85 83 23 24 22 89 5 110 111 109 113 13 115 14 15 67 65 66 29 129 2 71 33 55 138 57 59 48 49 47 118 17 54 1 20 134 37 38 40 9 104 64 12 92 87 4 45 6 73 31 18 
101 18 121 68 65 29 129 38 6 45 47 48 96 93 55 138 34 10 106 9 104 63 64 142 15 73 75 76 20 22 23 83 84 4 86 87 60 26 126 25 124 91 92 144 2 71 32 33 132 30 31 131 102 103 40 42 43 109 110 13 112 113 50 51 1 53 54 17 117 118 19 119 8 99 58 59 141 56 57 140 122 123 11 12 108 69 70 66 67 130 78 79 3 81 82 37 133 134 39 135 5 88 89 7 90 46 137 49 27 28 128 97 98 94 95 139 35 36 107 105 14 114 115 16 116 74 143 77 21 120 24 85 61 62 127 125 72 41 136 44 111 52 100 80 
102 119 122 69 66 129 130 135 90 137 49 47 97 94 138 139 35 106 107 104 105 64 142 63 116 143 77 75 120 24 22 85 83 87 4 86 61 126 127 124 125 92 144 91 71 72 33 132 32 31 131 30 103 101 136 44 42 111 109 113 13 112 52 50 54 1 53 118 17 117 18 19 99 100 59 141 58 57 140 56 123 121 12 108 11 70 68 67 65 29 80 78 82 3 81 134 37 133 38 39 89 5 88 6 7 45 46 48 28 128 27 98 96 95 93 55 36 34 10 9 115 14 114 15 16 73 74 76 20 21 23 84 62 60 26 25 2 40 41 43 110 51 8 79 
103 19 123 70 67 130 29 39 7 46 48 49 98 95 139 55 36 107 10 105 9 142 63 64 16 74 76 77 21 23 24 84 85 86 87 4 62 127 26 125 25 144 91 92 72 2 132 32 33 131 30 31 101 102 41 43 44 110 111 112 113 13 51 52 53 54 1 117 118 17 119 18 100 8 141 58 59 140 56 57 121 122 108 11 12 68 69 65 66 129 79 80 81 82 3 133 134 37 135 38 88 89 5 90 6 137 45 47 128 27 28 96 97 93 94 138 34 35 106 104 114 115 14 116 15 143 73 75 120 20 22 83 60 61 126 124 71 136 40 42 109 50 99 78 
104 118 124 71 129 31 131 134 89 87 137 45 99 138 57 140 106 12 108 64 142 66 67 65 115 113 143 73 54 120 20 119 18 85 83 84 126 28 128 92 144 94 95 93 33 132 35 36 34 102 103 101 105 9 82 136 40 135 38 111 109 110 90 6 52 50 51 49 47 48 17 117 59 141 61 62 60 122 123 121 125 25 69 70 68 72 2 130 29 30 116 15 80 78 79 77 75 76 37 133 24 22 23 5 88 4 86 46 97 98 96 100 8 139 55 56 107 10 11 63 44 42 43 14 114 13 112 74 1 53 21 19 127 26 27 91 32 3 81 41 39 7 58 16 
105 117 125 72 130 131 30 133 88 86 46 137 100 139 140 56 107 108 11 142 63 67 65 66 114 112 74 143 53 21 120 19 119 84 85 83 127 128 27 144 91 95 93 94 132 32 36 34 35 103 101 102 9 104 81 41 136 39 135 110 111 109 7 90 51 52 50 48 49 47 118 17 141 58 62 60 61 123 121 122 25 124 70 68 69 2 71 29 129 31 16 116 79 80 78 76 77 75 134 37 23 24 22 89 5 87 4 45 98 96 97 8 99 55 138 57 10 106 12 64 43 44 42 115 14 113 13 73 54 1 20 18 26 126 28 92 33 82 3 40 38 6 59 15 
106 89 126 129 71 33 132 115 118 54 120 20 138 99 59 141 104 64 142 12 108 69 70 68 134 82 136 40 87 137 45 90 6 52 50 51 124 92 144 28 128 97 98 96 31 131 102 103 101 35 36 34 107 10 113 143 73 116 15 80 78 79 119 18 85 83 84 24 22 23 5 88 57 140 122 123 121 61 62 60 127 26 66 67 65 130 29 72 2 32 135 38 111 109 110 44 42 43 14 114 49 47 48 17 117 1 53 21 94 95 93 139 55 100 8 58 105 9 63 11 77 75 76 37 133 3 81 41 4 86 46 7 125 25 91 27 30 13 112 74 16 19 56 39 
107 88 127 130 72 132 32 114 117 53 21 120 139 100 141 58 105 142 63 108 11 70 68 69 133 81 41 136 86 46 137 7 90 51 52 50 125 144 91 128 27 98 96 97 131 30 103 101 102 36 34 35 10 106 112 74 143 16 116 79 80 78 19 119 84 85 83 23 24 22 89 5 140 56 123 121 122 62 60 61 26 126 67 65 66 29 129 2 71 33 39 135 110 111 109 43 44 42 115 14 48 49 47 118 17 54 1 20 95 93 94 55 138 8 99 59 9 104 64 12 76 77 75 134 37 82 3 40 87 4 45 6 25 124 92 28 31 113 13 73 15 18 57 38 
108 23 128 131 132 36 34 43 48 51 53 54 140 141 62 60 142 67 65 70 68 72 2 71 76 79 81 82 84 86 87 88 89 7 90 6 144 95 93 98 96 100 8 99 103 101 105 9 104 107 10 106 11 12 110 112 113 114 115 16 116 15 117 118 19 119 18 21 120 20 24 22 123 121 125 25 124 127 26 126 27 28 130 29 129 30 31 32 33 35 133 134 39 135 38 41 136 40 44 42 46 137 45 49 47 52 50 1 139 55 138 56 57 58 59 61 63 64 66 69 74 143 73 77 75 80 78 3 85 83 4 5 91 92 94 97 102 111 109 13 14 17 122 37 
109 56 47 78 75 37 133 63 27 91 93 94 22 83 4 86 42 14 114 13 112 73 74 143 32 30 101 102 58 60 61 121 122 25 124 125 50 1 53 17 117 18 19 119 3 81 40 41 136 38 39 135 110 111 11 68 69 65 66 29 129 130 96 97 8 99 100 55 138 139 57 140 5 88 6 7 90 45 46 137 48 49 15 16 116 79 80 76 77 134 34 35 10 106 107 9 104 105 64 142 26 126 127 28 128 92 144 95 20 21 120 23 24 84 85 87 43 44 115 113 2 71 72 33 132 31 131 103 59 141 62 123 51 52 54 118 82 12 108 70 67 98 89 36 
110 140 48 79 76 133 134 142 128 144 95 93 23 84 86 87 43 114 115 112 113 74 143 73 132 131 103 101 141 62 60 123 121 125 25 124 51 53 54 117 118 19 119 18 81 82 41 136 40 39 135 38 111 109 108 70 68 67 65 130 29 129 98 96 100 8 99 139 55 138 56 57 88 89 7 90 6 46 137 45 49 47 16 116 15 80 78 77 75 37 36 34 107 10 106 105 9 104 63 64 127 26 126 27 28 91 92 94 21 120 20 24 22 85 83 4 44 42 14 13 72 2 71 32 33 30 31 102 58 59 61 122 52 50 1 17 3 11 12 69 66 97 5 35 
111 57 49 80 77 134 37 64 28 92 94 95 24 85 87 4 44 115 14 113 13 143 73 74 33 31 102 103 59 61 62 122 123 124 125 25 52 54 1 118 17 119 18 19 82 3 136 40 41 135 38 39 109 110 12 69 70 66 67 129 130 29 97 98 99 100 8 138 139 55 140 56 89 5 90 6 7 137 45 46 47 48 116 15 16 78 79 75 76 133 35 36 106 107 10 104 105 9 142 63 126 127 26 128 27 144 91 93 120 20 21 22 23 83 84 86 42 43 114 112 71 72 2 132 32 131 30 101 141 58 60 121 50 51 53 117 81 108 11 68 65 96 88 34 
112 139 117 81 133 39 135 105 127 125 144 91 88 86 46 137 114 16 116 74 143 76 77 75 72 130 131 30 100 141 58 140 56 123 121 122 53 21 120 19 119 84 85 83 41 136 43 44 42 110 111 109 113 13 107 108 11 142 63 67 65 66 128 27 98 96 97 95 93 94 55 138 7 90 51 52 50 48 49 47 118 17 79 80 78 82 3 134 37 38 132 32 36 34 35 103 101 102 9 104 62 60 61 26 126 25 124 92 23 24 22 89 5 87 4 45 115 14 15 73 70 68 69 2 71 29 129 31 8 99 59 57 54 1 20 18 40 10 106 12 64 28 6 33 
113 138 118 82 134 135 38 104 126 124 92 144 89 87 137 45 115 116 15 143 73 77 75 76 71 129 31 131 99 59 141 57 140 122 123 121 54 120 20 119 18 85 83 84 136 40 44 42 43 111 109 110 13 112 106 12 108 64 142 66 67 65 28 128 97 98 96 94 95 93 139 55 90 6 52 50 51 49 47 48 17 117 80 78 79 3 81 37 133 39 33 132 35 36 34 102 103 101 105 9 61 62 60 127 26 125 25 91 24 22 23 5 88 4 86 46 14 114 16 74 69 70 68 72 2 130 29 30 100 8 58 56 1 53 21 19 41 107 10 11 63 27 7 32 
114 127 53 133 81 41 136 72 139 100 141 58 86 88 7 90 112 74 143 16 116 79 80 78 105 107 108 11 125 144 91 128 27 98 96 97 117 19 119 21 120 23 24 22 39 135 110 111 109 43 44 42 115 14 130 131 30 132 32 36 34 35 140 56 123 121 122 62 60 61 26 126 46 137 48 49 47 51 52 50 54 1 76 77 75 134 37 82 3 40 142 63 67 65 66 70 68 69 2 71 95 93 94 55 138 8 99 59 84 85 83 87 4 89 5 6 113 13 73 15 103 101 102 9 104 10 106 12 25 124 92 28 118 17 18 20 38 29 129 31 33 57 45 64 
115 126 54 134 82 136 40 71 138 99 59 141 87 89 90 6 113 143 73 116 15 80 78 79 104 106 12 108 124 92 144 28 128 97 98 96 118 119 18 120 20 24 22 23 135 38 111 109 110 44 42 43 14 114 129 31 131 33 132 35 36 34 57 140 122 123 121 61 62 60 127 26 137 45 49 47 48 52 50 51 1 53 77 75 76 37 133 3 81 41 64 142 66 67 65 69 70 68 72 2 94 95 93 139 55 100 8 58 85 83 84 4 86 5 88 7 13 112 74 16 102 103 101 105 9 107 10 11 125 25 91 27 17 117 19 21 39 130 29 30 32 56 46 63 
116 61 120 135 136 44 42 69 94 97 99 100 137 90 52 50 143 77 75 80 78 82 3 81 102 35 106 107 122 124 125 126 127 28 128 27 119 85 83 24 22 89 5 88 111 109 113 13 112 115 14 114 15 16 66 129 130 71 72 33 132 32 138 139 57 140 56 59 141 58 62 60 49 47 118 17 117 54 1 53 20 21 134 37 133 38 39 40 41 43 104 105 64 142 63 12 108 11 70 68 92 144 91 95 93 98 96 8 87 4 86 45 46 6 7 51 73 74 76 79 31 131 30 103 101 36 34 10 123 121 25 26 18 19 84 23 110 67 65 29 2 55 48 9 
117 105 133 88 86 46 137 125 72 130 131 30 114 112 74 143 53 21 120 19 119 84 85 83 100 139 140 56 107 108 11 142 63 67 65 66 81 41 136 39 135 110 111 109 7 90 51 52 50 48 49 47 118 17 127 128 27 144 91 95 93 94 132 32 36 34 35 103 101 102 9 104 16 116 79 80 78 76 77 75 134 37 23 24 22 89 5 87 4 45 141 58 62 60 61 123 121 122 25 124 70 68 69 2 71 29 129 31 43 44 42 115 14 113 13 73 54 1 20 18 98 96 97 8 99 55 138 57 10 106 12 64 82 3 40 38 6 26 126 28 92 33 15 59 
118 104 134 89 87 137 45 124 71 129 31 131 115 113 143 73 54 120 20 119 18 85 83 84 99 138 57 140 106 12 108 64 142 66 67 65 82 136 40 135 38 111 109 110 90 6 52 50 51 49 47 48 17 117 126 28 128 92 144 94 95 93 33 132 35 36 34 102 103 101 105 9 116 15 80 78 79 77 75 76 37 133 24 22 23 5 88 4 86 46 59 141 61 62 60 122 123 121 125 25 69 70 68 72 2 130 29 30 44 42 43 14 114 13 112 74 1 53 21 19 97 98 96 100 8 139 55 56 107 10 11 63 3 81 41 39 7 127 26 27 91 32 16 58 
119 102 135 90 137 49 47 122 69 66 129 130 116 143 77 75 120 24 22 85 83 87 4 86 97 94 138 139 35 106 107 104 105 64 142 63 136 44 42 111 109 113 13 112 52 50 54 1 53 118 17 117 18 19 61 126 127 124 125 92 144 91 71 72 33 132 32 31 131 30 103 101 80 78 82 3 81 134 37 133 38 39 89 5 88 6 7 45 46 48 99 100 59 141 58 57 140 56 123 121 12 108 11 70 68 67 65 29 115 14 114 15 16 73 74 76 20 21 23 84 28 128 27 98 96 95 93 55 36 34 10 9 40 41 43 110 51 62 60 26 25 2 79 8 
120 69 136 137 90 52 50 97 102 35 106 107 143 116 80 78 119 85 83 24 22 89 5 88 122 61 126 127 66 129 130 71 72 33 132 32 135 111 109 44 42 115 14 114 49 47 118 17 117 54 1 53 20 21 94 138 139 99 100 59 141 58 104 105 64 142 63 12 108 11 70 68 77 75 134 37 133 82 3 81 40 41 87 4 86 45 46 6 7 51 124 125 92 144 91 28 128 27 98 96 31 131 30 103 101 36 34 10 113 13 112 73 74 15 16 79 18 19 84 23 57 140 56 123 121 62 60 26 67 65 29 2 38 39 110 43 48 95 93 55 8 9 76 25 
121 38 65 96 93 55 138 45 15 73 75 76 34 101 9 104 60 26 126 25 124 91 92 144 20 18 83 84 40 42 43 109 110 13 112 113 68 2 71 29 129 30 31 131 8 99 58 59 141 56 57 140 122 123 6 50 51 47 48 17 117 118 78 79 3 81 82 37 133 134 39 135 10 106 11 12 108 63 64 142 66 67 27 28 128 97 98 94 95 139 22 23 5 88 89 4 86 87 46 137 14 114 115 16 116 74 143 77 32 33 132 35 36 102 103 105 61 62 127 125 1 53 54 21 120 19 119 85 41 136 44 111 69 70 72 130 100 7 90 52 49 80 107 24 
122 135 66 97 94 138 139 137 116 143 77 75 35 102 104 105 61 126 127 124 125 92 144 91 120 119 85 83 136 44 42 111 109 113 13 112 69 71 72 129 130 31 131 30 99 100 59 141 58 57 140 56 123 121 90 52 50 49 47 118 17 117 80 78 82 3 81 134 37 133 38 39 106 107 12 108 11 64 142 63 67 65 28 128 27 98 96 95 93 55 24 22 89 5 88 87 4 86 45 46 115 14 114 15 16 73 74 76 33 132 32 36 34 103 101 9 62 60 26 25 54 1 53 20 21 18 19 84 40 41 43 110 70 68 2 29 8 6 7 51 48 79 10 23 
123 39 67 98 95 139 55 46 16 74 76 77 36 103 105 9 62 127 26 125 25 144 91 92 21 19 84 85 41 43 44 110 111 112 113 13 70 72 2 130 29 131 30 31 100 8 141 58 59 140 56 57 121 122 7 51 52 48 49 117 118 17 79 80 81 82 3 133 134 37 135 38 107 10 108 11 12 142 63 64 65 66 128 27 28 96 97 93 94 138 23 24 88 89 5 86 87 4 137 45 114 115 14 116 15 143 73 75 132 32 33 34 35 101 102 104 60 61 126 124 53 54 1 120 20 119 18 83 136 40 42 109 68 69 71 129 99 90 6 50 47 78 106 22 
124 134 129 99 138 57 140 87 115 113 143 73 106 104 64 142 126 28 128 92 144 94 95 93 54 118 119 18 82 136 40 135 38 111 109 110 71 33 132 31 131 102 103 101 59 141 61 62 60 122 123 121 125 25 89 90 6 137 45 49 47 48 116 15 80 78 79 77 75 76 37 133 12 108 69 70 68 66 67 65 130 29 97 98 96 100 8 139 55 56 120 20 24 22 23 85 83 84 4 86 44 42 43 14 114 13 112 74 35 36 34 107 10 105 9 63 127 26 27 91 52 50 51 1 53 17 117 19 3 81 41 39 72 2 32 30 58 5 88 7 46 16 11 21 
125 133 130 100 139 140 56 86 114 112 74 143 107 105 142 63 127 128 27 144 91 95 93 94 53 117 19 119 81 41 136 39 135 110 111 109 72 132 32 131 30 103 101 102 141 58 62 60 61 123 121 122 25 124 88 7 90 46 137 48 49 47 16 116 79 80 78 76 77 75 134 37 108 11 70 68 69 67 65 66 29 129 98 96 97 8 99 55 138 57 21 120 23 24 22 84 85 83 87 4 43 44 42 115 14 113 13 73 36 34 35 10 106 9 104 64 26 126 28 92 51 52 50 54 1 118 17 18 82 3 40 38 2 71 33 31 59 89 5 6 45 15 12 20 
126 115 71 138 99 59 141 54 134 82 136 40 104 106 12 108 124 92 144 28 128 97 98 96 87 89 90 6 113 143 73 116 15 80 78 79 129 31 131 33 132 35 36 34 57 140 122 123 121 61 62 60 127 26 118 119 18 120 20 24 22 23 135 38 111 109 110 44 42 43 14 114 64 142 66 67 65 69 70 68 72 2 94 95 93 139 55 100 8 58 137 45 49 47 48 52 50 51 1 53 77 75 76 37 133 3 81 41 102 103 101 105 9 107 10 11 125 25 91 27 85 83 84 4 86 5 88 7 13 112 74 16 130 29 30 32 56 17 117 19 21 39 63 46 
127 114 72 139 100 141 58 53 133 81 41 136 105 107 108 11 125 144 91 128 27 98 96 97 86 88 7 90 112 74 143 16 116 79 80 78 130 131 30 132 32 36 34 35 140 56 123 121 122 62 60 61 26 126 117 19 119 21 120 23 24 22 39 135 110 111 109 43 44 42 115 14 142 63 67 65 66 70 68 69 2 71 95 93 94 55 138 8 99 59 46 137 48 49 47 51 52 50 54 1 76 77 75 134 37 82 3 40 103 101 102 9 104 10 106 12 25 124 92 28 84 85 83 87 4 89 5 6 113 13 73 15 29 129 31 33 57 118 17 18 20 38 64 45 
128 43 132 140 141 62 60 51 76 79 81 82 142 108 70 68 144 95 93 98 96 100 8 99 84 23 88 89 110 112 113 114 115 16 116 15 131 103 101 36 34 107 10 106 123 121 125 25 124 127 26 126 27 28 48 117 118 53 54 21 120 20 133 134 39 135 38 41 136 40 44 42 67 65 130 29 129 72 2 71 32 33 139 55 138 56 57 58 59 61 86 87 46 137 45 7 90 6 52 50 74 143 73 77 75 80 78 3 105 9 104 63 64 11 12 69 91 92 94 97 19 119 18 85 83 24 22 5 111 109 13 14 30 31 102 35 122 49 47 17 1 37 66 4 
129 87 138 106 104 64 142 113 54 118 119 18 126 124 92 144 71 33 132 31 131 102 103 101 82 134 135 38 89 90 6 137 45 49 47 48 99 59 141 57 140 122 123 121 12 108 69 70 68 66 67 65 130 29 115 116 15 143 73 77 75 76 120 20 24 22 23 85 83 84 4 86 28 128 97 98 96 94 95 93 139 55 35 36 34 107 10 105 9 63 136 40 44 42 43 111 109 110 13 112 52 50 51 1 53 17 117 19 61 62 60 127 26 125 25 91 72 2 32 30 80 78 79 3 81 37 133 39 5 88 7 46 100 8 58 56 11 14 114 16 74 21 27 41 
130 86 139 107 105 142 63 112 53 117 19 119 127 125 144 91 72 132 32 131 30 103 101 102 81 133 39 135 88 7 90 46 137 48 49 47 100 141 58 140 56 123 121 122 108 11 70 68 69 67 65 66 29 129 114 16 116 74 143 76 77 75 21 120 23 24 22 84 85 83 87 4 128 27 98 96 97 95 93 94 55 138 36 34 35 10 106 9 104 64 41 136 43 44 42 110 111 109 113 13 51 52 50 54 1 118 17 18 62 60 61 26 126 25 124 92 2 71 33 31 79 80 78 82 3 134 37 38 89 5 6 45 8 99 59 57 12 115 14 15 73 20 28 40 
131 84 140 108 142 67 65 110 51 48 117 118 128 144 95 93 132 36 34 103 101 105 9 104 79 76 133 134 23 88 89 86 87 46 137 45 141 62 60 123 121 125 25 124 70 68 72 2 71 130 29 129 30 31 43 114 115 112 113 74 143 73 53 54 21 120 20 19 119 18 85 83 98 96 100 8 99 139 55 138 56 57 107 10 106 11 12 63 64 66 81 82 41 136 40 39 135 38 111 109 7 90 6 52 50 49 47 17 127 26 126 27 28 91 92 94 32 33 35 102 16 116 15 80 78 77 75 37 24 22 5 4 58 59 61 122 69 44 42 14 13 1 97 3 
132 51 141 142 108 70 68 79 84 23 88 89 144 128 98 96 131 103 101 36 34 107 10 106 110 43 114 115 48 117 118 53 54 21 120 20 140 123 121 62 60 127 26 126 67 65 130 29 129 72 2 71 32 33 76 133 134 81 82 41 136 40 86 87 46 137 45 7 90 6 52 50 95 93 139 55 138 100 8 99 58 59 105 9 104 63 64 11 12 69 112 113 74 143 73 16 116 15 80 78 19 119 18 85 83 24 22 5 125 25 124 91 92 27 28 97 30 31 102 35 39 135 38 111 109 44 42 14 49 47 17 1 56 57 122 61 66 77 75 37 3 4 94 13 
133 125 86 114 112 74 143 130 100 139 140 56 53 117 19 119 81 41 136 39 135 110 111 109 107 105 142 63 127 128 27 144 91 95 93 94 88 7 90 46 137 48 49 47 16 116 79 80 78 76 77 75 134 37 72 132 32 131 30 103 101 102 141 58 62 60 61 123 121 122 25 124 21 120 23 24 22 84 85 83 87 4 43 44 42 115 14 113 13 73 108 11 70 68 69 67 65 66 29 129 98 96 97 8 99 55 138 57 51 52 50 54 1 118 17 18 82 3 40 38 36 34 35 10 106 9 104 64 26 126 28 92 89 5 6 45 15 2 71 33 31 59 20 12 
134 124 87 115 113 143 73 129 99 138 57 140 54 118 119 18 82 136 40 135 38 111 109 110 106 104 64 142 126 28 128 92 144 94 95 93 89 90 6 137 45 49 47 48 116 15 80 78 79 77 75 76 37 133 71 33 132 31 131 102 103 101 59 141 61 62 60 122 123 121 125 25 120 20 24 22 23 85 83 84 4 86 44 42 43 14 114 13 112 74 12 108 69 70 68 66 67 65 130 29 97 98 96 100 8 139 55 56 52 50 51 1 53 17 117 19 3 81 41 39 35 36 34 107 10 105 9 63 127 26 27 91 5 88 7 46 16 72 2 32 30 58 21 11 
135 122 137 116 143 77 75 66 97 94 138 139 120 119 85 83 136 44 42 111 109 113 13 112 35 102 104 105 61 126 127 124 125 92 144 91 90 52 50 49 47 118 17 117 80 78 82 3 81 134 37 133 38 39 69 71 72 129 130 31 131 30 99 100 59 141 58 57 140 56 123 121 24 22 89 5 88 87 4 86 45 46 115 14 114 15 16 73 74 76 106 107 12 108 11 64 142 63 67 65 28 128 27 98 96 95 93 55 54 1 53 20 21 18 19 84 40 41 43 110 33 132 32 36 34 103 101 9 62 60 26 25 6 7 51 48 79 70 68 2 29 8 23 10 
136 97 90 143 116 80 78 35 122 61 126 127 119 120 24 22 135 111 109 44 42 115 14 114 66 69 71 72 94 138 139 99 100 59 141 58 137 49 47 52 50 54 1 53 77 75 134 37 133 82 3 81 40 41 102 104 105 106 107 12 108 11 124 125 92 144 91 28 128 27 98 96 85 83 87 4 86 89 5 88 6 7 113 13 112 73 74 15 16 79 129 130 31 131 30 33 132 32 36 34 57 140 56 123 121 62 60 26 118 17 117 18 19 20 21 23 38 39 110 43 64 142 63 67 65 70 68 2 95 93 55 8 45 46 48 51 76 103 101 9 10 25 84 29 
137 66 143 120 119 85 83 94 35 102 104 105 136 135 111 109 90 52 50 49 47 118 17 117 61 122 124 125 69 71 72 129 130 31 131 30 116 80 78 77 75 134 37 133 24 22 89 5 88 87 4 86 45 46 97 99 100 138 139 57 140 56 106 107 12 108 11 64 142 63 67 65 44 42 115 14 114 113 13 112 73 74 54 1 53 20 21 18 19 84 126 127 28 128 27 92 144 91 95 93 33 132 32 36 34 103 101 9 82 3 81 40 41 38 39 110 6 7 51 48 59 141 58 62 60 123 121 25 70 68 2 29 15 16 79 76 23 98 96 8 55 10 43 26 
138 113 104 126 124 92 144 118 82 134 135 38 71 129 31 131 99 59 141 57 140 122 123 121 89 87 137 45 115 116 15 143 73 77 75 76 106 12 108 64 142 66 67 65 28 128 97 98 96 94 95 93 139 55 54 120 20 119 18 85 83 84 136 40 44 42 43 111 109 110 13 112 33 132 35 36 34 102 103 101 105 9 61 62 60 127 26 125 25 91 90 6 52 50 51 49 47 48 17 117 80 78 79 3 81 37 133 39 69 70 68 72 2 130 29 30 100 8 58 56 24 22 23 5 88 4 86 46 14 114 16 74 107 10 11 63 27 1 53 21 19 41 32 7 
139 112 105 127 125 144 91 117 81 133 39 135 72 130 131 30 100 141 58 140 56 123 121 122 88 86 46 137 114 16 116 74 143 76 77 75 107 108 11 142 63 67 65 66 128 27 98 96 97 95 93 94 55 138 53 21 120 19 119 84 85 83 41 136 43 44 42 110 111 109 113 13 132 32 36 34 35 103 101 102 9 104 62 60 61 26 126 25 124 92 7 90 51 52 50 48 49 47 118 17 79 80 78 82 3 134 37 38 70 68 69 2 71 29 129 31 8 99 59 57 23 24 22 89 5 87 4 45 115 14 15 73 10 106 12 64 28 54 1 20 18 40 33 6 
140 110 142 128 144 95 93 48 79 76 133 134 132 131 103 101 141 62 60 123 121 125 25 124 23 84 86 87 43 114 115 112 113 74 143 73 108 70 68 67 65 130 29 129 98 96 100 8 99 139 55 138 56 57 51 53 54 117 118 19 119 18 81 82 41 136 40 39 135 38 111 109 36 34 107 10 106 105 9 104 63 64 127 26 126 27 28 91 92 94 88 89 7 90 6 46 137 45 49 47 16 116 15 80 78 77 75 37 72 2 71 32 33 30 31 102 58 59 61 122 21 120 20 24 22 85 83 4 44 42 14 13 11 12 69 66 97 52 50 1 17 3 35 5 
141 79 108 144 128 98 96 23 110 43 114 115 131 132 36 34 140 123 121 62 60 127 26 126 48 51 53 54 76 133 134 81 82 41 136 40 142 67 65 70 68 72 2 71 95 93 139 55 138 100 8 99 58 59 84 86 87 88 89 7 90 6 112 113 74 143 73 16 116 15 80 78 103 101 105 9 104 107 10 106 11 12 125 25 124 91 92 27 28 97 117 118 19 119 18 21 120 20 24 22 39 135 38 111 109 44 42 14 130 29 129 30 31 32 33 35 56 57 122 61 46 137 45 49 47 52 50 1 77 75 37 3 63 64 66 69 94 85 83 4 5 13 102 17 
142 48 144 132 131 103 101 76 23 84 86 87 141 140 123 121 108 70 68 67 65 130 29 129 43 110 112 113 51 53 54 117 118 19 119 18 128 98 96 95 93 139 55 138 36 34 107 10 106 105 9 104 63 64 79 81 82 133 134 39 135 38 88 89 7 90 6 46 137 45 49 47 62 60 127 26 126 125 25 124 91 92 72 2 71 32 33 30 31 102 114 115 16 116 15 74 143 73 77 75 21 120 20 24 22 85 83 4 100 8 99 58 59 56 57 122 11 12 69 66 41 136 40 44 42 111 109 13 52 50 1 17 27 28 97 94 35 80 78 3 37 5 61 14 
143 94 119 136 135 111 109 102 61 122 124 125 90 137 49 47 116 80 78 77 75 134 37 133 69 66 129 130 97 99 100 138 139 57 140 56 120 24 22 85 83 87 4 86 44 42 115 14 114 113 13 112 73 74 35 106 107 104 105 64 142 63 126 127 28 128 27 92 144 91 95 93 52 50 54 1 53 118 17 117 18 19 82 3 81 40 41 38 39 110 71 72 33 132 32 31 131 30 103 101 59 141 58 62 60 123 121 25 89 5 88 6 7 45 46 48 15 16 79 76 12 108 11 70 68 67 65 29 98 96 8 55 20 21 23 84 43 36 34 10 9 26 51 2 
144 76 131 141 140 123 121 84 43 110 112 113 108 142 67 65 128 98 96 95 93 139 55 138 51 48 117 118 79 81 82 133 134 39 135 38 132 36 34 103 101 105 9 104 62 60 127 26 126 125 25 124 91 92 23 88 89 86 87 46 137 45 114 115 16 116 15 74 143 73 77 75 70 68 72 2 71 130 29 129 30 31 100 8 99 58 59 56 57 122 53 54 21 120 20 19 119 18 85 83 41 136 40 44 42 111 109 13 107 10 106 11 12 63 64 66 27 28 97 94 7 90 6 52 50 49 47 17 80 78 3 37 32 33 35 102 61 24 22 5 4 14 69 1 
