156 15
1 2 3 4 5 6 7 8 9 10 11 12 13 14 15 16 17 18 19 20 21 22 23 24 25 26 27 28 29 30 31 32 33 34 35 36 37 38 39 40 41 42 43 44 45 46 47 48 49 50 51 52 53 54 55 56 57 58 59 60 61 62 63 64 65 66 67 68 69 70 71 72 73 74 75 76 77 78 79 80 81 82 83 84 85 86 87 88 89 90 91 92 93 94 95 96 97 98 99 100 101 102 103 104 105 106 107 108 109 110 111 112 113 114 115 116 117 118 119 120 121 122 123 124 125 126 127 128 129 130 131 132 133 134 135 136 137 138 139 140 141 142 143 144 145 146 147 148 149 150 151 152 153 154 155 156 
2 1 6 7 8 3 4 5 14 15 16 17 18 9 10 11 12 13 25 26 27 28 29 30 19 20 21 22 23 24 37 38 39 40 41 42 31 32 33 34 35 36 49 50 51 52 53 54 43 44 45 46 47 48 61 62 63 64 65 66 55 56 57 58 59 60 73 74 75 76 77 78 67 68 69 70 71 72 85 86 87 88 89 90 79 80 81 82 83 84 97 98 99 100 101 102 91 92 93 94 95 96 109 110 111 112 113 114 103 104 105 106 107 108 121 122 123 124 125 126 115 116 117 118 119 120 133 134 135 136 137 138 127 128 129 130 131 132 144 145 146 147 148 139 140 141 142 143 152 153 154 149 150 151 156 155 
3 6 1 9 10 2 14 15 4 5 19 20 21 7 8 25 26 27 11 12 13 31 32 33 16 17 18 37 38 39 22 23 24 43 44 45 28 29 30 49 50 51 34 35 36 55 56 57 40 41 42 61 62 63 46 47 48 67 68 69 52 53 54 73 74 75 58 59 60 79 80 81 64 65 66 85 86 87 70 71 72 91 92 93 76 77 78 97 98 99 82 83 84 103 104 105 88 89 90 109 110 111 94 95 96 115 116 117 100 101 102 121 122 123 106 107 108 127 128 129 112 113 114 133 134 135 118 119 120 139 140 141 124 125 126 144 145 146 130 131 132 149 150 136 137 138 152 153 142 143 155 147 148 156 151 154 
4 7 9 11 12 14 16 17 19 20 1 22 23 25 26 2 28 29 3 31 32 5 34 35 6 37 38 8 40 41 10 43 44 13 46 47 15 49 50 18 52 53 21 55 56 24 58 59 27 61 62 30 64 65 33 67 68 36 70 71 39 73 74 42 76 77 45 79 80 48 82 83 51 85 86 54 88 89 57 91 92 60 94 95 63 97 98 66 100 101 69 103 104 72 106 107 75 109 110 78 112 113 81 115 116 84 118 119 87 121 122 90 124 125 93 127 128 96 130 131 99 133 134 102 136 137 105 139 140 108 142 143 111 144 145 114 147 148 117 149 150 120 151 123 152 153 126 154 129 155 132 135 156 138 141 146 
5 138 10 12 13 146 148 2 20 21 22 23 24 153 6 154 7 8 31 32 33 34 35 36 156 14 15 16 17 18 43 44 45 46 47 48 25 26 27 28 29 30 55 56 57 58 59 60 37 38 39 40 41 42 67 68 69 70 71 72 49 50 51 52 53 54 79 80 81 82 83 84 61 62 63 64 65 66 91 92 93 94 95 96 73 74 75 76 77 78 103 104 105 106 107 108 85 86 87 88 89 90 115 116 117 118 119 120 97 98 99 100 101 102 127 128 129 130 131 132 109 110 111 112 113 114 139 140 141 142 143 1 121 122 123 124 125 126 149 150 3 151 4 133 134 135 136 137 155 9 11 144 145 147 19 152 
6 3 2 14 15 1 9 10 7 8 25 26 27 4 5 19 20 21 16 17 18 37 38 39 11 12 13 31 32 33 28 29 30 49 50 51 22 23 24 43 44 45 40 41 42 61 62 63 34 35 36 55 56 57 52 53 54 73 74 75 46 47 48 67 68 69 64 65 66 85 86 87 58 59 60 79 80 81 76 77 78 97 98 99 70 71 72 91 92 93 88 89 90 109 110 111 82 83 84 103 104 105 100 101 102 121 122 123 94 95 96 115 116 117 112 113 114 133 134 135 106 107 108 127 128 129 124 125 126 144 145 146 118 119 120 139 140 141 136 137 138 152 153 130 131 132 149 150 147 148 156 142 143 155 154 151 
7 4 14 16 17 9 11 12 25 26 2 28 29 19 20 1 22 23 6 37 38 8 40 41 3 31 32 5 34 35 15 49 50 18 52 53 10 43 44 13 46 47 27 61 62 30 64 65 21 55 56 24 58 59 39 73 74 42 76 77 33 67 68 36 70 71 51 85 86 54 88 89 45 79 80 48 82 83 63 97 98 66 100 101 57 91 92 60 94 95 75 109 110 78 112 113 69 103 104 72 106 107 87 121 122 90 124 125 81 115 116 84 118 119 99 133 134 102 136 137 93 127 128 96 130 131 111 144 145 114 147 148 105 139 140 108 142 143 123 152 153 126 154 117 149 150 120 151 135 156 138 129 155 132 146 141 
8 132 15 17 18 141 143 1 26 27 28 29 30 150 3 151 4 5 37 38 39 40 41 42 155 9 10 11 12 13 49 50 51 52 53 54 19 20 21 22 23 24 61 62 63 64 65 66 31 32 33 34 35 36 73 74 75 76 77 78 43 44 45 46 47 48 85 86 87 88 89 90 55 56 57 58 59 60 97 98 99 100 101 102 67 68 69 70 71 72 109 110 111 112 113 114 79 80 81 82 83 84 121 122 123 124 125 126 91 92 93 94 95 96 133 134 135 136 137 138 103 104 105 106 107 108 144 145 146 147 148 2 115 116 117 118 119 120 152 153 6 154 7 127 128 129 130 131 156 14 16 139 140 142 25 149 
9 14 4 19 20 7 25 26 11 12 3 31 32 16 17 6 37 38 1 22 23 10 43 44 2 28 29 15 49 50 5 34 35 21 55 56 8 40 41 27 61 62 13 46 47 33 67 68 18 52 53 39 73 74 24 58 59 45 79 80 30 64 65 51 85 86 36 70 71 57 91 92 42 76 77 63 97 98 48 82 83 69 103 104 54 88 89 75 109 110 60 94 95 81 115 116 66 100 101 87 121 122 72 106 107 93 127 128 78 112 113 99 133 134 84 118 119 105 139 140 90 124 125 111 144 145 96 130 131 117 149 150 102 136 137 123 152 153 108 142 143 129 155 114 147 148 135 156 120 151 141 126 154 146 132 138 
10 146 5 20 21 138 153 6 12 13 31 32 33 148 2 156 14 15 22 23 24 43 44 45 154 7 8 25 26 27 34 35 36 55 56 57 16 17 18 37 38 39 46 47 48 67 68 69 28 29 30 49 50 51 58 59 60 79 80 81 40 41 42 61 62 63 70 71 72 91 92 93 52 53 54 73 74 75 82 83 84 103 104 105 64 65 66 85 86 87 94 95 96 115 116 117 76 77 78 97 98 99 106 107 108 127 128 129 88 89 90 109 110 111 118 119 120 139 140 141 100 101 102 121 122 123 130 131 132 149 150 3 112 113 114 133 134 135 142 143 1 155 9 124 125 126 144 145 151 4 19 136 137 152 11 147 
11 16 19 1 22 25 2 28 3 31 4 5 34 6 37 7 8 40 9 10 43 12 13 46 14 15 49 17 18 52 20 21 55 23 24 58 26 27 61 29 30 64 32 33 67 35 36 70 38 39 73 41 42 76 44 45 79 47 48 82 50 51 85 53 54 88 56 57 91 59 60 94 62 63 97 65 66 100 68 69 103 71 72 106 74 75 109 77 78 112 80 81 115 83 84 118 86 87 121 89 90 124 92 93 127 95 96 130 98 99 133 101 102 136 104 105 139 107 108 142 110 111 144 113 114 147 116 117 149 119 120 151 122 123 152 125 126 154 128 129 155 131 132 134 135 156 137 138 140 141 143 145 146 148 150 153 
12 148 20 22 23 153 154 7 31 32 5 34 35 156 14 138 16 17 10 43 44 13 46 47 146 25 26 2 28 29 21 55 56 24 58 59 6 37 38 8 40 41 33 67 68 36 70 71 15 49 50 18 52 53 45 79 80 48 82 83 27 61 62 30 64 65 57 91 92 60 94 95 39 73 74 42 76 77 69 103 104 72 106 107 51 85 86 54 88 89 81 115 116 84 118 119 63 97 98 66 100 101 93 127 128 96 130 131 75 109 110 78 112 113 105 139 140 108 142 143 87 121 122 90 124 125 117 149 150 120 151 4 99 133 134 102 136 137 129 155 9 132 11 111 144 145 114 147 141 19 1 123 152 126 3 135 
13 126 21 23 24 135 137 138 32 33 34 35 36 145 146 147 148 2 43 44 45 46 47 48 152 153 6 154 7 8 55 56 57 58 59 60 156 14 15 16 17 18 67 68 69 70 71 72 25 26 27 28 29 30 79 80 81 82 83 84 37 38 39 40 41 42 91 92 93 94 95 96 49 50 51 52 53 54 103 104 105 106 107 108 61 62 63 64 65 66 115 116 117 118 119 120 73 74 75 76 77 78 127 128 129 130 131 132 85 86 87 88 89 90 139 140 141 142 143 1 97 98 99 100 101 102 149 150 3 151 4 5 109 110 111 112 113 114 155 9 10 11 12 121 122 123 124 125 19 20 22 133 134 136 31 144 
14 9 7 25 26 4 19 20 16 17 6 37 38 11 12 3 31 32 2 28 29 15 49 50 1 22 23 10 43 44 8 40 41 27 61 62 5 34 35 21 55 56 18 52 53 39 73 74 13 46 47 33 67 68 30 64 65 51 85 86 24 58 59 45 79 80 42 76 77 63 97 98 36 70 71 57 91 92 54 88 89 75 109 110 48 82 83 69 103 104 66 100 101 87 121 122 60 94 95 81 115 116 78 112 113 99 133 134 72 106 107 93 127 128 90 124 125 111 144 145 84 118 119 105 139 140 102 136 137 123 152 153 96 130 131 117 149 150 114 147 148 135 156 108 142 143 129 155 126 154 146 120 151 141 138 132 
15 141 8 26 27 132 150 3 17 18 37 38 39 143 1 155 9 10 28 29 30 49 50 51 151 4 5 19 20 21 40 41 42 61 62 63 11 12 13 31 32 33 52 53 54 73 74 75 22 23 24 43 44 45 64 65 66 85 86 87 34 35 36 55 56 57 76 77 78 97 98 99 46 47 48 67 68 69 88 89 90 109 110 111 58 59 60 79 80 81 100 101 102 121 122 123 70 71 72 91 92 93 112 113 114 133 134 135 82 83 84 103 104 105 124 125 126 144 145 146 94 95 96 115 116 117 136 137 138 152 153 6 106 107 108 127 128 129 147 148 2 156 14 118 119 120 139 140 154 7 25 130 131 149 16 142 
16 11 25 2 28 19 1 22 6 37 7 8 40 3 31 4 5 34 14 15 49 17 18 52 9 10 43 12 13 46 26 27 61 29 30 64 20 21 55 23 24 58 38 39 73 41 42 76 32 33 67 35 36 70 50 51 85 53 54 88 44 45 79 47 48 82 62 63 97 65 66 100 56 57 91 59 60 94 74 75 109 77 78 112 68 69 103 71 72 106 86 87 121 89 90 124 80 81 115 83 84 118 98 99 133 101 102 136 92 93 127 95 96 130 110 111 144 113 114 147 104 105 139 107 108 142 122 123 152 125 126 154 116 117 149 119 120 151 134 135 156 137 138 128 129 155 131 132 145 146 148 140 141 143 153 150 
17 143 26 28 29 150 151 4 37 38 8 40 41 155 9 132 11 12 15 49 50 18 52 53 141 19 20 1 22 23 27 61 62 30 64 65 3 31 32 5 34 35 39 73 74 42 76 77 10 43 44 13 46 47 51 85 86 54 88 89 21 55 56 24 58 59 63 97 98 66 100 101 33 67 68 36 70 71 75 109 110 78 112 113 45 79 80 48 82 83 87 121 122 90 124 125 57 91 92 60 94 95 99 133 134 102 136 137 69 103 104 72 106 107 111 144 145 114 147 148 81 115 116 84 118 119 123 152 153 126 154 7 93 127 128 96 130 131 135 156 14 138 16 105 139 140 108 142 146 25 2 117 149 120 6 129 
18 120 27 29 30 129 131 132 38 39 40 41 42 140 141 142 143 1 49 50 51 52 53 54 149 150 3 151 4 5 61 62 63 64 65 66 155 9 10 11 12 13 73 74 75 76 77 78 19 20 21 22 23 24 85 86 87 88 89 90 31 32 33 34 35 36 97 98 99 100 101 102 43 44 45 46 47 48 109 110 111 112 113 114 55 56 57 58 59 60 121 122 123 124 125 126 67 68 69 70 71 72 133 134 135 136 137 138 79 80 81 82 83 84 144 145 146 147 148 2 91 92 93 94 95 96 152 153 6 154 7 8 103 104 105 106 107 108 156 14 15 16 17 115 116 117 118 119 25 26 28 127 128 130 37 139 
19 25 11 3 31 16 6 37 1 22 9 10 43 2 28 14 15 49 4 5 34 20 21 55 7 8 40 26 27 61 12 13 46 32 33 67 17 18 52 38 39 73 23 24 58 44 45 79 29 30 64 50 51 85 35 36 70 56 57 91 41 42 76 62 63 97 47 48 82 68 69 103 53 54 88 74 75 109 59 60 94 80 81 115 65 66 100 86 87 121 71 72 106 92 93 127 77 78 112 98 99 133 83 84 118 104 105 139 89 90 124 110 111 144 95 96 130 116 117 149 101 102 136 122 123 152 107 108 142 128 129 155 113 114 147 134 135 156 119 120 151 140 141 125 126 154 145 146 131 132 150 137 138 153 143 148 
20 153 12 31 32 148 156 14 22 23 10 43 44 154 7 146 25 26 5 34 35 21 55 56 138 16 17 6 37 38 13 46 47 33 67 68 2 28 29 15 49 50 24 58 59 45 79 80 8 40 41 27 61 62 36 70 71 57 91 92 18 52 53 39 73 74 48 82 83 69 103 104 30 64 65 51 85 86 60 94 95 81 115 116 42 76 77 63 97 98 72 106 107 93 127 128 54 88 89 75 109 110 84 118 119 105 139 140 66 100 101 87 121 122 96 130 131 117 149 150 78 112 113 99 133 134 108 142 143 129 155 9 90 124 125 111 144 145 120 151 4 141 19 102 136 137 123 152 132 11 3 114 147 135 1 126 
21 135 13 32 33 126 145 146 23 24 43 44 45 137 138 152 153 6 34 35 36 55 56 57 147 148 2 156 14 15 46 47 48 67 68 69 154 7 8 25 26 27 58 59 60 79 80 81 16 17 18 37 38 39 70 71 72 91 92 93 28 29 30 49 50 51 82 83 84 103 104 105 40 41 42 61 62 63 94 95 96 115 116 117 52 53 54 73 74 75 106 107 108 127 128 129 64 65 66 85 86 87 118 119 120 139 140 141 76 77 78 97 98 99 130 131 132 149 150 3 88 89 90 109 110 111 142 143 1 155 9 10 100 101 102 121 122 123 151 4 5 19 20 112 113 114 133 134 11 12 31 124 125 144 22 136 
22 154 31 5 34 156 138 16 10 43 12 13 46 146 25 148 2 28 20 21 55 23 24 58 153 6 37 7 8 40 32 33 67 35 36 70 14 15 49 17 18 52 44 45 79 47 48 82 26 27 61 29 30 64 56 57 91 59 60 94 38 39 73 41 42 76 68 69 103 71 72 106 50 51 85 53 54 88 80 81 115 83 84 118 62 63 97 65 66 100 92 93 127 95 96 130 74 75 109 77 78 112 104 105 139 107 108 142 86 87 121 89 90 124 116 117 149 119 120 151 98 99 133 101 102 136 128 129 155 131 132 11 110 111 144 113 114 147 140 141 19 143 1 122 123 152 125 126 150 3 4 134 135 137 9 145 
23 137 32 34 35 145 147 148 43 44 13 46 47 152 153 126 154 7 21 55 56 24 58 59 135 156 14 138 16 17 33 67 68 36 70 71 146 25 26 2 28 29 45 79 80 48 82 83 6 37 38 8 40 41 57 91 92 60 94 95 15 49 50 18 52 53 69 103 104 72 106 107 27 61 62 30 64 65 81 115 116 84 118 119 39 73 74 42 76 77 93 127 128 96 130 131 51 85 86 54 88 89 105 139 140 108 142 143 63 97 98 66 100 101 117 149 150 120 151 4 75 109 110 78 112 113 129 155 9 132 11 12 87 121 122 90 124 125 141 19 20 1 22 99 133 134 102 136 3 31 5 111 144 114 10 123 
24 114 33 35 36 123 125 126 44 45 46 47 48 134 135 136 137 138 55 56 57 58 59 60 144 145 146 147 148 2 67 68 69 70 71 72 152 153 6 154 7 8 79 80 81 82 83 84 156 14 15 16 17 18 91 92 93 94 95 96 25 26 27 28 29 30 103 104 105 106 107 108 37 38 39 40 41 42 115 116 117 118 119 120 49 50 51 52 53 54 127 128 129 130 131 132 61 62 63 64 65 66 139 140 141 142 143 1 73 74 75 76 77 78 149 150 3 151 4 5 85 86 87 88 89 90 155 9 10 11 12 13 97 98 99 100 101 102 19 20 21 22 23 109 110 111 112 113 31 32 34 121 122 124 43 133 
25 19 16 6 37 11 3 31 2 28 14 15 49 1 22 9 10 43 7 8 40 26 27 61 4 5 34 20 21 55 17 18 52 38 39 73 12 13 46 32 33 67 29 30 64 50 51 85 23 24 58 44 45 79 41 42 76 62 63 97 35 36 70 56 57 91 53 54 88 74 75 109 47 48 82 68 69 103 65 66 100 86 87 121 59 60 94 80 81 115 77 78 112 98 99 133 71 72 106 92 93 127 89 90 124 110 111 144 83 84 118 104 105 139 101 102 136 122 123 152 95 96 130 116 117 149 113 114 147 134 135 156 107 108 142 128 129 155 125 126 154 145 146 119 120 151 140 141 137 138 153 131 132 150 148 143 
26 150 17 37 38 143 155 9 28 29 15 49 50 151 4 141 19 20 8 40 41 27 61 62 132 11 12 3 31 32 18 52 53 39 73 74 1 22 23 10 43 44 30 64 65 51 85 86 5 34 35 21 55 56 42 76 77 63 97 98 13 46 47 33 67 68 54 88 89 75 109 110 24 58 59 45 79 80 66 100 101 87 121 122 36 70 71 57 91 92 78 112 113 99 133 134 48 82 83 69 103 104 90 124 125 111 144 145 60 94 95 81 115 116 102 136 137 123 152 153 72 106 107 93 127 128 114 147 148 135 156 14 84 118 119 105 139 140 126 154 7 146 25 96 130 131 117 149 138 16 6 108 142 129 2 120 
27 129 18 38 39 120 140 141 29 30 49 50 51 131 132 149 150 3 40 41 42 61 62 63 142 143 1 155 9 10 52 53 54 73 74 75 151 4 5 19 20 21 64 65 66 85 86 87 11 12 13 31 32 33 76 77 78 97 98 99 22 23 24 43 44 45 88 89 90 109 110 111 34 35 36 55 56 57 100 101 102 121 122 123 46 47 48 67 68 69 112 113 114 133 134 135 58 59 60 79 80 81 124 125 126 144 145 146 70 71 72 91 92 93 136 137 138 152 153 6 82 83 84 103 104 105 147 148 2 156 14 15 94 95 96 115 116 117 154 7 8 25 26 106 107 108 127 128 16 17 37 118 119 139 28 130 
28 151 37 8 40 155 132 11 15 49 17 18 52 141 19 143 1 22 26 27 61 29 30 64 150 3 31 4 5 34 38 39 73 41 42 76 9 10 43 12 13 46 50 51 85 53 54 88 20 21 55 23 24 58 62 63 97 65 66 100 32 33 67 35 36 70 74 75 109 77 78 112 44 45 79 47 48 82 86 87 121 89 90 124 56 57 91 59 60 94 98 99 133 101 102 136 68 69 103 71 72 106 110 111 144 113 114 147 80 81 115 83 84 118 122 123 152 125 126 154 92 93 127 95 96 130 134 135 156 137 138 16 104 105 139 107 108 142 145 146 25 148 2 116 117 149 119 120 153 6 7 128 129 131 14 140 
29 131 38 40 41 140 142 143 49 50 18 52 53 149 150 120 151 4 27 61 62 30 64 65 129 155 9 132 11 12 39 73 74 42 76 77 141 19 20 1 22 23 51 85 86 54 88 89 3 31 32 5 34 35 63 97 98 66 100 101 10 43 44 13 46 47 75 109 110 78 112 113 21 55 56 24 58 59 87 121 122 90 124 125 33 67 68 36 70 71 99 133 134 102 136 137 45 79 80 48 82 83 111 144 145 114 147 148 57 91 92 60 94 95 123 152 153 126 154 7 69 103 104 72 106 107 135 156 14 138 16 17 81 115 116 84 118 119 146 25 26 2 28 93 127 128 96 130 6 37 8 105 139 108 15 117 
30 108 39 41 42 117 119 120 50 51 52 53 54 128 129 130 131 132 61 62 63 64 65 66 139 140 141 142 143 1 73 74 75 76 77 78 149 150 3 151 4 5 85 86 87 88 89 90 155 9 10 11 12 13 97 98 99 100 101 102 19 20 21 22 23 24 109 110 111 112 113 114 31 32 33 34 35 36 121 122 123 124 125 126 43 44 45 46 47 48 133 134 135 136 137 138 55 56 57 58 59 60 144 145 146 147 148 2 67 68 69 70 71 72 152 153 6 154 7 8 79 80 81 82 83 84 156 14 15 16 17 18 91 92 93 94 95 96 25 26 27 28 29 103 104 105 106 107 37 38 40 115 116 118 49 127 
31 156 22 10 43 154 146 25 5 34 20 21 55 138 16 153 6 37 12 13 46 32 33 67 148 2 28 14 15 49 23 24 58 44 45 79 7 8 40 26 27 61 35 36 70 56 57 91 17 18 52 38 39 73 47 48 82 68 69 103 29 30 64 50 51 85 59 60 94 80 81 115 41 42 76 62 63 97 71 72 106 92 93 127 53 54 88 74 75 109 83 84 118 104 105 139 65 66 100 86 87 121 95 96 130 116 117 149 77 78 112 98 99 133 107 108 142 128 129 155 89 90 124 110 111 144 119 120 151 140 141 19 101 102 136 122 123 152 131 132 11 150 3 113 114 147 134 135 143 1 9 125 126 145 4 137 
32 145 23 43 44 137 152 153 34 35 21 55 56 147 148 135 156 14 13 46 47 33 67 68 126 154 7 146 25 26 24 58 59 45 79 80 138 16 17 6 37 38 36 70 71 57 91 92 2 28 29 15 49 50 48 82 83 69 103 104 8 40 41 27 61 62 60 94 95 81 115 116 18 52 53 39 73 74 72 106 107 93 127 128 30 64 65 51 85 86 84 118 119 105 139 140 42 76 77 63 97 98 96 130 131 117 149 150 54 88 89 75 109 110 108 142 143 129 155 9 66 100 101 87 121 122 120 151 4 141 19 20 78 112 113 99 133 134 132 11 12 3 31 90 124 125 111 144 1 22 10 102 136 123 5 114 
33 123 24 44 45 114 134 135 35 36 55 56 57 125 126 144 145 146 46 47 48 67 68 69 136 137 138 152 153 6 58 59 60 79 80 81 147 148 2 156 14 15 70 71 72 91 92 93 154 7 8 25 26 27 82 83 84 103 104 105 16 17 18 37 38 39 94 95 96 115 116 117 28 29 30 49 50 51 106 107 108 127 128 129 40 41 42 61 62 63 118 119 120 139 140 141 52 53 54 73 74 75 130 131 132 149 150 3 64 65 66 85 86 87 142 143 1 155 9 10 76 77 78 97 98 99 151 4 5 19 20 21 88 89 90 109 110 111 11 12 13 31 32 100 101 102 121 122 22 23 43 112 113 133 34 124 
34 147 43 13 46 152 126 154 21 55 23 24 58 135 156 137 138 16 32 33 67 35 36 70 145 146 25 148 2 28 44 45 79 47 48 82 153 6 37 7 8 40 56 57 91 59 60 94 14 15 49 17 18 52 68 69 103 71 72 106 26 27 61 29 30 64 80 81 115 83 84 118 38 39 73 41 42 76 92 93 127 95 96 130 50 51 85 53 54 88 104 105 139 107 108 142 62 63 97 65 66 100 116 117 149 119 120 151 74 75 109 77 78 112 128 129 155 131 132 11 86 87 121 89 90 124 140 141 19 143 1 22 98 99 133 101 102 136 150 3 31 4 5 110 111 144 113 114 9 10 12 122 123 125 20 134 
35 125 44 46 47 134 136 137 55 56 24 58 59 144 145 114 147 148 33 67 68 36 70 71 123 152 153 126 154 7 45 79 80 48 82 83 135 156 14 138 16 17 57 91 92 60 94 95 146 25 26 2 28 29 69 103 104 72 106 107 6 37 38 8 40 41 81 115 116 84 118 119 15 49 50 18 52 53 93 127 128 96 130 131 27 61 62 30 64 65 105 139 140 108 142 143 39 73 74 42 76 77 117 149 150 120 151 4 51 85 86 54 88 89 129 155 9 132 11 12 63 97 98 66 100 101 141 19 20 1 22 23 75 109 110 78 112 113 3 31 32 5 34 87 121 122 90 124 10 43 13 99 133 102 21 111 
36 102 45 47 48 111 113 114 56 57 58 59 60 122 123 124 125 126 67 68 69 70 71 72 133 134 135 136 137 138 79 80 81 82 83 84 144 145 146 147 148 2 91 92 93 94 95 96 152 153 6 154 7 8 103 104 105 106 107 108 156 14 15 16 17 18 115 116 117 118 119 120 25 26 27 28 29 30 127 128 129 130 131 132 37 38 39 40 41 42 139 140 141 142 143 1 49 50 51 52 53 54 149 150 3 151 4 5 61 62 63 64 65 66 155 9 10 11 12 13 73 74 75 76 77 78 19 20 21 22 23 24 85 86 87 88 89 90 31 32 33 34 35 97 98 99 100 101 43 44 46 109 110 112 55 121 
37 155 28 15 49 151 141 19 8 40 26 27 61 132 11 150 3 31 17 18 52 38 39 73 143 1 22 9 10 43 29 30 64 50 51 85 4 5 34 20 21 55 41 42 76 62 63 97 12 13 46 32 33 67 53 54 88 74 75 109 23 24 58 44 45 79 65 66 100 86 87 121 35 36 70 56 57 91 77 78 112 98 99 133 47 48 82 68 69 103 89 90 124 110 111 144 59 60 94 80 81 115 101 102 136 122 123 152 71 72 106 92 93 127 113 114 147 134 135 156 83 84 118 104 105 139 125 126 154 145 146 25 95 96 130 116 117 149 137 138 16 153 6 107 108 142 128 129 148 2 14 119 120 140 7 131 
38 140 29 49 50 131 149 150 40 41 27 61 62 142 143 129 155 9 18 52 53 39 73 74 120 151 4 141 19 20 30 64 65 51 85 86 132 11 12 3 31 32 42 76 77 63 97 98 1 22 23 10 43 44 54 88 89 75 109 110 5 34 35 21 55 56 66 100 101 87 121 122 13 46 47 33 67 68 78 112 113 99 133 134 24 58 59 45 79 80 90 124 125 111 144 145 36 70 71 57 91 92 102 136 137 123 152 153 48 82 83 69 103 104 114 147 148 135 156 14 60 94 95 81 115 116 126 154 7 146 25 26 72 106 107 93 127 128 138 16 17 6 37 84 118 119 105 139 2 28 15 96 130 117 8 108 
39 117 30 50 51 108 128 129 41 42 61 62 63 119 120 139 140 141 52 53 54 73 74 75 130 131 132 149 150 3 64 65 66 85 86 87 142 143 1 155 9 10 76 77 78 97 98 99 151 4 5 19 20 21 88 89 90 109 110 111 11 12 13 31 32 33 100 101 102 121 122 123 22 23 24 43 44 45 112 113 114 133 134 135 34 35 36 55 56 57 124 125 126 144 145 146 46 47 48 67 68 69 136 137 138 152 153 6 58 59 60 79 80 81 147 148 2 156 14 15 70 71 72 91 92 93 154 7 8 25 26 27 82 83 84 103 104 105 16 17 18 37 38 94 95 96 115 116 28 29 49 106 107 127 40 118 
40 142 49 18 52 149 120 151 27 61 29 30 64 129 155 131 132 11 38 39 73 41 42 76 140 141 19 143 1 22 50 51 85 53 54 88 150 3 31 4 5 34 62 63 97 65 66 100 9 10 43 12 13 46 74 75 109 77 78 112 20 21 55 23 24 58 86 87 121 89 90 124 32 33 67 35 36 70 98 99 133 101 102 136 44 45 79 47 48 82 110 111 144 113 114 147 56 57 91 59 60 94 122 123 152 125 126 154 68 69 103 71 72 106 134 135 156 137 138 16 80 81 115 83 84 118 145 146 25 148 2 28 92 93 127 95 96 130 153 6 37 7 8 104 105 139 107 108 14 15 17 116 117 119 26 128 
41 119 50 52 53 128 130 131 61 62 30 64 65 139 140 108 142 143 39 73 74 42 76 77 117 149 150 120 151 4 51 85 86 54 88 89 129 155 9 132 11 12 63 97 98 66 100 101 141 19 20 1 22 23 75 109 110 78 112 113 3 31 32 5 34 35 87 121 122 90 124 125 10 43 44 13 46 47 99 133 134 102 136 137 21 55 56 24 58 59 111 144 145 114 147 148 33 67 68 36 70 71 123 152 153 126 154 7 45 79 80 48 82 83 135 156 14 138 16 17 57 91 92 60 94 95 146 25 26 2 28 29 69 103 104 72 106 107 6 37 38 8 40 81 115 116 84 118 15 49 18 93 127 96 27 105 
42 96 51 53 54 105 107 108 62 63 64 65 66 116 117 118 119 120 73 74 75 76 77 78 127 128 129 130 131 132 85 86 87 88 89 90 139 140 141 142 143 1 97 98 99 100 101 102 149 150 3 151 4 5 109 110 111 112 113 114 155 9 10 11 12 13 121 122 123 124 125 126 19 20 21 22 23 24 133 134 135 136 137 138 31 32 33 34 35 36 144 145 146 147 148 2 43 44 45 46 47 48 152 153 6 154 7 8 55 56 57 58 59 60 156 14 15 16 17 18 67 68 69 70 71 72 25 26 27 28 29 30 79 80 81 82 83 84 37 38 39 40 41 91 92 93 94 95 49 50 52 103 104 106 61 115 
43 152 34 21 55 147 135 156 13 46 32 33 67 126 154 145 146 25 23 24 58 44 45 79 137 138 16 153 6 37 35 36 70 56 57 91 148 2 28 14 15 49 47 48 82 68 69 103 7 8 40 26 27 61 59 60 94 80 81 115 17 18 52 38 39 73 71 72 106 92 93 127 29 30 64 50 51 85 83 84 118 104 105 139 41 42 76 62 63 97 95 96 130 116 117 149 53 54 88 74 75 109 107 108 142 128 129 155 65 66 100 86 87 121 119 120 151 140 141 19 77 78 112 98 99 133 131 132 11 150 3 31 89 90 124 110 111 144 143 1 22 9 10 101 102 136 122 123 4 5 20 113 114 134 12 125 
44 134 35 55 56 125 144 145 46 47 33 67 68 136 137 123 152 153 24 58 59 45 79 80 114 147 148 135 156 14 36 70 71 57 91 92 126 154 7 146 25 26 48 82 83 69 103 104 138 16 17 6 37 38 60 94 95 81 115 116 2 28 29 15 49 50 72 106 107 93 127 128 8 40 41 27 61 62 84 118 119 105 139 140 18 52 53 39 73 74 96 130 131 117 149 150 30 64 65 51 85 86 108 142 143 129 155 9 42 76 77 63 97 98 120 151 4 141 19 20 54 88 89 75 109 110 132 11 12 3 31 32 66 100 101 87 121 122 1 22 23 10 43 78 112 113 99 133 5 34 21 90 124 111 13 102 
45 111 36 56 57 102 122 123 47 48 67 68 69 113 114 133 134 135 58 59 60 79 80 81 124 125 126 144 145 146 70 71 72 91 92 93 136 137 138 152 153 6 82 83 84 103 104 105 147 148 2 156 14 15 94 95 96 115 116 117 154 7 8 25 26 27 106 107 108 127 128 129 16 17 18 37 38 39 118 119 120 139 140 141 28 29 30 49 50 51 130 131 132 149 150 3 40 41 42 61 62 63 142 143 1 155 9 10 52 53 54 73 74 75 151 4 5 19 20 21 64 65 66 85 86 87 11 12 13 31 32 33 76 77 78 97 98 99 22 23 24 43 44 88 89 90 109 110 34 35 55 100 101 121 46 112 
46 136 55 24 58 144 114 147 33 67 35 36 70 123 152 125 126 154 44 45 79 47 48 82 134 135 156 137 138 16 56 57 91 59 60 94 145 146 25 148 2 28 68 69 103 71 72 106 153 6 37 7 8 40 80 81 115 83 84 118 14 15 49 17 18 52 92 93 127 95 96 130 26 27 61 29 30 64 104 105 139 107 108 142 38 39 73 41 42 76 116 117 149 119 120 151 50 51 85 53 54 88 128 129 155 131 132 11 62 63 97 65 66 100 140 141 19 143 1 22 74 75 109 77 78 112 150 3 31 4 5 34 86 87 121 89 90 124 9 10 43 12 13 98 99 133 101 102 20 21 23 110 111 113 32 122 
47 113 56 58 59 122 124 125 67 68 36 70 71 133 134 102 136 137 45 79 80 48 82 83 111 144 145 114 147 148 57 91 92 60 94 95 123 152 153 126 154 7 69 103 104 72 106 107 135 156 14 138 16 17 81 115 116 84 118 119 146 25 26 2 28 29 93 127 128 96 130 131 6 37 38 8 40 41 105 139 140 108 142 143 15 49 50 18 52 53 117 149 150 120 151 4 27 61 62 30 64 65 129 155 9 132 11 12 39 73 74 42 76 77 141 19 20 1 22 23 51 85 86 54 88 89 3 31 32 5 34 35 63 97 98 66 100 101 10 43 44 13 46 75 109 110 78 112 21 55 24 87 121 90 33 99 
48 90 57 59 60 99 101 102 68 69 70 71 72 110 111 112 113 114 79 80 81 82 83 84 121 122 123 124 125 126 91 92 93 94 95 96 133 134 135 136 137 138 103 104 105 106 107 108 144 145 146 147 148 2 115 116 117 118 119 120 152 153 6 154 7 8 127 128 129 130 131 132 156 14 15 16 17 18 139 140 141 142 143 1 25 26 27 28 29 30 149 150 3 151 4 5 37 38 39 40 41 42 155 9 10 11 12 13 49 50 51 52 53 54 19 20 21 22 23 24 61 62 63 64 65 66 31 32 33 34 35 36 73 74 75 76 77 78 43 44 45 46 47 85 86 87 88 89 55 56 58 97 98 100 67 109 
49 149 40 27 61 142 129 155 18 52 38 39 73 120 151 140 141 19 29 30 64 50 51 85 131 132 11 150 3 31 41 42 76 62 63 97 143 1 22 9 10 43 53 54 88 74 75 109 4 5 34 20 21 55 65 66 100 86 87 121 12 13 46 32 33 67 77 78 112 98 99 133 23 24 58 44 45 79 89 90 124 110 111 144 35 36 70 56 57 91 101 102 136 122 123 152 47 48 82 68 69 103 113 114 147 134 135 156 59 60 94 80 81 115 125 126 154 145 146 25 71 72 106 92 93 127 137 138 16 153 6 37 83 84 118 104 105 139 148 2 28 14 15 95 96 130 116 117 7 8 26 107 108 128 17 119 
50 128 41 61 62 119 139 140 52 53 39 73 74 130 131 117 149 150 30 64 65 51 85 86 108 142 143 129 155 9 42 76 77 63 97 98 120 151 4 141 19 20 54 88 89 75 109 110 132 11 12 3 31 32 66 100 101 87 121 122 1 22 23 10 43 44 78 112 113 99 133 134 5 34 35 21 55 56 90 124 125 111 144 145 13 46 47 33 67 68 102 136 137 123 152 153 24 58 59 45 79 80 114 147 148 135 156 14 36 70 71 57 91 92 126 154 7 146 25 26 48 82 83 69 103 104 138 16 17 6 37 38 60 94 95 81 115 116 2 28 29 15 49 72 106 107 93 127 8 40 27 84 118 105 18 96 
51 105 42 62 63 96 116 117 53 54 73 74 75 107 108 127 128 129 64 65 66 85 86 87 118 119 120 139 140 141 76 77 78 97 98 99 130 131 132 149 150 3 88 89 90 109 110 111 142 143 1 155 9 10 100 101 102 121 122 123 151 4 5 19 20 21 112 113 114 133 134 135 11 12 13 31 32 33 124 125 126 144 145 146 22 23 24 43 44 45 136 137 138 152 153 6 34 35 36 55 56 57 147 148 2 156 14 15 46 47 48 67 68 69 154 7 8 25 26 27 58 59 60 79 80 81 16 17 18 37 38 39 70 71 72 91 92 93 28 29 30 49 50 82 83 84 103 104 40 41 61 94 95 115 52 106 
52 130 61 30 64 139 108 142 39 73 41 42 76 117 149 119 120 151 50 51 85 53 54 88 128 129 155 131 132 11 62 63 97 65 66 100 140 141 19 143 1 22 74 75 109 77 78 112 150 3 31 4 5 34 86 87 121 89 90 124 9 10 43 12 13 46 98 99 133 101 102 136 20 21 55 23 24 58 110 111 144 113 114 147 32 33 67 35 36 70 122 123 152 125 126 154 44 45 79 47 48 82 134 135 156 137 138 16 56 57 91 59 60 94 145 146 25 148 2 28 68 69 103 71 72 106 153 6 37 7 8 40 80 81 115 83 84 118 14 15 49 17 18 92 93 127 95 96 26 27 29 104 105 107 38 116 
53 107 62 64 65 116 118 119 73 74 42 76 77 127 128 96 130 131 51 85 86 54 88 89 105 139 140 108 142 143 63 97 98 66 100 101 117 149 150 120 151 4 75 109 110 78 112 113 129 155 9 132 11 12 87 121 122 90 124 125 141 19 20 1 22 23 99 133 134 102 136 137 3 31 32 5 34 35 111 144 145 114 147 148 10 43 44 13 46 47 123 152 153 126 154 7 21 55 56 24 58 59 135 156 14 138 16 17 33 67 68 36 70 71 146 25 26 2 28 29 45 79 80 48 82 83 6 37 38 8 40 41 57 91 92 60 94 95 15 49 50 18 52 69 103 104 72 106 27 61 30 81 115 84 39 93 
54 84 63 65 66 93 95 96 74 75 76 77 78 104 105 106 107 108 85 86 87 88 89 90 115 116 117 118 119 120 97 98 99 100 101 102 127 128 129 130 131 132 109 110 111 112 113 114 139 140 141 142 143 1 121 122 123 124 125 126 149 150 3 151 4 5 133 134 135 136 137 138 155 9 10 11 12 13 144 145 146 147 148 2 19 20 21 22 23 24 152 153 6 154 7 8 31 32 33 34 35 36 156 14 15 16 17 18 43 44 45 46 47 48 25 26 27 28 29 30 55 56 57 58 59 60 37 38 39 40 41 42 67 68 69 70 71 72 49 50 51 52 53 79 80 81 82 83 61 62 64 91 92 94 73 103 
55 144 46 33 67 136 123 152 24 58 44 45 79 114 147 134 135 156 35 36 70 56 57 91 125 126 154 145 146 25 47 48 82 68 69 103 137 138 16 153 6 37 59 60 94 80 81 115 148 2 28 14 15 49 71 72 106 92 93 127 7 8 40 26 27 61 83 84 118 104 105 139 17 18 52 38 39 73 95 96 130 116 117 149 29 30 64 50 51 85 107 108 142 128 129 155 41 42 76 62 63 97 119 120 151 140 141 19 53 54 88 74 75 109 131 132 11 150 3 31 65 66 100 86 87 121 143 1 22 9 10 43 77 78 112 98 99 133 4 5 34 20 21 89 90 124 110 111 12 13 32 101 102 122 23 113 
56 122 47 67 68 113 133 134 58 59 45 79 80 124 125 111 144 145 36 70 71 57 91 92 102 136 137 123 152 153 48 82 83 69 103 104 114 147 148 135 156 14 60 94 95 81 115 116 126 154 7 146 25 26 72 106 107 93 127 128 138 16 17 6 37 38 84 118 119 105 139 140 2 28 29 15 49 50 96 130 131 117 149 150 8 40 41 27 61 62 108 142 143 129 155 9 18 52 53 39 73 74 120 151 4 141 19 20 30 64 65 51 85 86 132 11 12 3 31 32 42 76 77 63 97 98 1 22 23 10 43 44 54 88 89 75 109 110 5 34 35 21 55 66 100 101 87 121 13 46 33 78 112 99 24 90 
57 99 48 68 69 90 110 111 59 60 79 80 81 101 102 121 122 123 70 71 72 91 92 93 112 113 114 133 134 135 82 83 84 103 104 105 124 125 126 144 145 146 94 95 96 115 116 117 136 137 138 152 153 6 106 107 108 127 128 129 147 148 2 156 14 15 118 119 120 139 140 141 154 7 8 25 26 27 130 131 132 149 150 3 16 17 18 37 38 39 142 143 1 155 9 10 28 29 30 49 50 51 151 4 5 19 20 21 40 41 42 61 62 63 11 12 13 31 32 33 52 53 54 73 74 75 22 23 24 43 44 45 64 65 66 85 86 87 34 35 36 55 56 76 77 78 97 98 46 47 67 88 89 109 58 100 
58 124 67 36 70 133 102 136 45 79 47 48 82 111 144 113 114 147 56 57 91 59 60 94 122 123 152 125 126 154 68 69 103 71 72 106 134 135 156 137 138 16 80 81 115 83 84 118 145 146 25 148 2 28 92 93 127 95 96 130 153 6 37 7 8 40 104 105 139 107 108 142 14 15 49 17 18 52 116 117 149 119 120 151 26 27 61 29 30 64 128 129 155 131 132 11 38 39 73 41 42 76 140 141 19 143 1 22 50 51 85 53 54 88 150 3 31 4 5 34 62 63 97 65 66 100 9 10 43 12 13 46 74 75 109 77 78 112 20 21 55 23 24 86 87 121 89 90 32 33 35 98 99 101 44 110 
59 101 68 70 71 110 112 113 79 80 48 82 83 121 122 90 124 125 57 91 92 60 94 95 99 133 134 102 136 137 69 103 104 72 106 107 111 144 145 114 147 148 81 115 116 84 118 119 123 152 153 126 154 7 93 127 128 96 130 131 135 156 14 138 16 17 105 139 140 108 142 143 146 25 26 2 28 29 117 149 150 120 151 4 6 37 38 8 40 41 129 155 9 132 11 12 15 49 50 18 52 53 141 19 20 1 22 23 27 61 62 30 64 65 3 31 32 5 34 35 39 73 74 42 76 77 10 43 44 13 46 47 51 85 86 54 88 89 21 55 56 24 58 63 97 98 66 100 33 67 36 75 109 78 45 87 
60 78 69 71 72 87 89 90 80 81 82 83 84 98 99 100 101 102 91 92 93 94 95 96 109 110 111 112 113 114 103 104 105 106 107 108 121 122 123 124 125 126 115 116 117 118 119 120 133 134 135 136 137 138 127 128 129 130 131 132 144 145 146 147 148 2 139 140 141 142 143 1 152 153 6 154 7 8 149 150 3 151 4 5 156 14 15 16 17 18 155 9 10 11 12 13 25 26 27 28 29 30 19 20 21 22 23 24 37 38 39 40 41 42 31 32 33 34 35 36 49 50 51 52 53 54 43 44 45 46 47 48 61 62 63 64 65 66 55 56 57 58 59 73 74 75 76 77 67 68 70 85 86 88 79 97 
61 139 52 39 73 130 117 149 30 64 50 51 85 108 142 128 129 155 41 42 76 62 63 97 119 120 151 140 141 19 53 54 88 74 75 109 131 132 11 150 3 31 65 66 100 86 87 121 143 1 22 9 10 43 77 78 112 98 99 133 4 5 34 20 21 55 89 90 124 110 111 144 12 13 46 32 33 67 101 102 136 122 123 152 23 24 58 44 45 79 113 114 147 134 135 156 35 36 70 56 57 91 125 126 154 145 146 25 47 48 82 68 69 103 137 138 16 153 6 37 59 60 94 80 81 115 148 2 28 14 15 49 71 72 106 92 93 127 7 8 40 26 27 83 84 118 104 105 17 18 38 95 96 116 29 107 
62 116 53 73 74 107 127 128 64 65 51 85 86 118 119 105 139 140 42 76 77 63 97 98 96 130 131 117 149 150 54 88 89 75 109 110 108 142 143 129 155 9 66 100 101 87 121 122 120 151 4 141 19 20 78 112 113 99 133 134 132 11 12 3 31 32 90 124 125 111 144 145 1 22 23 10 43 44 102 136 137 123 152 153 5 34 35 21 55 56 114 147 148 135 156 14 13 46 47 33 67 68 126 154 7 146 25 26 24 58 59 45 79 80 138 16 17 6 37 38 36 70 71 57 91 92 2 28 29 15 49 50 48 82 83 69 103 104 8 40 41 27 61 60 94 95 81 115 18 52 39 72 106 93 30 84 
63 93 54 74 75 84 104 105 65 66 85 86 87 95 96 115 116 117 76 77 78 97 98 99 106 107 108 127 128 129 88 89 90 109 110 111 118 119 120 139 140 141 100 101 102 121 122 123 130 131 132 149 150 3 112 113 114 133 134 135 142 143 1 155 9 10 124 125 126 144 145 146 151 4 5 19 20 21 136 137 138 152 153 6 11 12 13 31 32 33 147 148 2 156 14 15 22 23 24 43 44 45 154 7 8 25 26 27 34 35 36 55 56 57 16 17 18 37 38 39 46 47 48 67 68 69 28 29 30 49 50 51 58 59 60 79 80 81 40 41 42 61 62 70 71 72 91 92 52 53 73 82 83 103 64 94 
64 118 73 42 76 127 96 130 51 85 53 54 88 105 139 107 108 142 62 63 97 65 66 100 116 117 149 119 120 151 74 75 109 77 78 112 128 129 155 131 132 11 86 87 121 89 90 124 140 141 19 143 1 22 98 99 133 101 102 136 150 3 31 4 5 34 110 111 144 113 114 147 9 10 43 12 13 46 122 123 152 125 126 154 20 21 55 23 24 58 134 135 156 137 138 16 32 33 67 35 36 70 145 146 25 148 2 28 44 45 79 47 48 82 153 6 37 7 8 40 56 57 91 59 60 94 14 15 49 17 18 52 68 69 103 71 72 106 26 27 61 29 30 80 81 115 83 84 38 39 41 92 93 95 50 104 
65 95 74 76 77 104 106 107 85 86 54 88 89 115 116 84 118 119 63 97 98 66 100 101 93 127 128 96 130 131 75 109 110 78 112 113 105 139 140 108 142 143 87 121 122 90 124 125 117 149 150 120 151 4 99 133 134 102 136 137 129 155 9 132 11 12 111 144 145 114 147 148 141 19 20 1 22 23 123 152 153 126 154 7 3 31 32 5 34 35 135 156 14 138 16 17 10 43 44 13 46 47 146 25 26 2 28 29 21 55 56 24 58 59 6 37 38 8 40 41 33 67 68 36 70 71 15 49 50 18 52 53 45 79 80 48 82 83 27 61 62 30 64 57 91 92 60 94 39 73 42 69 103 72 51 81 
66 72 75 77 78 81 83 84 86 87 88 89 90 92 93 94 95 96 97 98 99 100 101 102 103 104 105 106 107 108 109 110 111 112 113 114 115 116 117 118 119 120 121 122 123 124 125 126 127 128 129 130 131 132 133 134 135 136 137 138 139 140 141 142 143 1 144 145 146 147 148 2 149 150 3 151 4 5 152 153 6 154 7 8 155 9 10 11 12 13 156 14 15 16 17 18 19 20 21 22 23 24 25 26 27 28 29 30 31 32 33 34 35 36 37 38 39 40 41 42 43 44 45 46 47 48 49 50 51 52 53 54 55 56 57 58 59 60 61 62 63 64 65 67 68 69 70 71 73 74 76 79 80 82 85 91 
67 133 58 45 79 124 111 144 36 70 56 57 91 102 136 122 123 152 47 48 82 68 69 103 113 114 147 134 135 156 59 60 94 80 81 115 125 126 154 145 146 25 71 72 106 92 93 127 137 138 16 153 6 37 83 84 118 104 105 139 148 2 28 14 15 49 95 96 130 116 117 149 7 8 40 26 27 61 107 108 142 128 129 155 17 18 52 38 39 73 119 120 151 140 141 19 29 30 64 50 51 85 131 132 11 150 3 31 41 42 76 62 63 97 143 1 22 9 10 43 53 54 88 74 75 109 4 5 34 20 21 55 65 66 100 86 87 121 12 13 46 32 33 77 78 112 98 99 23 24 44 89 90 110 35 101 
68 110 59 79 80 101 121 122 70 71 57 91 92 112 113 99 133 134 48 82 83 69 103 104 90 124 125 111 144 145 60 94 95 81 115 116 102 136 137 123 152 153 72 106 107 93 127 128 114 147 148 135 156 14 84 118 119 105 139 140 126 154 7 146 25 26 96 130 131 117 149 150 138 16 17 6 37 38 108 142 143 129 155 9 2 28 29 15 49 50 120 151 4 141 19 20 8 40 41 27 61 62 132 11 12 3 31 32 18 52 53 39 73 74 1 22 23 10 43 44 30 64 65 51 85 86 5 34 35 21 55 56 42 76 77 63 97 98 13 46 47 33 67 54 88 89 75 109 24 58 45 66 100 87 36 78 
69 87 60 80 81 78 98 99 71 72 91 92 93 89 90 109 110 111 82 83 84 103 104 105 100 101 102 121 122 123 94 95 96 115 116 117 112 113 114 133 134 135 106 107 108 127 128 129 124 125 126 144 145 146 118 119 120 139 140 141 136 137 138 152 153 6 130 131 132 149 150 3 147 148 2 156 14 15 142 143 1 155 9 10 154 7 8 25 26 27 151 4 5 19 20 21 16 17 18 37 38 39 11 12 13 31 32 33 28 29 30 49 50 51 22 23 24 43 44 45 40 41 42 61 62 63 34 35 36 55 56 57 52 53 54 73 74 75 46 47 48 67 68 64 65 66 85 86 58 59 79 76 77 97 70 88 
70 112 79 48 82 121 90 124 57 91 59 60 94 99 133 101 102 136 68 69 103 71 72 106 110 111 144 113 114 147 80 81 115 83 84 118 122 123 152 125 126 154 92 93 127 95 96 130 134 135 156 137 138 16 104 105 139 107 108 142 145 146 25 148 2 28 116 117 149 119 120 151 153 6 37 7 8 40 128 129 155 131 132 11 14 15 49 17 18 52 140 141 19 143 1 22 26 27 61 29 30 64 150 3 31 4 5 34 38 39 73 41 42 76 9 10 43 12 13 46 50 51 85 53 54 88 20 21 55 23 24 58 62 63 97 65 66 100 32 33 67 35 36 74 75 109 77 78 44 45 47 86 87 89 56 98 
71 89 80 82 83 98 100 101 91 92 60 94 95 109 110 78 112 113 69 103 104 72 106 107 87 121 122 90 124 125 81 115 116 84 118 119 99 133 134 102 136 137 93 127 128 96 130 131 111 144 145 114 147 148 105 139 140 108 142 143 123 152 153 126 154 7 117 149 150 120 151 4 135 156 14 138 16 17 129 155 9 132 11 12 146 25 26 2 28 29 141 19 20 1 22 23 6 37 38 8 40 41 3 31 32 5 34 35 15 49 50 18 52 53 10 43 44 13 46 47 27 61 62 30 64 65 21 55 56 24 58 59 39 73 74 42 76 77 33 67 68 36 70 51 85 86 54 88 45 79 48 63 97 66 57 75 
72 66 81 83 84 75 77 78 92 93 94 95 96 86 87 88 89 90 103 104 105 106 107 108 97 98 99 100 101 102 115 116 117 118 119 120 109 110 111 112 113 114 127 128 129 130 131 132 121 122 123 124 125 126 139 140 141 142 143 1 133 134 135 136 137 138 149 150 3 151 4 5 144 145 146 147 148 2 155 9 10 11 12 13 152 153 6 154 7 8 19 20 21 22 23 24 156 14 15 16 17 18 31 32 33 34 35 36 25 26 27 28 29 30 43 44 45 46 47 48 37 38 39 40 41 42 55 56 57 58 59 60 49 50 51 52 53 54 67 68 69 70 71 61 62 63 64 65 79 80 82 73 74 76 91 85 
73 127 64 51 85 118 105 139 42 76 62 63 97 96 130 116 117 149 53 54 88 74 75 109 107 108 142 128 129 155 65 66 100 86 87 121 119 120 151 140 141 19 77 78 112 98 99 133 131 132 11 150 3 31 89 90 124 110 111 144 143 1 22 9 10 43 101 102 136 122 123 152 4 5 34 20 21 55 113 114 147 134 135 156 12 13 46 32 33 67 125 126 154 145 146 25 23 24 58 44 45 79 137 138 16 153 6 37 35 36 70 56 57 91 148 2 28 14 15 49 47 48 82 68 69 103 7 8 40 26 27 61 59 60 94 80 81 115 17 18 52 38 39 71 72 106 92 93 29 30 50 83 84 104 41 95 
74 104 65 85 86 95 115 116 76 77 63 97 98 106 107 93 127 128 54 88 89 75 109 110 84 118 119 105 139 140 66 100 101 87 121 122 96 130 131 117 149 150 78 112 113 99 133 134 108 142 143 129 155 9 90 124 125 111 144 145 120 151 4 141 19 20 102 136 137 123 152 153 132 11 12 3 31 32 114 147 148 135 156 14 1 22 23 10 43 44 126 154 7 146 25 26 5 34 35 21 55 56 138 16 17 6 37 38 13 46 47 33 67 68 2 28 29 15 49 50 24 58 59 45 79 80 8 40 41 27 61 62 36 70 71 57 91 92 18 52 53 39 73 48 82 83 69 103 30 64 51 60 94 81 42 72 
75 81 66 86 87 72 92 93 77 78 97 98 99 83 84 103 104 105 88 89 90 109 110 111 94 95 96 115 116 117 100 101 102 121 122 123 106 107 108 127 128 129 112 113 114 133 134 135 118 119 120 139 140 141 124 125 126 144 145 146 130 131 132 149 150 3 136 137 138 152 153 6 142 143 1 155 9 10 147 148 2 156 14 15 151 4 5 19 20 21 154 7 8 25 26 27 11 12 13 31 32 33 16 17 18 37 38 39 22 23 24 43 44 45 28 29 30 49 50 51 34 35 36 55 56 57 40 41 42 61 62 63 46 47 48 67 68 69 52 53 54 73 74 58 59 60 79 80 64 65 85 70 71 91 76 82 
76 106 85 54 88 115 84 118 63 97 65 66 100 93 127 95 96 130 74 75 109 77 78 112 104 105 139 107 108 142 86 87 121 89 90 124 116 117 149 119 120 151 98 99 133 101 102 136 128 129 155 131 132 11 110 111 144 113 114 147 140 141 19 143 1 22 122 123 152 125 126 154 150 3 31 4 5 34 134 135 156 137 138 16 9 10 43 12 13 46 145 146 25 148 2 28 20 21 55 23 24 58 153 6 37 7 8 40 32 33 67 35 36 70 14 15 49 17 18 52 44 45 79 47 48 82 26 27 61 29 30 64 56 57 91 59 60 94 38 39 73 41 42 68 69 103 71 72 50 51 53 80 81 83 62 92 
77 83 86 88 89 92 94 95 97 98 66 100 101 103 104 72 106 107 75 109 110 78 112 113 81 115 116 84 118 119 87 121 122 90 124 125 93 127 128 96 130 131 99 133 134 102 136 137 105 139 140 108 142 143 111 144 145 114 147 148 117 149 150 120 151 4 123 152 153 126 154 7 129 155 9 132 11 12 135 156 14 138 16 17 141 19 20 1 22 23 146 25 26 2 28 29 3 31 32 5 34 35 6 37 38 8 40 41 10 43 44 13 46 47 15 49 50 18 52 53 21 55 56 24 58 59 27 61 62 30 64 65 33 67 68 36 70 71 39 73 74 42 76 45 79 80 48 82 51 85 54 57 91 60 63 69 
78 60 87 89 90 69 71 72 98 99 100 101 102 80 81 82 83 84 109 110 111 112 113 114 91 92 93 94 95 96 121 122 123 124 125 126 103 104 105 106 107 108 133 134 135 136 137 138 115 116 117 118 119 120 144 145 146 147 148 2 127 128 129 130 131 132 152 153 6 154 7 8 139 140 141 142 143 1 156 14 15 16 17 18 149 150 3 151 4 5 25 26 27 28 29 30 155 9 10 11 12 13 37 38 39 40 41 42 19 20 21 22 23 24 49 50 51 52 53 54 31 32 33 34 35 36 61 62 63 64 65 66 43 44 45 46 47 48 73 74 75 76 77 55 56 57 58 59 85 86 88 67 68 70 97 79 
79 121 70 57 91 112 99 133 48 82 68 69 103 90 124 110 111 144 59 60 94 80 81 115 101 102 136 122 123 152 71 72 106 92 93 127 113 114 147 134 135 156 83 84 118 104 105 139 125 126 154 145 146 25 95 96 130 116 117 149 137 138 16 153 6 37 107 108 142 128 129 155 148 2 28 14 15 49 119 120 151 140 141 19 7 8 40 26 27 61 131 132 11 150 3 31 17 18 52 38 39 73 143 1 22 9 10 43 29 30 64 50 51 85 4 5 34 20 21 55 41 42 76 62 63 97 12 13 46 32 33 67 53 54 88 74 75 109 23 24 58 44 45 65 66 100 86 87 35 36 56 77 78 98 47 89 
80 98 71 91 92 89 109 110 82 83 69 103 104 100 101 87 121 122 60 94 95 81 115 116 78 112 113 99 133 134 72 106 107 93 127 128 90 124 125 111 144 145 84 118 119 105 139 140 102 136 137 123 152 153 96 130 131 117 149 150 114 147 148 135 156 14 108 142 143 129 155 9 126 154 7 146 25 26 120 151 4 141 19 20 138 16 17 6 37 38 132 11 12 3 31 32 2 28 29 15 49 50 1 22 23 10 43 44 8 40 41 27 61 62 5 34 35 21 55 56 18 52 53 39 73 74 13 46 47 33 67 68 30 64 65 51 85 86 24 58 59 45 79 42 76 77 63 97 36 70 57 54 88 75 48 66 
81 75 72 92 93 66 86 87 83 84 103 104 105 77 78 97 98 99 94 95 96 115 116 117 88 89 90 109 110 111 106 107 108 127 128 129 100 101 102 121 122 123 118 119 120 139 140 141 112 113 114 133 134 135 130 131 132 149 150 3 124 125 126 144 145 146 142 143 1 155 9 10 136 137 138 152 153 6 151 4 5 19 20 21 147 148 2 156 14 15 11 12 13 31 32 33 154 7 8 25 26 27 22 23 24 43 44 45 16 17 18 37 38 39 34 35 36 55 56 57 28 29 30 49 50 51 46 47 48 67 68 69 40 41 42 61 62 63 58 59 60 79 80 52 53 54 73 74 70 71 91 64 65 85 82 76 
82 100 91 60 94 109 78 112 69 103 71 72 106 87 121 89 90 124 80 81 115 83 84 118 98 99 133 101 102 136 92 93 127 95 96 130 110 111 144 113 114 147 104 105 139 107 108 142 122 123 152 125 126 154 116 117 149 119 120 151 134 135 156 137 138 16 128 129 155 131 132 11 145 146 25 148 2 28 140 141 19 143 1 22 153 6 37 7 8 40 150 3 31 4 5 34 14 15 49 17 18 52 9 10 43 12 13 46 26 27 61 29 30 64 20 21 55 23 24 58 38 39 73 41 42 76 32 33 67 35 36 70 50 51 85 53 54 88 44 45 79 47 48 62 63 97 65 66 56 57 59 74 75 77 68 86 
83 77 92 94 95 86 88 89 103 104 72 106 107 97 98 66 100 101 81 115 116 84 118 119 75 109 110 78 112 113 93 127 128 96 130 131 87 121 122 90 124 125 105 139 140 108 142 143 99 133 134 102 136 137 117 149 150 120 151 4 111 144 145 114 147 148 129 155 9 132 11 12 123 152 153 126 154 7 141 19 20 1 22 23 135 156 14 138 16 17 3 31 32 5 34 35 146 25 26 2 28 29 10 43 44 13 46 47 6 37 38 8 40 41 21 55 56 24 58 59 15 49 50 18 52 53 33 67 68 36 70 71 27 61 62 30 64 65 45 79 80 48 82 39 73 74 42 76 57 91 60 51 85 54 69 63 
84 54 93 95 96 63 65 66 104 105 106 107 108 74 75 76 77 78 115 116 117 118 119 120 85 86 87 88 89 90 127 128 129 130 131 132 97 98 99 100 101 102 139 140 141 142 143 1 109 110 111 112 113 114 149 150 3 151 4 5 121 122 123 124 125 126 155 9 10 11 12 13 133 134 135 136 137 138 19 20 21 22 23 24 144 145 146 147 148 2 31 32 33 34 35 36 152 153 6 154 7 8 43 44 45 46 47 48 156 14 15 16 17 18 55 56 57 58 59 60 25 26 27 28 29 30 67 68 69 70 71 72 37 38 39 40 41 42 79 80 81 82 83 49 50 51 52 53 91 92 94 61 62 64 103 73 
85 115 76 63 97 106 93 127 54 88 74 75 109 84 118 104 105 139 65 66 100 86 87 121 95 96 130 116 117 149 77 78 112 98 99 133 107 108 142 128 129 155 89 90 124 110 111 144 119 120 151 140 141 19 101 102 136 122 123 152 131 132 11 150 3 31 113 114 147 134 135 156 143 1 22 9 10 43 125 126 154 145 146 25 4 5 34 20 21 55 137 138 16 153 6 37 12 13 46 32 33 67 148 2 28 14 15 49 23 24 58 44 45 79 7 8 40 26 27 61 35 36 70 56 57 91 17 18 52 38 39 73 47 48 82 68 69 103 29 30 64 50 51 59 60 94 80 81 41 42 62 71 72 92 53 83 
86 92 77 97 98 83 103 104 88 89 75 109 110 94 95 81 115 116 66 100 101 87 121 122 72 106 107 93 127 128 78 112 113 99 133 134 84 118 119 105 139 140 90 124 125 111 144 145 96 130 131 117 149 150 102 136 137 123 152 153 108 142 143 129 155 9 114 147 148 135 156 14 120 151 4 141 19 20 126 154 7 146 25 26 132 11 12 3 31 32 138 16 17 6 37 38 1 22 23 10 43 44 2 28 29 15 49 50 5 34 35 21 55 56 8 40 41 27 61 62 13 46 47 33 67 68 18 52 53 39 73 74 24 58 59 45 79 80 30 64 65 51 85 36 70 71 57 91 42 76 63 48 82 69 54 60 
87 69 78 98 99 60 80 81 89 90 109 110 111 71 72 91 92 93 100 101 102 121 122 123 82 83 84 103 104 105 112 113 114 133 134 135 94 95 96 115 116 117 124 125 126 144 145 146 106 107 108 127 128 129 136 137 138 152 153 6 118 119 120 139 140 141 147 148 2 156 14 15 130 131 132 149 150 3 154 7 8 25 26 27 142 143 1 155 9 10 16 17 18 37 38 39 151 4 5 19 20 21 28 29 30 49 50 51 11 12 13 31 32 33 40 41 42 61 62 63 22 23 24 43 44 45 52 53 54 73 74 75 34 35 36 55 56 57 64 65 66 85 86 46 47 48 67 68 76 77 97 58 59 79 88 70 
88 94 97 66 100 103 72 106 75 109 77 78 112 81 115 83 84 118 86 87 121 89 90 124 92 93 127 95 96 130 98 99 133 101 102 136 104 105 139 107 108 142 110 111 144 113 114 147 116 117 149 119 120 151 122 123 152 125 126 154 128 129 155 131 132 11 134 135 156 137 138 16 140 141 19 143 1 22 145 146 25 148 2 28 150 3 31 4 5 34 153 6 37 7 8 40 9 10 43 12 13 46 14 15 49 17 18 52 20 21 55 23 24 58 26 27 61 29 30 64 32 33 67 35 36 70 38 39 73 41 42 76 44 45 79 47 48 82 50 51 85 53 54 56 57 91 59 60 62 63 65 68 69 71 74 80 
89 71 98 100 101 80 82 83 109 110 78 112 113 91 92 60 94 95 87 121 122 90 124 125 69 103 104 72 106 107 99 133 134 102 136 137 81 115 116 84 118 119 111 144 145 114 147 148 93 127 128 96 130 131 123 152 153 126 154 7 105 139 140 108 142 143 135 156 14 138 16 17 117 149 150 120 151 4 146 25 26 2 28 29 129 155 9 132 11 12 6 37 38 8 40 41 141 19 20 1 22 23 15 49 50 18 52 53 3 31 32 5 34 35 27 61 62 30 64 65 10 43 44 13 46 47 39 73 74 42 76 77 21 55 56 24 58 59 51 85 86 54 88 33 67 68 36 70 63 97 66 45 79 48 75 57 
90 48 99 101 102 57 59 60 110 111 112 113 114 68 69 70 71 72 121 122 123 124 125 126 79 80 81 82 83 84 133 134 135 136 137 138 91 92 93 94 95 96 144 145 146 147 148 2 103 104 105 106 107 108 152 153 6 154 7 8 115 116 117 118 119 120 156 14 15 16 17 18 127 128 129 130 131 132 25 26 27 28 29 30 139 140 141 142 143 1 37 38 39 40 41 42 149 150 3 151 4 5 49 50 51 52 53 54 155 9 10 11 12 13 61 62 63 64 65 66 19 20 21 22 23 24 73 74 75 76 77 78 31 32 33 34 35 36 85 86 87 88 89 43 44 45 46 47 97 98 100 55 56 58 109 67 
91 109 82 69 103 100 87 121 60 94 80 81 115 78 112 98 99 133 71 72 106 92 93 127 89 90 124 110 111 144 83 84 118 104 105 139 101 102 136 122 123 152 95 96 130 116 117 149 113 114 147 134 135 156 107 108 142 128 129 155 125 126 154 145 146 25 119 120 151 140 141 19 137 138 16 153 6 37 131 132 11 150 3 31 148 2 28 14 15 49 143 1 22 9 10 43 7 8 40 26 27 61 4 5 34 20 21 55 17 18 52 38 39 73 12 13 46 32 33 67 29 30 64 50 51 85 23 24 58 44 45 79 41 42 76 62 63 97 35 36 70 56 57 53 54 88 74 75 47 48 68 65 66 86 59 77 
92 86 83 103 104 77 97 98 94 95 81 115 116 88 89 75 109 110 72 106 107 93 127 128 66 100 101 87 121 122 84 118 119 105 139 140 78 112 113 99 133 134 96 130 131 117 149 150 90 124 125 111 144 145 108 142 143 129 155 9 102 136 137 123 152 153 120 151 4 141 19 20 114 147 148 135 156 14 132 11 12 3 31 32 126 154 7 146 25 26 1 22 23 10 43 44 138 16 17 6 37 38 5 34 35 21 55 56 2 28 29 15 49 50 13 46 47 33 67 68 8 40 41 27 61 62 24 58 59 45 79 80 18 52 53 39 73 74 36 70 71 57 91 30 64 65 51 85 48 82 69 42 76 63 60 54 
93 63 84 104 105 54 74 75 95 96 115 116 117 65 66 85 86 87 106 107 108 127 128 129 76 77 78 97 98 99 118 119 120 139 140 141 88 89 90 109 110 111 130 131 132 149 150 3 100 101 102 121 122 123 142 143 1 155 9 10 112 113 114 133 134 135 151 4 5 19 20 21 124 125 126 144 145 146 11 12 13 31 32 33 136 137 138 152 153 6 22 23 24 43 44 45 147 148 2 156 14 15 34 35 36 55 56 57 154 7 8 25 26 27 46 47 48 67 68 69 16 17 18 37 38 39 58 59 60 79 80 81 28 29 30 49 50 51 70 71 72 91 92 40 41 42 61 62 82 83 103 52 53 73 94 64 
94 88 103 72 106 97 66 100 81 115 83 84 118 75 109 77 78 112 92 93 127 95 96 130 86 87 121 89 90 124 104 105 139 107 108 142 98 99 133 101 102 136 116 117 149 119 120 151 110 111 144 113 114 147 128 129 155 131 132 11 122 123 152 125 126 154 140 141 19 143 1 22 134 135 156 137 138 16 150 3 31 4 5 34 145 146 25 148 2 28 9 10 43 12 13 46 153 6 37 7 8 40 20 21 55 23 24 58 14 15 49 17 18 52 32 33 67 35 36 70 26 27 61 29 30 64 44 45 79 47 48 82 38 39 73 41 42 76 56 57 91 59 60 50 51 85 53 54 68 69 71 62 63 65 80 74 
95 65 104 106 107 74 76 77 115 116 84 118 119 85 86 54 88 89 93 127 128 96 130 131 63 97 98 66 100 101 105 139 140 108 142 143 75 109 110 78 112 113 117 149 150 120 151 4 87 121 122 90 124 125 129 155 9 132 11 12 99 133 134 102 136 137 141 19 20 1 22 23 111 144 145 114 147 148 3 31 32 5 34 35 123 152 153 126 154 7 10 43 44 13 46 47 135 156 14 138 16 17 21 55 56 24 58 59 146 25 26 2 28 29 33 67 68 36 70 71 6 37 38 8 40 41 45 79 80 48 82 83 15 49 50 18 52 53 57 91 92 60 94 27 61 62 30 64 69 103 72 39 73 42 81 51 
96 42 105 107 108 51 53 54 116 117 118 119 120 62 63 64 65 66 127 128 129 130 131 132 73 74 75 76 77 78 139 140 141 142 143 1 85 86 87 88 89 90 149 150 3 151 4 5 97 98 99 100 101 102 155 9 10 11 12 13 109 110 111 112 113 114 19 20 21 22 23 24 121 122 123 124 125 126 31 32 33 34 35 36 133 134 135 136 137 138 43 44 45 46 47 48 144 145 146 147 148 2 55 56 57 58 59 60 152 153 6 154 7 8 67 68 69 70 71 72 156 14 15 16 17 18 79 80 81 82 83 84 25 26 27 28 29 30 91 92 93 94 95 37 38 39 40 41 103 104 106 49 50 52 115 61 
97 103 88 75 109 94 81 115 66 100 86 87 121 72 106 92 93 127 77 78 112 98 99 133 83 84 118 104 105 139 89 90 124 110 111 144 95 96 130 116 117 149 101 102 136 122 123 152 107 108 142 128 129 155 113 114 147 134 135 156 119 120 151 140 141 19 125 126 154 145 146 25 131 132 11 150 3 31 137 138 16 153 6 37 143 1 22 9 10 43 148 2 28 14 15 49 4 5 34 20 21 55 7 8 40 26 27 61 12 13 46 32 33 67 17 18 52 38 39 73 23 24 58 44 45 79 29 30 64 50 51 85 35 36 70 56 57 91 41 42 76 62 63 47 48 82 68 69 53 54 74 59 60 80 65 71 
98 80 89 109 110 71 91 92 100 101 87 121 122 82 83 69 103 104 78 112 113 99 133 134 60 94 95 81 115 116 90 124 125 111 144 145 72 106 107 93 127 128 102 136 137 123 152 153 84 118 119 105 139 140 114 147 148 135 156 14 96 130 131 117 149 150 126 154 7 146 25 26 108 142 143 129 155 9 138 16 17 6 37 38 120 151 4 141 19 20 2 28 29 15 49 50 132 11 12 3 31 32 8 40 41 27 61 62 1 22 23 10 43 44 18 52 53 39 73 74 5 34 35 21 55 56 30 64 65 51 85 86 13 46 47 33 67 68 42 76 77 63 97 24 58 59 45 79 54 88 75 36 70 57 66 48 
99 57 90 110 111 48 68 69 101 102 121 122 123 59 60 79 80 81 112 113 114 133 134 135 70 71 72 91 92 93 124 125 126 144 145 146 82 83 84 103 104 105 136 137 138 152 153 6 94 95 96 115 116 117 147 148 2 156 14 15 106 107 108 127 128 129 154 7 8 25 26 27 118 119 120 139 140 141 16 17 18 37 38 39 130 131 132 149 150 3 28 29 30 49 50 51 142 143 1 155 9 10 40 41 42 61 62 63 151 4 5 19 20 21 52 53 54 73 74 75 11 12 13 31 32 33 64 65 66 85 86 87 22 23 24 43 44 45 76 77 78 97 98 34 35 36 55 56 88 89 109 46 47 67 100 58 
100 82 109 78 112 91 60 94 87 121 89 90 124 69 103 71 72 106 98 99 133 101 102 136 80 81 115 83 84 118 110 111 144 113 114 147 92 93 127 95 96 130 122 123 152 125 126 154 104 105 139 107 108 142 134 135 156 137 138 16 116 117 149 119 120 151 145 146 25 148 2 28 128 129 155 131 132 11 153 6 37 7 8 40 140 141 19 143 1 22 14 15 49 17 18 52 150 3 31 4 5 34 26 27 61 29 30 64 9 10 43 12 13 46 38 39 73 41 42 76 20 21 55 23 24 58 50 51 85 53 54 88 32 33 67 35 36 70 62 63 97 65 66 44 45 79 47 48 74 75 77 56 57 59 86 68 
101 59 110 112 113 68 70 71 121 122 90 124 125 79 80 48 82 83 99 133 134 102 136 137 57 91 92 60 94 95 111 144 145 114 147 148 69 103 104 72 106 107 123 152 153 126 154 7 81 115 116 84 118 119 135 156 14 138 16 17 93 127 128 96 130 131 146 25 26 2 28 29 105 139 140 108 142 143 6 37 38 8 40 41 117 149 150 120 151 4 15 49 50 18 52 53 129 155 9 132 11 12 27 61 62 30 64 65 141 19 20 1 22 23 39 73 74 42 76 77 3 31 32 5 34 35 51 85 86 54 88 89 10 43 44 13 46 47 63 97 98 66 100 21 55 56 24 58 75 109 78 33 67 36 87 45 
102 36 111 113 114 45 47 48 122 123 124 125 126 56 57 58 59 60 133 134 135 136 137 138 67 68 69 70 71 72 144 145 146 147 148 2 79 80 81 82 83 84 152 153 6 154 7 8 91 92 93 94 95 96 156 14 15 16 17 18 103 104 105 106 107 108 25 26 27 28 29 30 115 116 117 118 119 120 37 38 39 40 41 42 127 128 129 130 131 132 49 50 51 52 53 54 139 140 141 142 143 1 61 62 63 64 65 66 149 150 3 151 4 5 73 74 75 76 77 78 155 9 10 11 12 13 85 86 87 88 89 90 19 20 21 22 23 24 97 98 99 100 101 31 32 33 34 35 109 110 112 43 44 46 121 55 
103 97 94 81 115 88 75 109 72 106 92 93 127 66 100 86 87 121 83 84 118 104 105 139 77 78 112 98 99 133 95 96 130 116 117 149 89 90 124 110 111 144 107 108 142 128 129 155 101 102 136 122 123 152 119 120 151 140 141 19 113 114 147 134 135 156 131 132 11 150 3 31 125 126 154 145 146 25 143 1 22 9 10 43 137 138 16 153 6 37 4 5 34 20 21 55 148 2 28 14 15 49 12 13 46 32 33 67 7 8 40 26 27 61 23 24 58 44 45 79 17 18 52 38 39 73 35 36 70 56 57 91 29 30 64 50 51 85 47 48 82 68 69 41 42 76 62 63 59 60 80 53 54 74 71 65 
104 74 95 115 116 65 85 86 106 107 93 127 128 76 77 63 97 98 84 118 119 105 139 140 54 88 89 75 109 110 96 130 131 117 149 150 66 100 101 87 121 122 108 142 143 129 155 9 78 112 113 99 133 134 120 151 4 141 19 20 90 124 125 111 144 145 132 11 12 3 31 32 102 136 137 123 152 153 1 22 23 10 43 44 114 147 148 135 156 14 5 34 35 21 55 56 126 154 7 146 25 26 13 46 47 33 67 68 138 16 17 6 37 38 24 58 59 45 79 80 2 28 29 15 49 50 36 70 71 57 91 92 8 40 41 27 61 62 48 82 83 69 103 18 52 53 39 73 60 94 81 30 64 51 72 42 
105 51 96 116 117 42 62 63 107 108 127 128 129 53 54 73 74 75 118 119 120 139 140 141 64 65 66 85 86 87 130 131 132 149 150 3 76 77 78 97 98 99 142 143 1 155 9 10 88 89 90 109 110 111 151 4 5 19 20 21 100 101 102 121 122 123 11 12 13 31 32 33 112 113 114 133 134 135 22 23 24 43 44 45 124 125 126 144 145 146 34 35 36 55 56 57 136 137 138 152 153 6 46 47 48 67 68 69 147 148 2 156 14 15 58 59 60 79 80 81 154 7 8 25 26 27 70 71 72 91 92 93 16 17 18 37 38 39 82 83 84 103 104 28 29 30 49 50 94 95 115 40 41 61 106 52 
106 76 115 84 118 85 54 88 93 127 95 96 130 63 97 65 66 100 104 105 139 107 108 142 74 75 109 77 78 112 116 117 149 119 120 151 86 87 121 89 90 124 128 129 155 131 132 11 98 99 133 101 102 136 140 141 19 143 1 22 110 111 144 113 114 147 150 3 31 4 5 34 122 123 152 125 126 154 9 10 43 12 13 46 134 135 156 137 138 16 20 21 55 23 24 58 145 146 25 148 2 28 32 33 67 35 36 70 153 6 37 7 8 40 44 45 79 47 48 82 14 15 49 17 18 52 56 57 91 59 60 94 26 27 61 29 30 64 68 69 103 71 72 38 39 73 41 42 80 81 83 50 51 53 92 62 
107 53 116 118 119 62 64 65 127 128 96 130 131 73 74 42 76 77 105 139 140 108 142 143 51 85 86 54 88 89 117 149 150 120 151 4 63 97 98 66 100 101 129 155 9 132 11 12 75 109 110 78 112 113 141 19 20 1 22 23 87 121 122 90 124 125 3 31 32 5 34 35 99 133 134 102 136 137 10 43 44 13 46 47 111 144 145 114 147 148 21 55 56 24 58 59 123 152 153 126 154 7 33 67 68 36 70 71 135 156 14 138 16 17 45 79 80 48 82 83 146 25 26 2 28 29 57 91 92 60 94 95 6 37 38 8 40 41 69 103 104 72 106 15 49 50 18 52 81 115 84 27 61 30 93 39 
108 30 117 119 120 39 41 42 128 129 130 131 132 50 51 52 53 54 139 140 141 142 143 1 61 62 63 64 65 66 149 150 3 151 4 5 73 74 75 76 77 78 155 9 10 11 12 13 85 86 87 88 89 90 19 20 21 22 23 24 97 98 99 100 101 102 31 32 33 34 35 36 109 110 111 112 113 114 43 44 45 46 47 48 121 122 123 124 125 126 55 56 57 58 59 60 133 134 135 136 137 138 67 68 69 70 71 72 144 145 146 147 148 2 79 80 81 82 83 84 152 153 6 154 7 8 91 92 93 94 95 96 156 14 15 16 17 18 103 104 105 106 107 25 26 27 28 29 115 116 118 37 38 40 127 49 
109 91 100 87 121 82 69 103 78 112 98 99 133 60 94 80 81 115 89 90 124 110 111 144 71 72 106 92 93 127 101 102 136 122 123 152 83 84 118 104 105 139 113 114 147 134 135 156 95 96 130 116 117 149 125 126 154 145 146 25 107 108 142 128 129 155 137 138 16 153 6 37 119 120 151 140 141 19 148 2 28 14 15 49 131 132 11 150 3 31 7 8 40 26 27 61 143 1 22 9 10 43 17 18 52 38 39 73 4 5 34 20 21 55 29 30 64 50 51 85 12 13 46 32 33 67 41 42 76 62 63 97 23 24 58 44 45 79 53 54 88 74 75 35 36 70 56 57 65 66 86 47 48 68 77 59 
110 68 101 121 122 59 79 80 112 113 99 133 134 70 71 57 91 92 90 124 125 111 144 145 48 82 83 69 103 104 102 136 137 123 152 153 60 94 95 81 115 116 114 147 148 135 156 14 72 106 107 93 127 128 126 154 7 146 25 26 84 118 119 105 139 140 138 16 17 6 37 38 96 130 131 117 149 150 2 28 29 15 49 50 108 142 143 129 155 9 8 40 41 27 61 62 120 151 4 141 19 20 18 52 53 39 73 74 132 11 12 3 31 32 30 64 65 51 85 86 1 22 23 10 43 44 42 76 77 63 97 98 5 34 35 21 55 56 54 88 89 75 109 13 46 47 33 67 66 100 87 24 58 45 78 36 
111 45 102 122 123 36 56 57 113 114 133 134 135 47 48 67 68 69 124 125 126 144 145 146 58 59 60 79 80 81 136 137 138 152 153 6 70 71 72 91 92 93 147 148 2 156 14 15 82 83 84 103 104 105 154 7 8 25 26 27 94 95 96 115 116 117 16 17 18 37 38 39 106 107 108 127 128 129 28 29 30 49 50 51 118 119 120 139 140 141 40 41 42 61 62 63 130 131 132 149 150 3 52 53 54 73 74 75 142 143 1 155 9 10 64 65 66 85 86 87 151 4 5 19 20 21 76 77 78 97 98 99 11 12 13 31 32 33 88 89 90 109 110 22 23 24 43 44 100 101 121 34 35 55 112 46 
112 70 121 90 124 79 48 82 99 133 101 102 136 57 91 59 60 94 110 111 144 113 114 147 68 69 103 71 72 106 122 123 152 125 126 154 80 81 115 83 84 118 134 135 156 137 138 16 92 93 127 95 96 130 145 146 25 148 2 28 104 105 139 107 108 142 153 6 37 7 8 40 116 117 149 119 120 151 14 15 49 17 18 52 128 129 155 131 132 11 26 27 61 29 30 64 140 141 19 143 1 22 38 39 73 41 42 76 150 3 31 4 5 34 50 51 85 53 54 88 9 10 43 12 13 46 62 63 97 65 66 100 20 21 55 23 24 58 74 75 109 77 78 32 33 67 35 36 86 87 89 44 45 47 98 56 
113 47 122 124 125 56 58 59 133 134 102 136 137 67 68 36 70 71 111 144 145 114 147 148 45 79 80 48 82 83 123 152 153 126 154 7 57 91 92 60 94 95 135 156 14 138 16 17 69 103 104 72 106 107 146 25 26 2 28 29 81 115 116 84 118 119 6 37 38 8 40 41 93 127 128 96 130 131 15 49 50 18 52 53 105 139 140 108 142 143 27 61 62 30 64 65 117 149 150 120 151 4 39 73 74 42 76 77 129 155 9 132 11 12 51 85 86 54 88 89 141 19 20 1 22 23 63 97 98 66 100 101 3 31 32 5 34 35 75 109 110 78 112 10 43 44 13 46 87 121 90 21 55 24 99 33 
114 24 123 125 126 33 35 36 134 135 136 137 138 44 45 46 47 48 144 145 146 147 148 2 55 56 57 58 59 60 152 153 6 154 7 8 67 68 69 70 71 72 156 14 15 16 17 18 79 80 81 82 83 84 25 26 27 28 29 30 91 92 93 94 95 96 37 38 39 40 41 42 103 104 105 106 107 108 49 50 51 52 53 54 115 116 117 118 119 120 61 62 63 64 65 66 127 128 129 130 131 132 73 74 75 76 77 78 139 140 141 142 143 1 85 86 87 88 89 90 149 150 3 151 4 5 97 98 99 100 101 102 155 9 10 11 12 13 109 110 111 112 113 19 20 21 22 23 121 122 124 31 32 34 133 43 
115 85 106 93 127 76 63 97 84 118 104 105 139 54 88 74 75 109 95 96 130 116 117 149 65 66 100 86 87 121 107 108 142 128 129 155 77 78 112 98 99 133 119 120 151 140 141 19 89 90 124 110 111 144 131 132 11 150 3 31 101 102 136 122 123 152 143 1 22 9 10 43 113 114 147 134 135 156 4 5 34 20 21 55 125 126 154 145 146 25 12 13 46 32 33 67 137 138 16 153 6 37 23 24 58 44 45 79 148 2 28 14 15 49 35 36 70 56 57 91 7 8 40 26 27 61 47 48 82 68 69 103 17 18 52 38 39 73 59 60 94 80 81 29 30 64 50 51 71 72 92 41 42 62 83 53 
116 62 107 127 128 53 73 74 118 119 105 139 140 64 65 51 85 86 96 130 131 117 149 150 42 76 77 63 97 98 108 142 143 129 155 9 54 88 89 75 109 110 120 151 4 141 19 20 66 100 101 87 121 122 132 11 12 3 31 32 78 112 113 99 133 134 1 22 23 10 43 44 90 124 125 111 144 145 5 34 35 21 55 56 102 136 137 123 152 153 13 46 47 33 67 68 114 147 148 135 156 14 24 58 59 45 79 80 126 154 7 146 25 26 36 70 71 57 91 92 138 16 17 6 37 38 48 82 83 69 103 104 2 28 29 15 49 50 60 94 95 81 115 8 40 41 27 61 72 106 93 18 52 39 84 30 
117 39 108 128 129 30 50 51 119 120 139 140 141 41 42 61 62 63 130 131 132 149 150 3 52 53 54 73 74 75 142 143 1 155 9 10 64 65 66 85 86 87 151 4 5 19 20 21 76 77 78 97 98 99 11 12 13 31 32 33 88 89 90 109 110 111 22 23 24 43 44 45 100 101 102 121 122 123 34 35 36 55 56 57 112 113 114 133 134 135 46 47 48 67 68 69 124 125 126 144 145 146 58 59 60 79 80 81 136 137 138 152 153 6 70 71 72 91 92 93 147 148 2 156 14 15 82 83 84 103 104 105 154 7 8 25 26 27 94 95 96 115 116 16 17 18 37 38 106 107 127 28 29 49 118 40 
118 64 127 96 130 73 42 76 105 139 107 108 142 51 85 53 54 88 116 117 149 119 120 151 62 63 97 65 66 100 128 129 155 131 132 11 74 75 109 77 78 112 140 141 19 143 1 22 86 87 121 89 90 124 150 3 31 4 5 34 98 99 133 101 102 136 9 10 43 12 13 46 110 111 144 113 114 147 20 21 55 23 24 58 122 123 152 125 126 154 32 33 67 35 36 70 134 135 156 137 138 16 44 45 79 47 48 82 145 146 25 148 2 28 56 57 91 59 60 94 153 6 37 7 8 40 68 69 103 71 72 106 14 15 49 17 18 52 80 81 115 83 84 26 27 61 29 30 92 93 95 38 39 41 104 50 
119 41 128 130 131 50 52 53 139 140 108 142 143 61 62 30 64 65 117 149 150 120 151 4 39 73 74 42 76 77 129 155 9 132 11 12 51 85 86 54 88 89 141 19 20 1 22 23 63 97 98 66 100 101 3 31 32 5 34 35 75 109 110 78 112 113 10 43 44 13 46 47 87 121 122 90 124 125 21 55 56 24 58 59 99 133 134 102 136 137 33 67 68 36 70 71 111 144 145 114 147 148 45 79 80 48 82 83 123 152 153 126 154 7 57 91 92 60 94 95 135 156 14 138 16 17 69 103 104 72 106 107 146 25 26 2 28 29 81 115 116 84 118 6 37 38 8 40 93 127 96 15 49 18 105 27 
120 18 129 131 132 27 29 30 140 141 142 143 1 38 39 40 41 42 149 150 3 151 4 5 49 50 51 52 53 54 155 9 10 11 12 13 61 62 63 64 65 66 19 20 21 22 23 24 73 74 75 76 77 78 31 32 33 34 35 36 85 86 87 88 89 90 43 44 45 46 47 48 97 98 99 100 101 102 55 56 57 58 59 60 109 110 111 112 113 114 67 68 69 70 71 72 121 122 123 124 125 126 79 80 81 82 83 84 133 134 135 136 137 138 91 92 93 94 95 96 144 145 146 147 148 2 103 104 105 106 107 108 152 153 6 154 7 8 115 116 117 118 119 156 14 15 16 17 127 128 130 25 26 28 139 37 
121 79 112 99 133 70 57 91 90 124 110 111 144 48 82 68 69 103 101 102 136 122 123 152 59 60 94 80 81 115 113 114 147 134 135 156 71 72 106 92 93 127 125 126 154 145 146 25 83 84 118 104 105 139 137 138 16 153 6 37 95 96 130 116 117 149 148 2 28 14 15 49 107 108 142 128 129 155 7 8 40 26 27 61 119 120 151 140 141 19 17 18 52 38 39 73 131 132 11 150 3 31 29 30 64 50 51 85 143 1 22 9 10 43 41 42 76 62 63 97 4 5 34 20 21 55 53 54 88 74 75 109 12 13 46 32 33 67 65 66 100 86 87 23 24 58 44 45 77 78 98 35 36 56 89 47 
122 56 113 133 134 47 67 68 124 125 111 144 145 58 59 45 79 80 102 136 137 123 152 153 36 70 71 57 91 92 114 147 148 135 156 14 48 82 83 69 103 104 126 154 7 146 25 26 60 94 95 81 115 116 138 16 17 6 37 38 72 106 107 93 127 128 2 28 29 15 49 50 84 118 119 105 139 140 8 40 41 27 61 62 96 130 131 117 149 150 18 52 53 39 73 74 108 142 143 129 155 9 30 64 65 51 85 86 120 151 4 141 19 20 42 76 77 63 97 98 132 11 12 3 31 32 54 88 89 75 109 110 1 22 23 10 43 44 66 100 101 87 121 5 34 35 21 55 78 112 99 13 46 33 90 24 
123 33 114 134 135 24 44 45 125 126 144 145 146 35 36 55 56 57 136 137 138 152 153 6 46 47 48 67 68 69 147 148 2 156 14 15 58 59 60 79 80 81 154 7 8 25 26 27 70 71 72 91 92 93 16 17 18 37 38 39 82 83 84 103 104 105 28 29 30 49 50 51 94 95 96 115 116 117 40 41 42 61 62 63 106 107 108 127 128 129 52 53 54 73 74 75 118 119 120 139 140 141 64 65 66 85 86 87 130 131 132 149 150 3 76 77 78 97 98 99 142 143 1 155 9 10 88 89 90 109 110 111 151 4 5 19 20 21 100 101 102 121 122 11 12 13 31 32 112 113 133 22 23 43 124 34 
124 58 133 102 136 67 36 70 111 144 113 114 147 45 79 47 48 82 122 123 152 125 126 154 56 57 91 59 60 94 134 135 156 137 138 16 68 69 103 71 72 106 145 146 25 148 2 28 80 81 115 83 84 118 153 6 37 7 8 40 92 93 127 95 96 130 14 15 49 17 18 52 104 105 139 107 108 142 26 27 61 29 30 64 116 117 149 119 120 151 38 39 73 41 42 76 128 129 155 131 132 11 50 51 85 53 54 88 140 141 19 143 1 22 62 63 97 65 66 100 150 3 31 4 5 34 74 75 109 77 78 112 9 10 43 12 13 46 86 87 121 89 90 20 21 55 23 24 98 99 101 32 33 35 110 44 
125 35 134 136 137 44 46 47 144 145 114 147 148 55 56 24 58 59 123 152 153 126 154 7 33 67 68 36 70 71 135 156 14 138 16 17 45 79 80 48 82 83 146 25 26 2 28 29 57 91 92 60 94 95 6 37 38 8 40 41 69 103 104 72 106 107 15 49 50 18 52 53 81 115 116 84 118 119 27 61 62 30 64 65 93 127 128 96 130 131 39 73 74 42 76 77 105 139 140 108 142 143 51 85 86 54 88 89 117 149 150 120 151 4 63 97 98 66 100 101 129 155 9 132 11 12 75 109 110 78 112 113 141 19 20 1 22 23 87 121 122 90 124 3 31 32 5 34 99 133 102 10 43 13 111 21 
126 13 135 137 138 21 23 24 145 146 147 148 2 32 33 34 35 36 152 153 6 154 7 8 43 44 45 46 47 48 156 14 15 16 17 18 55 56 57 58 59 60 25 26 27 28 29 30 67 68 69 70 71 72 37 38 39 40 41 42 79 80 81 82 83 84 49 50 51 52 53 54 91 92 93 94 95 96 61 62 63 64 65 66 103 104 105 106 107 108 73 74 75 76 77 78 115 116 117 118 119 120 85 86 87 88 89 90 127 128 129 130 131 132 97 98 99 100 101 102 139 140 141 142 143 1 109 110 111 112 113 114 149 150 3 151 4 5 121 122 123 124 125 155 9 10 11 12 133 134 136 19 20 22 144 31 
127 73 118 105 139 64 51 85 96 130 116 117 149 42 76 62 63 97 107 108 142 128 129 155 53 54 88 74 75 109 119 120 151 140 141 19 65 66 100 86 87 121 131 132 11 150 3 31 77 78 112 98 99 133 143 1 22 9 10 43 89 90 124 110 111 144 4 5 34 20 21 55 101 102 136 122 123 152 12 13 46 32 33 67 113 114 147 134 135 156 23 24 58 44 45 79 125 126 154 145 146 25 35 36 70 56 57 91 137 138 16 153 6 37 47 48 82 68 69 103 148 2 28 14 15 49 59 60 94 80 81 115 7 8 40 26 27 61 71 72 106 92 93 17 18 52 38 39 83 84 104 29 30 50 95 41 
128 50 119 139 140 41 61 62 130 131 117 149 150 52 53 39 73 74 108 142 143 129 155 9 30 64 65 51 85 86 120 151 4 141 19 20 42 76 77 63 97 98 132 11 12 3 31 32 54 88 89 75 109 110 1 22 23 10 43 44 66 100 101 87 121 122 5 34 35 21 55 56 78 112 113 99 133 134 13 46 47 33 67 68 90 124 125 111 144 145 24 58 59 45 79 80 102 136 137 123 152 153 36 70 71 57 91 92 114 147 148 135 156 14 48 82 83 69 103 104 126 154 7 146 25 26 60 94 95 81 115 116 138 16 17 6 37 38 72 106 107 93 127 2 28 29 15 49 84 118 105 8 40 27 96 18 
129 27 120 140 141 18 38 39 131 132 149 150 3 29 30 49 50 51 142 143 1 155 9 10 40 41 42 61 62 63 151 4 5 19 20 21 52 53 54 73 74 75 11 12 13 31 32 33 64 65 66 85 86 87 22 23 24 43 44 45 76 77 78 97 98 99 34 35 36 55 56 57 88 89 90 109 110 111 46 47 48 67 68 69 100 101 102 121 122 123 58 59 60 79 80 81 112 113 114 133 134 135 70 71 72 91 92 93 124 125 126 144 145 146 82 83 84 103 104 105 136 137 138 152 153 6 94 95 96 115 116 117 147 148 2 156 14 15 106 107 108 127 128 154 7 8 25 26 118 119 139 16 17 37 130 28 
130 52 139 108 142 61 30 64 117 149 119 120 151 39 73 41 42 76 128 129 155 131 132 11 50 51 85 53 54 88 140 141 19 143 1 22 62 63 97 65 66 100 150 3 31 4 5 34 74 75 109 77 78 112 9 10 43 12 13 46 86 87 121 89 90 124 20 21 55 23 24 58 98 99 133 101 102 136 32 33 67 35 36 70 110 111 144 113 114 147 44 45 79 47 48 82 122 123 152 125 126 154 56 57 91 59 60 94 134 135 156 137 138 16 68 69 103 71 72 106 145 146 25 148 2 28 80 81 115 83 84 118 153 6 37 7 8 40 92 93 127 95 96 14 15 49 17 18 104 105 107 26 27 29 116 38 
131 29 140 142 143 38 40 41 149 150 120 151 4 49 50 18 52 53 129 155 9 132 11 12 27 61 62 30 64 65 141 19 20 1 22 23 39 73 74 42 76 77 3 31 32 5 34 35 51 85 86 54 88 89 10 43 44 13 46 47 63 97 98 66 100 101 21 55 56 24 58 59 75 109 110 78 112 113 33 67 68 36 70 71 87 121 122 90 124 125 45 79 80 48 82 83 99 133 134 102 136 137 57 91 92 60 94 95 111 144 145 114 147 148 69 103 104 72 106 107 123 152 153 126 154 7 81 115 116 84 118 119 135 156 14 138 16 17 93 127 128 96 130 146 25 26 2 28 105 139 108 6 37 8 117 15 
132 8 141 143 1 15 17 18 150 3 151 4 5 26 27 28 29 30 155 9 10 11 12 13 37 38 39 40 41 42 19 20 21 22 23 24 49 50 51 52 53 54 31 32 33 34 35 36 61 62 63 64 65 66 43 44 45 46 47 48 73 74 75 76 77 78 55 56 57 58 59 60 85 86 87 88 89 90 67 68 69 70 71 72 97 98 99 100 101 102 79 80 81 82 83 84 109 110 111 112 113 114 91 92 93 94 95 96 121 122 123 124 125 126 103 104 105 106 107 108 133 134 135 136 137 138 115 116 117 118 119 120 144 145 146 147 148 2 127 128 129 130 131 152 153 6 154 7 139 140 142 156 14 16 149 25 
133 67 124 111 144 58 45 79 102 136 122 123 152 36 70 56 57 91 113 114 147 134 135 156 47 48 82 68 69 103 125 126 154 145 146 25 59 60 94 80 81 115 137 138 16 153 6 37 71 72 106 92 93 127 148 2 28 14 15 49 83 84 118 104 105 139 7 8 40 26 27 61 95 96 130 116 117 149 17 18 52 38 39 73 107 108 142 128 129 155 29 30 64 50 51 85 119 120 151 140 141 19 41 42 76 62 63 97 131 132 11 150 3 31 53 54 88 74 75 109 143 1 22 9 10 43 65 66 100 86 87 121 4 5 34 20 21 55 77 78 112 98 99 12 13 46 32 33 89 90 110 23 24 44 101 35 
134 44 125 144 145 35 55 56 136 137 123 152 153 46 47 33 67 68 114 147 148 135 156 14 24 58 59 45 79 80 126 154 7 146 25 26 36 70 71 57 91 92 138 16 17 6 37 38 48 82 83 69 103 104 2 28 29 15 49 50 60 94 95 81 115 116 8 40 41 27 61 62 72 106 107 93 127 128 18 52 53 39 73 74 84 118 119 105 139 140 30 64 65 51 85 86 96 130 131 117 149 150 42 76 77 63 97 98 108 142 143 129 155 9 54 88 89 75 109 110 120 151 4 141 19 20 66 100 101 87 121 122 132 11 12 3 31 32 78 112 113 99 133 1 22 23 10 43 90 124 111 5 34 21 102 13 
135 21 126 145 146 13 32 33 137 138 152 153 6 23 24 43 44 45 147 148 2 156 14 15 34 35 36 55 56 57 154 7 8 25 26 27 46 47 48 67 68 69 16 17 18 37 38 39 58 59 60 79 80 81 28 29 30 49 50 51 70 71 72 91 92 93 40 41 42 61 62 63 82 83 84 103 104 105 52 53 54 73 74 75 94 95 96 115 116 117 64 65 66 85 86 87 106 107 108 127 128 129 76 77 78 97 98 99 118 119 120 139 140 141 88 89 90 109 110 111 130 131 132 149 150 3 100 101 102 121 122 123 142 143 1 155 9 10 112 113 114 133 134 151 4 5 19 20 124 125 144 11 12 31 136 22 
136 46 144 114 147 55 24 58 123 152 125 126 154 33 67 35 36 70 134 135 156 137 138 16 44 45 79 47 48 82 145 146 25 148 2 28 56 57 91 59 60 94 153 6 37 7 8 40 68 69 103 71 72 106 14 15 49 17 18 52 80 81 115 83 84 118 26 27 61 29 30 64 92 93 127 95 96 130 38 39 73 41 42 76 104 105 139 107 108 142 50 51 85 53 54 88 116 117 149 119 120 151 62 63 97 65 66 100 128 129 155 131 132 11 74 75 109 77 78 112 140 141 19 143 1 22 86 87 121 89 90 124 150 3 31 4 5 34 98 99 133 101 102 9 10 43 12 13 110 111 113 20 21 23 122 32 
137 23 145 147 148 32 34 35 152 153 126 154 7 43 44 13 46 47 135 156 14 138 16 17 21 55 56 24 58 59 146 25 26 2 28 29 33 67 68 36 70 71 6 37 38 8 40 41 45 79 80 48 82 83 15 49 50 18 52 53 57 91 92 60 94 95 27 61 62 30 64 65 69 103 104 72 106 107 39 73 74 42 76 77 81 115 116 84 118 119 51 85 86 54 88 89 93 127 128 96 130 131 63 97 98 66 100 101 105 139 140 108 142 143 75 109 110 78 112 113 117 149 150 120 151 4 87 121 122 90 124 125 129 155 9 132 11 12 99 133 134 102 136 141 19 20 1 22 111 144 114 3 31 5 123 10 
138 5 146 148 2 10 12 13 153 6 154 7 8 20 21 22 23 24 156 14 15 16 17 18 31 32 33 34 35 36 25 26 27 28 29 30 43 44 45 46 47 48 37 38 39 40 41 42 55 56 57 58 59 60 49 50 51 52 53 54 67 68 69 70 71 72 61 62 63 64 65 66 79 80 81 82 83 84 73 74 75 76 77 78 91 92 93 94 95 96 85 86 87 88 89 90 103 104 105 106 107 108 97 98 99 100 101 102 115 116 117 118 119 120 109 110 111 112 113 114 127 128 129 130 131 132 121 122 123 124 125 126 139 140 141 142 143 1 133 134 135 136 137 149 150 3 151 4 144 145 147 155 9 11 152 19 
139 61 130 117 149 52 39 73 108 142 128 129 155 30 64 50 51 85 119 120 151 140 141 19 41 42 76 62 63 97 131 132 11 150 3 31 53 54 88 74 75 109 143 1 22 9 10 43 65 66 100 86 87 121 4 5 34 20 21 55 77 78 112 98 99 133 12 13 46 32 33 67 89 90 124 110 111 144 23 24 58 44 45 79 101 102 136 122 123 152 35 36 70 56 57 91 113 114 147 134 135 156 47 48 82 68 69 103 125 126 154 145 146 25 59 60 94 80 81 115 137 138 16 153 6 37 71 72 106 92 93 127 148 2 28 14 15 49 83 84 118 104 105 7 8 40 26 27 95 96 116 17 18 38 107 29 
140 38 131 149 150 29 49 50 142 143 129 155 9 40 41 27 61 62 120 151 4 141 19 20 18 52 53 39 73 74 132 11 12 3 31 32 30 64 65 51 85 86 1 22 23 10 43 44 42 76 77 63 97 98 5 34 35 21 55 56 54 88 89 75 109 110 13 46 47 33 67 68 66 100 101 87 121 122 24 58 59 45 79 80 78 112 113 99 133 134 36 70 71 57 91 92 90 124 125 111 144 145 48 82 83 69 103 104 102 136 137 123 152 153 60 94 95 81 115 116 114 147 148 135 156 14 72 106 107 93 127 128 126 154 7 146 25 26 84 118 119 105 139 138 16 17 6 37 96 130 117 2 28 15 108 8 
141 15 132 150 3 8 26 27 143 1 155 9 10 17 18 37 38 39 151 4 5 19 20 21 28 29 30 49 50 51 11 12 13 31 32 33 40 41 42 61 62 63 22 23 24 43 44 45 52 53 54 73 74 75 34 35 36 55 56 57 64 65 66 85 86 87 46 47 48 67 68 69 76 77 78 97 98 99 58 59 60 79 80 81 88 89 90 109 110 111 70 71 72 91 92 93 100 101 102 121 122 123 82 83 84 103 104 105 112 113 114 133 134 135 94 95 96 115 116 117 124 125 126 144 145 146 106 107 108 127 128 129 136 137 138 152 153 6 118 119 120 139 140 147 148 2 156 14 130 131 149 154 7 25 142 16 
142 40 149 120 151 49 18 52 129 155 131 132 11 27 61 29 30 64 140 141 19 143 1 22 38 39 73 41 42 76 150 3 31 4 5 34 50 51 85 53 54 88 9 10 43 12 13 46 62 63 97 65 66 100 20 21 55 23 24 58 74 75 109 77 78 112 32 33 67 35 36 70 86 87 121 89 90 124 44 45 79 47 48 82 98 99 133 101 102 136 56 57 91 59 60 94 110 111 144 113 114 147 68 69 103 71 72 106 122 123 152 125 126 154 80 81 115 83 84 118 134 135 156 137 138 16 92 93 127 95 96 130 145 146 25 148 2 28 104 105 139 107 108 153 6 37 7 8 116 117 119 14 15 17 128 26 
143 17 150 151 4 26 28 29 155 9 132 11 12 37 38 8 40 41 141 19 20 1 22 23 15 49 50 18 52 53 3 31 32 5 34 35 27 61 62 30 64 65 10 43 44 13 46 47 39 73 74 42 76 77 21 55 56 24 58 59 51 85 86 54 88 89 33 67 68 36 70 71 63 97 98 66 100 101 45 79 80 48 82 83 75 109 110 78 112 113 57 91 92 60 94 95 87 121 122 90 124 125 69 103 104 72 106 107 99 133 134 102 136 137 81 115 116 84 118 119 111 144 145 114 147 148 93 127 128 96 130 131 123 152 153 126 154 7 105 139 140 108 142 135 156 14 138 16 117 149 120 146 25 2 129 6 
144 55 136 123 152 46 33 67 114 147 134 135 156 24 58 44 45 79 125 126 154 145 146 25 35 36 70 56 57 91 137 138 16 153 6 37 47 48 82 68 69 103 148 2 28 14 15 49 59 60 94 80 81 115 7 8 40 26 27 61 71 72 106 92 93 127 17 18 52 38 39 73 83 84 118 104 105 139 29 30 64 50 51 85 95 96 130 116 117 149 41 42 76 62 63 97 107 108 142 128 129 155 53 54 88 74 75 109 119 120 151 140 141 19 65 66 100 86 87 121 131 132 11 150 3 31 77 78 112 98 99 133 143 1 22 9 10 43 89 90 124 110 111 4 5 34 20 21 101 102 122 12 13 32 113 23 
145 32 137 152 153 23 43 44 147 148 135 156 14 34 35 21 55 56 126 154 7 146 25 26 13 46 47 33 67 68 138 16 17 6 37 38 24 58 59 45 79 80 2 28 29 15 49 50 36 70 71 57 91 92 8 40 41 27 61 62 48 82 83 69 103 104 18 52 53 39 73 74 60 94 95 81 115 116 30 64 65 51 85 86 72 106 107 93 127 128 42 76 77 63 97 98 84 118 119 105 139 140 54 88 89 75 109 110 96 130 131 117 149 150 66 100 101 87 121 122 108 142 143 129 155 9 78 112 113 99 133 134 120 151 4 141 19 20 90 124 125 111 144 132 11 12 3 31 102 136 123 1 22 10 114 5 
146 10 138 153 6 5 20 21 148 2 156 14 15 12 13 31 32 33 154 7 8 25 26 27 22 23 24 43 44 45 16 17 18 37 38 39 34 35 36 55 56 57 28 29 30 49 50 51 46 47 48 67 68 69 40 41 42 61 62 63 58 59 60 79 80 81 52 53 54 73 74 75 70 71 72 91 92 93 64 65 66 85 86 87 82 83 84 103 104 105 76 77 78 97 98 99 94 95 96 115 116 117 88 89 90 109 110 111 106 107 108 127 128 129 100 101 102 121 122 123 118 119 120 139 140 141 112 113 114 133 134 135 130 131 132 149 150 3 124 125 126 144 145 142 143 1 155 9 136 137 152 151 4 19 147 11 
147 34 152 126 154 43 13 46 135 156 137 138 16 21 55 23 24 58 145 146 25 148 2 28 32 33 67 35 36 70 153 6 37 7 8 40 44 45 79 47 48 82 14 15 49 17 18 52 56 57 91 59 60 94 26 27 61 29 30 64 68 69 103 71 72 106 38 39 73 41 42 76 80 81 115 83 84 118 50 51 85 53 54 88 92 93 127 95 96 130 62 63 97 65 66 100 104 105 139 107 108 142 74 75 109 77 78 112 116 117 149 119 120 151 86 87 121 89 90 124 128 129 155 131 132 11 98 99 133 101 102 136 140 141 19 143 1 22 110 111 144 113 114 150 3 31 4 5 122 123 125 9 10 12 134 20 
148 12 153 154 7 20 22 23 156 14 138 16 17 31 32 5 34 35 146 25 26 2 28 29 10 43 44 13 46 47 6 37 38 8 40 41 21 55 56 24 58 59 15 49 50 18 52 53 33 67 68 36 70 71 27 61 62 30 64 65 45 79 80 48 82 83 39 73 74 42 76 77 57 91 92 60 94 95 51 85 86 54 88 89 69 103 104 72 106 107 63 97 98 66 100 101 81 115 116 84 118 119 75 109 110 78 112 113 93 127 128 96 130 131 87 121 122 90 124 125 105 139 140 108 142 143 99 133 134 102 136 137 117 149 150 120 151 4 111 144 145 114 147 129 155 9 132 11 123 152 126 141 19 1 135 3 
149 49 142 129 155 40 27 61 120 151 140 141 19 18 52 38 39 73 131 132 11 150 3 31 29 30 64 50 51 85 143 1 22 9 10 43 41 42 76 62 63 97 4 5 34 20 21 55 53 54 88 74 75 109 12 13 46 32 33 67 65 66 100 86 87 121 23 24 58 44 45 79 77 78 112 98 99 133 35 36 70 56 57 91 89 90 124 110 111 144 47 48 82 68 69 103 101 102 136 122 123 152 59 60 94 80 81 115 113 114 147 134 135 156 71 72 106 92 93 127 125 126 154 145 146 25 83 84 118 104 105 139 137 138 16 153 6 37 95 96 130 116 117 148 2 28 14 15 107 108 128 7 8 26 119 17 
150 26 143 155 9 17 37 38 151 4 141 19 20 28 29 15 49 50 132 11 12 3 31 32 8 40 41 27 61 62 1 22 23 10 43 44 18 52 53 39 73 74 5 34 35 21 55 56 30 64 65 51 85 86 13 46 47 33 67 68 42 76 77 63 97 98 24 58 59 45 79 80 54 88 89 75 109 110 36 70 71 57 91 92 66 100 101 87 121 122 48 82 83 69 103 104 78 112 113 99 133 134 60 94 95 81 115 116 90 124 125 111 144 145 72 106 107 93 127 128 102 136 137 123 152 153 84 118 119 105 139 140 114 147 148 135 156 14 96 130 131 117 149 126 154 7 146 25 108 142 129 138 16 6 120 2 
151 28 155 132 11 37 8 40 141 19 143 1 22 15 49 17 18 52 150 3 31 4 5 34 26 27 61 29 30 64 9 10 43 12 13 46 38 39 73 41 42 76 20 21 55 23 24 58 50 51 85 53 54 88 32 33 67 35 36 70 62 63 97 65 66 100 44 45 79 47 48 82 74 75 109 77 78 112 56 57 91 59 60 94 86 87 121 89 90 124 68 69 103 71 72 106 98 99 133 101 102 136 80 81 115 83 84 118 110 111 144 113 114 147 92 93 127 95 96 130 122 123 152 125 126 154 104 105 139 107 108 142 134 135 156 137 138 16 116 117 149 119 120 145 146 25 148 2 128 129 131 153 6 7 140 14 
152 43 147 135 156 34 21 55 126 154 145 146 25 13 46 32 33 67 137 138 16 153 6 37 23 24 58 44 45 79 148 2 28 14 15 49 35 36 70 56 57 91 7 8 40 26 27 61 47 48 82 68 69 103 17 18 52 38 39 73 59 60 94 80 81 115 29 30 64 50 51 85 71 72 106 92 93 127 41 42 76 62 63 97 83 84 118 104 105 139 53 54 88 74 75 109 95 96 130 116 117 149 65 66 100 86 87 121 107 108 142 128 129 155 77 78 112 98 99 133 119 120 151 140 141 19 89 90 124 110 111 144 131 132 11 150 3 31 101 102 136 122 123 143 1 22 9 10 113 114 134 4 5 20 125 12 
153 20 148 156 14 12 31 32 154 7 146 25 26 22 23 10 43 44 138 16 17 6 37 38 5 34 35 21 55 56 2 28 29 15 49 50 13 46 47 33 67 68 8 40 41 27 61 62 24 58 59 45 79 80 18 52 53 39 73 74 36 70 71 57 91 92 30 64 65 51 85 86 48 82 83 69 103 104 42 76 77 63 97 98 60 94 95 81 115 116 54 88 89 75 109 110 72 106 107 93 127 128 66 100 101 87 121 122 84 118 119 105 139 140 78 112 113 99 133 134 96 130 131 117 149 150 90 124 125 111 144 145 108 142 143 129 155 9 102 136 137 123 152 120 151 4 141 19 114 147 135 132 11 3 126 1 
154 22 156 138 16 31 5 34 146 25 148 2 28 10 43 12 13 46 153 6 37 7 8 40 20 21 55 23 24 58 14 15 49 17 18 52 32 33 67 35 36 70 26 27 61 29 30 64 44 45 79 47 48 82 38 39 73 41 42 76 56 57 91 59 60 94 50 51 85 53 54 88 68 69 103 71 72 106 62 63 97 65 66 100 80 81 115 83 84 118 74 75 109 77 78 112 92 93 127 95 96 130 86 87 121 89 90 124 104 105 139 107 108 142 98 99 133 101 102 136 116 117 149 119 120 151 110 111 144 113 114 147 128 129 155 131 132 11 122 123 152 125 126 140 141 19 143 1 134 135 137 150 3 4 145 9 
155 37 151 141 19 28 15 49 132 11 150 3 31 8 40 26 27 61 143 1 22 9 10 43 17 18 52 38 39 73 4 5 34 20 21 55 29 30 64 50 51 85 12 13 46 32 33 67 41 42 76 62 63 97 23 24 58 44 45 79 53 54 88 74 75 109 35 36 70 56 57 91 65 66 100 86 87 121 47 48 82 68 69 103 77 78 112 98 99 133 59 60 94 80 81 115 89 90 124 110 111 144 71 72 106 92 93 127 101 102 136 122 123 152 83 84 118 104 105 139 113 114 147 134 135 156 95 96 130 116 117 149 125 126 154 145 146 25 107 108 142 128 129 137 138 16 153 6 119 120 140 148 2 14 131 7 
156 31 154 146 25 22 10 43 138 16 153 6 37 5 34 20 21 55 148 2 28 14 15 49 12 13 46 32 33 67 7 8 40 26 27 61 23 24 58 44 45 79 17 18 52 38 39 73 35 36 70 56 57 91 29 30 64 50 51 85 47 48 82 68 69 103 41 42 76 62 63 97 59 60 94 80 81 115 53 54 88 74 75 109 71 72 106 92 93 127 65 66 100 86 87 121 83 84 118 104 105 139 77 78 112 98 99 133 95 96 130 116 117 149 89 90 124 110 111 144 107 108 142 128 129 155 101 102 136 122 123 152 119 120 151 140 141 19 113 114 147 134 135 131 132 11 150 3 125 126 145 143 1 9 137 4 
