112 1
1 2 3 4 5 6 7 8 9 10 11 12 13 14 15 16 17 18 19 20 21 22 23 24 25 26 27 28 29 30 31 32 33 34 35 36 37 38 39 40 41 42 43 44 45 46 47 48 49 50 51 52 53 54 55 56 57 58 59 60 61 62 63 64 65 66 67 68 69 70 71 72 73 74 75 76 77 78 79 80 81 82 83 84 85 86 87 88 89 90 91 92 93 94 95 96 97 98 99 100 101 102 103 104 105 106 107 108 109 110 111 112 
2 3 7 8 9 10 4 11 12 13 18 19 20 21 22 23 24 5 14 15 25 26 27 28 33 34 35 36 37 38 39 40 1 16 29 30 41 42 43 44 49 50 51 52 53 54 55 56 6 31 45 46 57 58 59 60 65 66 67 68 69 70 71 72 17 47 61 62 73 74 75 76 81 82 83 84 85 86 87 88 32 63 77 78 89 90 91 92 96 97 98 99 100 101 102 48 79 93 94 103 104 105 107 108 109 110 64 95 106 111 112 80 
3 7 4 11 12 13 8 18 19 20 5 14 15 25 26 27 28 9 21 22 33 34 35 36 1 16 29 30 41 42 43 44 2 23 37 38 49 50 51 52 6 31 45 46 57 58 59 60 10 39 53 54 65 66 67 68 17 47 61 62 73 74 75 76 24 55 69 70 81 82 83 84 32 63 77 78 89 90 91 92 40 71 85 86 96 97 98 99 48 79 93 94 103 104 105 56 87 100 101 107 108 109 64 95 106 111 72 102 110 112 80 88 
4 8 11 5 14 15 18 9 21 22 12 25 26 1 16 29 30 19 33 34 2 23 37 38 3 27 41 42 6 31 45 46 7 35 49 50 10 39 53 54 13 43 57 58 17 47 61 62 20 51 65 66 24 55 69 70 28 59 73 74 32 63 77 78 36 67 81 82 40 71 85 86 44 75 89 90 48 79 93 94 52 83 96 97 56 87 100 101 60 91 103 104 64 95 106 68 98 107 108 72 102 110 76 105 111 80 84 109 112 88 92 99 
5 9 12 14 1 16 19 21 2 23 25 3 27 4 29 6 31 33 7 35 8 37 10 39 11 41 13 43 15 45 17 47 18 49 20 51 22 53 24 55 26 57 28 59 30 61 32 63 34 65 36 67 38 69 40 71 42 73 44 75 46 77 48 79 50 81 52 83 54 85 56 87 58 89 60 91 62 93 64 95 66 96 68 98 70 100 72 102 74 103 76 105 78 106 80 82 107 84 109 86 110 88 90 111 92 94 97 112 99 101 104 108 
6 88 13 15 16 17 99 101 102 2 26 27 28 29 30 31 32 108 109 7 110 8 9 10 41 42 43 44 45 46 47 48 112 18 19 20 21 22 23 24 57 58 59 60 61 62 63 64 33 34 35 36 37 38 39 40 73 74 75 76 77 78 79 80 49 50 51 52 53 54 55 56 89 90 91 92 93 94 95 1 65 66 67 68 69 70 71 72 103 104 105 3 106 4 5 81 82 83 84 85 86 87 111 11 12 14 96 97 98 100 25 107 
7 4 8 18 19 20 11 5 14 15 9 21 22 33 34 35 36 12 25 26 1 16 29 30 2 23 37 38 49 50 51 52 3 27 41 42 6 31 45 46 10 39 53 54 65 66 67 68 13 43 57 58 17 47 61 62 24 55 69 70 81 82 83 84 28 59 73 74 32 63 77 78 40 71 85 86 96 97 98 99 44 75 89 90 48 79 93 94 56 87 100 101 107 108 109 60 91 103 104 64 95 106 72 102 110 112 76 105 111 80 88 92 
8 11 18 9 21 22 5 12 25 26 19 33 34 2 23 37 38 14 1 16 3 27 41 42 7 35 49 50 10 39 53 54 4 29 6 31 13 43 57 58 20 51 65 66 24 55 69 70 15 45 17 47 28 59 73 74 36 67 81 82 40 71 85 86 30 61 32 63 44 75 89 90 52 83 96 97 56 87 100 101 46 77 48 79 60 91 103 104 68 98 107 108 72 102 110 62 93 64 95 76 105 111 84 109 112 88 78 106 80 92 99 94 
9 12 19 21 2 23 14 25 3 27 33 7 35 8 37 10 39 1 4 29 11 41 13 43 18 49 20 51 22 53 24 55 5 6 15 45 26 57 28 59 34 65 36 67 38 69 40 71 16 17 30 61 42 73 44 75 50 81 52 83 54 85 56 87 31 32 46 77 58 89 60 91 66 96 68 98 70 100 72 102 47 48 62 93 74 103 76 105 82 107 84 109 86 110 88 63 64 78 106 90 111 92 97 112 99 101 79 80 94 104 108 95 
10 92 20 22 23 24 94 104 105 3 34 35 36 37 38 39 40 95 106 4 111 11 12 13 49 50 51 52 53 54 55 56 80 5 14 15 25 26 27 28 65 66 67 68 69 70 71 72 1 16 29 30 41 42 43 44 81 82 83 84 85 86 87 88 6 31 45 46 57 58 59 60 96 97 98 99 100 101 102 2 17 47 61 62 73 74 75 76 107 108 109 7 110 8 9 32 63 77 78 89 90 91 112 18 19 21 48 79 93 103 33 64 
11 18 5 12 25 26 9 19 33 34 14 1 16 3 27 41 42 21 2 23 7 35 49 50 4 29 6 31 13 43 57 58 8 37 10 39 20 51 65 66 15 45 17 47 28 59 73 74 22 53 24 55 36 67 81 82 30 61 32 63 44 75 89 90 38 69 40 71 52 83 96 97 46 77 48 79 60 91 103 104 54 85 56 87 68 98 107 108 62 93 64 95 76 105 111 70 100 72 102 84 109 112 78 106 80 92 86 110 88 99 94 101 
12 19 14 25 3 27 21 33 7 35 1 4 29 11 41 13 43 2 8 37 18 49 20 51 5 6 15 45 26 57 28 59 9 10 22 53 34 65 36 67 16 17 30 61 42 73 44 75 23 24 38 69 50 81 52 83 31 32 46 77 58 89 60 91 39 40 54 85 66 96 68 98 47 48 62 93 74 103 76 105 55 56 70 100 82 107 84 109 63 64 78 106 90 111 92 71 72 86 110 97 112 99 79 80 94 104 87 88 101 108 95 102 
13 99 15 26 27 28 101 108 109 7 16 29 30 41 42 43 44 102 110 8 112 18 19 20 6 31 45 46 57 58 59 60 88 9 21 22 33 34 35 36 17 47 61 62 73 74 75 76 2 23 37 38 49 50 51 52 32 63 77 78 89 90 91 92 10 39 53 54 65 66 67 68 48 79 93 94 103 104 105 3 24 55 69 70 81 82 83 84 64 95 106 4 111 11 12 40 71 85 86 96 97 98 80 5 14 25 56 87 100 107 1 72 
14 21 25 1 4 29 33 2 8 37 3 11 41 5 6 15 45 7 18 49 9 10 22 53 12 13 26 57 16 17 30 61 19 20 34 65 23 24 38 69 27 28 42 73 31 32 46 77 35 36 50 81 39 40 54 85 43 44 58 89 47 48 62 93 51 52 66 96 55 56 70 100 59 60 74 103 63 64 78 106 67 68 82 107 71 72 86 110 75 76 90 111 79 80 94 83 84 97 112 87 88 101 91 92 104 95 98 99 108 102 105 109 
15 101 26 16 29 30 108 102 110 8 27 41 42 6 31 45 46 109 112 18 88 9 21 22 13 43 57 58 17 47 61 62 99 19 33 34 2 23 37 38 28 59 73 74 32 63 77 78 7 35 49 50 10 39 53 54 44 75 89 90 48 79 93 94 20 51 65 66 24 55 69 70 60 91 103 104 64 95 106 4 36 67 81 82 40 71 85 86 76 105 111 11 80 5 14 52 83 96 97 56 87 100 92 12 25 1 68 98 107 72 3 84 
16 102 27 29 6 31 109 110 88 9 41 13 43 15 45 17 47 112 99 19 101 21 2 23 26 57 28 59 30 61 32 63 108 33 7 35 8 37 10 39 42 73 44 75 46 77 48 79 18 49 20 51 22 53 24 55 58 89 60 91 62 93 64 95 34 65 36 67 38 69 40 71 74 103 76 105 78 106 80 5 50 81 52 83 54 85 56 87 90 111 92 12 94 14 1 66 96 68 98 70 100 72 104 25 3 4 82 107 84 86 11 97 
17 72 28 30 31 32 84 86 87 88 42 43 44 45 46 47 48 97 98 99 100 101 102 2 57 58 59 60 61 62 63 64 107 108 109 7 110 8 9 10 73 74 75 76 77 78 79 80 112 18 19 20 21 22 23 24 89 90 91 92 93 94 95 1 33 34 35 36 37 38 39 40 103 104 105 3 106 4 5 6 49 50 51 52 53 54 55 56 111 11 12 13 14 15 16 65 66 67 68 69 70 71 25 26 27 29 81 82 83 85 41 96 
18 5 9 19 33 34 12 14 1 16 21 2 23 7 35 49 50 25 3 27 4 29 6 31 8 37 10 39 20 51 65 66 11 41 13 43 15 45 17 47 22 53 24 55 36 67 81 82 26 57 28 59 30 61 32 63 38 69 40 71 52 83 96 97 42 73 44 75 46 77 48 79 54 85 56 87 68 98 107 108 58 89 60 91 62 93 64 95 70 100 72 102 84 109 112 74 103 76 105 78 106 80 86 110 88 99 90 111 92 94 101 104 
19 14 21 33 7 35 25 1 4 29 2 8 37 18 49 20 51 3 11 41 5 6 15 45 9 10 22 53 34 65 36 67 12 13 26 57 16 17 30 61 23 24 38 69 50 81 52 83 27 28 42 73 31 32 46 77 39 40 54 85 66 96 68 98 43 44 58 89 47 48 62 93 55 56 70 100 82 107 84 109 59 60 74 103 63 64 78 106 71 72 86 110 97 112 99 75 76 90 111 79 80 94 87 88 101 108 91 92 104 95 102 105 
20 94 22 34 35 36 104 95 106 4 23 37 38 49 50 51 52 105 111 11 80 5 14 15 10 39 53 54 65 66 67 68 92 12 25 26 1 16 29 30 24 55 69 70 81 82 83 84 3 27 41 42 6 31 45 46 40 71 85 86 96 97 98 99 13 43 57 58 17 47 61 62 56 87 100 101 107 108 109 7 28 59 73 74 32 63 77 78 72 102 110 8 112 18 19 44 75 89 90 48 79 93 88 9 21 33 60 91 103 64 2 76 
21 25 33 2 8 37 1 3 11 41 7 18 49 9 10 22 53 4 5 6 12 13 26 57 19 20 34 65 23 24 38 69 14 15 16 17 27 28 42 73 35 36 50 81 39 40 54 85 29 30 31 32 43 44 58 89 51 52 66 96 55 56 70 100 45 46 47 48 59 60 74 103 67 68 82 107 71 72 86 110 61 62 63 64 75 76 90 111 83 84 97 112 87 88 101 77 78 79 80 91 92 104 98 99 108 102 93 94 95 105 109 106 
22 104 34 23 37 38 95 105 111 11 35 49 50 10 39 53 54 106 80 5 92 12 25 26 20 51 65 66 24 55 69 70 94 14 1 16 3 27 41 42 36 67 81 82 40 71 85 86 4 29 6 31 13 43 57 58 52 83 96 97 56 87 100 101 15 45 17 47 28 59 73 74 68 98 107 108 72 102 110 8 30 61 32 63 44 75 89 90 84 109 112 18 88 9 21 46 77 48 79 60 91 103 99 19 33 2 62 93 64 76 7 78 
23 105 35 37 10 39 106 111 92 12 49 20 51 22 53 24 55 80 94 14 104 25 3 27 34 65 36 67 38 69 40 71 95 1 4 29 11 41 13 43 50 81 52 83 54 85 56 87 5 6 15 45 26 57 28 59 66 96 68 98 70 100 72 102 16 17 30 61 42 73 44 75 82 107 84 109 86 110 88 9 31 32 46 77 58 89 60 91 97 112 99 19 101 21 2 47 48 62 93 74 103 76 108 33 7 8 63 64 78 90 18 79 
24 76 36 38 39 40 78 90 91 92 50 51 52 53 54 55 56 79 93 94 103 104 105 3 65 66 67 68 69 70 71 72 64 95 106 4 111 11 12 13 81 82 83 84 85 86 87 88 80 5 14 15 25 26 27 28 96 97 98 99 100 101 102 2 1 16 29 30 41 42 43 44 107 108 109 7 110 8 9 10 6 31 45 46 57 58 59 60 112 18 19 20 21 22 23 17 47 61 62 73 74 75 33 34 35 37 32 63 77 89 49 48 
25 33 1 3 11 41 2 7 18 49 4 5 6 12 13 26 57 8 9 10 19 20 34 65 14 15 16 17 27 28 42 73 21 22 23 24 35 36 50 81 29 30 31 32 43 44 58 89 37 38 39 40 51 52 66 96 45 46 47 48 59 60 74 103 53 54 55 56 67 68 82 107 61 62 63 64 75 76 90 111 69 70 71 72 83 84 97 112 77 78 79 80 91 92 104 85 86 87 88 98 99 108 93 94 95 105 100 101 102 109 106 110 
26 108 16 27 41 42 102 109 112 18 29 6 31 13 43 57 58 110 88 9 99 19 33 34 15 45 17 47 28 59 73 74 101 21 2 23 7 35 49 50 30 61 32 63 44 75 89 90 8 37 10 39 20 51 65 66 46 77 48 79 60 91 103 104 22 53 24 55 36 67 81 82 62 93 64 95 76 105 111 11 38 69 40 71 52 83 96 97 78 106 80 5 92 12 25 54 85 56 87 68 98 107 94 14 1 3 70 100 72 84 4 86 
27 109 29 41 13 43 110 112 99 19 6 15 45 26 57 28 59 88 101 21 108 33 7 35 16 17 30 61 42 73 44 75 102 2 8 37 18 49 20 51 31 32 46 77 58 89 60 91 9 10 22 53 34 65 36 67 47 48 62 93 74 103 76 105 23 24 38 69 50 81 52 83 63 64 78 106 90 111 92 12 39 40 54 85 66 96 68 98 79 80 94 14 104 25 3 55 56 70 100 82 107 84 95 1 4 11 71 72 86 97 5 87 
28 84 30 42 43 44 86 97 98 99 31 45 46 57 58 59 60 87 100 101 107 108 109 7 17 47 61 62 73 74 75 76 72 102 110 8 112 18 19 20 32 63 77 78 89 90 91 92 88 9 21 22 33 34 35 36 48 79 93 94 103 104 105 3 2 23 37 38 49 50 51 52 64 95 106 4 111 11 12 13 10 39 53 54 65 66 67 68 80 5 14 15 25 26 27 24 55 69 70 81 82 83 1 16 29 41 40 71 85 96 6 56 
29 110 41 6 15 45 112 88 101 21 13 26 57 16 17 30 61 99 108 33 102 2 8 37 27 28 42 73 31 32 46 77 109 7 18 49 9 10 22 53 43 44 58 89 47 48 62 93 19 20 34 65 23 24 38 69 59 60 74 103 63 64 78 106 35 36 50 81 39 40 54 85 75 76 90 111 79 80 94 14 51 52 66 96 55 56 70 100 91 92 104 25 95 1 4 67 68 82 107 71 72 86 105 3 11 5 83 84 97 87 12 98 
30 86 42 31 45 46 97 87 100 101 43 57 58 17 47 61 62 98 107 108 72 102 110 8 28 59 73 74 32 63 77 78 84 109 112 18 88 9 21 22 44 75 89 90 48 79 93 94 99 19 33 34 2 23 37 38 60 91 103 104 64 95 106 4 7 35 49 50 10 39 53 54 76 105 111 11 80 5 14 15 20 51 65 66 24 55 69 70 92 12 25 26 1 16 29 36 67 81 82 40 71 85 3 27 41 6 52 83 96 56 13 68 
31 87 43 45 17 47 98 100 72 102 57 28 59 30 61 32 63 107 84 109 86 110 88 9 42 73 44 75 46 77 48 79 97 112 99 19 101 21 2 23 58 89 60 91 62 93 64 95 108 33 7 35 8 37 10 39 74 103 76 105 78 106 80 5 18 49 20 51 22 53 24 55 90 111 92 12 94 14 1 16 34 65 36 67 38 69 40 71 104 25 3 27 4 29 6 50 81 52 83 54 85 56 11 41 13 15 66 96 68 70 26 82 
32 56 44 46 47 48 68 70 71 72 58 59 60 61 62 63 64 82 83 84 85 86 87 88 73 74 75 76 77 78 79 80 96 97 98 99 100 101 102 2 89 90 91 92 93 94 95 1 107 108 109 7 110 8 9 10 103 104 105 3 106 4 5 6 112 18 19 20 21 22 23 24 111 11 12 13 14 15 16 17 33 34 35 36 37 38 39 40 25 26 27 28 29 30 31 49 50 51 52 53 54 55 41 42 43 45 65 66 67 69 57 81 
33 1 2 7 18 49 3 4 5 6 8 9 10 19 20 34 65 11 12 13 14 15 16 17 21 22 23 24 35 36 50 81 25 26 27 28 29 30 31 32 37 38 39 40 51 52 66 96 41 42 43 44 45 46 47 48 53 54 55 56 67 68 82 107 57 58 59 60 61 62 63 64 69 70 71 72 83 84 97 112 73 74 75 76 77 78 79 80 85 86 87 88 98 99 108 89 90 91 92 93 94 95 100 101 102 109 103 104 105 106 110 111 
34 95 23 35 49 50 105 106 80 5 37 10 39 20 51 65 66 111 92 12 94 14 1 16 22 53 24 55 36 67 81 82 104 25 3 27 4 29 6 31 38 69 40 71 52 83 96 97 11 41 13 43 15 45 17 47 54 85 56 87 68 98 107 108 26 57 28 59 30 61 32 63 70 100 72 102 84 109 112 18 42 73 44 75 46 77 48 79 86 110 88 9 99 19 33 58 89 60 91 62 93 64 101 21 2 7 74 103 76 78 8 90 
35 106 37 49 20 51 111 80 94 14 10 22 53 34 65 36 67 92 104 25 95 1 4 29 23 24 38 69 50 81 52 83 105 3 11 41 5 6 15 45 39 40 54 85 66 96 68 98 12 13 26 57 16 17 30 61 55 56 70 100 82 107 84 109 27 28 42 73 31 32 46 77 71 72 86 110 97 112 99 19 43 44 58 89 47 48 62 93 87 88 101 21 108 33 7 59 60 74 103 63 64 78 102 2 8 18 75 76 90 79 9 91 
36 78 38 50 51 52 90 79 93 94 39 53 54 65 66 67 68 91 103 104 64 95 106 4 24 55 69 70 81 82 83 84 76 105 111 11 80 5 14 15 40 71 85 86 96 97 98 99 92 12 25 26 1 16 29 30 56 87 100 101 107 108 109 7 3 27 41 42 6 31 45 46 72 102 110 8 112 18 19 20 13 43 57 58 17 47 61 62 88 9 21 22 33 34 35 28 59 73 74 32 63 77 2 23 37 49 44 75 89 48 10 60 
37 111 49 10 22 53 80 92 104 25 20 34 65 23 24 38 69 94 95 1 105 3 11 41 35 36 50 81 39 40 54 85 106 4 5 6 12 13 26 57 51 52 66 96 55 56 70 100 14 15 16 17 27 28 42 73 67 68 82 107 71 72 86 110 29 30 31 32 43 44 58 89 83 84 97 112 87 88 101 21 45 46 47 48 59 60 74 103 98 99 108 33 102 2 8 61 62 63 64 75 76 90 109 7 18 9 77 78 79 91 19 93 
38 90 50 39 53 54 79 91 103 104 51 65 66 24 55 69 70 93 64 95 76 105 111 11 36 67 81 82 40 71 85 86 78 106 80 5 92 12 25 26 52 83 96 97 56 87 100 101 94 14 1 16 3 27 41 42 68 98 107 108 72 102 110 8 4 29 6 31 13 43 57 58 84 109 112 18 88 9 21 22 15 45 17 47 28 59 73 74 99 19 33 34 2 23 37 30 61 32 63 44 75 89 7 35 49 10 46 77 48 60 20 62 
39 91 51 53 24 55 93 103 76 105 65 36 67 38 69 40 71 64 78 106 90 111 92 12 50 81 52 83 54 85 56 87 79 80 94 14 104 25 3 27 66 96 68 98 70 100 72 102 95 1 4 29 11 41 13 43 82 107 84 109 86 110 88 9 5 6 15 45 26 57 28 59 97 112 99 19 101 21 2 23 16 17 30 61 42 73 44 75 108 33 7 35 8 37 10 31 32 46 77 58 89 60 18 49 20 22 47 48 62 74 34 63 
40 60 52 54 55 56 62 74 75 76 66 67 68 69 70 71 72 63 77 78 89 90 91 92 81 82 83 84 85 86 87 88 48 79 93 94 103 104 105 3 96 97 98 99 100 101 102 2 64 95 106 4 111 11 12 13 107 108 109 7 110 8 9 10 80 5 14 15 25 26 27 28 112 18 19 20 21 22 23 24 1 16 29 30 41 42 43 44 33 34 35 36 37 38 39 6 31 45 46 57 58 59 49 50 51 53 17 47 61 73 65 32 
41 112 6 13 26 57 88 99 108 33 15 16 17 27 28 42 73 101 102 2 109 7 18 49 29 30 31 32 43 44 58 89 110 8 9 10 19 20 34 65 45 46 47 48 59 60 74 103 21 22 23 24 35 36 50 81 61 62 63 64 75 76 90 111 37 38 39 40 51 52 66 96 77 78 79 80 91 92 104 25 53 54 55 56 67 68 82 107 93 94 95 1 105 3 11 69 70 71 72 83 84 97 106 4 5 12 85 86 87 98 14 100 
42 97 31 43 57 58 87 98 107 108 45 17 47 28 59 73 74 100 72 102 84 109 112 18 30 61 32 63 44 75 89 90 86 110 88 9 99 19 33 34 46 77 48 79 60 91 103 104 101 21 2 23 7 35 49 50 62 93 64 95 76 105 111 11 8 37 10 39 20 51 65 66 78 106 80 5 92 12 25 26 22 53 24 55 36 67 81 82 94 14 1 16 3 27 41 38 69 40 71 52 83 96 4 29 6 13 54 85 56 68 15 70 
43 98 45 57 28 59 100 107 84 109 17 30 61 42 73 44 75 72 86 110 97 112 99 19 31 32 46 77 58 89 60 91 87 88 101 21 108 33 7 35 47 48 62 93 74 103 76 105 102 2 8 37 18 49 20 51 63 64 78 106 90 111 92 12 9 10 22 53 34 65 36 67 79 80 94 14 104 25 3 27 23 24 38 69 50 81 52 83 95 1 4 29 11 41 13 39 40 54 85 66 96 68 5 6 15 26 55 56 70 82 16 71 
44 68 46 58 59 60 70 82 83 84 47 61 62 73 74 75 76 71 85 86 96 97 98 99 32 63 77 78 89 90 91 92 56 87 100 101 107 108 109 7 48 79 93 94 103 104 105 3 72 102 110 8 112 18 19 20 64 95 106 4 111 11 12 13 88 9 21 22 33 34 35 36 80 5 14 15 25 26 27 28 2 23 37 38 49 50 51 52 1 16 29 30 41 42 43 10 39 53 54 65 66 67 6 31 45 57 24 55 69 81 17 40 
45 100 57 17 30 61 107 72 86 110 28 42 73 31 32 46 77 84 97 112 87 88 101 21 43 44 58 89 47 48 62 93 98 99 108 33 102 2 8 37 59 60 74 103 63 64 78 106 109 7 18 49 9 10 22 53 75 76 90 111 79 80 94 14 19 20 34 65 23 24 38 69 91 92 104 25 95 1 4 29 35 36 50 81 39 40 54 85 105 3 11 41 5 6 15 51 52 66 96 55 56 70 12 13 26 16 67 68 82 71 27 83 
46 70 58 47 61 62 82 71 85 86 59 73 74 32 63 77 78 83 96 97 56 87 100 101 44 75 89 90 48 79 93 94 68 98 107 108 72 102 110 8 60 91 103 104 64 95 106 4 84 109 112 18 88 9 21 22 76 105 111 11 80 5 14 15 99 19 33 34 2 23 37 38 92 12 25 26 1 16 29 30 7 35 49 50 10 39 53 54 3 27 41 42 6 31 45 20 51 65 66 24 55 69 13 43 57 17 36 67 81 40 28 52 
47 71 59 61 32 63 83 85 56 87 73 44 75 46 77 48 79 96 68 98 70 100 72 102 58 89 60 91 62 93 64 95 82 107 84 109 86 110 88 9 74 103 76 105 78 106 80 5 97 112 99 19 101 21 2 23 90 111 92 12 94 14 1 16 108 33 7 35 8 37 10 39 104 25 3 27 4 29 6 31 18 49 20 51 22 53 24 55 11 41 13 43 15 45 17 34 65 36 67 38 69 40 26 57 28 30 50 81 52 54 42 66 
48 40 60 62 63 64 52 54 55 56 74 75 76 77 78 79 80 66 67 68 69 70 71 72 89 90 91 92 93 94 95 1 81 82 83 84 85 86 87 88 103 104 105 3 106 4 5 6 96 97 98 99 100 101 102 2 111 11 12 13 14 15 16 17 107 108 109 7 110 8 9 10 25 26 27 28 29 30 31 32 112 18 19 20 21 22 23 24 41 42 43 44 45 46 47 33 34 35 36 37 38 39 57 58 59 61 49 50 51 53 73 65 
49 80 10 20 34 65 92 94 95 1 22 23 24 35 36 50 81 104 105 3 106 4 5 6 37 38 39 40 51 52 66 96 111 11 12 13 14 15 16 17 53 54 55 56 67 68 82 107 25 26 27 28 29 30 31 32 69 70 71 72 83 84 97 112 41 42 43 44 45 46 47 48 85 86 87 88 98 99 108 33 57 58 59 60 61 62 63 64 100 101 102 2 109 7 18 73 74 75 76 77 78 79 110 8 9 19 89 90 91 93 21 103 
50 79 39 51 65 66 91 93 64 95 53 24 55 36 67 81 82 103 76 105 78 106 80 5 38 69 40 71 52 83 96 97 90 111 92 12 94 14 1 16 54 85 56 87 68 98 107 108 104 25 3 27 4 29 6 31 70 100 72 102 84 109 112 18 11 41 13 43 15 45 17 47 86 110 88 9 99 19 33 34 26 57 28 59 30 61 32 63 101 21 2 23 7 35 49 42 73 44 75 46 77 48 8 37 10 20 58 89 60 62 22 74 
51 93 53 65 36 67 103 64 78 106 24 38 69 50 81 52 83 76 90 111 79 80 94 14 39 40 54 85 66 96 68 98 91 92 104 25 95 1 4 29 55 56 70 100 82 107 84 109 105 3 11 41 5 6 15 45 71 72 86 110 97 112 99 19 12 13 26 57 16 17 30 61 87 88 101 21 108 33 7 35 27 28 42 73 31 32 46 77 102 2 8 37 18 49 20 43 44 58 89 47 48 62 9 10 22 34 59 60 74 63 23 75 
52 62 54 66 67 68 74 63 77 78 55 69 70 81 82 83 84 75 89 90 48 79 93 94 40 71 85 86 96 97 98 99 60 91 103 104 64 95 106 4 56 87 100 101 107 108 109 7 76 105 111 11 80 5 14 15 72 102 110 8 112 18 19 20 92 12 25 26 1 16 29 30 88 9 21 22 33 34 35 36 3 27 41 42 6 31 45 46 2 23 37 38 49 50 51 13 43 57 58 17 47 61 10 39 53 65 28 59 73 32 24 44 
53 103 65 24 38 69 64 76 90 111 36 50 81 39 40 54 85 78 79 80 91 92 104 25 51 52 66 96 55 56 70 100 93 94 95 1 105 3 11 41 67 68 82 107 71 72 86 110 106 4 5 6 12 13 26 57 83 84 97 112 87 88 101 21 14 15 16 17 27 28 42 73 98 99 108 33 102 2 8 37 29 30 31 32 43 44 58 89 109 7 18 49 9 10 22 45 46 47 48 59 60 74 19 20 34 23 61 62 63 75 35 77 
54 74 66 55 69 70 63 75 89 90 67 81 82 40 71 85 86 77 48 79 60 91 103 104 52 83 96 97 56 87 100 101 62 93 64 95 76 105 111 11 68 98 107 108 72 102 110 8 78 106 80 5 92 12 25 26 84 109 112 18 88 9 21 22 94 14 1 16 3 27 41 42 99 19 33 34 2 23 37 38 4 29 6 31 13 43 57 58 7 35 49 50 10 39 53 15 45 17 47 28 59 73 20 51 65 24 30 61 32 44 36 46 
55 75 67 69 40 71 77 89 60 91 81 52 83 54 85 56 87 48 62 93 74 103 76 105 66 96 68 98 70 100 72 102 63 64 78 106 90 111 92 12 82 107 84 109 86 110 88 9 79 80 94 14 104 25 3 27 97 112 99 19 101 21 2 23 95 1 4 29 11 41 13 43 108 33 7 35 8 37 10 39 5 6 15 45 26 57 28 59 18 49 20 51 22 53 24 16 17 30 61 42 73 44 34 65 36 38 31 32 46 58 50 47 
56 44 68 70 71 72 46 58 59 60 82 83 84 85 86 87 88 47 61 62 73 74 75 76 96 97 98 99 100 101 102 2 32 63 77 78 89 90 91 92 107 108 109 7 110 8 9 10 48 79 93 94 103 104 105 3 112 18 19 20 21 22 23 24 64 95 106 4 111 11 12 13 33 34 35 36 37 38 39 40 80 5 14 15 25 26 27 28 49 50 51 52 53 54 55 1 16 29 30 41 42 43 65 66 67 69 6 31 45 57 81 17 
57 107 17 28 42 73 72 84 97 112 30 31 32 43 44 58 89 86 87 88 98 99 108 33 45 46 47 48 59 60 74 103 100 101 102 2 109 7 18 49 61 62 63 64 75 76 90 111 110 8 9 10 19 20 34 65 77 78 79 80 91 92 104 25 21 22 23 24 35 36 50 81 93 94 95 1 105 3 11 41 37 38 39 40 51 52 66 96 106 4 5 6 12 13 26 53 54 55 56 67 68 82 14 15 16 27 69 70 71 83 29 85 
58 82 47 59 73 74 71 83 96 97 61 32 63 44 75 89 90 85 56 87 68 98 107 108 46 77 48 79 60 91 103 104 70 100 72 102 84 109 112 18 62 93 64 95 76 105 111 11 86 110 88 9 99 19 33 34 78 106 80 5 92 12 25 26 101 21 2 23 7 35 49 50 94 14 1 16 3 27 41 42 8 37 10 39 20 51 65 66 4 29 6 31 13 43 57 22 53 24 55 36 67 81 15 45 17 28 38 69 40 52 30 54 
59 83 61 73 44 75 85 96 68 98 32 46 77 58 89 60 91 56 70 100 82 107 84 109 47 48 62 93 74 103 76 105 71 72 86 110 97 112 99 19 63 64 78 106 90 111 92 12 87 88 101 21 108 33 7 35 79 80 94 14 104 25 3 27 102 2 8 37 18 49 20 51 95 1 4 29 11 41 13 43 9 10 22 53 34 65 36 67 5 6 15 45 26 57 28 23 24 38 69 50 81 52 16 17 30 42 39 40 54 66 31 55 
60 52 62 74 75 76 54 66 67 68 63 77 78 89 90 91 92 55 69 70 81 82 83 84 48 79 93 94 103 104 105 3 40 71 85 86 96 97 98 99 64 95 106 4 111 11 12 13 56 87 100 101 107 108 109 7 80 5 14 15 25 26 27 28 72 102 110 8 112 18 19 20 1 16 29 30 41 42 43 44 88 9 21 22 33 34 35 36 6 31 45 46 57 58 59 2 23 37 38 49 50 51 17 47 61 73 10 39 53 65 32 24 
61 85 73 32 46 77 96 56 70 100 44 58 89 47 48 62 93 68 82 107 71 72 86 110 59 60 74 103 63 64 78 106 83 84 97 112 87 88 101 21 75 76 90 111 79 80 94 14 98 99 108 33 102 2 8 37 91 92 104 25 95 1 4 29 109 7 18 49 9 10 22 53 105 3 11 41 5 6 15 45 19 20 34 65 23 24 38 69 12 13 26 57 16 17 30 35 36 50 81 39 40 54 27 28 42 31 51 52 66 55 43 67 
62 54 74 63 77 78 66 55 69 70 75 89 90 48 79 93 94 67 81 82 40 71 85 86 60 91 103 104 64 95 106 4 52 83 96 97 56 87 100 101 76 105 111 11 80 5 14 15 68 98 107 108 72 102 110 8 92 12 25 26 1 16 29 30 84 109 112 18 88 9 21 22 3 27 41 42 6 31 45 46 99 19 33 34 2 23 37 38 13 43 57 58 17 47 61 7 35 49 50 10 39 53 28 59 73 32 20 51 65 24 44 36 
63 55 75 77 48 79 67 69 40 71 89 60 91 62 93 64 95 81 52 83 54 85 56 87 74 103 76 105 78 106 80 5 66 96 68 98 70 100 72 102 90 111 92 12 94 14 1 16 82 107 84 109 86 110 88 9 104 25 3 27 4 29 6 31 97 112 99 19 101 21 2 23 11 41 13 43 15 45 17 47 108 33 7 35 8 37 10 39 26 57 28 59 30 61 32 18 49 20 51 22 53 24 42 73 44 46 34 65 36 38 58 50 
64 24 76 78 79 80 36 38 39 40 90 91 92 93 94 95 1 50 51 52 53 54 55 56 103 104 105 3 106 4 5 6 65 66 67 68 69 70 71 72 111 11 12 13 14 15 16 17 81 82 83 84 85 86 87 88 25 26 27 28 29 30 31 32 96 97 98 99 100 101 102 2 41 42 43 44 45 46 47 48 107 108 109 7 110 8 9 10 57 58 59 60 61 62 63 112 18 19 20 21 22 23 73 74 75 77 33 34 35 37 89 49 
65 64 24 36 50 81 76 78 79 80 38 39 40 51 52 66 96 90 91 92 93 94 95 1 53 54 55 56 67 68 82 107 103 104 105 3 106 4 5 6 69 70 71 72 83 84 97 112 111 11 12 13 14 15 16 17 85 86 87 88 98 99 108 33 25 26 27 28 29 30 31 32 100 101 102 2 109 7 18 49 41 42 43 44 45 46 47 48 110 8 9 10 19 20 34 57 58 59 60 61 62 63 21 22 23 35 73 74 75 77 37 89 
66 63 55 67 81 82 75 77 48 79 69 40 71 52 83 96 97 89 60 91 62 93 64 95 54 85 56 87 68 98 107 108 74 103 76 105 78 106 80 5 70 100 72 102 84 109 112 18 90 111 92 12 94 14 1 16 86 110 88 9 99 19 33 34 104 25 3 27 4 29 6 31 101 21 2 23 7 35 49 50 11 41 13 43 15 45 17 47 8 37 10 39 20 51 65 26 57 28 59 30 61 32 22 53 24 36 42 73 44 46 38 58 
67 77 69 81 52 83 89 48 62 93 40 54 85 66 96 68 98 60 74 103 63 64 78 106 55 56 70 100 82 107 84 109 75 76 90 111 79 80 94 14 71 72 86 110 97 112 99 19 91 92 104 25 95 1 4 29 87 88 101 21 108 33 7 35 105 3 11 41 5 6 15 45 102 2 8 37 18 49 20 51 12 13 26 57 16 17 30 61 9 10 22 53 34 65 36 27 28 42 73 31 32 46 23 24 38 50 43 44 58 47 39 59 
68 46 70 82 83 84 58 47 61 62 71 85 86 96 97 98 99 59 73 74 32 63 77 78 56 87 100 101 107 108 109 7 44 75 89 90 48 79 93 94 72 102 110 8 112 18 19 20 60 91 103 104 64 95 106 4 88 9 21 22 33 34 35 36 76 105 111 11 80 5 14 15 2 23 37 38 49 50 51 52 92 12 25 26 1 16 29 30 10 39 53 54 65 66 67 3 27 41 42 6 31 45 24 55 69 81 13 43 57 17 40 28 
69 89 81 40 54 85 48 60 74 103 52 66 96 55 56 70 100 62 63 64 75 76 90 111 67 68 82 107 71 72 86 110 77 78 79 80 91 92 104 25 83 84 97 112 87 88 101 21 93 94 95 1 105 3 11 41 98 99 108 33 102 2 8 37 106 4 5 6 12 13 26 57 109 7 18 49 9 10 22 53 14 15 16 17 27 28 42 73 19 20 34 65 23 24 38 29 30 31 32 43 44 58 35 36 50 39 45 46 47 59 51 61 
70 58 82 71 85 86 47 59 73 74 83 96 97 56 87 100 101 61 32 63 44 75 89 90 68 98 107 108 72 102 110 8 46 77 48 79 60 91 103 104 84 109 112 18 88 9 21 22 62 93 64 95 76 105 111 11 99 19 33 34 2 23 37 38 78 106 80 5 92 12 25 26 7 35 49 50 10 39 53 54 94 14 1 16 3 27 41 42 20 51 65 66 24 55 69 4 29 6 31 13 43 57 36 67 81 40 15 45 17 28 52 30 
71 59 83 85 56 87 61 73 44 75 96 68 98 70 100 72 102 32 46 77 58 89 60 91 82 107 84 109 86 110 88 9 47 48 62 93 74 103 76 105 97 112 99 19 101 21 2 23 63 64 78 106 90 111 92 12 108 33 7 35 8 37 10 39 79 80 94 14 104 25 3 27 18 49 20 51 22 53 24 55 95 1 4 29 11 41 13 43 34 65 36 67 38 69 40 5 6 15 45 26 57 28 50 81 52 54 16 17 30 42 66 31 
72 28 84 86 87 88 30 42 43 44 97 98 99 100 101 102 2 31 45 46 57 58 59 60 107 108 109 7 110 8 9 10 17 47 61 62 73 74 75 76 112 18 19 20 21 22 23 24 32 63 77 78 89 90 91 92 33 34 35 36 37 38 39 40 48 79 93 94 103 104 105 3 49 50 51 52 53 54 55 56 64 95 106 4 111 11 12 13 65 66 67 68 69 70 71 80 5 14 15 25 26 27 81 82 83 85 1 16 29 41 96 6 
73 96 32 44 58 89 56 68 82 107 46 47 48 59 60 74 103 70 71 72 83 84 97 112 61 62 63 64 75 76 90 111 85 86 87 88 98 99 108 33 77 78 79 80 91 92 104 25 100 101 102 2 109 7 18 49 93 94 95 1 105 3 11 41 110 8 9 10 19 20 34 65 106 4 5 6 12 13 26 57 21 22 23 24 35 36 50 81 14 15 16 17 27 28 42 37 38 39 40 51 52 66 29 30 31 43 53 54 55 67 45 69 
74 66 63 75 89 90 55 67 81 82 77 48 79 60 91 103 104 69 40 71 52 83 96 97 62 93 64 95 76 105 111 11 54 85 56 87 68 98 107 108 78 106 80 5 92 12 25 26 70 100 72 102 84 109 112 18 94 14 1 16 3 27 41 42 86 110 88 9 99 19 33 34 4 29 6 31 13 43 57 58 101 21 2 23 7 35 49 50 15 45 17 47 28 59 73 8 37 10 39 20 51 65 30 61 32 44 22 53 24 36 46 38 
75 67 77 89 60 91 69 81 52 83 48 62 93 74 103 76 105 40 54 85 66 96 68 98 63 64 78 106 90 111 92 12 55 56 70 100 82 107 84 109 79 80 94 14 104 25 3 27 71 72 86 110 97 112 99 19 95 1 4 29 11 41 13 43 87 88 101 21 108 33 7 35 5 6 15 45 26 57 28 59 102 2 8 37 18 49 20 51 16 17 30 61 42 73 44 9 10 22 53 34 65 36 31 32 46 58 23 24 38 50 47 39 
76 36 78 90 91 92 38 50 51 52 79 93 94 103 104 105 3 39 53 54 65 66 67 68 64 95 106 4 111 11 12 13 24 55 69 70 81 82 83 84 80 5 14 15 25 26 27 28 40 71 85 86 96 97 98 99 1 16 29 30 41 42 43 44 56 87 100 101 107 108 109 7 6 31 45 46 57 58 59 60 72 102 110 8 112 18 19 20 17 47 61 62 73 74 75 88 9 21 22 33 34 35 32 63 77 89 2 23 37 49 48 10 
77 69 89 48 62 93 81 40 54 85 60 74 103 63 64 78 106 52 66 96 55 56 70 100 75 76 90 111 79 80 94 14 67 68 82 107 71 72 86 110 91 92 104 25 95 1 4 29 83 84 97 112 87 88 101 21 105 3 11 41 5 6 15 45 98 99 108 33 102 2 8 37 12 13 26 57 16 17 30 61 109 7 18 49 9 10 22 53 27 28 42 73 31 32 46 19 20 34 65 23 24 38 43 44 58 47 35 36 50 39 59 51 
78 38 90 79 93 94 50 39 53 54 91 103 104 64 95 106 4 51 65 66 24 55 69 70 76 105 111 11 80 5 14 15 36 67 81 82 40 71 85 86 92 12 25 26 1 16 29 30 52 83 96 97 56 87 100 101 3 27 41 42 6 31 45 46 68 98 107 108 72 102 110 8 13 43 57 58 17 47 61 62 84 109 112 18 88 9 21 22 28 59 73 74 32 63 77 99 19 33 34 2 23 37 44 75 89 48 7 35 49 10 60 20 
79 39 91 93 64 95 51 53 24 55 103 76 105 78 106 80 5 65 36 67 38 69 40 71 90 111 92 12 94 14 1 16 50 81 52 83 54 85 56 87 104 25 3 27 4 29 6 31 66 96 68 98 70 100 72 102 11 41 13 43 15 45 17 47 82 107 84 109 86 110 88 9 26 57 28 59 30 61 32 63 97 112 99 19 101 21 2 23 42 73 44 75 46 77 48 108 33 7 35 8 37 10 58 89 60 62 18 49 20 22 74 34 
80 10 92 94 95 1 20 22 23 24 104 105 3 106 4 5 6 34 35 36 37 38 39 40 111 11 12 13 14 15 16 17 49 50 51 52 53 54 55 56 25 26 27 28 29 30 31 32 65 66 67 68 69 70 71 72 41 42 43 44 45 46 47 48 81 82 83 84 85 86 87 88 57 58 59 60 61 62 63 64 96 97 98 99 100 101 102 2 73 74 75 76 77 78 79 107 108 109 7 110 8 9 89 90 91 93 112 18 19 21 103 33 
81 48 40 52 66 96 60 62 63 64 54 55 56 67 68 82 107 74 75 76 77 78 79 80 69 70 71 72 83 84 97 112 89 90 91 92 93 94 95 1 85 86 87 88 98 99 108 33 103 104 105 3 106 4 5 6 100 101 102 2 109 7 18 49 111 11 12 13 14 15 16 17 110 8 9 10 19 20 34 65 25 26 27 28 29 30 31 32 21 22 23 24 35 36 50 41 42 43 44 45 46 47 37 38 39 51 57 58 59 61 53 73 
82 47 71 83 96 97 59 61 32 63 85 56 87 68 98 107 108 73 44 75 46 77 48 79 70 100 72 102 84 109 112 18 58 89 60 91 62 93 64 95 86 110 88 9 99 19 33 34 74 103 76 105 78 106 80 5 101 21 2 23 7 35 49 50 90 111 92 12 94 14 1 16 8 37 10 39 20 51 65 66 104 25 3 27 4 29 6 31 22 53 24 55 36 67 81 11 41 13 43 15 45 17 38 69 40 52 26 57 28 30 54 42 
83 61 85 96 68 98 73 32 46 77 56 70 100 82 107 84 109 44 58 89 47 48 62 93 71 72 86 110 97 112 99 19 59 60 74 103 63 64 78 106 87 88 101 21 108 33 7 35 75 76 90 111 79 80 94 14 102 2 8 37 18 49 20 51 91 92 104 25 95 1 4 29 9 10 22 53 34 65 36 67 105 3 11 41 5 6 15 45 23 24 38 69 50 81 52 12 13 26 57 16 17 30 39 40 54 66 27 28 42 31 55 43 
84 30 86 97 98 99 42 31 45 46 87 100 101 107 108 109 7 43 57 58 17 47 61 62 72 102 110 8 112 18 19 20 28 59 73 74 32 63 77 78 88 9 21 22 33 34 35 36 44 75 89 90 48 79 93 94 2 23 37 38 49 50 51 52 60 91 103 104 64 95 106 4 10 39 53 54 65 66 67 68 76 105 111 11 80 5 14 15 24 55 69 70 81 82 83 92 12 25 26 1 16 29 40 71 85 96 3 27 41 6 56 13 
85 73 96 56 70 100 32 44 58 89 68 82 107 71 72 86 110 46 47 48 59 60 74 103 83 84 97 112 87 88 101 21 61 62 63 64 75 76 90 111 98 99 108 33 102 2 8 37 77 78 79 80 91 92 104 25 109 7 18 49 9 10 22 53 93 94 95 1 105 3 11 41 19 20 34 65 23 24 38 69 106 4 5 6 12 13 26 57 35 36 50 81 39 40 54 14 15 16 17 27 28 42 51 52 66 55 29 30 31 43 67 45 
86 42 97 87 100 101 31 43 57 58 98 107 108 72 102 110 8 45 17 47 28 59 73 74 84 109 112 18 88 9 21 22 30 61 32 63 44 75 89 90 99 19 33 34 2 23 37 38 46 77 48 79 60 91 103 104 7 35 49 50 10 39 53 54 62 93 64 95 76 105 111 11 20 51 65 66 24 55 69 70 78 106 80 5 92 12 25 26 36 67 81 82 40 71 85 94 14 1 16 3 27 41 52 83 96 56 4 29 6 13 68 15 
87 43 98 100 72 102 45 57 28 59 107 84 109 86 110 88 9 17 30 61 42 73 44 75 97 112 99 19 101 21 2 23 31 32 46 77 58 89 60 91 108 33 7 35 8 37 10 39 47 48 62 93 74 103 76 105 18 49 20 51 22 53 24 55 63 64 78 106 90 111 92 12 34 65 36 67 38 69 40 71 79 80 94 14 104 25 3 27 50 81 52 83 54 85 56 95 1 4 29 11 41 13 66 96 68 70 5 6 15 26 82 16 
88 13 99 101 102 2 15 26 27 28 108 109 7 110 8 9 10 16 29 30 41 42 43 44 112 18 19 20 21 22 23 24 6 31 45 46 57 58 59 60 33 34 35 36 37 38 39 40 17 47 61 62 73 74 75 76 49 50 51 52 53 54 55 56 32 63 77 78 89 90 91 92 65 66 67 68 69 70 71 72 48 79 93 94 103 104 105 3 81 82 83 84 85 86 87 64 95 106 4 111 11 12 96 97 98 100 80 5 14 25 107 1 
89 81 48 60 74 103 40 52 66 96 62 63 64 75 76 90 111 54 55 56 67 68 82 107 77 78 79 80 91 92 104 25 69 70 71 72 83 84 97 112 93 94 95 1 105 3 11 41 85 86 87 88 98 99 108 33 106 4 5 6 12 13 26 57 100 101 102 2 109 7 18 49 14 15 16 17 27 28 42 73 110 8 9 10 19 20 34 65 29 30 31 32 43 44 58 21 22 23 24 35 36 50 45 46 47 59 37 38 39 51 61 53 
90 50 79 91 103 104 39 51 65 66 93 64 95 76 105 111 11 53 24 55 36 67 81 82 78 106 80 5 92 12 25 26 38 69 40 71 52 83 96 97 94 14 1 16 3 27 41 42 54 85 56 87 68 98 107 108 4 29 6 31 13 43 57 58 70 100 72 102 84 109 112 18 15 45 17 47 28 59 73 74 86 110 88 9 99 19 33 34 30 61 32 63 44 75 89 101 21 2 23 7 35 49 46 77 48 60 8 37 10 20 62 22 
91 51 93 103 76 105 53 65 36 67 64 78 106 90 111 92 12 24 38 69 50 81 52 83 79 80 94 14 104 25 3 27 39 40 54 85 66 96 68 98 95 1 4 29 11 41 13 43 55 56 70 100 82 107 84 109 5 6 15 45 26 57 28 59 71 72 86 110 97 112 99 19 16 17 30 61 42 73 44 75 87 88 101 21 108 33 7 35 31 32 46 77 58 89 60 102 2 8 37 18 49 20 47 48 62 74 9 10 22 34 63 23 
92 20 94 104 105 3 22 34 35 36 95 106 4 111 11 12 13 23 37 38 49 50 51 52 80 5 14 15 25 26 27 28 10 39 53 54 65 66 67 68 1 16 29 30 41 42 43 44 24 55 69 70 81 82 83 84 6 31 45 46 57 58 59 60 40 71 85 86 96 97 98 99 17 47 61 62 73 74 75 76 56 87 100 101 107 108 109 7 32 63 77 78 89 90 91 72 102 110 8 112 18 19 48 79 93 103 88 9 21 33 64 2 
93 53 103 64 78 106 65 24 38 69 76 90 111 79 80 94 14 36 50 81 39 40 54 85 91 92 104 25 95 1 4 29 51 52 66 96 55 56 70 100 105 3 11 41 5 6 15 45 67 68 82 107 71 72 86 110 12 13 26 57 16 17 30 61 83 84 97 112 87 88 101 21 27 28 42 73 31 32 46 77 98 99 108 33 102 2 8 37 43 44 58 89 47 48 62 109 7 18 49 9 10 22 59 60 74 63 19 20 34 23 75 35 
94 22 104 95 106 4 34 23 37 38 105 111 11 80 5 14 15 35 49 50 10 39 53 54 92 12 25 26 1 16 29 30 20 51 65 66 24 55 69 70 3 27 41 42 6 31 45 46 36 67 81 82 40 71 85 86 13 43 57 58 17 47 61 62 52 83 96 97 56 87 100 101 28 59 73 74 32 63 77 78 68 98 107 108 72 102 110 8 44 75 89 90 48 79 93 84 109 112 18 88 9 21 60 91 103 64 99 19 33 2 76 7 
95 23 105 106 80 5 35 37 10 39 111 92 12 94 14 1 16 49 20 51 22 53 24 55 104 25 3 27 4 29 6 31 34 65 36 67 38 69 40 71 11 41 13 43 15 45 17 47 50 81 52 83 54 85 56 87 26 57 28 59 30 61 32 63 66 96 68 98 70 100 72 102 42 73 44 75 46 77 48 79 82 107 84 109 86 110 88 9 58 89 60 91 62 93 64 97 112 99 19 101 21 2 74 103 76 78 108 33 7 8 90 18 
96 32 56 68 82 107 44 46 47 48 70 71 72 83 84 97 112 58 59 60 61 62 63 64 85 86 87 88 98 99 108 33 73 74 75 76 77 78 79 80 100 101 102 2 109 7 18 49 89 90 91 92 93 94 95 1 110 8 9 10 19 20 34 65 103 104 105 3 106 4 5 6 21 22 23 24 35 36 50 81 111 11 12 13 14 15 16 17 37 38 39 40 51 52 66 25 26 27 28 29 30 31 53 54 55 67 41 42 43 45 69 57 
97 31 87 98 107 108 43 45 17 47 100 72 102 84 109 112 18 57 28 59 30 61 32 63 86 110 88 9 99 19 33 34 42 73 44 75 46 77 48 79 101 21 2 23 7 35 49 50 58 89 60 91 62 93 64 95 8 37 10 39 20 51 65 66 74 103 76 105 78 106 80 5 22 53 24 55 36 67 81 82 90 111 92 12 94 14 1 16 38 69 40 71 52 83 96 104 25 3 27 4 29 6 54 85 56 68 11 41 13 15 70 26 
98 45 100 107 84 109 57 17 30 61 72 86 110 97 112 99 19 28 42 73 31 32 46 77 87 88 101 21 108 33 7 35 43 44 58 89 47 48 62 93 102 2 8 37 18 49 20 51 59 60 74 103 63 64 78 106 9 10 22 53 34 65 36 67 75 76 90 111 79 80 94 14 23 24 38 69 50 81 52 83 91 92 104 25 95 1 4 29 39 40 54 85 66 96 68 105 3 11 41 5 6 15 55 56 70 82 12 13 26 16 71 27 
99 15 101 108 109 7 26 16 29 30 102 110 8 112 18 19 20 27 41 42 6 31 45 46 88 9 21 22 33 34 35 36 13 43 57 58 17 47 61 62 2 23 37 38 49 50 51 52 28 59 73 74 32 63 77 78 10 39 53 54 65 66 67 68 44 75 89 90 48 79 93 94 24 55 69 70 81 82 83 84 60 91 103 104 64 95 106 4 40 71 85 86 96 97 98 76 105 111 11 80 5 14 56 87 100 107 92 12 25 1 72 3 
100 57 107 72 86 110 17 28 42 73 84 97 112 87 88 101 21 30 31 32 43 44 58 89 98 99 108 33 102 2 8 37 45 46 47 48 59 60 74 103 109 7 18 49 9 10 22 53 61 62 63 64 75 76 90 111 19 20 34 65 23 24 38 69 77 78 79 80 91 92 104 25 35 36 50 81 39 40 54 85 93 94 95 1 105 3 11 41 51 52 66 96 55 56 70 106 4 5 6 12 13 26 67 68 82 71 14 15 16 27 83 29 
101 26 108 102 110 8 16 27 41 42 109 112 18 88 9 21 22 29 6 31 13 43 57 58 99 19 33 34 2 23 37 38 15 45 17 47 28 59 73 74 7 35 49 50 10 39 53 54 30 61 32 63 44 75 89 90 20 51 65 66 24 55 69 70 46 77 48 79 60 91 103 104 36 67 81 82 40 71 85 86 62 93 64 95 76 105 111 11 52 83 96 97 56 87 100 78 106 80 5 92 12 25 68 98 107 72 94 14 1 3 84 4 
102 27 109 110 88 9 29 41 13 43 112 99 19 101 21 2 23 6 15 45 26 57 28 59 108 33 7 35 8 37 10 39 16 17 30 61 42 73 44 75 18 49 20 51 22 53 24 55 31 32 46 77 58 89 60 91 34 65 36 67 38 69 40 71 47 48 62 93 74 103 76 105 50 81 52 83 54 85 56 87 63 64 78 106 90 111 92 12 66 96 68 98 70 100 72 79 80 94 14 104 25 3 82 107 84 86 95 1 4 11 97 5 
103 65 64 76 90 111 24 36 50 81 78 79 80 91 92 104 25 38 39 40 51 52 66 96 93 94 95 1 105 3 11 41 53 54 55 56 67 68 82 107 106 4 5 6 12 13 26 57 69 70 71 72 83 84 97 112 14 15 16 17 27 28 42 73 85 86 87 88 98 99 108 33 29 30 31 32 43 44 58 89 100 101 102 2 109 7 18 49 45 46 47 48 59 60 74 110 8 9 10 19 20 34 61 62 63 75 21 22 23 35 77 37 
104 34 95 105 111 11 23 35 49 50 106 80 5 92 12 25 26 37 10 39 20 51 65 66 94 14 1 16 3 27 41 42 22 53 24 55 36 67 81 82 4 29 6 31 13 43 57 58 38 69 40 71 52 83 96 97 15 45 17 47 28 59 73 74 54 85 56 87 68 98 107 108 30 61 32 63 44 75 89 90 70 100 72 102 84 109 112 18 46 77 48 79 60 91 103 86 110 88 9 99 19 33 62 93 64 76 101 21 2 7 78 8 
105 35 106 111 92 12 37 49 20 51 80 94 14 104 25 3 27 10 22 53 34 65 36 67 95 1 4 29 11 41 13 43 23 24 38 69 50 81 52 83 5 6 15 45 26 57 28 59 39 40 54 85 66 96 68 98 16 17 30 61 42 73 44 75 55 56 70 100 82 107 84 109 31 32 46 77 58 89 60 91 71 72 86 110 97 112 99 19 47 48 62 93 74 103 76 87 88 101 21 108 33 7 63 64 78 90 102 2 8 18 79 9 
106 37 111 80 94 14 49 10 22 53 92 104 25 95 1 4 29 20 34 65 23 24 38 69 105 3 11 41 5 6 15 45 35 36 50 81 39 40 54 85 12 13 26 57 16 17 30 61 51 52 66 96 55 56 70 100 27 28 42 73 31 32 46 77 67 68 82 107 71 72 86 110 43 44 58 89 47 48 62 93 83 84 97 112 87 88 101 21 59 60 74 103 63 64 78 98 99 108 33 102 2 8 75 76 90 79 109 7 18 9 91 19 
107 17 72 84 97 112 28 30 31 32 86 87 88 98 99 108 33 42 43 44 45 46 47 48 100 101 102 2 109 7 18 49 57 58 59 60 61 62 63 64 110 8 9 10 19 20 34 65 73 74 75 76 77 78 79 80 21 22 23 24 35 36 50 81 89 90 91 92 93 94 95 1 37 38 39 40 51 52 66 96 103 104 105 3 106 4 5 6 53 54 55 56 67 68 82 111 11 12 13 14 15 16 69 70 71 83 25 26 27 29 85 41 
108 16 102 109 112 18 27 29 6 31 110 88 9 99 19 33 34 41 13 43 15 45 17 47 101 21 2 23 7 35 49 50 26 57 28 59 30 61 32 63 8 37 10 39 20 51 65 66 42 73 44 75 46 77 48 79 22 53 24 55 36 67 81 82 58 89 60 91 62 93 64 95 38 69 40 71 52 83 96 97 74 103 76 105 78 106 80 5 54 85 56 87 68 98 107 90 111 92 12 94 14 1 70 100 72 84 104 25 3 4 86 11 
109 29 110 112 99 19 41 6 15 45 88 101 21 108 33 7 35 13 26 57 16 17 30 61 102 2 8 37 18 49 20 51 27 28 42 73 31 32 46 77 9 10 22 53 34 65 36 67 43 44 58 89 47 48 62 93 23 24 38 69 50 81 52 83 59 60 74 103 63 64 78 106 39 40 54 85 66 96 68 98 75 76 90 111 79 80 94 14 55 56 70 100 82 107 84 91 92 104 25 95 1 4 71 72 86 97 105 3 11 5 87 12 
110 41 112 88 101 21 6 13 26 57 99 108 33 102 2 8 37 15 16 17 27 28 42 73 109 7 18 49 9 10 22 53 29 30 31 32 43 44 58 89 19 20 34 65 23 24 38 69 45 46 47 48 59 60 74 103 35 36 50 81 39 40 54 85 61 62 63 64 75 76 90 111 51 52 66 96 55 56 70 100 77 78 79 80 91 92 104 25 67 68 82 107 71 72 86 93 94 95 1 105 3 11 83 84 97 87 106 4 5 12 98 14 
111 49 80 92 104 25 10 20 34 65 94 95 1 105 3 11 41 22 23 24 35 36 50 81 106 4 5 6 12 13 26 57 37 38 39 40 51 52 66 96 14 15 16 17 27 28 42 73 53 54 55 56 67 68 82 107 29 30 31 32 43 44 58 89 69 70 71 72 83 84 97 112 45 46 47 48 59 60 74 103 85 86 87 88 98 99 108 33 61 62 63 64 75 76 90 100 101 102 2 109 7 18 77 78 79 91 110 8 9 19 93 21 
112 6 88 99 108 33 13 15 16 17 101 102 2 109 7 18 49 26 27 28 29 30 31 32 110 8 9 10 19 20 34 65 41 42 43 44 45 46 47 48 21 22 23 24 35 36 50 81 57 58 59 60 61 62 63 64 37 38 39 40 51 52 66 96 73 74 75 76 77 78 79 80 53 54 55 56 67 68 82 107 89 90 91 92 93 94 95 1 69 70 71 72 83 84 97 103 104 105 3 106 4 5 85 86 87 98 111 11 12 14 100 25 
