126 2
1 2 3 4 5 6 7 8 9 10 11 12 13 14 15 16 17 18 19 20 21 22 23 24 25 26 27 28 29 30 31 32 33 34 35 36 37 38 39 40 41 42 43 44 45 46 47 48 49 50 51 52 53 54 55 56 57 58 59 60 61 62 63 64 65 66 67 68 69 70 71 72 73 74 75 76 77 78 79 80 81 82 83 84 85 86 87 88 89 90 91 92 93 94 95 96 97 98 99 100 101 102 103 104 105 106 107 108 109 110 111 112 113 114 115 116 117 118 119 120 121 122 123 124 125 126 
2 1 6 7 8 3 4 5 15 16 17 18 19 20 9 10 11 12 13 14 29 30 31 32 33 34 35 36 21 22 23 24 25 26 27 28 46 47 48 49 50 51 52 53 54 37 38 39 40 41 42 43 44 45 64 65 66 67 68 69 70 71 72 55 56 57 58 59 60 61 62 63 82 83 84 85 86 87 88 89 90 73 74 75 76 77 78 79 80 81 99 100 101 102 103 104 105 106 91 92 93 94 95 96 97 98 113 114 115 116 117 118 107 108 109 110 111 112 122 123 124 119 120 121 126 125 
3 6 9 10 11 15 16 17 4 21 22 23 24 25 7 29 30 31 32 33 12 13 37 38 39 40 41 42 18 19 46 47 48 49 50 51 1 26 27 55 56 57 58 59 60 2 34 35 64 65 66 67 68 69 5 43 44 73 74 75 76 77 78 8 52 53 82 83 84 85 86 87 14 61 62 91 92 93 94 95 96 20 70 71 99 100 101 102 103 104 28 79 80 107 108 109 110 111 36 88 89 113 114 115 116 117 45 97 98 119 120 121 54 105 106 122 123 124 63 112 125 72 118 126 81 90 
4 7 10 12 13 16 18 19 21 23 24 1 26 27 29 31 32 2 34 35 37 38 3 40 41 5 43 44 46 47 6 49 50 8 52 53 9 55 56 11 58 59 14 61 62 15 64 65 17 67 68 20 70 71 22 73 74 25 76 77 28 79 80 30 82 83 33 85 86 36 88 89 39 91 92 42 94 95 45 97 98 48 99 100 51 102 103 54 105 106 57 107 108 60 110 111 63 112 66 113 114 69 116 117 72 118 75 119 120 78 121 81 84 122 123 87 124 90 93 125 96 101 126 104 109 115 
5 8 25 13 14 33 19 20 75 41 42 26 27 28 84 50 51 34 35 36 92 93 58 59 60 43 44 45 100 101 67 68 69 52 53 54 107 108 109 76 77 78 61 62 63 113 114 115 85 86 87 70 71 72 119 120 9 94 95 96 79 80 81 122 123 15 102 103 104 88 89 90 125 21 22 110 111 3 97 98 1 126 29 30 116 117 6 105 106 2 37 38 39 121 10 11 112 4 46 47 48 124 16 17 118 7 55 56 57 23 24 12 64 65 66 31 32 18 73 74 40 82 83 49 91 99 
6 3 15 16 17 9 10 11 7 29 30 31 32 33 4 21 22 23 24 25 18 19 46 47 48 49 50 51 12 13 37 38 39 40 41 42 2 34 35 64 65 66 67 68 69 1 26 27 55 56 57 58 59 60 8 52 53 82 83 84 85 86 87 5 43 44 73 74 75 76 77 78 20 70 71 99 100 101 102 103 104 14 61 62 91 92 93 94 95 96 36 88 89 113 114 115 116 117 28 79 80 107 108 109 110 111 54 105 106 122 123 124 45 97 98 119 120 121 72 118 126 63 112 125 90 81 
7 4 16 18 19 10 12 13 29 31 32 2 34 35 21 23 24 1 26 27 46 47 6 49 50 8 52 53 37 38 3 40 41 5 43 44 15 64 65 17 67 68 20 70 71 9 55 56 11 58 59 14 61 62 30 82 83 33 85 86 36 88 89 22 73 74 25 76 77 28 79 80 48 99 100 51 102 103 54 105 106 39 91 92 42 94 95 45 97 98 66 113 114 69 116 117 72 118 57 107 108 60 110 111 63 112 84 122 123 87 124 90 75 119 120 78 121 81 101 126 104 93 125 96 115 109 
8 5 33 19 20 25 13 14 84 50 51 34 35 36 75 41 42 26 27 28 100 101 67 68 69 52 53 54 92 93 58 59 60 43 44 45 113 114 115 85 86 87 70 71 72 107 108 109 76 77 78 61 62 63 122 123 15 102 103 104 88 89 90 119 120 9 94 95 96 79 80 81 126 29 30 116 117 6 105 106 2 125 21 22 110 111 3 97 98 1 46 47 48 124 16 17 118 7 37 38 39 121 10 11 112 4 64 65 66 31 32 18 55 56 57 23 24 12 82 83 49 73 74 40 99 91 
9 15 4 21 22 7 29 30 10 12 13 37 38 39 16 18 19 46 47 48 23 24 1 26 27 55 56 57 31 32 2 34 35 64 65 66 3 40 41 5 43 44 73 74 75 6 49 50 8 52 53 82 83 84 11 58 59 14 61 62 91 92 93 17 67 68 20 70 71 99 100 101 25 76 77 28 79 80 107 108 109 33 85 86 36 88 89 113 114 115 42 94 95 45 97 98 119 120 51 102 103 54 105 106 122 123 60 110 111 63 112 125 69 116 117 72 118 126 78 121 81 87 124 90 96 104 
10 16 21 23 24 29 31 32 12 37 38 3 40 41 18 46 47 6 49 50 1 26 9 55 56 11 58 59 2 34 15 64 65 17 67 68 4 5 43 22 73 74 25 76 77 7 8 52 30 82 83 33 85 86 13 14 61 39 91 92 42 94 95 19 20 70 48 99 100 51 102 103 27 28 79 57 107 108 60 110 111 35 36 88 66 113 114 69 116 117 44 45 97 75 119 120 78 121 53 54 105 84 122 123 87 124 62 63 112 93 125 96 71 72 118 101 126 104 80 81 109 89 90 115 98 106 
11 17 39 24 25 48 32 33 62 56 57 40 41 42 71 65 66 49 50 51 79 80 73 74 75 58 59 60 88 89 82 83 84 67 68 69 45 97 98 91 92 93 76 77 78 54 105 106 99 100 101 85 86 87 63 112 4 107 108 109 94 95 96 72 118 7 113 114 115 102 103 104 81 12 13 119 120 9 110 111 3 90 18 19 122 123 15 116 117 6 1 26 27 125 21 22 121 10 2 34 35 126 29 30 124 16 5 43 44 37 38 23 8 52 53 46 47 31 14 61 55 20 70 64 28 36 
12 18 23 1 26 31 2 34 37 3 40 4 5 43 46 6 49 7 8 52 9 55 10 11 58 13 14 61 15 64 16 17 67 19 20 70 21 22 73 24 25 76 27 28 79 29 30 82 32 33 85 35 36 88 38 39 91 41 42 94 44 45 97 47 48 99 50 51 102 53 54 105 56 57 107 59 60 110 62 63 112 65 66 113 68 69 116 71 72 118 74 75 119 77 78 121 80 81 83 84 122 86 87 124 89 90 92 93 125 95 96 98 100 101 126 103 104 106 108 109 111 114 115 117 120 123 
13 19 41 26 27 50 34 35 92 58 59 5 43 44 100 67 68 8 52 53 107 108 25 76 77 14 61 62 113 114 33 85 86 20 70 71 75 119 120 42 94 95 28 79 80 84 122 123 51 102 103 36 88 89 93 125 21 60 110 111 45 97 98 101 126 29 69 116 117 54 105 106 109 37 38 78 121 10 63 112 4 115 46 47 87 124 16 72 118 7 9 55 56 96 23 24 81 12 15 64 65 104 31 32 90 18 22 73 74 3 40 1 30 82 83 6 49 2 39 91 11 48 99 17 57 66 
14 20 60 27 28 69 35 36 22 77 78 43 44 45 30 86 87 52 53 54 38 39 94 95 96 61 62 63 47 48 102 103 104 70 71 72 55 56 57 110 111 3 79 80 81 64 65 66 116 117 6 88 89 90 73 74 75 121 10 11 97 98 1 82 83 84 124 16 17 105 106 2 91 92 93 23 24 25 112 4 5 99 100 101 31 32 33 118 7 8 107 108 109 40 41 42 12 13 113 114 115 49 50 51 18 19 119 120 9 58 59 26 122 123 15 67 68 34 125 21 76 126 29 85 37 46 
15 9 7 29 30 4 21 22 16 18 19 46 47 48 10 12 13 37 38 39 31 32 2 34 35 64 65 66 23 24 1 26 27 55 56 57 6 49 50 8 52 53 82 83 84 3 40 41 5 43 44 73 74 75 17 67 68 20 70 71 99 100 101 11 58 59 14 61 62 91 92 93 33 85 86 36 88 89 113 114 115 25 76 77 28 79 80 107 108 109 51 102 103 54 105 106 122 123 42 94 95 45 97 98 119 120 69 116 117 72 118 126 60 110 111 63 112 125 87 124 90 78 121 81 104 96 
16 10 29 31 32 21 23 24 18 46 47 6 49 50 12 37 38 3 40 41 2 34 15 64 65 17 67 68 1 26 9 55 56 11 58 59 7 8 52 30 82 83 33 85 86 4 5 43 22 73 74 25 76 77 19 20 70 48 99 100 51 102 103 13 14 61 39 91 92 42 94 95 35 36 88 66 113 114 69 116 117 27 28 79 57 107 108 60 110 111 53 54 105 84 122 123 87 124 44 45 97 75 119 120 78 121 71 72 118 101 126 104 62 63 112 93 125 96 89 90 115 80 81 109 106 98 
17 11 48 32 33 39 24 25 71 65 66 49 50 51 62 56 57 40 41 42 88 89 82 83 84 67 68 69 79 80 73 74 75 58 59 60 54 105 106 99 100 101 85 86 87 45 97 98 91 92 93 76 77 78 72 118 7 113 114 115 102 103 104 63 112 4 107 108 109 94 95 96 90 18 19 122 123 15 116 117 6 81 12 13 119 120 9 110 111 3 2 34 35 126 29 30 124 16 1 26 27 125 21 22 121 10 8 52 53 46 47 31 5 43 44 37 38 23 20 70 64 14 61 55 36 28 
18 12 31 2 34 23 1 26 46 6 49 7 8 52 37 3 40 4 5 43 15 64 16 17 67 19 20 70 9 55 10 11 58 13 14 61 29 30 82 32 33 85 35 36 88 21 22 73 24 25 76 27 28 79 47 48 99 50 51 102 53 54 105 38 39 91 41 42 94 44 45 97 65 66 113 68 69 116 71 72 118 56 57 107 59 60 110 62 63 112 83 84 122 86 87 124 89 90 74 75 119 77 78 121 80 81 100 101 126 103 104 106 92 93 125 95 96 98 114 115 117 108 109 111 123 120 
19 13 50 34 35 41 26 27 100 67 68 8 52 53 92 58 59 5 43 44 113 114 33 85 86 20 70 71 107 108 25 76 77 14 61 62 84 122 123 51 102 103 36 88 89 75 119 120 42 94 95 28 79 80 101 126 29 69 116 117 54 105 106 93 125 21 60 110 111 45 97 98 115 46 47 87 124 16 72 118 7 109 37 38 78 121 10 63 112 4 15 64 65 104 31 32 90 18 9 55 56 96 23 24 81 12 30 82 83 6 49 2 22 73 74 3 40 1 48 99 17 39 91 11 66 57 
20 14 69 35 36 60 27 28 30 86 87 52 53 54 22 77 78 43 44 45 47 48 102 103 104 70 71 72 38 39 94 95 96 61 62 63 64 65 66 116 117 6 88 89 90 55 56 57 110 111 3 79 80 81 82 83 84 124 16 17 105 106 2 73 74 75 121 10 11 97 98 1 99 100 101 31 32 33 118 7 8 91 92 93 23 24 25 112 4 5 113 114 115 49 50 51 18 19 107 108 109 40 41 42 12 13 122 123 15 67 68 34 119 120 9 58 59 26 126 29 85 125 21 76 46 37 
21 29 12 37 38 18 46 47 23 1 26 9 55 56 31 2 34 15 64 65 3 40 4 5 43 22 73 74 6 49 7 8 52 30 82 83 10 11 58 13 14 61 39 91 92 16 17 67 19 20 70 48 99 100 24 25 76 27 28 79 57 107 108 32 33 85 35 36 88 66 113 114 41 42 94 44 45 97 75 119 120 50 51 102 53 54 105 84 122 123 59 60 110 62 63 112 93 125 68 69 116 71 72 118 101 126 77 78 121 80 81 109 86 87 124 89 90 115 95 96 98 103 104 106 111 117 
22 30 27 38 39 35 47 48 77 43 44 55 56 57 86 52 53 64 65 66 94 95 14 61 62 73 74 75 102 103 20 70 71 82 83 84 60 110 111 28 79 80 91 92 93 69 116 117 36 88 89 99 100 101 78 121 10 45 97 98 107 108 109 87 124 16 54 105 106 113 114 115 96 23 24 63 112 4 119 120 9 104 31 32 72 118 7 122 123 15 3 40 41 81 12 13 125 21 6 49 50 90 18 19 126 29 11 58 59 1 26 37 17 67 68 2 34 46 25 76 5 33 85 8 42 51 
23 31 37 3 40 46 6 49 1 9 55 10 11 58 2 15 64 16 17 67 4 5 21 22 73 24 25 76 7 8 29 30 82 32 33 85 12 13 14 38 39 91 41 42 94 18 19 20 47 48 99 50 51 102 26 27 28 56 57 107 59 60 110 34 35 36 65 66 113 68 69 116 43 44 45 74 75 119 77 78 121 52 53 54 83 84 122 86 87 124 61 62 63 92 93 125 95 96 70 71 72 100 101 126 103 104 79 80 81 108 109 111 88 89 90 114 115 117 97 98 120 105 106 123 112 118 
24 32 56 40 41 65 49 50 79 73 74 11 58 59 88 82 83 17 67 68 45 97 39 91 92 25 76 77 54 105 48 99 100 33 85 86 62 63 112 57 107 108 42 94 95 71 72 118 66 113 114 51 102 103 80 81 12 75 119 120 60 110 111 89 90 18 84 122 123 69 116 117 98 1 26 93 125 21 78 121 10 106 2 34 101 126 29 87 124 16 4 5 43 109 37 38 96 23 7 8 52 115 46 47 104 31 13 14 61 9 55 3 19 20 70 15 64 6 27 28 22 35 36 30 44 53 
25 33 75 41 42 84 50 51 13 92 93 58 59 60 19 100 101 67 68 69 26 27 107 108 109 76 77 78 34 35 113 114 115 85 86 87 5 43 44 119 120 9 94 95 96 8 52 53 122 123 15 102 103 104 14 61 62 125 21 22 110 111 3 20 70 71 126 29 30 116 117 6 28 79 80 37 38 39 121 10 11 36 88 89 46 47 48 124 16 17 45 97 98 55 56 57 23 24 54 105 106 64 65 66 31 32 63 112 4 73 74 40 72 118 7 82 83 49 81 12 91 90 18 99 1 2 
26 34 58 5 43 67 8 52 107 25 76 13 14 61 113 33 85 19 20 70 75 119 41 42 94 27 28 79 84 122 50 51 102 35 36 88 92 93 125 59 60 110 44 45 97 100 101 126 68 69 116 53 54 105 108 109 37 77 78 121 62 63 112 114 115 46 86 87 124 71 72 118 120 9 55 95 96 23 80 81 12 123 15 64 103 104 31 89 90 18 21 22 73 111 3 40 98 1 29 30 82 117 6 49 106 2 38 39 91 10 11 4 47 48 99 16 17 7 56 57 24 65 66 32 74 83 
27 35 77 43 44 86 52 53 38 94 95 14 61 62 47 102 103 20 70 71 55 56 60 110 111 28 79 80 64 65 69 116 117 36 88 89 22 73 74 78 121 10 45 97 98 30 82 83 87 124 16 54 105 106 39 91 92 96 23 24 63 112 4 48 99 100 104 31 32 72 118 7 57 107 108 3 40 41 81 12 13 66 113 114 6 49 50 90 18 19 75 119 120 11 58 59 1 26 84 122 123 17 67 68 2 34 93 125 21 25 76 5 101 126 29 33 85 8 109 37 42 115 46 51 9 15 
28 36 96 44 45 104 53 54 93 111 3 61 62 63 101 117 6 70 71 72 108 109 121 10 11 79 80 81 114 115 124 16 17 88 89 90 119 120 9 23 24 25 97 98 1 122 123 15 31 32 33 105 106 2 125 21 22 40 41 42 112 4 5 126 29 30 49 50 51 118 7 8 37 38 39 58 59 60 12 13 14 46 47 48 67 68 69 18 19 20 55 56 57 76 77 78 26 27 64 65 66 85 86 87 34 35 73 74 75 94 95 43 82 83 84 102 103 52 91 92 110 99 100 116 107 113 
29 21 18 46 47 12 37 38 31 2 34 15 64 65 23 1 26 9 55 56 6 49 7 8 52 30 82 83 3 40 4 5 43 22 73 74 16 17 67 19 20 70 48 99 100 10 11 58 13 14 61 39 91 92 32 33 85 35 36 88 66 113 114 24 25 76 27 28 79 57 107 108 50 51 102 53 54 105 84 122 123 41 42 94 44 45 97 75 119 120 68 69 116 71 72 118 101 126 59 60 110 62 63 112 93 125 86 87 124 89 90 115 77 78 121 80 81 109 103 104 106 95 96 98 117 111 
30 22 35 47 48 27 38 39 86 52 53 64 65 66 77 43 44 55 56 57 102 103 20 70 71 82 83 84 94 95 14 61 62 73 74 75 69 116 117 36 88 89 99 100 101 60 110 111 28 79 80 91 92 93 87 124 16 54 105 106 113 114 115 78 121 10 45 97 98 107 108 109 104 31 32 72 118 7 122 123 15 96 23 24 63 112 4 119 120 9 6 49 50 90 18 19 126 29 3 40 41 81 12 13 125 21 17 67 68 2 34 46 11 58 59 1 26 37 33 85 8 25 76 5 51 42 
31 23 46 6 49 37 3 40 2 15 64 16 17 67 1 9 55 10 11 58 7 8 29 30 82 32 33 85 4 5 21 22 73 24 25 76 18 19 20 47 48 99 50 51 102 12 13 14 38 39 91 41 42 94 34 35 36 65 66 113 68 69 116 26 27 28 56 57 107 59 60 110 52 53 54 83 84 122 86 87 124 43 44 45 74 75 119 77 78 121 70 71 72 100 101 126 103 104 61 62 63 92 93 125 95 96 88 89 90 114 115 117 79 80 81 108 109 111 105 106 123 97 98 120 118 112 
32 24 65 49 50 56 40 41 88 82 83 17 67 68 79 73 74 11 58 59 54 105 48 99 100 33 85 86 45 97 39 91 92 25 76 77 71 72 118 66 113 114 51 102 103 62 63 112 57 107 108 42 94 95 89 90 18 84 122 123 69 116 117 80 81 12 75 119 120 60 110 111 106 2 34 101 126 29 87 124 16 98 1 26 93 125 21 78 121 10 7 8 52 115 46 47 104 31 4 5 43 109 37 38 96 23 19 20 70 15 64 6 13 14 61 9 55 3 35 36 30 27 28 22 53 44 
33 25 84 50 51 75 41 42 19 100 101 67 68 69 13 92 93 58 59 60 34 35 113 114 115 85 86 87 26 27 107 108 109 76 77 78 8 52 53 122 123 15 102 103 104 5 43 44 119 120 9 94 95 96 20 70 71 126 29 30 116 117 6 14 61 62 125 21 22 110 111 3 36 88 89 46 47 48 124 16 17 28 79 80 37 38 39 121 10 11 54 105 106 64 65 66 31 32 45 97 98 55 56 57 23 24 72 118 7 82 83 49 63 112 4 73 74 40 90 18 99 81 12 91 2 1 
34 26 67 8 52 58 5 43 113 33 85 19 20 70 107 25 76 13 14 61 84 122 50 51 102 35 36 88 75 119 41 42 94 27 28 79 100 101 126 68 69 116 53 54 105 92 93 125 59 60 110 44 45 97 114 115 46 86 87 124 71 72 118 108 109 37 77 78 121 62 63 112 123 15 64 103 104 31 89 90 18 120 9 55 95 96 23 80 81 12 29 30 82 117 6 49 106 2 21 22 73 111 3 40 98 1 47 48 99 16 17 7 38 39 91 10 11 4 65 66 32 56 57 24 83 74 
35 27 86 52 53 77 43 44 47 102 103 20 70 71 38 94 95 14 61 62 64 65 69 116 117 36 88 89 55 56 60 110 111 28 79 80 30 82 83 87 124 16 54 105 106 22 73 74 78 121 10 45 97 98 48 99 100 104 31 32 72 118 7 39 91 92 96 23 24 63 112 4 66 113 114 6 49 50 90 18 19 57 107 108 3 40 41 81 12 13 84 122 123 17 67 68 2 34 75 119 120 11 58 59 1 26 101 126 29 33 85 8 93 125 21 25 76 5 115 46 51 109 37 42 15 9 
36 28 104 53 54 96 44 45 101 117 6 70 71 72 93 111 3 61 62 63 114 115 124 16 17 88 89 90 108 109 121 10 11 79 80 81 122 123 15 31 32 33 105 106 2 119 120 9 23 24 25 97 98 1 126 29 30 49 50 51 118 7 8 125 21 22 40 41 42 112 4 5 46 47 48 67 68 69 18 19 20 37 38 39 58 59 60 12 13 14 64 65 66 85 86 87 34 35 55 56 57 76 77 78 26 27 82 83 84 102 103 52 73 74 75 94 95 43 99 100 116 91 92 110 113 107 
37 46 1 9 55 2 15 64 3 4 5 21 22 73 6 7 8 29 30 82 10 11 12 13 14 38 39 91 16 17 18 19 20 47 48 99 23 24 25 26 27 28 56 57 107 31 32 33 34 35 36 65 66 113 40 41 42 43 44 45 74 75 119 49 50 51 52 53 54 83 84 122 58 59 60 61 62 63 92 93 125 67 68 69 70 71 72 100 101 126 76 77 78 79 80 81 108 109 85 86 87 88 89 90 114 115 94 95 96 97 98 120 102 103 104 105 106 123 110 111 112 116 117 118 121 124 
38 47 43 55 56 52 64 65 94 14 61 22 73 74 102 20 70 30 82 83 60 110 27 28 79 39 91 92 69 116 35 36 88 48 99 100 77 78 121 44 45 97 57 107 108 86 87 124 53 54 105 66 113 114 95 96 23 62 63 112 75 119 120 103 104 31 71 72 118 84 122 123 111 3 40 80 81 12 93 125 21 117 6 49 89 90 18 101 126 29 10 11 58 98 1 26 109 37 16 17 67 106 2 34 115 46 24 25 76 4 5 9 32 33 85 7 8 15 41 42 13 50 51 19 59 68 
39 48 62 56 57 71 65 66 24 79 80 73 74 75 32 88 89 82 83 84 40 41 45 97 98 91 92 93 49 50 54 105 106 99 100 101 11 58 59 63 112 4 107 108 109 17 67 68 72 118 7 113 114 115 25 76 77 81 12 13 119 120 9 33 85 86 90 18 19 122 123 15 42 94 95 1 26 27 125 21 22 51 102 103 2 34 35 126 29 30 60 110 111 5 43 44 37 38 69 116 117 8 52 53 46 47 78 121 10 14 61 55 87 124 16 20 70 64 96 23 28 104 31 36 3 6 
40 49 73 11 58 82 17 67 45 39 91 24 25 76 54 48 99 32 33 85 62 63 56 57 107 41 42 94 71 72 65 66 113 50 51 102 79 80 81 74 75 119 59 60 110 88 89 90 83 84 122 68 69 116 97 98 1 92 93 125 77 78 121 105 106 2 100 101 126 86 87 124 112 4 5 108 109 37 95 96 23 118 7 8 114 115 46 103 104 31 12 13 14 120 9 55 111 3 18 19 20 123 15 64 117 6 26 27 28 21 22 10 34 35 36 29 30 16 43 44 38 52 53 47 61 70 
41 50 92 58 59 100 67 68 26 107 108 25 76 77 34 113 114 33 85 86 5 43 75 119 120 42 94 95 8 52 84 122 123 51 102 103 13 14 61 93 125 21 60 110 111 19 20 70 101 126 29 69 116 117 27 28 79 109 37 38 78 121 10 35 36 88 115 46 47 87 124 16 44 45 97 9 55 56 96 23 24 53 54 105 15 64 65 104 31 32 62 63 112 22 73 74 3 40 71 72 118 30 82 83 6 49 80 81 12 39 91 11 89 90 18 48 99 17 98 1 57 106 2 66 4 7 
42 51 109 59 60 115 68 69 80 120 9 76 77 78 89 123 15 85 86 87 97 98 125 21 22 94 95 96 105 106 126 29 30 102 103 104 63 112 4 37 38 39 110 111 3 72 118 7 46 47 48 116 117 6 81 12 13 55 56 57 121 10 11 90 18 19 64 65 66 124 16 17 1 26 27 73 74 75 23 24 25 2 34 35 82 83 84 31 32 33 5 43 44 91 92 93 40 41 8 52 53 99 100 101 49 50 14 61 62 107 108 58 20 70 71 113 114 67 28 79 119 36 88 122 45 54 
43 52 94 14 61 102 20 70 55 60 110 27 28 79 64 69 116 35 36 88 22 73 77 78 121 44 45 97 30 82 86 87 124 53 54 105 38 39 91 95 96 23 62 63 112 47 48 99 103 104 31 71 72 118 56 57 107 111 3 40 80 81 12 65 66 113 117 6 49 89 90 18 74 75 119 10 11 58 98 1 26 83 84 122 16 17 67 106 2 34 92 93 125 24 25 76 4 5 100 101 126 32 33 85 7 8 108 109 37 41 42 13 114 115 46 50 51 19 120 9 59 123 15 68 21 29 
44 53 111 61 62 117 70 71 108 121 10 28 79 80 114 124 16 36 88 89 119 120 96 23 24 45 97 98 122 123 104 31 32 54 105 106 93 125 21 3 40 41 63 112 4 101 126 29 6 49 50 72 118 7 109 37 38 11 58 59 81 12 13 115 46 47 17 67 68 90 18 19 9 55 56 25 76 77 1 26 27 15 64 65 33 85 86 2 34 35 22 73 74 42 94 95 5 43 30 82 83 51 102 103 8 52 39 91 92 60 110 14 48 99 100 69 116 20 57 107 78 66 113 87 75 84 
45 54 11 62 63 17 71 72 39 24 25 79 80 81 48 32 33 88 89 90 56 57 40 41 42 97 98 1 65 66 49 50 51 105 106 2 73 74 75 58 59 60 112 4 5 82 83 84 67 68 69 118 7 8 91 92 93 76 77 78 12 13 14 99 100 101 85 86 87 18 19 20 107 108 109 94 95 96 26 27 28 113 114 115 102 103 104 34 35 36 119 120 9 110 111 3 43 44 122 123 15 116 117 6 52 53 125 21 22 121 10 61 126 29 30 124 16 70 37 38 23 46 47 31 55 64 
46 37 2 15 64 1 9 55 6 7 8 29 30 82 3 4 5 21 22 73 16 17 18 19 20 47 48 99 10 11 12 13 14 38 39 91 31 32 33 34 35 36 65 66 113 23 24 25 26 27 28 56 57 107 49 50 51 52 53 54 83 84 122 40 41 42 43 44 45 74 75 119 67 68 69 70 71 72 100 101 126 58 59 60 61 62 63 92 93 125 85 86 87 88 89 90 114 115 76 77 78 79 80 81 108 109 102 103 104 105 106 123 94 95 96 97 98 120 116 117 118 110 111 112 124 121 
47 38 52 64 65 43 55 56 102 20 70 30 82 83 94 14 61 22 73 74 69 116 35 36 88 48 99 100 60 110 27 28 79 39 91 92 86 87 124 53 54 105 66 113 114 77 78 121 44 45 97 57 107 108 103 104 31 71 72 118 84 122 123 95 96 23 62 63 112 75 119 120 117 6 49 89 90 18 101 126 29 111 3 40 80 81 12 93 125 21 16 17 67 106 2 34 115 46 10 11 58 98 1 26 109 37 32 33 85 7 8 15 24 25 76 4 5 9 50 51 19 41 42 13 68 59 
48 39 71 65 66 62 56 57 32 88 89 82 83 84 24 79 80 73 74 75 49 50 54 105 106 99 100 101 40 41 45 97 98 91 92 93 17 67 68 72 118 7 113 114 115 11 58 59 63 112 4 107 108 109 33 85 86 90 18 19 122 123 15 25 76 77 81 12 13 119 120 9 51 102 103 2 34 35 126 29 30 42 94 95 1 26 27 125 21 22 69 116 117 8 52 53 46 47 60 110 111 5 43 44 37 38 87 124 16 20 70 64 78 121 10 14 61 55 104 31 36 96 23 28 6 3 
49 40 82 17 67 73 11 58 54 48 99 32 33 85 45 39 91 24 25 76 71 72 65 66 113 50 51 102 62 63 56 57 107 41 42 94 88 89 90 83 84 122 68 69 116 79 80 81 74 75 119 59 60 110 105 106 2 100 101 126 86 87 124 97 98 1 92 93 125 77 78 121 118 7 8 114 115 46 103 104 31 112 4 5 108 109 37 95 96 23 18 19 20 123 15 64 117 6 12 13 14 120 9 55 111 3 34 35 36 29 30 16 26 27 28 21 22 10 52 53 47 43 44 38 70 61 
50 41 100 67 68 92 58 59 34 113 114 33 85 86 26 107 108 25 76 77 8 52 84 122 123 51 102 103 5 43 75 119 120 42 94 95 19 20 70 101 126 29 69 116 117 13 14 61 93 125 21 60 110 111 35 36 88 115 46 47 87 124 16 27 28 79 109 37 38 78 121 10 53 54 105 15 64 65 104 31 32 44 45 97 9 55 56 96 23 24 71 72 118 30 82 83 6 49 62 63 112 22 73 74 3 40 89 90 18 48 99 17 80 81 12 39 91 11 106 2 66 98 1 57 7 4 
51 42 115 68 69 109 59 60 89 123 15 85 86 87 80 120 9 76 77 78 105 106 126 29 30 102 103 104 97 98 125 21 22 94 95 96 72 118 7 46 47 48 116 117 6 63 112 4 37 38 39 110 111 3 90 18 19 64 65 66 124 16 17 81 12 13 55 56 57 121 10 11 2 34 35 82 83 84 31 32 33 1 26 27 73 74 75 23 24 25 8 52 53 99 100 101 49 50 5 43 44 91 92 93 40 41 20 70 71 113 114 67 14 61 62 107 108 58 36 88 122 28 79 119 54 45 
52 43 102 20 70 94 14 61 64 69 116 35 36 88 55 60 110 27 28 79 30 82 86 87 124 53 54 105 22 73 77 78 121 44 45 97 47 48 99 103 104 31 71 72 118 38 39 91 95 96 23 62 63 112 65 66 113 117 6 49 89 90 18 56 57 107 111 3 40 80 81 12 83 84 122 16 17 67 106 2 34 74 75 119 10 11 58 98 1 26 100 101 126 32 33 85 7 8 92 93 125 24 25 76 4 5 114 115 46 50 51 19 108 109 37 41 42 13 123 15 68 120 9 59 29 21 
53 44 117 70 71 111 61 62 114 124 16 36 88 89 108 121 10 28 79 80 122 123 104 31 32 54 105 106 119 120 96 23 24 45 97 98 101 126 29 6 49 50 72 118 7 93 125 21 3 40 41 63 112 4 115 46 47 17 67 68 90 18 19 109 37 38 11 58 59 81 12 13 15 64 65 33 85 86 2 34 35 9 55 56 25 76 77 1 26 27 30 82 83 51 102 103 8 52 22 73 74 42 94 95 5 43 48 99 100 69 116 20 39 91 92 60 110 14 66 113 87 57 107 78 84 75 
54 45 17 71 72 11 62 63 48 32 33 88 89 90 39 24 25 79 80 81 65 66 49 50 51 105 106 2 56 57 40 41 42 97 98 1 82 83 84 67 68 69 118 7 8 73 74 75 58 59 60 112 4 5 99 100 101 85 86 87 18 19 20 91 92 93 76 77 78 12 13 14 113 114 115 102 103 104 34 35 36 107 108 109 94 95 96 26 27 28 122 123 15 116 117 6 52 53 119 120 9 110 111 3 43 44 126 29 30 124 16 70 125 21 22 121 10 61 46 47 31 37 38 23 64 55 
55 64 14 22 73 20 30 82 60 27 28 38 39 91 69 35 36 47 48 99 77 78 43 44 45 56 57 107 86 87 52 53 54 65 66 113 94 95 96 61 62 63 74 75 119 102 103 104 70 71 72 83 84 122 110 111 3 79 80 81 92 93 125 116 117 6 88 89 90 100 101 126 121 10 11 97 98 1 108 109 37 124 16 17 105 106 2 114 115 46 23 24 25 112 4 5 120 9 31 32 33 118 7 8 123 15 40 41 42 12 13 21 49 50 51 18 19 29 58 59 26 67 68 34 76 85 
56 65 79 73 74 88 82 83 40 45 97 39 91 92 49 54 105 48 99 100 11 58 62 63 112 57 107 108 17 67 71 72 118 66 113 114 24 25 76 80 81 12 75 119 120 32 33 85 89 90 18 84 122 123 41 42 94 98 1 26 93 125 21 50 51 102 106 2 34 101 126 29 59 60 110 4 5 43 109 37 38 68 69 116 7 8 52 115 46 47 77 78 121 13 14 61 9 55 86 87 124 19 20 70 15 64 95 96 23 27 28 22 103 104 31 35 36 30 111 3 44 117 6 53 10 16 
57 66 98 74 75 106 83 84 95 112 4 91 92 93 103 118 7 99 100 101 110 111 81 12 13 107 108 109 116 117 90 18 19 113 114 115 78 121 10 1 26 27 119 120 9 87 124 16 2 34 35 122 123 15 96 23 24 5 43 44 125 21 22 104 31 32 8 52 53 126 29 30 3 40 41 14 61 62 37 38 39 6 49 50 20 70 71 46 47 48 11 58 59 28 79 80 55 56 17 67 68 36 88 89 64 65 25 76 77 45 97 73 33 85 86 54 105 82 42 94 63 51 102 72 60 69 
58 67 107 25 76 113 33 85 5 75 119 41 42 94 8 84 122 50 51 102 13 14 92 93 125 59 60 110 19 20 100 101 126 68 69 116 26 27 28 108 109 37 77 78 121 34 35 36 114 115 46 86 87 124 43 44 45 120 9 55 95 96 23 52 53 54 123 15 64 103 104 31 61 62 63 21 22 73 111 3 40 70 71 72 29 30 82 117 6 49 79 80 81 38 39 91 10 11 88 89 90 47 48 99 16 17 97 98 1 56 57 24 105 106 2 65 66 32 112 4 74 118 7 83 12 18 
59 68 120 76 77 123 85 86 97 125 21 42 94 95 105 126 29 51 102 103 63 112 109 37 38 60 110 111 72 118 115 46 47 69 116 117 80 81 12 9 55 56 78 121 10 89 90 18 15 64 65 87 124 16 98 1 26 22 73 74 96 23 24 106 2 34 30 82 83 104 31 32 4 5 43 39 91 92 3 40 41 7 8 52 48 99 100 6 49 50 13 14 61 57 107 108 11 58 19 20 70 66 113 114 17 67 27 28 79 75 119 25 35 36 88 84 122 33 44 45 93 53 54 101 62 71 
60 69 22 77 78 30 86 87 27 38 39 94 95 96 35 47 48 102 103 104 43 44 55 56 57 110 111 3 52 53 64 65 66 116 117 6 14 61 62 73 74 75 121 10 11 20 70 71 82 83 84 124 16 17 28 79 80 91 92 93 23 24 25 36 88 89 99 100 101 31 32 33 45 97 98 107 108 109 40 41 42 54 105 106 113 114 115 49 50 51 63 112 4 119 120 9 58 59 72 118 7 122 123 15 67 68 81 12 13 125 21 76 90 18 19 126 29 85 1 26 37 2 34 46 5 8 
61 70 121 28 79 124 36 88 119 96 23 44 45 97 122 104 31 53 54 105 93 125 111 3 40 62 63 112 101 126 117 6 49 71 72 118 108 109 37 10 11 58 80 81 12 114 115 46 16 17 67 89 90 18 120 9 55 24 25 76 98 1 26 123 15 64 32 33 85 106 2 34 21 22 73 41 42 94 4 5 43 29 30 82 50 51 102 7 8 52 38 39 91 59 60 110 13 14 47 48 99 68 69 116 19 20 56 57 107 77 78 27 65 66 113 86 87 35 74 75 95 83 84 103 92 100 
62 71 24 79 80 32 88 89 56 40 41 45 97 98 65 49 50 54 105 106 73 74 11 58 59 63 112 4 82 83 17 67 68 72 118 7 39 91 92 25 76 77 81 12 13 48 99 100 33 85 86 90 18 19 57 107 108 42 94 95 1 26 27 66 113 114 51 102 103 2 34 35 75 119 120 60 110 111 5 43 44 84 122 123 69 116 117 8 52 53 93 125 21 78 121 10 14 61 101 126 29 87 124 16 20 70 109 37 38 96 23 28 115 46 47 104 31 36 9 55 3 15 64 6 22 30 
63 72 42 80 81 51 89 90 109 59 60 97 98 1 115 68 69 105 106 2 120 9 76 77 78 112 4 5 123 15 85 86 87 118 7 8 125 21 22 94 95 96 12 13 14 126 29 30 102 103 104 18 19 20 37 38 39 110 111 3 26 27 28 46 47 48 116 117 6 34 35 36 55 56 57 121 10 11 43 44 45 64 65 66 124 16 17 52 53 54 73 74 75 23 24 25 61 62 82 83 84 31 32 33 70 71 91 92 93 40 41 79 99 100 101 49 50 88 107 108 58 113 114 67 119 122 
64 55 20 30 82 14 22 73 69 35 36 47 48 99 60 27 28 38 39 91 86 87 52 53 54 65 66 113 77 78 43 44 45 56 57 107 102 103 104 70 71 72 83 84 122 94 95 96 61 62 63 74 75 119 116 117 6 88 89 90 100 101 126 110 111 3 79 80 81 92 93 125 124 16 17 105 106 2 114 115 46 121 10 11 97 98 1 108 109 37 31 32 33 118 7 8 123 15 23 24 25 112 4 5 120 9 49 50 51 18 19 29 40 41 42 12 13 21 67 68 34 58 59 26 85 76 
65 56 88 82 83 79 73 74 49 54 105 48 99 100 40 45 97 39 91 92 17 67 71 72 118 66 113 114 11 58 62 63 112 57 107 108 32 33 85 89 90 18 84 122 123 24 25 76 80 81 12 75 119 120 50 51 102 106 2 34 101 126 29 41 42 94 98 1 26 93 125 21 68 69 116 7 8 52 115 46 47 59 60 110 4 5 43 109 37 38 86 87 124 19 20 70 15 64 77 78 121 13 14 61 9 55 103 104 31 35 36 30 95 96 23 27 28 22 117 6 53 111 3 44 16 10 
66 57 106 83 84 98 74 75 103 118 7 99 100 101 95 112 4 91 92 93 116 117 90 18 19 113 114 115 110 111 81 12 13 107 108 109 87 124 16 2 34 35 122 123 15 78 121 10 1 26 27 119 120 9 104 31 32 8 52 53 126 29 30 96 23 24 5 43 44 125 21 22 6 49 50 20 70 71 46 47 48 3 40 41 14 61 62 37 38 39 17 67 68 36 88 89 64 65 11 58 59 28 79 80 55 56 33 85 86 54 105 82 25 76 77 45 97 73 51 102 72 42 94 63 69 60 
67 58 113 33 85 107 25 76 8 84 122 50 51 102 5 75 119 41 42 94 19 20 100 101 126 68 69 116 13 14 92 93 125 59 60 110 34 35 36 114 115 46 86 87 124 26 27 28 108 109 37 77 78 121 52 53 54 123 15 64 103 104 31 43 44 45 120 9 55 95 96 23 70 71 72 29 30 82 117 6 49 61 62 63 21 22 73 111 3 40 88 89 90 47 48 99 16 17 79 80 81 38 39 91 10 11 105 106 2 65 66 32 97 98 1 56 57 24 118 7 83 112 4 74 18 12 
68 59 123 85 86 120 76 77 105 126 29 51 102 103 97 125 21 42 94 95 72 118 115 46 47 69 116 117 63 112 109 37 38 60 110 111 89 90 18 15 64 65 87 124 16 80 81 12 9 55 56 78 121 10 106 2 34 30 82 83 104 31 32 98 1 26 22 73 74 96 23 24 7 8 52 48 99 100 6 49 50 4 5 43 39 91 92 3 40 41 19 20 70 66 113 114 17 67 13 14 61 57 107 108 11 58 35 36 88 84 122 33 27 28 79 75 119 25 53 54 101 44 45 93 71 62 
69 60 30 86 87 22 77 78 35 47 48 102 103 104 27 38 39 94 95 96 52 53 64 65 66 116 117 6 43 44 55 56 57 110 111 3 20 70 71 82 83 84 124 16 17 14 61 62 73 74 75 121 10 11 36 88 89 99 100 101 31 32 33 28 79 80 91 92 93 23 24 25 54 105 106 113 114 115 49 50 51 45 97 98 107 108 109 40 41 42 72 118 7 122 123 15 67 68 63 112 4 119 120 9 58 59 90 18 19 126 29 85 81 12 13 125 21 76 2 34 46 1 26 37 8 5 
70 61 124 36 88 121 28 79 122 104 31 53 54 105 119 96 23 44 45 97 101 126 117 6 49 71 72 118 93 125 111 3 40 62 63 112 114 115 46 16 17 67 89 90 18 108 109 37 10 11 58 80 81 12 123 15 64 32 33 85 106 2 34 120 9 55 24 25 76 98 1 26 29 30 82 50 51 102 7 8 52 21 22 73 41 42 94 4 5 43 47 48 99 68 69 116 19 20 38 39 91 59 60 110 13 14 65 66 113 86 87 35 56 57 107 77 78 27 83 84 103 74 75 95 100 92 
71 62 32 88 89 24 79 80 65 49 50 54 105 106 56 40 41 45 97 98 82 83 17 67 68 72 118 7 73 74 11 58 59 63 112 4 48 99 100 33 85 86 90 18 19 39 91 92 25 76 77 81 12 13 66 113 114 51 102 103 2 34 35 57 107 108 42 94 95 1 26 27 84 122 123 69 116 117 8 52 53 75 119 120 60 110 111 5 43 44 101 126 29 87 124 16 20 70 93 125 21 78 121 10 14 61 115 46 47 104 31 36 109 37 38 96 23 28 15 64 6 9 55 3 30 22 
72 63 51 89 90 42 80 81 115 68 69 105 106 2 109 59 60 97 98 1 123 15 85 86 87 118 7 8 120 9 76 77 78 112 4 5 126 29 30 102 103 104 18 19 20 125 21 22 94 95 96 12 13 14 46 47 48 116 117 6 34 35 36 37 38 39 110 111 3 26 27 28 64 65 66 124 16 17 52 53 54 55 56 57 121 10 11 43 44 45 82 83 84 31 32 33 70 71 73 74 75 23 24 25 61 62 99 100 101 49 50 88 91 92 93 40 41 79 113 114 67 107 108 58 122 119 
73 82 45 39 91 54 48 99 11 62 63 56 57 107 17 71 72 65 66 113 24 25 79 80 81 74 75 119 32 33 88 89 90 83 84 122 40 41 42 97 98 1 92 93 125 49 50 51 105 106 2 100 101 126 58 59 60 112 4 5 108 109 37 67 68 69 118 7 8 114 115 46 76 77 78 12 13 14 120 9 55 85 86 87 18 19 20 123 15 64 94 95 96 26 27 28 21 22 102 103 104 34 35 36 29 30 110 111 3 43 44 38 116 117 6 52 53 47 121 10 61 124 16 70 23 31 
74 83 112 91 92 118 99 100 110 81 12 57 107 108 116 90 18 66 113 114 78 121 98 1 26 75 119 120 87 124 106 2 34 84 122 123 95 96 23 4 5 43 93 125 21 103 104 31 7 8 52 101 126 29 111 3 40 13 14 61 109 37 38 117 6 49 19 20 70 115 46 47 10 11 58 27 28 79 9 55 56 16 17 67 35 36 88 15 64 65 24 25 76 44 45 97 22 73 32 33 85 53 54 105 30 82 41 42 94 62 63 39 50 51 102 71 72 48 59 60 80 68 69 89 77 86 
75 84 13 92 93 19 100 101 41 26 27 107 108 109 50 34 35 113 114 115 58 59 5 43 44 119 120 9 67 68 8 52 53 122 123 15 25 76 77 14 61 62 125 21 22 33 85 86 20 70 71 126 29 30 42 94 95 28 79 80 37 38 39 51 102 103 36 88 89 46 47 48 60 110 111 45 97 98 55 56 57 69 116 117 54 105 106 64 65 66 78 121 10 63 112 4 73 74 87 124 16 72 118 7 82 83 96 23 24 81 12 91 104 31 32 90 18 99 3 40 1 6 49 2 11 17 
76 85 125 42 94 126 51 102 63 109 37 59 60 110 72 115 46 68 69 116 80 81 120 9 55 77 78 121 89 90 123 15 64 86 87 124 97 98 1 21 22 73 95 96 23 105 106 2 29 30 82 103 104 31 112 4 5 38 39 91 111 3 40 118 7 8 47 48 99 117 6 49 12 13 14 56 57 107 10 11 58 18 19 20 65 66 113 16 17 67 26 27 28 74 75 119 24 25 34 35 36 83 84 122 32 33 43 44 45 92 93 41 52 53 54 100 101 50 61 62 108 70 71 114 79 88 
77 86 38 94 95 47 102 103 43 55 56 60 110 111 52 64 65 69 116 117 14 61 22 73 74 78 121 10 20 70 30 82 83 87 124 16 27 28 79 39 91 92 96 23 24 35 36 88 48 99 100 104 31 32 44 45 97 57 107 108 3 40 41 53 54 105 66 113 114 6 49 50 62 63 112 75 119 120 11 58 59 71 72 118 84 122 123 17 67 68 80 81 12 93 125 21 25 76 89 90 18 101 126 29 33 85 98 1 26 109 37 42 106 2 34 115 46 51 4 5 9 7 8 15 13 19 
78 87 57 95 96 66 103 104 98 74 75 110 111 3 106 83 84 116 117 6 112 4 91 92 93 121 10 11 118 7 99 100 101 124 16 17 81 12 13 107 108 109 23 24 25 90 18 19 113 114 115 31 32 33 1 26 27 119 120 9 40 41 42 2 34 35 122 123 15 49 50 51 5 43 44 125 21 22 58 59 60 8 52 53 126 29 30 67 68 69 14 61 62 37 38 39 76 77 20 70 71 46 47 48 85 86 28 79 80 55 56 94 36 88 89 64 65 102 45 97 73 54 105 82 63 72 
79 88 40 45 97 49 54 105 73 11 58 62 63 112 82 17 67 71 72 118 39 91 24 25 76 80 81 12 48 99 32 33 85 89 90 18 56 57 107 41 42 94 98 1 26 65 66 113 50 51 102 106 2 34 74 75 119 59 60 110 4 5 43 83 84 122 68 69 116 7 8 52 92 93 125 77 78 121 13 14 61 100 101 126 86 87 124 19 20 70 108 109 37 95 96 23 27 28 114 115 46 103 104 31 35 36 120 9 55 111 3 44 123 15 64 117 6 53 21 22 10 29 30 16 38 47 
80 89 59 97 98 68 105 106 120 76 77 63 112 4 123 85 86 72 118 7 125 21 42 94 95 81 12 13 126 29 51 102 103 90 18 19 109 37 38 60 110 111 1 26 27 115 46 47 69 116 117 2 34 35 9 55 56 78 121 10 5 43 44 15 64 65 87 124 16 8 52 53 22 73 74 96 23 24 14 61 62 30 82 83 104 31 32 20 70 71 39 91 92 3 40 41 28 79 48 99 100 6 49 50 36 88 57 107 108 11 58 45 66 113 114 17 67 54 75 119 25 84 122 33 93 101 
81 90 78 98 1 87 106 2 57 95 96 112 4 5 66 103 104 118 7 8 74 75 110 111 3 12 13 14 83 84 116 117 6 18 19 20 91 92 93 121 10 11 26 27 28 99 100 101 124 16 17 34 35 36 107 108 109 23 24 25 43 44 45 113 114 115 31 32 33 52 53 54 119 120 9 40 41 42 61 62 63 122 123 15 49 50 51 70 71 72 125 21 22 58 59 60 79 80 126 29 30 67 68 69 88 89 37 38 39 76 77 97 46 47 48 85 86 105 55 56 94 64 65 102 73 82 
82 73 54 48 99 45 39 91 17 71 72 65 66 113 11 62 63 56 57 107 32 33 88 89 90 83 84 122 24 25 79 80 81 74 75 119 49 50 51 105 106 2 100 101 126 40 41 42 97 98 1 92 93 125 67 68 69 118 7 8 114 115 46 58 59 60 112 4 5 108 109 37 85 86 87 18 19 20 123 15 64 76 77 78 12 13 14 120 9 55 102 103 104 34 35 36 29 30 94 95 96 26 27 28 21 22 116 117 6 52 53 47 110 111 3 43 44 38 124 16 70 121 10 61 31 23 
83 74 118 99 100 112 91 92 116 90 18 66 113 114 110 81 12 57 107 108 87 124 106 2 34 84 122 123 78 121 98 1 26 75 119 120 103 104 31 7 8 52 101 126 29 95 96 23 4 5 43 93 125 21 117 6 49 19 20 70 115 46 47 111 3 40 13 14 61 109 37 38 16 17 67 35 36 88 15 64 65 10 11 58 27 28 79 9 55 56 32 33 85 53 54 105 30 82 24 25 76 44 45 97 22 73 50 51 102 71 72 48 41 42 94 62 63 39 68 69 89 59 60 80 86 77 
84 75 19 100 101 13 92 93 50 34 35 113 114 115 41 26 27 107 108 109 67 68 8 52 53 122 123 15 58 59 5 43 44 119 120 9 33 85 86 20 70 71 126 29 30 25 76 77 14 61 62 125 21 22 51 102 103 36 88 89 46 47 48 42 94 95 28 79 80 37 38 39 69 116 117 54 105 106 64 65 66 60 110 111 45 97 98 55 56 57 87 124 16 72 118 7 82 83 78 121 10 63 112 4 73 74 104 31 32 90 18 99 96 23 24 81 12 91 6 49 2 3 40 1 17 11 
85 76 126 51 102 125 42 94 72 115 46 68 69 116 63 109 37 59 60 110 89 90 123 15 64 86 87 124 80 81 120 9 55 77 78 121 105 106 2 29 30 82 103 104 31 97 98 1 21 22 73 95 96 23 118 7 8 47 48 99 117 6 49 112 4 5 38 39 91 111 3 40 18 19 20 65 66 113 16 17 67 12 13 14 56 57 107 10 11 58 34 35 36 83 84 122 32 33 26 27 28 74 75 119 24 25 52 53 54 100 101 50 43 44 45 92 93 41 70 71 114 61 62 108 88 79 
86 77 47 102 103 38 94 95 52 64 65 69 116 117 43 55 56 60 110 111 20 70 30 82 83 87 124 16 14 61 22 73 74 78 121 10 35 36 88 48 99 100 104 31 32 27 28 79 39 91 92 96 23 24 53 54 105 66 113 114 6 49 50 44 45 97 57 107 108 3 40 41 71 72 118 84 122 123 17 67 68 62 63 112 75 119 120 11 58 59 89 90 18 101 126 29 33 85 80 81 12 93 125 21 25 76 106 2 34 115 46 51 98 1 26 109 37 42 7 8 15 4 5 9 19 13 
87 78 66 103 104 57 95 96 106 83 84 116 117 6 98 74 75 110 111 3 118 7 99 100 101 124 16 17 112 4 91 92 93 121 10 11 90 18 19 113 114 115 31 32 33 81 12 13 107 108 109 23 24 25 2 34 35 122 123 15 49 50 51 1 26 27 119 120 9 40 41 42 8 52 53 126 29 30 67 68 69 5 43 44 125 21 22 58 59 60 20 70 71 46 47 48 85 86 14 61 62 37 38 39 76 77 36 88 89 64 65 102 28 79 80 55 56 94 54 105 82 45 97 73 72 63 
88 79 49 54 105 40 45 97 82 17 67 71 72 118 73 11 58 62 63 112 48 99 32 33 85 89 90 18 39 91 24 25 76 80 81 12 65 66 113 50 51 102 106 2 34 56 57 107 41 42 94 98 1 26 83 84 122 68 69 116 7 8 52 74 75 119 59 60 110 4 5 43 100 101 126 86 87 124 19 20 70 92 93 125 77 78 121 13 14 61 114 115 46 103 104 31 35 36 108 109 37 95 96 23 27 28 123 15 64 117 6 53 120 9 55 111 3 44 29 30 16 21 22 10 47 38 
89 80 68 105 106 59 97 98 123 85 86 72 118 7 120 76 77 63 112 4 126 29 51 102 103 90 18 19 125 21 42 94 95 81 12 13 115 46 47 69 116 117 2 34 35 109 37 38 60 110 111 1 26 27 15 64 65 87 124 16 8 52 53 9 55 56 78 121 10 5 43 44 30 82 83 104 31 32 20 70 71 22 73 74 96 23 24 14 61 62 48 99 100 6 49 50 36 88 39 91 92 3 40 41 28 79 66 113 114 17 67 54 57 107 108 11 58 45 84 122 33 75 119 25 101 93 
90 81 87 106 2 78 98 1 66 103 104 118 7 8 57 95 96 112 4 5 83 84 116 117 6 18 19 20 74 75 110 111 3 12 13 14 99 100 101 124 16 17 34 35 36 91 92 93 121 10 11 26 27 28 113 114 115 31 32 33 52 53 54 107 108 109 23 24 25 43 44 45 122 123 15 49 50 51 70 71 72 119 120 9 40 41 42 61 62 63 126 29 30 67 68 69 88 89 125 21 22 58 59 60 79 80 46 47 48 85 86 105 37 38 39 76 77 97 64 65 102 55 56 94 82 73 
91 99 81 57 107 90 66 113 78 98 1 74 75 119 87 106 2 83 84 122 95 96 112 4 5 92 93 125 103 104 118 7 8 100 101 126 110 111 3 12 13 14 108 109 37 116 117 6 18 19 20 114 115 46 121 10 11 26 27 28 120 9 55 124 16 17 34 35 36 123 15 64 23 24 25 43 44 45 21 22 73 31 32 33 52 53 54 29 30 82 40 41 42 61 62 63 38 39 49 50 51 70 71 72 47 48 58 59 60 79 80 56 67 68 69 88 89 65 76 77 97 85 86 105 94 102 
92 100 26 107 108 34 113 114 58 5 43 75 119 120 67 8 52 84 122 123 25 76 13 14 61 93 125 21 33 85 19 20 70 101 126 29 41 42 94 27 28 79 109 37 38 50 51 102 35 36 88 115 46 47 59 60 110 44 45 97 9 55 56 68 69 116 53 54 105 15 64 65 77 78 121 62 63 112 22 73 74 86 87 124 71 72 118 30 82 83 95 96 23 80 81 12 39 91 103 104 31 89 90 18 48 99 111 3 40 98 1 57 117 6 49 106 2 66 10 11 4 16 17 7 24 32 
93 101 44 108 109 53 114 115 111 61 62 119 120 9 117 70 71 122 123 15 121 10 28 79 80 125 21 22 124 16 36 88 89 126 29 30 96 23 24 45 97 98 37 38 39 104 31 32 54 105 106 46 47 48 3 40 41 63 112 4 55 56 57 6 49 50 72 118 7 64 65 66 11 58 59 81 12 13 73 74 75 17 67 68 90 18 19 82 83 84 25 76 77 1 26 27 91 92 33 85 86 2 34 35 99 100 42 94 95 5 43 107 51 102 103 8 52 113 60 110 14 69 116 20 78 87 
94 102 55 60 110 64 69 116 14 22 73 77 78 121 20 30 82 86 87 124 27 28 38 39 91 95 96 23 35 36 47 48 99 103 104 31 43 44 45 56 57 107 111 3 40 52 53 54 65 66 113 117 6 49 61 62 63 74 75 119 10 11 58 70 71 72 83 84 122 16 17 67 79 80 81 92 93 125 24 25 76 88 89 90 100 101 126 32 33 85 97 98 1 108 109 37 41 42 105 106 2 114 115 46 50 51 112 4 5 120 9 59 118 7 8 123 15 68 12 13 21 18 19 29 26 34 
95 103 74 110 111 83 116 117 112 91 92 78 121 10 118 99 100 87 124 16 81 12 57 107 108 96 23 24 90 18 66 113 114 104 31 32 98 1 26 75 119 120 3 40 41 106 2 34 84 122 123 6 49 50 4 5 43 93 125 21 11 58 59 7 8 52 101 126 29 17 67 68 13 14 61 109 37 38 25 76 77 19 20 70 115 46 47 33 85 86 27 28 79 9 55 56 42 94 35 36 88 15 64 65 51 102 44 45 97 22 73 60 53 54 105 30 82 69 62 63 39 71 72 48 80 89 
96 104 93 111 3 101 117 6 44 108 109 121 10 11 53 114 115 124 16 17 61 62 119 120 9 23 24 25 70 71 122 123 15 31 32 33 28 79 80 125 21 22 40 41 42 36 88 89 126 29 30 49 50 51 45 97 98 37 38 39 58 59 60 54 105 106 46 47 48 67 68 69 63 112 4 55 56 57 76 77 78 72 118 7 64 65 66 85 86 87 81 12 13 73 74 75 94 95 90 18 19 82 83 84 102 103 1 26 27 91 92 110 2 34 35 99 100 116 5 43 107 8 52 113 14 20 
97 105 76 63 112 85 72 118 125 42 94 80 81 12 126 51 102 89 90 18 109 37 59 60 110 98 1 26 115 46 68 69 116 106 2 34 120 9 55 77 78 121 4 5 43 123 15 64 86 87 124 7 8 52 21 22 73 95 96 23 13 14 61 29 30 82 103 104 31 19 20 70 38 39 91 111 3 40 27 28 79 47 48 99 117 6 49 35 36 88 56 57 107 10 11 58 44 45 65 66 113 16 17 67 53 54 74 75 119 24 25 62 83 84 122 32 33 71 92 93 41 100 101 50 108 114 
98 106 95 112 4 103 118 7 74 110 111 81 12 13 83 116 117 90 18 19 91 92 78 121 10 1 26 27 99 100 87 124 16 2 34 35 57 107 108 96 23 24 5 43 44 66 113 114 104 31 32 8 52 53 75 119 120 3 40 41 14 61 62 84 122 123 6 49 50 20 70 71 93 125 21 11 58 59 28 79 80 101 126 29 17 67 68 36 88 89 109 37 38 25 76 77 45 97 115 46 47 33 85 86 54 105 9 55 56 42 94 63 15 64 65 51 102 72 22 73 60 30 82 69 39 48 
99 91 90 66 113 81 57 107 87 106 2 83 84 122 78 98 1 74 75 119 103 104 118 7 8 100 101 126 95 96 112 4 5 92 93 125 116 117 6 18 19 20 114 115 46 110 111 3 12 13 14 108 109 37 124 16 17 34 35 36 123 15 64 121 10 11 26 27 28 120 9 55 31 32 33 52 53 54 29 30 82 23 24 25 43 44 45 21 22 73 49 50 51 70 71 72 47 48 40 41 42 61 62 63 38 39 67 68 69 88 89 65 58 59 60 79 80 56 85 86 105 76 77 97 102 94 
100 92 34 113 114 26 107 108 67 8 52 84 122 123 58 5 43 75 119 120 33 85 19 20 70 101 126 29 25 76 13 14 61 93 125 21 50 51 102 35 36 88 115 46 47 41 42 94 27 28 79 109 37 38 68 69 116 53 54 105 15 64 65 59 60 110 44 45 97 9 55 56 86 87 124 71 72 118 30 82 83 77 78 121 62 63 112 22 73 74 103 104 31 89 90 18 48 99 95 96 23 80 81 12 39 91 117 6 49 106 2 66 111 3 40 98 1 57 16 17 7 10 11 4 32 24 
101 93 53 114 115 44 108 109 117 70 71 122 123 15 111 61 62 119 120 9 124 16 36 88 89 126 29 30 121 10 28 79 80 125 21 22 104 31 32 54 105 106 46 47 48 96 23 24 45 97 98 37 38 39 6 49 50 72 118 7 64 65 66 3 40 41 63 112 4 55 56 57 17 67 68 90 18 19 82 83 84 11 58 59 81 12 13 73 74 75 33 85 86 2 34 35 99 100 25 76 77 1 26 27 91 92 51 102 103 8 52 113 42 94 95 5 43 107 69 116 20 60 110 14 87 78 
102 94 64 69 116 55 60 110 20 30 82 86 87 124 14 22 73 77 78 121 35 36 47 48 99 103 104 31 27 28 38 39 91 95 96 23 52 53 54 65 66 113 117 6 49 43 44 45 56 57 107 111 3 40 70 71 72 83 84 122 16 17 67 61 62 63 74 75 119 10 11 58 88 89 90 100 101 126 32 33 85 79 80 81 92 93 125 24 25 76 105 106 2 114 115 46 50 51 97 98 1 108 109 37 41 42 118 7 8 123 15 68 112 4 5 120 9 59 18 19 29 12 13 21 34 26 
103 95 83 116 117 74 110 111 118 99 100 87 124 16 112 91 92 78 121 10 90 18 66 113 114 104 31 32 81 12 57 107 108 96 23 24 106 2 34 84 122 123 6 49 50 98 1 26 75 119 120 3 40 41 7 8 52 101 126 29 17 67 68 4 5 43 93 125 21 11 58 59 19 20 70 115 46 47 33 85 86 13 14 61 109 37 38 25 76 77 35 36 88 15 64 65 51 102 27 28 79 9 55 56 42 94 53 54 105 30 82 69 44 45 97 22 73 60 71 72 48 62 63 39 89 80 
104 96 101 117 6 93 111 3 53 114 115 124 16 17 44 108 109 121 10 11 70 71 122 123 15 31 32 33 61 62 119 120 9 23 24 25 36 88 89 126 29 30 49 50 51 28 79 80 125 21 22 40 41 42 54 105 106 46 47 48 67 68 69 45 97 98 37 38 39 58 59 60 72 118 7 64 65 66 85 86 87 63 112 4 55 56 57 76 77 78 90 18 19 82 83 84 102 103 81 12 13 73 74 75 94 95 2 34 35 99 100 116 1 26 27 91 92 110 8 52 113 5 43 107 20 14 
105 97 85 72 118 76 63 112 126 51 102 89 90 18 125 42 94 80 81 12 115 46 68 69 116 106 2 34 109 37 59 60 110 98 1 26 123 15 64 86 87 124 7 8 52 120 9 55 77 78 121 4 5 43 29 30 82 103 104 31 19 20 70 21 22 73 95 96 23 13 14 61 47 48 99 117 6 49 35 36 88 38 39 91 111 3 40 27 28 79 65 66 113 16 17 67 53 54 56 57 107 10 11 58 44 45 83 84 122 32 33 71 74 75 119 24 25 62 100 101 50 92 93 41 114 108 
106 98 103 118 7 95 112 4 83 116 117 90 18 19 74 110 111 81 12 13 99 100 87 124 16 2 34 35 91 92 78 121 10 1 26 27 66 113 114 104 31 32 8 52 53 57 107 108 96 23 24 5 43 44 84 122 123 6 49 50 20 70 71 75 119 120 3 40 41 14 61 62 101 126 29 17 67 68 36 88 89 93 125 21 11 58 59 28 79 80 115 46 47 33 85 86 54 105 109 37 38 25 76 77 45 97 15 64 65 51 102 72 9 55 56 42 94 63 30 82 69 22 73 60 48 39 
107 113 5 75 119 8 84 122 25 13 14 92 93 125 33 19 20 100 101 126 41 42 26 27 28 108 109 37 50 51 34 35 36 114 115 46 58 59 60 43 44 45 120 9 55 67 68 69 52 53 54 123 15 64 76 77 78 61 62 63 21 22 73 85 86 87 70 71 72 29 30 82 94 95 96 79 80 81 38 39 91 102 103 104 88 89 90 47 48 99 110 111 3 97 98 1 56 57 116 117 6 105 106 2 65 66 121 10 11 112 4 74 124 16 17 118 7 83 23 24 12 31 32 18 40 49 
108 114 61 119 120 70 122 123 121 28 79 93 125 21 124 36 88 101 126 29 96 23 44 45 97 109 37 38 104 31 53 54 105 115 46 47 111 3 40 62 63 112 9 55 56 117 6 49 71 72 118 15 64 65 10 11 58 80 81 12 22 73 74 16 17 67 89 90 18 30 82 83 24 25 76 98 1 26 39 91 92 32 33 85 106 2 34 48 99 100 41 42 94 4 5 43 57 107 50 51 102 7 8 52 66 113 59 60 110 13 14 75 68 69 116 19 20 84 77 78 27 86 87 35 95 103 
109 115 80 120 9 89 123 15 59 97 98 125 21 22 68 105 106 126 29 30 76 77 63 112 4 37 38 39 85 86 72 118 7 46 47 48 42 94 95 81 12 13 55 56 57 51 102 103 90 18 19 64 65 66 60 110 111 1 26 27 73 74 75 69 116 117 2 34 35 82 83 84 78 121 10 5 43 44 91 92 93 87 124 16 8 52 53 99 100 101 96 23 24 14 61 62 107 108 104 31 32 20 70 71 113 114 3 40 41 28 79 119 6 49 50 36 88 122 11 58 45 17 67 54 25 33 
110 116 91 78 121 99 87 124 81 57 107 95 96 23 90 66 113 103 104 31 98 1 74 75 119 111 3 40 106 2 83 84 122 117 6 49 112 4 5 92 93 125 10 11 58 118 7 8 100 101 126 16 17 67 12 13 14 108 109 37 24 25 76 18 19 20 114 115 46 32 33 85 26 27 28 120 9 55 41 42 94 34 35 36 123 15 64 50 51 102 43 44 45 21 22 73 59 60 52 53 54 29 30 82 68 69 61 62 63 38 39 77 70 71 72 47 48 86 79 80 56 88 89 65 97 105 
111 117 108 121 10 114 124 16 61 119 120 96 23 24 70 122 123 104 31 32 28 79 93 125 21 3 40 41 36 88 101 126 29 6 49 50 44 45 97 109 37 38 11 58 59 53 54 105 115 46 47 17 67 68 62 63 112 9 55 56 25 76 77 71 72 118 15 64 65 33 85 86 80 81 12 22 73 74 42 94 95 89 90 18 30 82 83 51 102 103 98 1 26 39 91 92 60 110 106 2 34 48 99 100 69 116 4 5 43 57 107 78 7 8 52 66 113 87 13 14 75 19 20 84 27 35 
112 118 110 81 12 116 90 18 91 78 121 98 1 26 99 87 124 106 2 34 57 107 95 96 23 4 5 43 66 113 103 104 31 7 8 52 74 75 119 111 3 40 13 14 61 83 84 122 117 6 49 19 20 70 92 93 125 10 11 58 27 28 79 100 101 126 16 17 67 35 36 88 108 109 37 24 25 76 44 45 97 114 115 46 32 33 85 53 54 105 120 9 55 41 42 94 62 63 123 15 64 50 51 102 71 72 21 22 73 59 60 80 29 30 82 68 69 89 38 39 77 47 48 86 56 65 
113 107 8 84 122 5 75 119 33 19 20 100 101 126 25 13 14 92 93 125 50 51 34 35 36 114 115 46 41 42 26 27 28 108 109 37 67 68 69 52 53 54 123 15 64 58 59 60 43 44 45 120 9 55 85 86 87 70 71 72 29 30 82 76 77 78 61 62 63 21 22 73 102 103 104 88 89 90 47 48 99 94 95 96 79 80 81 38 39 91 116 117 6 105 106 2 65 66 110 111 3 97 98 1 56 57 124 16 17 118 7 83 121 10 11 112 4 74 31 32 18 23 24 12 49 40 
114 108 70 122 123 61 119 120 124 36 88 101 126 29 121 28 79 93 125 21 104 31 53 54 105 115 46 47 96 23 44 45 97 109 37 38 117 6 49 71 72 118 15 64 65 111 3 40 62 63 112 9 55 56 16 17 67 89 90 18 30 82 83 10 11 58 80 81 12 22 73 74 32 33 85 106 2 34 48 99 100 24 25 76 98 1 26 39 91 92 50 51 102 7 8 52 66 113 41 42 94 4 5 43 57 107 68 69 116 19 20 84 59 60 110 13 14 75 86 87 35 77 78 27 103 95 
115 109 89 123 15 80 120 9 68 105 106 126 29 30 59 97 98 125 21 22 85 86 72 118 7 46 47 48 76 77 63 112 4 37 38 39 51 102 103 90 18 19 64 65 66 42 94 95 81 12 13 55 56 57 69 116 117 2 34 35 82 83 84 60 110 111 1 26 27 73 74 75 87 124 16 8 52 53 99 100 101 78 121 10 5 43 44 91 92 93 104 31 32 20 70 71 113 114 96 23 24 14 61 62 107 108 6 49 50 36 88 122 3 40 41 28 79 119 17 67 54 11 58 45 33 25 
116 110 99 87 124 91 78 121 90 66 113 103 104 31 81 57 107 95 96 23 106 2 83 84 122 117 6 49 98 1 74 75 119 111 3 40 118 7 8 100 101 126 16 17 67 112 4 5 92 93 125 10 11 58 18 19 20 114 115 46 32 33 85 12 13 14 108 109 37 24 25 76 34 35 36 123 15 64 50 51 102 26 27 28 120 9 55 41 42 94 52 53 54 29 30 82 68 69 43 44 45 21 22 73 59 60 70 71 72 47 48 86 61 62 63 38 39 77 88 89 65 79 80 56 105 97 
117 111 114 124 16 108 121 10 70 122 123 104 31 32 61 119 120 96 23 24 36 88 101 126 29 6 49 50 28 79 93 125 21 3 40 41 53 54 105 115 46 47 17 67 68 44 45 97 109 37 38 11 58 59 71 72 118 15 64 65 33 85 86 62 63 112 9 55 56 25 76 77 89 90 18 30 82 83 51 102 103 80 81 12 22 73 74 42 94 95 106 2 34 48 99 100 69 116 98 1 26 39 91 92 60 110 7 8 52 66 113 87 4 5 43 57 107 78 19 20 84 13 14 75 35 27 
118 112 116 90 18 110 81 12 99 87 124 106 2 34 91 78 121 98 1 26 66 113 103 104 31 7 8 52 57 107 95 96 23 4 5 43 83 84 122 117 6 49 19 20 70 74 75 119 111 3 40 13 14 61 100 101 126 16 17 67 35 36 88 92 93 125 10 11 58 27 28 79 114 115 46 32 33 85 53 54 105 108 109 37 24 25 76 44 45 97 123 15 64 50 51 102 71 72 120 9 55 41 42 94 62 63 29 30 82 68 69 89 21 22 73 59 60 80 47 48 86 38 39 77 65 56 
119 122 28 93 125 36 101 126 96 44 45 108 109 37 104 53 54 114 115 46 111 3 61 62 63 120 9 55 117 6 70 71 72 123 15 64 121 10 11 79 80 81 21 22 73 124 16 17 88 89 90 29 30 82 23 24 25 97 98 1 38 39 91 31 32 33 105 106 2 47 48 99 40 41 42 112 4 5 56 57 107 49 50 51 118 7 8 65 66 113 58 59 60 12 13 14 74 75 67 68 69 18 19 20 83 84 76 77 78 26 27 92 85 86 87 34 35 100 94 95 43 102 103 52 110 116 
120 123 97 125 21 105 126 29 76 63 112 109 37 38 85 72 118 115 46 47 42 94 80 81 12 9 55 56 51 102 89 90 18 15 64 65 59 60 110 98 1 26 22 73 74 68 69 116 106 2 34 30 82 83 77 78 121 4 5 43 39 91 92 86 87 124 7 8 52 48 99 100 95 96 23 13 14 61 57 107 108 103 104 31 19 20 70 66 113 114 111 3 40 27 28 79 75 119 117 6 49 35 36 88 84 122 10 11 58 44 45 93 16 17 67 53 54 101 24 25 62 32 33 71 41 50 
121 124 119 96 23 122 104 31 28 93 125 111 3 40 36 101 126 117 6 49 44 45 108 109 37 10 11 58 53 54 114 115 46 16 17 67 61 62 63 120 9 55 24 25 76 70 71 72 123 15 64 32 33 85 79 80 81 21 22 73 41 42 94 88 89 90 29 30 82 50 51 102 97 98 1 38 39 91 59 60 110 105 106 2 47 48 99 68 69 116 112 4 5 56 57 107 77 78 118 7 8 65 66 113 86 87 12 13 14 74 75 95 18 19 20 83 84 103 26 27 92 34 35 100 43 52 
122 119 36 101 126 28 93 125 104 53 54 114 115 46 96 44 45 108 109 37 117 6 70 71 72 123 15 64 111 3 61 62 63 120 9 55 124 16 17 88 89 90 29 30 82 121 10 11 79 80 81 21 22 73 31 32 33 105 106 2 47 48 99 23 24 25 97 98 1 38 39 91 49 50 51 118 7 8 65 66 113 40 41 42 112 4 5 56 57 107 67 68 69 18 19 20 83 84 58 59 60 12 13 14 74 75 85 86 87 34 35 100 76 77 78 26 27 92 102 103 52 94 95 43 116 110 
123 120 105 126 29 97 125 21 85 72 118 115 46 47 76 63 112 109 37 38 51 102 89 90 18 15 64 65 42 94 80 81 12 9 55 56 68 69 116 106 2 34 30 82 83 59 60 110 98 1 26 22 73 74 86 87 124 7 8 52 48 99 100 77 78 121 4 5 43 39 91 92 103 104 31 19 20 70 66 113 114 95 96 23 13 14 61 57 107 108 117 6 49 35 36 88 84 122 111 3 40 27 28 79 75 119 16 17 67 53 54 101 10 11 58 44 45 93 32 33 71 24 25 62 50 41 
124 121 122 104 31 119 96 23 36 101 126 117 6 49 28 93 125 111 3 40 53 54 114 115 46 16 17 67 44 45 108 109 37 10 11 58 70 71 72 123 15 64 32 33 85 61 62 63 120 9 55 24 25 76 88 89 90 29 30 82 50 51 102 79 80 81 21 22 73 41 42 94 105 106 2 47 48 99 68 69 116 97 98 1 38 39 91 59 60 110 118 7 8 65 66 113 86 87 112 4 5 56 57 107 77 78 18 19 20 83 84 103 12 13 14 74 75 95 34 35 100 26 27 92 52 43 
125 126 63 109 37 72 115 46 42 80 81 120 9 55 51 89 90 123 15 64 59 60 97 98 1 21 22 73 68 69 105 106 2 29 30 82 76 77 78 112 4 5 38 39 91 85 86 87 118 7 8 47 48 99 94 95 96 12 13 14 56 57 107 102 103 104 18 19 20 65 66 113 110 111 3 26 27 28 74 75 119 116 117 6 34 35 36 83 84 122 121 10 11 43 44 45 92 93 124 16 17 52 53 54 100 101 23 24 25 61 62 108 31 32 33 70 71 114 40 41 79 49 50 88 58 67 
126 125 72 115 46 63 109 37 51 89 90 123 15 64 42 80 81 120 9 55 68 69 105 106 2 29 30 82 59 60 97 98 1 21 22 73 85 86 87 118 7 8 47 48 99 76 77 78 112 4 5 38 39 91 102 103 104 18 19 20 65 66 113 94 95 96 12 13 14 56 57 107 116 117 6 34 35 36 83 84 122 110 111 3 26 27 28 74 75 119 124 16 17 52 53 54 100 101 121 10 11 43 44 45 92 93 31 32 33 70 71 114 23 24 25 61 62 108 49 50 88 40 41 79 67 58 
