125 1
1 2 3 4 5 6 7 8 9 10 11 12 13 14 15 16 17 18 19 20 21 22 23 24 25 26 27 28 29 30 31 32 33 34 35 36 37 38 39 40 41 42 43 44 45 46 47 48 49 50 51 52 53 54 55 56 57 58 59 60 61 62 63 64 65 66 67 68 69 70 71 72 73 74 75 76 77 78 79 80 81 82 83 84 85 86 87 88 89 90 91 92 93 94 95 96 97 98 99 100 101 102 103 104 105 106 107 108 109 110 111 112 113 114 115 116 117 118 119 120 121 122 123 124 125 
2 5 6 7 11 12 13 14 15 16 21 22 23 24 25 26 27 28 29 30 3 36 37 38 39 40 41 42 43 44 45 46 47 48 49 8 9 54 55 56 57 58 59 60 61 62 63 64 65 66 67 68 69 17 18 19 73 74 75 76 77 78 79 80 81 82 83 84 85 86 87 88 31 32 33 34 91 92 93 94 95 96 97 98 99 100 101 102 103 104 4 50 51 52 53 106 107 108 109 110 111 112 113 114 115 10 70 71 72 116 117 118 119 120 121 20 89 90 122 123 124 35 105 125 1 
3 6 8 9 12 14 15 17 18 19 22 24 25 27 28 29 31 32 33 34 36 38 39 41 42 43 45 46 47 48 4 50 51 52 53 54 55 57 58 59 61 62 63 64 7 66 67 68 69 10 70 71 72 73 74 75 77 78 79 80 13 82 83 84 85 16 86 87 88 20 89 90 91 92 93 94 23 96 97 98 99 26 100 101 102 30 103 104 35 105 37 106 107 108 109 40 110 111 112 44 113 114 49 115 1 56 116 117 118 60 119 120 65 121 2 76 122 123 81 124 5 95 125 11 21 
4 7 9 10 13 15 16 18 19 20 23 25 26 28 29 30 32 33 34 35 37 39 40 42 43 44 46 47 48 49 50 51 52 53 1 55 56 58 59 60 62 63 64 65 66 67 68 69 2 70 71 72 3 74 75 76 78 79 80 81 82 83 84 85 5 86 87 88 6 89 90 8 92 93 94 95 96 97 98 99 11 100 101 102 12 103 104 14 105 17 106 107 108 109 21 110 111 112 22 113 114 24 115 27 31 116 117 118 36 119 120 38 121 41 45 122 123 54 124 57 61 125 73 77 91 
5 11 12 13 21 22 23 24 25 26 3 36 37 38 39 40 41 42 43 44 6 8 9 54 55 56 57 58 59 60 61 62 63 64 65 14 15 17 18 19 73 74 75 76 77 78 79 80 81 82 83 84 85 27 28 29 31 32 33 34 91 92 93 94 95 96 97 98 99 100 101 102 45 46 47 48 4 50 51 52 53 106 107 108 109 110 111 112 113 114 7 66 67 68 69 10 70 71 72 116 117 118 119 120 121 16 86 87 88 20 89 90 122 123 124 30 103 104 35 105 125 49 115 1 2 
6 12 14 15 22 24 25 27 28 29 36 38 39 41 42 43 45 46 47 48 8 54 55 57 58 59 61 62 63 64 7 66 67 68 69 17 18 73 74 75 77 78 79 80 13 82 83 84 85 16 86 87 88 31 32 33 91 92 93 94 23 96 97 98 99 26 100 101 102 30 103 104 4 50 51 52 37 106 107 108 109 40 110 111 112 44 113 114 49 115 9 10 70 71 72 56 116 117 118 60 119 120 65 121 2 19 20 89 90 76 122 123 81 124 5 34 35 105 95 125 11 53 1 21 3 
7 13 15 16 23 25 26 28 29 30 37 39 40 42 43 44 46 47 48 49 9 55 56 58 59 60 62 63 64 65 66 67 68 69 2 18 19 74 75 76 78 79 80 81 82 83 84 85 5 86 87 88 6 32 33 34 92 93 94 95 96 97 98 99 11 100 101 102 12 103 104 14 50 51 52 53 106 107 108 109 21 110 111 112 22 113 114 24 115 27 10 70 71 72 3 116 117 118 36 119 120 38 121 41 45 20 89 90 8 122 123 54 124 57 61 35 105 17 125 73 77 1 31 91 4 
8 14 17 18 24 27 28 31 32 33 38 41 42 45 46 47 4 50 51 52 54 57 58 61 62 63 7 66 67 68 9 10 70 71 72 73 74 77 78 79 13 82 83 84 15 16 86 87 88 19 20 89 90 91 92 93 23 96 97 98 25 26 100 101 102 29 30 103 104 34 35 105 37 106 107 108 39 40 110 111 112 43 44 113 114 48 49 115 53 1 55 56 116 117 118 59 60 119 120 64 65 121 69 2 3 75 76 122 123 80 81 124 85 5 6 94 95 125 99 11 12 109 21 22 36 
9 15 18 19 25 28 29 32 33 34 39 42 43 46 47 48 50 51 52 53 55 58 59 62 63 64 66 67 68 69 10 70 71 72 3 74 75 78 79 80 82 83 84 85 16 86 87 88 6 20 89 90 8 92 93 94 96 97 98 99 26 100 101 102 12 30 103 104 14 35 105 17 106 107 108 109 40 110 111 112 22 44 113 114 24 49 115 27 1 31 56 116 117 118 36 60 119 120 38 65 121 41 2 45 4 76 122 123 54 81 124 57 5 61 7 95 125 73 11 77 13 21 91 23 37 
10 16 19 20 26 29 30 33 34 35 40 43 44 47 48 49 51 52 53 1 56 59 60 63 64 65 67 68 69 2 70 71 72 3 4 75 76 79 80 81 83 84 85 5 86 87 88 6 7 89 90 8 9 93 94 95 97 98 99 11 100 101 102 12 13 103 104 14 15 105 17 18 107 108 109 21 110 111 112 22 23 113 114 24 25 115 27 28 31 32 116 117 118 36 37 119 120 38 39 121 41 42 45 46 50 122 123 54 55 124 57 58 61 62 66 125 73 74 77 78 82 91 92 96 106 
11 21 22 23 3 36 37 38 39 40 6 8 9 54 55 56 57 58 59 60 12 14 15 17 18 19 73 74 75 76 77 78 79 80 81 24 25 27 28 29 31 32 33 34 91 92 93 94 95 96 97 98 99 41 42 43 45 46 47 48 4 50 51 52 53 106 107 108 109 110 111 112 61 62 63 64 7 66 67 68 69 10 70 71 72 116 117 118 119 120 13 82 83 84 85 16 86 87 88 20 89 90 122 123 124 26 100 101 102 30 103 104 35 105 125 44 113 114 49 115 1 65 121 2 5 
12 22 24 25 36 38 39 41 42 43 8 54 55 57 58 59 61 62 63 64 14 17 18 73 74 75 77 78 79 80 13 82 83 84 85 27 28 31 32 33 91 92 93 94 23 96 97 98 99 26 100 101 102 45 46 47 4 50 51 52 37 106 107 108 109 40 110 111 112 44 113 114 7 66 67 68 9 10 70 71 72 56 116 117 118 60 119 120 65 121 15 16 86 87 88 19 20 89 90 76 122 123 81 124 5 29 30 103 104 34 35 105 95 125 11 48 49 115 53 1 21 69 2 3 6 
13 23 25 26 37 39 40 42 43 44 9 55 56 58 59 60 62 63 64 65 15 18 19 74 75 76 78 79 80 81 82 83 84 85 5 28 29 32 33 34 92 93 94 95 96 97 98 99 11 100 101 102 12 46 47 48 50 51 52 53 106 107 108 109 21 110 111 112 22 113 114 24 66 67 68 69 10 70 71 72 3 116 117 118 36 119 120 38 121 41 16 86 87 88 6 20 89 90 8 122 123 54 124 57 61 30 103 104 14 35 105 17 125 73 77 49 115 27 1 31 91 2 45 4 7 
14 24 27 28 38 41 42 45 46 47 54 57 58 61 62 63 7 66 67 68 17 73 74 77 78 79 13 82 83 84 15 16 86 87 88 31 32 91 92 93 23 96 97 98 25 26 100 101 102 29 30 103 104 4 50 51 37 106 107 108 39 40 110 111 112 43 44 113 114 48 49 115 9 10 70 71 55 56 116 117 118 59 60 119 120 64 65 121 69 2 18 19 20 89 90 75 76 122 123 80 81 124 85 5 6 33 34 35 105 94 95 125 99 11 12 52 53 1 109 21 22 72 3 36 8 
15 25 28 29 39 42 43 46 47 48 55 58 59 62 63 64 66 67 68 69 18 74 75 78 79 80 82 83 84 85 16 86 87 88 6 32 33 92 93 94 96 97 98 99 26 100 101 102 12 30 103 104 14 50 51 52 106 107 108 109 40 110 111 112 22 44 113 114 24 49 115 27 10 70 71 72 56 116 117 118 36 60 119 120 38 65 121 41 2 45 19 20 89 90 8 76 122 123 54 81 124 57 5 61 7 34 35 105 17 95 125 73 11 77 13 53 1 31 21 91 23 3 4 37 9 
16 26 29 30 40 43 44 47 48 49 56 59 60 63 64 65 67 68 69 2 19 75 76 79 80 81 83 84 85 5 86 87 88 6 7 33 34 93 94 95 97 98 99 11 100 101 102 12 13 103 104 14 15 51 52 53 107 108 109 21 110 111 112 22 23 113 114 24 25 115 27 28 70 71 72 3 116 117 118 36 37 119 120 38 39 121 41 42 45 46 20 89 90 8 9 122 123 54 55 124 57 58 61 62 66 35 105 17 18 125 73 74 77 78 82 1 31 32 91 92 96 4 50 106 10 
17 27 31 32 41 45 46 4 50 51 57 61 62 7 66 67 9 10 70 71 73 77 78 13 82 83 15 16 86 87 18 19 20 89 90 91 92 23 96 97 25 26 100 101 28 29 30 103 104 33 34 35 105 37 106 107 39 40 110 111 42 43 44 113 114 47 48 49 115 52 53 1 55 56 116 117 58 59 60 119 120 63 64 65 121 68 69 2 72 3 74 75 76 122 123 79 80 81 124 84 85 5 88 6 8 93 94 95 125 98 99 11 102 12 14 108 109 21 112 22 24 118 36 38 54 
18 28 32 33 42 46 47 50 51 52 58 62 63 66 67 68 10 70 71 72 74 78 79 82 83 84 16 86 87 88 19 20 89 90 8 92 93 96 97 98 26 100 101 102 29 30 103 104 14 34 35 105 17 106 107 108 40 110 111 112 43 44 113 114 24 48 49 115 27 53 1 31 56 116 117 118 59 60 119 120 38 64 65 121 41 69 2 45 3 4 75 76 122 123 54 80 81 124 57 85 5 61 6 7 9 94 95 125 73 99 11 77 12 13 15 109 21 91 22 23 25 36 37 39 55 
19 29 33 34 43 47 48 51 52 53 59 63 64 67 68 69 70 71 72 3 75 79 80 83 84 85 86 87 88 6 20 89 90 8 9 93 94 97 98 99 100 101 102 12 30 103 104 14 15 35 105 17 18 107 108 109 110 111 112 22 44 113 114 24 25 49 115 27 28 1 31 32 116 117 118 36 60 119 120 38 39 65 121 41 42 2 45 46 4 50 76 122 123 54 55 81 124 57 58 5 61 62 7 66 10 95 125 73 74 11 77 78 13 82 16 21 91 92 23 96 26 37 106 40 56 
20 30 34 35 44 48 49 52 53 1 60 64 65 68 69 2 71 72 3 4 76 80 81 84 85 5 87 88 6 7 89 90 8 9 10 94 95 98 99 11 101 102 12 13 103 104 14 15 16 105 17 18 19 108 109 21 111 112 22 23 113 114 24 25 26 115 27 28 29 31 32 33 117 118 36 37 119 120 38 39 40 121 41 42 43 45 46 47 50 51 122 123 54 55 56 124 57 58 59 61 62 63 66 67 70 125 73 74 75 77 78 79 82 83 86 91 92 93 96 97 100 106 107 110 116 
21 3 36 37 6 8 9 54 55 56 12 14 15 17 18 19 73 74 75 76 22 24 25 27 28 29 31 32 33 34 91 92 93 94 95 38 39 41 42 43 45 46 47 48 4 50 51 52 53 106 107 108 109 57 58 59 61 62 63 64 7 66 67 68 69 10 70 71 72 116 117 118 77 78 79 80 13 82 83 84 85 16 86 87 88 20 89 90 122 123 23 96 97 98 99 26 100 101 102 30 103 104 35 105 125 40 110 111 112 44 113 114 49 115 1 60 119 120 65 121 2 81 124 5 11 
22 36 38 39 8 54 55 57 58 59 14 17 18 73 74 75 77 78 79 80 24 27 28 31 32 33 91 92 93 94 23 96 97 98 99 41 42 45 46 47 4 50 51 52 37 106 107 108 109 40 110 111 112 61 62 63 7 66 67 68 9 10 70 71 72 56 116 117 118 60 119 120 13 82 83 84 15 16 86 87 88 19 20 89 90 76 122 123 81 124 25 26 100 101 102 29 30 103 104 34 35 105 95 125 11 43 44 113 114 48 49 115 53 1 21 64 65 121 69 2 3 85 5 6 12 
23 37 39 40 9 55 56 58 59 60 15 18 19 74 75 76 78 79 80 81 25 28 29 32 33 34 92 93 94 95 96 97 98 99 11 42 43 46 47 48 50 51 52 53 106 107 108 109 21 110 111 112 22 62 63 64 66 67 68 69 10 70 71 72 3 116 117 118 36 119 120 38 82 83 84 85 16 86 87 88 6 20 89 90 8 122 123 54 124 57 26 100 101 102 12 30 103 104 14 35 105 17 125 73 77 44 113 114 24 49 115 27 1 31 91 65 121 41 2 45 4 5 61 7 13 
24 38 41 42 54 57 58 61 62 63 17 73 74 77 78 79 13 82 83 84 27 31 32 91 92 93 23 96 97 98 25 26 100 101 102 45 46 4 50 51 37 106 107 108 39 40 110 111 112 43 44 113 114 7 66 67 9 10 70 71 55 56 116 117 118 59 60 119 120 64 65 121 15 16 86 87 18 19 20 89 90 75 76 122 123 80 81 124 85 5 28 29 30 103 104 33 34 35 105 94 95 125 99 11 12 47 48 49 115 52 53 1 109 21 22 68 69 2 72 3 36 88 6 8 14 
25 39 42 43 55 58 59 62 63 64 18 74 75 78 79 80 82 83 84 85 28 32 33 92 93 94 96 97 98 99 26 100 101 102 12 46 47 50 51 52 106 107 108 109 40 110 111 112 22 44 113 114 24 66 67 68 10 70 71 72 56 116 117 118 36 60 119 120 38 65 121 41 16 86 87 88 19 20 89 90 8 76 122 123 54 81 124 57 5 61 29 30 103 104 14 34 35 105 17 95 125 73 11 77 13 48 49 115 27 53 1 31 21 91 23 69 2 45 3 4 37 6 7 9 15 
26 40 43 44 56 59 60 63 64 65 19 75 76 79 80 81 83 84 85 5 29 33 34 93 94 95 97 98 99 11 100 101 102 12 13 47 48 51 52 53 107 108 109 21 110 111 112 22 23 113 114 24 25 67 68 69 70 71 72 3 116 117 118 36 37 119 120 38 39 121 41 42 86 87 88 6 20 89 90 8 9 122 123 54 55 124 57 58 61 62 30 103 104 14 15 35 105 17 18 125 73 74 77 78 82 49 115 27 28 1 31 32 91 92 96 2 45 46 4 50 106 7 66 10 16 
27 41 45 46 57 61 62 7 66 67 73 77 78 13 82 83 15 16 86 87 31 91 92 23 96 97 25 26 100 101 28 29 30 103 104 4 50 37 106 107 39 40 110 111 42 43 44 113 114 47 48 49 115 9 10 70 55 56 116 117 58 59 60 119 120 63 64 65 121 68 69 2 18 19 20 89 74 75 76 122 123 79 80 81 124 84 85 5 88 6 32 33 34 35 105 93 94 95 125 98 99 11 102 12 14 51 52 53 1 108 109 21 112 22 24 71 72 3 118 36 38 90 8 54 17 
28 42 46 47 58 62 63 66 67 68 74 78 79 82 83 84 16 86 87 88 32 92 93 96 97 98 26 100 101 102 29 30 103 104 14 50 51 106 107 108 40 110 111 112 43 44 113 114 24 48 49 115 27 10 70 71 56 116 117 118 59 60 119 120 38 64 65 121 41 69 2 45 19 20 89 90 75 76 122 123 54 80 81 124 57 85 5 61 6 7 33 34 35 105 17 94 95 125 73 99 11 77 12 13 15 52 53 1 31 109 21 91 22 23 25 72 3 4 36 37 39 8 9 55 18 
29 43 47 48 59 63 64 67 68 69 75 79 80 83 84 85 86 87 88 6 33 93 94 97 98 99 100 101 102 12 30 103 104 14 15 51 52 107 108 109 110 111 112 22 44 113 114 24 25 49 115 27 28 70 71 72 116 117 118 36 60 119 120 38 39 65 121 41 42 2 45 46 20 89 90 8 76 122 123 54 55 81 124 57 58 5 61 62 7 66 34 35 105 17 18 95 125 73 74 11 77 78 13 82 16 53 1 31 32 21 91 92 23 96 26 3 4 50 37 106 40 9 10 56 19 
30 44 48 49 60 64 65 68 69 2 76 80 81 84 85 5 87 88 6 7 34 94 95 98 99 11 101 102 12 13 103 104 14 15 16 52 53 108 109 21 111 112 22 23 113 114 24 25 26 115 27 28 29 71 72 3 117 118 36 37 119 120 38 39 40 121 41 42 43 45 46 47 89 90 8 9 122 123 54 55 56 124 57 58 59 61 62 63 66 67 35 105 17 18 19 125 73 74 75 77 78 79 82 83 86 1 31 32 33 91 92 93 96 97 100 4 50 51 106 107 110 10 70 116 20 
31 45 4 50 61 7 66 9 10 70 77 13 82 15 16 86 18 19 20 89 91 23 96 25 26 100 28 29 30 103 32 33 34 35 105 37 106 39 40 110 42 43 44 113 46 47 48 49 115 51 52 53 1 55 56 116 58 59 60 119 62 63 64 65 121 67 68 69 2 71 72 3 74 75 76 122 78 79 80 81 124 83 84 85 5 87 88 6 90 8 92 93 94 95 125 97 98 99 11 101 102 12 104 14 17 107 108 109 21 111 112 22 114 24 27 117 118 36 120 38 41 123 54 57 73 
32 46 50 51 62 66 67 10 70 71 78 82 83 16 86 87 19 20 89 90 92 96 97 26 100 101 29 30 103 104 33 34 35 105 17 106 107 40 110 111 43 44 113 114 47 48 49 115 27 52 53 1 31 56 116 117 59 60 119 120 63 64 65 121 41 68 69 2 45 72 3 4 75 76 122 123 79 80 81 124 57 84 85 5 61 88 6 7 8 9 93 94 95 125 73 98 99 11 77 102 12 13 14 15 18 108 109 21 91 112 22 23 24 25 28 118 36 37 38 39 42 54 55 58 74 
33 47 51 52 63 67 68 70 71 72 79 83 84 86 87 88 20 89 90 8 93 97 98 100 101 102 30 103 104 14 34 35 105 17 18 107 108 110 111 112 44 113 114 24 48 49 115 27 28 53 1 31 32 116 117 118 60 119 120 38 64 65 121 41 42 69 2 45 46 3 4 50 76 122 123 54 80 81 124 57 58 85 5 61 62 6 7 66 9 10 94 95 125 73 74 99 11 77 78 12 13 82 15 16 19 109 21 91 92 22 23 96 25 26 29 36 37 106 39 40 43 55 56 59 75 
34 48 52 53 64 68 69 71 72 3 80 84 85 87 88 6 89 90 8 9 94 98 99 101 102 12 103 104 14 15 35 105 17 18 19 108 109 111 112 22 113 114 24 25 49 115 27 28 29 1 31 32 33 117 118 36 119 120 38 39 65 121 41 42 43 2 45 46 47 4 50 51 122 123 54 55 81 124 57 58 59 5 61 62 63 7 66 67 10 70 95 125 73 74 75 11 77 78 79 13 82 83 16 86 20 21 91 92 93 23 96 97 26 100 30 37 106 107 40 110 44 56 116 60 76 
35 49 53 1 65 69 2 72 3 4 81 85 5 88 6 7 90 8 9 10 95 99 11 102 12 13 104 14 15 16 105 17 18 19 20 109 21 112 22 23 114 24 25 26 115 27 28 29 30 31 32 33 34 118 36 37 120 38 39 40 121 41 42 43 44 45 46 47 48 50 51 52 123 54 55 56 124 57 58 59 60 61 62 63 64 66 67 68 70 71 125 73 74 75 76 77 78 79 80 82 83 84 86 87 89 91 92 93 94 96 97 98 100 101 103 106 107 108 110 111 113 116 117 119 122 
36 8 54 55 14 17 18 73 74 75 24 27 28 31 32 33 91 92 93 94 38 41 42 45 46 47 4 50 51 52 37 106 107 108 109 57 58 61 62 63 7 66 67 68 9 10 70 71 72 56 116 117 118 77 78 79 13 82 83 84 15 16 86 87 88 19 20 89 90 76 122 123 23 96 97 98 25 26 100 101 102 29 30 103 104 34 35 105 95 125 39 40 110 111 112 43 44 113 114 48 49 115 53 1 21 59 60 119 120 64 65 121 69 2 3 80 81 124 85 5 6 99 11 12 22 
37 9 55 56 15 18 19 74 75 76 25 28 29 32 33 34 92 93 94 95 39 42 43 46 47 48 50 51 52 53 106 107 108 109 21 58 59 62 63 64 66 67 68 69 10 70 71 72 3 116 117 118 36 78 79 80 82 83 84 85 16 86 87 88 6 20 89 90 8 122 123 54 96 97 98 99 26 100 101 102 12 30 103 104 14 35 105 17 125 73 40 110 111 112 22 44 113 114 24 49 115 27 1 31 91 60 119 120 38 65 121 41 2 45 4 81 124 57 5 61 7 11 77 13 23 
38 54 57 58 17 73 74 77 78 79 27 31 32 91 92 93 23 96 97 98 41 45 46 4 50 51 37 106 107 108 39 40 110 111 112 61 62 7 66 67 9 10 70 71 55 56 116 117 118 59 60 119 120 13 82 83 15 16 86 87 18 19 20 89 90 75 76 122 123 80 81 124 25 26 100 101 28 29 30 103 104 33 34 35 105 94 95 125 99 11 42 43 44 113 114 47 48 49 115 52 53 1 109 21 22 63 64 65 121 68 69 2 72 3 36 84 85 5 88 6 8 102 12 14 24 
39 55 58 59 18 74 75 78 79 80 28 32 33 92 93 94 96 97 98 99 42 46 47 50 51 52 106 107 108 109 40 110 111 112 22 62 63 66 67 68 10 70 71 72 56 116 117 118 36 60 119 120 38 82 83 84 16 86 87 88 19 20 89 90 8 76 122 123 54 81 124 57 26 100 101 102 29 30 103 104 14 34 35 105 17 95 125 73 11 77 43 44 113 114 24 48 49 115 27 53 1 31 21 91 23 64 65 121 41 69 2 45 3 4 37 85 5 61 6 7 9 12 13 15 25 
40 56 59 60 19 75 76 79 80 81 29 33 34 93 94 95 97 98 99 11 43 47 48 51 52 53 107 108 109 21 110 111 112 22 23 63 64 67 68 69 70 71 72 3 116 117 118 36 37 119 120 38 39 83 84 85 86 87 88 6 20 89 90 8 9 122 123 54 55 124 57 58 100 101 102 12 30 103 104 14 15 35 105 17 18 125 73 74 77 78 44 113 114 24 25 49 115 27 28 1 31 32 91 92 96 65 121 41 42 2 45 46 4 50 106 5 61 62 7 66 10 13 82 16 26 
41 57 61 62 73 77 78 13 82 83 31 91 92 23 96 97 25 26 100 101 45 4 50 37 106 107 39 40 110 111 42 43 44 113 114 7 66 9 10 70 55 56 116 117 58 59 60 119 120 63 64 65 121 15 16 86 18 19 20 89 74 75 76 122 123 79 80 81 124 84 85 5 28 29 30 103 32 33 34 35 105 93 94 95 125 98 99 11 102 12 46 47 48 49 115 51 52 53 1 108 109 21 112 22 24 67 68 69 2 71 72 3 118 36 38 87 88 6 90 8 54 104 14 17 27 
42 58 62 63 74 78 79 82 83 84 32 92 93 96 97 98 26 100 101 102 46 50 51 106 107 108 40 110 111 112 43 44 113 114 24 66 67 10 70 71 56 116 117 118 59 60 119 120 38 64 65 121 41 16 86 87 19 20 89 90 75 76 122 123 54 80 81 124 57 85 5 61 29 30 103 104 33 34 35 105 17 94 95 125 73 99 11 77 12 13 47 48 49 115 27 52 53 1 31 109 21 91 22 23 25 68 69 2 45 72 3 4 36 37 39 88 6 7 8 9 55 14 15 18 28 
43 59 63 64 75 79 80 83 84 85 33 93 94 97 98 99 100 101 102 12 47 51 52 107 108 109 110 111 112 22 44 113 114 24 25 67 68 70 71 72 116 117 118 36 60 119 120 38 39 65 121 41 42 86 87 88 20 89 90 8 76 122 123 54 55 81 124 57 58 5 61 62 30 103 104 14 34 35 105 17 18 95 125 73 74 11 77 78 13 82 48 49 115 27 28 53 1 31 32 21 91 92 23 96 26 69 2 45 46 3 4 50 37 106 40 6 7 66 9 10 56 15 16 19 29 
44 60 64 65 76 80 81 84 85 5 34 94 95 98 99 11 101 102 12 13 48 52 53 108 109 21 111 112 22 23 113 114 24 25 26 68 69 71 72 3 117 118 36 37 119 120 38 39 40 121 41 42 43 87 88 6 89 90 8 9 122 123 54 55 56 124 57 58 59 61 62 63 103 104 14 15 35 105 17 18 19 125 73 74 75 77 78 79 82 83 49 115 27 28 29 1 31 32 33 91 92 93 96 97 100 2 45 46 47 4 50 51 106 107 110 7 66 67 10 70 116 16 86 20 30 
45 61 7 66 77 13 82 15 16 86 91 23 96 25 26 100 28 29 30 103 4 37 106 39 40 110 42 43 44 113 46 47 48 49 115 9 10 55 56 116 58 59 60 119 62 63 64 65 121 67 68 69 2 18 19 20 74 75 76 122 78 79 80 81 124 83 84 85 5 87 88 6 32 33 34 35 92 93 94 95 125 97 98 99 11 101 102 12 104 14 50 51 52 53 1 107 108 109 21 111 112 22 114 24 27 70 71 72 3 117 118 36 120 38 41 89 90 8 123 54 57 105 17 73 31 
46 62 66 67 78 82 83 16 86 87 92 96 97 26 100 101 29 30 103 104 50 106 107 40 110 111 43 44 113 114 47 48 49 115 27 10 70 56 116 117 59 60 119 120 63 64 65 121 41 68 69 2 45 19 20 89 75 76 122 123 79 80 81 124 57 84 85 5 61 88 6 7 33 34 35 105 93 94 95 125 73 98 99 11 77 102 12 13 14 15 51 52 53 1 31 108 109 21 91 112 22 23 24 25 28 71 72 3 4 118 36 37 38 39 42 90 8 9 54 55 58 17 18 74 32 
47 63 67 68 79 83 84 86 87 88 93 97 98 100 101 102 30 103 104 14 51 107 108 110 111 112 44 113 114 24 48 49 115 27 28 70 71 116 117 118 60 119 120 38 64 65 121 41 42 69 2 45 46 20 89 90 76 122 123 54 80 81 124 57 58 85 5 61 62 6 7 66 34 35 105 17 94 95 125 73 74 99 11 77 78 12 13 82 15 16 52 53 1 31 32 109 21 91 92 22 23 96 25 26 29 72 3 4 50 36 37 106 39 40 43 8 9 10 55 56 59 18 19 75 33 
48 64 68 69 80 84 85 87 88 6 94 98 99 101 102 12 103 104 14 15 52 108 109 111 112 22 113 114 24 25 49 115 27 28 29 71 72 117 118 36 119 120 38 39 65 121 41 42 43 2 45 46 47 89 90 8 122 123 54 55 81 124 57 58 59 5 61 62 63 7 66 67 35 105 17 18 95 125 73 74 75 11 77 78 79 13 82 83 16 86 53 1 31 32 33 21 91 92 93 23 96 97 26 100 30 3 4 50 51 37 106 107 40 110 44 9 10 70 56 116 60 19 20 76 34 
49 65 69 2 81 85 5 88 6 7 95 99 11 102 12 13 104 14 15 16 53 109 21 112 22 23 114 24 25 26 115 27 28 29 30 72 3 118 36 37 120 38 39 40 121 41 42 43 44 45 46 47 48 90 8 9 123 54 55 56 124 57 58 59 60 61 62 63 64 66 67 68 105 17 18 19 125 73 74 75 76 77 78 79 80 82 83 84 86 87 1 31 32 33 34 91 92 93 94 96 97 98 100 101 103 4 50 51 52 106 107 108 110 111 113 10 70 71 116 117 119 20 89 122 35 
50 66 10 70 82 16 86 19 20 89 96 26 100 29 30 103 33 34 35 105 106 40 110 43 44 113 47 48 49 115 51 52 53 1 31 56 116 59 60 119 63 64 65 121 67 68 69 2 45 71 72 3 4 75 76 122 79 80 81 124 83 84 85 5 61 87 88 6 7 90 8 9 93 94 95 125 97 98 99 11 77 101 102 12 13 104 14 15 17 18 107 108 109 21 91 111 112 22 23 114 24 25 27 28 32 117 118 36 37 120 38 39 41 42 46 123 54 55 57 58 62 73 74 78 92 
51 67 70 71 83 86 87 20 89 90 97 100 101 30 103 104 34 35 105 17 107 110 111 44 113 114 48 49 115 27 52 53 1 31 32 116 117 60 119 120 64 65 121 41 68 69 2 45 46 72 3 4 50 76 122 123 80 81 124 57 84 85 5 61 62 88 6 7 66 8 9 10 94 95 125 73 98 99 11 77 78 102 12 13 82 14 15 16 18 19 108 109 21 91 92 112 22 23 96 24 25 26 28 29 33 118 36 37 106 38 39 40 42 43 47 54 55 56 58 59 63 74 75 79 93 
52 68 71 72 84 87 88 89 90 8 98 101 102 103 104 14 35 105 17 18 108 111 112 113 114 24 49 115 27 28 53 1 31 32 33 117 118 119 120 38 65 121 41 42 69 2 45 46 47 3 4 50 51 122 123 54 81 124 57 58 85 5 61 62 63 6 7 66 67 9 10 70 95 125 73 74 99 11 77 78 79 12 13 82 83 15 16 86 19 20 109 21 91 92 93 22 23 96 97 25 26 100 29 30 34 36 37 106 107 39 40 110 43 44 48 55 56 116 59 60 64 75 76 80 94 
53 69 72 3 85 88 6 90 8 9 99 102 12 104 14 15 105 17 18 19 109 112 22 114 24 25 115 27 28 29 1 31 32 33 34 118 36 120 38 39 121 41 42 43 2 45 46 47 48 4 50 51 52 123 54 55 124 57 58 59 5 61 62 63 64 7 66 67 68 10 70 71 125 73 74 75 11 77 78 79 80 13 82 83 84 16 86 87 20 89 21 91 92 93 94 23 96 97 98 26 100 101 30 103 35 37 106 107 108 40 110 111 44 113 49 56 116 117 60 119 65 76 122 81 95 
54 17 73 74 27 31 32 91 92 93 41 45 46 4 50 51 37 106 107 108 57 61 62 7 66 67 9 10 70 71 55 56 116 117 118 77 78 13 82 83 15 16 86 87 18 19 20 89 90 75 76 122 123 23 96 97 25 26 100 101 28 29 30 103 104 33 34 35 105 94 95 125 39 40 110 111 42 43 44 113 114 47 48 49 115 52 53 1 109 21 58 59 60 119 120 63 64 65 121 68 69 2 72 3 36 79 80 81 124 84 85 5 88 6 8 98 99 11 102 12 14 112 22 24 38 
55 18 74 75 28 32 33 92 93 94 42 46 47 50 51 52 106 107 108 109 58 62 63 66 67 68 10 70 71 72 56 116 117 118 36 78 79 82 83 84 16 86 87 88 19 20 89 90 8 76 122 123 54 96 97 98 26 100 101 102 29 30 103 104 14 34 35 105 17 95 125 73 40 110 111 112 43 44 113 114 24 48 49 115 27 53 1 31 21 91 59 60 119 120 38 64 65 121 41 69 2 45 3 4 37 80 81 124 57 85 5 61 6 7 9 99 11 77 12 13 15 22 23 25 39 
56 19 75 76 29 33 34 93 94 95 43 47 48 51 52 53 107 108 109 21 59 63 64 67 68 69 70 71 72 3 116 117 118 36 37 79 80 83 84 85 86 87 88 6 20 89 90 8 9 122 123 54 55 97 98 99 100 101 102 12 30 103 104 14 15 35 105 17 18 125 73 74 110 111 112 22 44 113 114 24 25 49 115 27 28 1 31 32 91 92 60 119 120 38 39 65 121 41 42 2 45 46 4 50 106 81 124 57 58 5 61 62 7 66 10 11 77 78 13 82 16 23 96 26 40 
57 73 77 78 31 91 92 23 96 97 45 4 50 37 106 107 39 40 110 111 61 7 66 9 10 70 55 56 116 117 58 59 60 119 120 13 82 15 16 86 18 19 20 89 74 75 76 122 123 79 80 81 124 25 26 100 28 29 30 103 32 33 34 35 105 93 94 95 125 98 99 11 42 43 44 113 46 47 48 49 115 51 52 53 1 108 109 21 112 22 62 63 64 65 121 67 68 69 2 71 72 3 118 36 38 83 84 85 5 87 88 6 90 8 54 101 102 12 104 14 17 114 24 27 41 
58 74 78 79 32 92 93 96 97 98 46 50 51 106 107 108 40 110 111 112 62 66 67 10 70 71 56 116 117 118 59 60 119 120 38 82 83 16 86 87 19 20 89 90 75 76 122 123 54 80 81 124 57 26 100 101 29 30 103 104 33 34 35 105 17 94 95 125 73 99 11 77 43 44 113 114 47 48 49 115 27 52 53 1 31 109 21 91 22 23 63 64 65 121 41 68 69 2 45 72 3 4 36 37 39 84 85 5 61 88 6 7 8 9 55 102 12 13 14 15 18 24 25 28 42 
59 75 79 80 33 93 94 97 98 99 47 51 52 107 108 109 110 111 112 22 63 67 68 70 71 72 116 117 118 36 60 119 120 38 39 83 84 86 87 88 20 89 90 8 76 122 123 54 55 81 124 57 58 100 101 102 30 103 104 14 34 35 105 17 18 95 125 73 74 11 77 78 44 113 114 24 48 49 115 27 28 53 1 31 32 21 91 92 23 96 64 65 121 41 42 69 2 45 46 3 4 50 37 106 40 85 5 61 62 6 7 66 9 10 56 12 13 82 15 16 19 25 26 29 43 
60 76 80 81 34 94 95 98 99 11 48 52 53 108 109 21 111 112 22 23 64 68 69 71 72 3 117 118 36 37 119 120 38 39 40 84 85 87 88 6 89 90 8 9 122 123 54 55 56 124 57 58 59 101 102 12 103 104 14 15 35 105 17 18 19 125 73 74 75 77 78 79 113 114 24 25 49 115 27 28 29 1 31 32 33 91 92 93 96 97 65 121 41 42 43 2 45 46 47 4 50 51 106 107 110 5 61 62 63 7 66 67 10 70 116 13 82 83 16 86 20 26 100 30 44 
61 77 13 82 91 23 96 25 26 100 4 37 106 39 40 110 42 43 44 113 7 9 10 55 56 116 58 59 60 119 62 63 64 65 121 15 16 18 19 20 74 75 76 122 78 79 80 81 124 83 84 85 5 28 29 30 32 33 34 35 92 93 94 95 125 97 98 99 11 101 102 12 46 47 48 49 50 51 52 53 1 107 108 109 21 111 112 22 114 24 66 67 68 69 2 70 71 72 3 117 118 36 120 38 41 86 87 88 6 89 90 8 123 54 57 103 104 14 105 17 73 115 27 31 45 
62 78 82 83 92 96 97 26 100 101 50 106 107 40 110 111 43 44 113 114 66 10 70 56 116 117 59 60 119 120 63 64 65 121 41 16 86 19 20 89 75 76 122 123 79 80 81 124 57 84 85 5 61 29 30 103 33 34 35 105 93 94 95 125 73 98 99 11 77 102 12 13 47 48 49 115 51 52 53 1 31 108 109 21 91 112 22 23 24 25 67 68 69 2 45 71 72 3 4 118 36 37 38 39 42 87 88 6 7 90 8 9 54 55 58 104 14 15 17 18 74 27 28 32 46 
63 79 83 84 93 97 98 100 101 102 51 107 108 110 111 112 44 113 114 24 67 70 71 116 117 118 60 119 120 38 64 65 121 41 42 86 87 20 89 90 76 122 123 54 80 81 124 57 58 85 5 61 62 30 103 104 34 35 105 17 94 95 125 73 74 99 11 77 78 12 13 82 48 49 115 27 52 53 1 31 32 109 21 91 92 22 23 96 25 26 68 69 2 45 46 72 3 4 50 36 37 106 39 40 43 88 6 7 66 8 9 10 55 56 59 14 15 16 18 19 75 28 29 33 47 
64 80 84 85 94 98 99 101 102 12 52 108 109 111 112 22 113 114 24 25 68 71 72 117 118 36 119 120 38 39 65 121 41 42 43 87 88 89 90 8 122 123 54 55 81 124 57 58 59 5 61 62 63 103 104 14 35 105 17 18 95 125 73 74 75 11 77 78 79 13 82 83 49 115 27 28 53 1 31 32 33 21 91 92 93 23 96 97 26 100 69 2 45 46 47 3 4 50 51 37 106 107 40 110 44 6 7 66 67 9 10 70 56 116 60 15 16 86 19 20 76 29 30 34 48 
65 81 85 5 95 99 11 102 12 13 53 109 21 112 22 23 114 24 25 26 69 72 3 118 36 37 120 38 39 40 121 41 42 43 44 88 6 90 8 9 123 54 55 56 124 57 58 59 60 61 62 63 64 104 14 15 105 17 18 19 125 73 74 75 76 77 78 79 80 82 83 84 115 27 28 29 1 31 32 33 34 91 92 93 94 96 97 98 100 101 2 45 46 47 48 4 50 51 52 106 107 108 110 111 113 7 66 67 68 10 70 71 116 117 119 16 86 87 20 89 122 30 103 35 49 
66 82 16 86 96 26 100 29 30 103 106 40 110 43 44 113 47 48 49 115 10 56 116 59 60 119 63 64 65 121 67 68 69 2 45 19 20 75 76 122 79 80 81 124 83 84 85 5 61 87 88 6 7 33 34 35 93 94 95 125 97 98 99 11 77 101 102 12 13 104 14 15 51 52 53 1 107 108 109 21 91 111 112 22 23 114 24 25 27 28 70 71 72 3 4 117 118 36 37 120 38 39 41 42 46 89 90 8 9 123 54 55 57 58 62 105 17 18 73 74 78 31 32 92 50 
67 83 86 87 97 100 101 30 103 104 107 110 111 44 113 114 48 49 115 27 70 116 117 60 119 120 64 65 121 41 68 69 2 45 46 20 89 76 122 123 80 81 124 57 84 85 5 61 62 88 6 7 66 34 35 105 94 95 125 73 98 99 11 77 78 102 12 13 82 14 15 16 52 53 1 31 108 109 21 91 92 112 22 23 96 24 25 26 28 29 71 72 3 4 50 118 36 37 106 38 39 40 42 43 47 90 8 9 10 54 55 56 58 59 63 17 18 19 74 75 79 32 33 93 51 
68 84 87 88 98 101 102 103 104 14 108 111 112 113 114 24 49 115 27 28 71 117 118 119 120 38 65 121 41 42 69 2 45 46 47 89 90 122 123 54 81 124 57 58 85 5 61 62 63 6 7 66 67 35 105 17 95 125 73 74 99 11 77 78 79 12 13 82 83 15 16 86 53 1 31 32 109 21 91 92 93 22 23 96 97 25 26 100 29 30 72 3 4 50 51 36 37 106 107 39 40 110 43 44 48 8 9 10 70 55 56 116 59 60 64 18 19 20 75 76 80 33 34 94 52 
69 85 88 6 99 102 12 104 14 15 109 112 22 114 24 25 115 27 28 29 72 118 36 120 38 39 121 41 42 43 2 45 46 47 48 90 8 123 54 55 124 57 58 59 5 61 62 63 64 7 66 67 68 105 17 18 125 73 74 75 11 77 78 79 80 13 82 83 84 16 86 87 1 31 32 33 21 91 92 93 94 23 96 97 98 26 100 101 30 103 3 4 50 51 52 37 106 107 108 40 110 111 44 113 49 9 10 70 71 56 116 117 60 119 65 19 20 89 76 122 81 34 35 95 53 
70 86 20 89 100 30 103 34 35 105 110 44 113 48 49 115 52 53 1 31 116 60 119 64 65 121 68 69 2 45 71 72 3 4 50 76 122 80 81 124 84 85 5 61 87 88 6 7 66 90 8 9 10 94 95 125 98 99 11 77 101 102 12 13 82 104 14 15 16 17 18 19 108 109 21 91 111 112 22 23 96 114 24 25 26 27 28 29 32 33 117 118 36 37 106 120 38 39 40 41 42 43 46 47 51 123 54 55 56 57 58 59 62 63 67 73 74 75 78 79 83 92 93 97 107 
71 87 89 90 101 103 104 35 105 17 111 113 114 49 115 27 53 1 31 32 117 119 120 65 121 41 69 2 45 46 72 3 4 50 51 122 123 81 124 57 85 5 61 62 88 6 7 66 67 8 9 10 70 95 125 73 99 11 77 78 102 12 13 82 83 14 15 16 86 18 19 20 109 21 91 92 112 22 23 96 97 24 25 26 100 28 29 30 33 34 118 36 37 106 107 38 39 40 110 42 43 44 47 48 52 54 55 56 116 58 59 60 63 64 68 74 75 76 79 80 84 93 94 98 108 
72 88 90 8 102 104 14 105 17 18 112 114 24 115 27 28 1 31 32 33 118 120 38 121 41 42 2 45 46 47 3 4 50 51 52 123 54 124 57 58 5 61 62 63 6 7 66 67 68 9 10 70 71 125 73 74 11 77 78 79 12 13 82 83 84 15 16 86 87 19 20 89 21 91 92 93 22 23 96 97 98 25 26 100 101 29 30 103 34 35 36 37 106 107 108 39 40 110 111 43 44 113 48 49 53 55 56 116 117 59 60 119 64 65 69 75 76 122 80 81 85 94 95 99 109 
73 31 91 92 45 4 50 37 106 107 61 7 66 9 10 70 55 56 116 117 77 13 82 15 16 86 18 19 20 89 74 75 76 122 123 23 96 25 26 100 28 29 30 103 32 33 34 35 105 93 94 95 125 39 40 110 42 43 44 113 46 47 48 49 115 51 52 53 1 108 109 21 58 59 60 119 62 63 64 65 121 67 68 69 2 71 72 3 118 36 78 79 80 81 124 83 84 85 5 87 88 6 90 8 54 97 98 99 11 101 102 12 104 14 17 111 112 22 114 24 27 120 38 41 57 
74 32 92 93 46 50 51 106 107 108 62 66 67 10 70 71 56 116 117 118 78 82 83 16 86 87 19 20 89 90 75 76 122 123 54 96 97 26 100 101 29 30 103 104 33 34 35 105 17 94 95 125 73 40 110 111 43 44 113 114 47 48 49 115 27 52 53 1 31 109 21 91 59 60 119 120 63 64 65 121 41 68 69 2 45 72 3 4 36 37 79 80 81 124 57 84 85 5 61 88 6 7 8 9 55 98 99 11 77 102 12 13 14 15 18 112 22 23 24 25 28 38 39 42 58 
75 33 93 94 47 51 52 107 108 109 63 67 68 70 71 72 116 117 118 36 79 83 84 86 87 88 20 89 90 8 76 122 123 54 55 97 98 100 101 102 30 103 104 14 34 35 105 17 18 95 125 73 74 110 111 112 44 113 114 24 48 49 115 27 28 53 1 31 32 21 91 92 60 119 120 38 64 65 121 41 42 69 2 45 46 3 4 50 37 106 80 81 124 57 58 85 5 61 62 6 7 66 9 10 56 99 11 77 78 12 13 82 15 16 19 22 23 96 25 26 29 39 40 43 59 
76 34 94 95 48 52 53 108 109 21 64 68 69 71 72 3 117 118 36 37 80 84 85 87 88 6 89 90 8 9 122 123 54 55 56 98 99 101 102 12 103 104 14 15 35 105 17 18 19 125 73 74 75 111 112 22 113 114 24 25 49 115 27 28 29 1 31 32 33 91 92 93 119 120 38 39 65 121 41 42 43 2 45 46 47 4 50 51 106 107 81 124 57 58 59 5 61 62 63 7 66 67 10 70 116 11 77 78 79 13 82 83 16 86 20 23 96 97 26 100 30 40 110 44 60 
77 91 23 96 4 37 106 39 40 110 7 9 10 55 56 116 58 59 60 119 13 15 16 18 19 20 74 75 76 122 78 79 80 81 124 25 26 28 29 30 32 33 34 35 92 93 94 95 125 97 98 99 11 42 43 44 46 47 48 49 50 51 52 53 1 107 108 109 21 111 112 22 62 63 64 65 66 67 68 69 2 70 71 72 3 117 118 36 120 38 82 83 84 85 5 86 87 88 6 89 90 8 123 54 57 100 101 102 12 103 104 14 105 17 73 113 114 24 115 27 31 121 41 45 61 
78 92 96 97 50 106 107 40 110 111 66 10 70 56 116 117 59 60 119 120 82 16 86 19 20 89 75 76 122 123 79 80 81 124 57 26 100 29 30 103 33 34 35 105 93 94 95 125 73 98 99 11 77 43 44 113 47 48 49 115 51 52 53 1 31 108 109 21 91 112 22 23 63 64 65 121 67 68 69 2 45 71 72 3 4 118 36 37 38 39 83 84 85 5 61 87 88 6 7 90 8 9 54 55 58 101 102 12 13 104 14 15 17 18 74 114 24 25 27 28 32 41 42 46 62 
79 93 97 98 51 107 108 110 111 112 67 70 71 116 117 118 60 119 120 38 83 86 87 20 89 90 76 122 123 54 80 81 124 57 58 100 101 30 103 104 34 35 105 17 94 95 125 73 74 99 11 77 78 44 113 114 48 49 115 27 52 53 1 31 32 109 21 91 92 22 23 96 64 65 121 41 68 69 2 45 46 72 3 4 50 36 37 106 39 40 84 85 5 61 62 88 6 7 66 8 9 10 55 56 59 102 12 13 82 14 15 16 18 19 75 24 25 26 28 29 33 42 43 47 63 
80 94 98 99 52 108 109 111 112 22 68 71 72 117 118 36 119 120 38 39 84 87 88 89 90 8 122 123 54 55 81 124 57 58 59 101 102 103 104 14 35 105 17 18 95 125 73 74 75 11 77 78 79 113 114 24 49 115 27 28 53 1 31 32 33 21 91 92 93 23 96 97 65 121 41 42 69 2 45 46 47 3 4 50 51 37 106 107 40 110 85 5 61 62 63 6 7 66 67 9 10 70 56 116 60 12 13 82 83 15 16 86 19 20 76 25 26 100 29 30 34 43 44 48 64 
81 95 99 11 53 109 21 112 22 23 69 72 3 118 36 37 120 38 39 40 85 88 6 90 8 9 123 54 55 56 124 57 58 59 60 102 12 104 14 15 105 17 18 19 125 73 74 75 76 77 78 79 80 114 24 25 115 27 28 29 1 31 32 33 34 91 92 93 94 96 97 98 121 41 42 43 2 45 46 47 48 4 50 51 52 106 107 108 110 111 5 61 62 63 64 7 66 67 68 10 70 71 116 117 119 13 82 83 84 16 86 87 20 89 122 26 100 101 30 103 35 44 113 49 65 
82 96 26 100 106 40 110 43 44 113 10 56 116 59 60 119 63 64 65 121 16 19 20 75 76 122 79 80 81 124 83 84 85 5 61 29 30 33 34 35 93 94 95 125 97 98 99 11 77 101 102 12 13 47 48 49 51 52 53 1 107 108 109 21 91 111 112 22 23 114 24 25 67 68 69 2 70 71 72 3 4 117 118 36 37 120 38 39 41 42 86 87 88 6 7 89 90 8 9 123 54 55 57 58 62 103 104 14 15 105 17 18 73 74 78 115 27 28 31 32 92 45 46 50 66 
83 97 100 101 107 110 111 44 113 114 70 116 117 60 119 120 64 65 121 41 86 20 89 76 122 123 80 81 124 57 84 85 5 61 62 30 103 34 35 105 94 95 125 73 98 99 11 77 78 102 12 13 82 48 49 115 52 53 1 31 108 109 21 91 92 112 22 23 96 24 25 26 68 69 2 45 71 72 3 4 50 118 36 37 106 38 39 40 42 43 87 88 6 7 66 90 8 9 10 54 55 56 58 59 63 104 14 15 16 17 18 19 74 75 79 27 28 29 32 33 93 46 47 51 67 
84 98 101 102 108 111 112 113 114 24 71 117 118 119 120 38 65 121 41 42 87 89 90 122 123 54 81 124 57 58 85 5 61 62 63 103 104 35 105 17 95 125 73 74 99 11 77 78 79 12 13 82 83 49 115 27 53 1 31 32 109 21 91 92 93 22 23 96 97 25 26 100 69 2 45 46 72 3 4 50 51 36 37 106 107 39 40 110 43 44 88 6 7 66 67 8 9 10 70 55 56 116 59 60 64 14 15 16 86 18 19 20 75 76 80 28 29 30 33 34 94 47 48 52 68 
85 99 102 12 109 112 22 114 24 25 72 118 36 120 38 39 121 41 42 43 88 90 8 123 54 55 124 57 58 59 5 61 62 63 64 104 14 105 17 18 125 73 74 75 11 77 78 79 80 13 82 83 84 115 27 28 1 31 32 33 21 91 92 93 94 23 96 97 98 26 100 101 2 45 46 47 3 4 50 51 52 37 106 107 108 40 110 111 44 113 6 7 66 67 68 9 10 70 71 56 116 117 60 119 65 15 16 86 87 19 20 89 76 122 81 29 30 103 34 35 95 48 49 53 69 
86 100 30 103 110 44 113 48 49 115 116 60 119 64 65 121 68 69 2 45 20 76 122 80 81 124 84 85 5 61 87 88 6 7 66 34 35 94 95 125 98 99 11 77 101 102 12 13 82 104 14 15 16 52 53 1 108 109 21 91 111 112 22 23 96 114 24 25 26 27 28 29 71 72 3 4 117 118 36 37 106 120 38 39 40 41 42 43 46 47 89 90 8 9 10 123 54 55 56 57 58 59 62 63 67 105 17 18 19 73 74 75 78 79 83 31 32 33 92 93 97 50 51 107 70 
87 101 103 104 111 113 114 49 115 27 117 119 120 65 121 41 69 2 45 46 89 122 123 81 124 57 85 5 61 62 88 6 7 66 67 35 105 95 125 73 99 11 77 78 102 12 13 82 83 14 15 16 86 53 1 31 109 21 91 92 112 22 23 96 97 24 25 26 100 28 29 30 72 3 4 50 118 36 37 106 107 38 39 40 110 42 43 44 47 48 90 8 9 10 70 54 55 56 116 58 59 60 63 64 68 17 18 19 20 74 75 76 79 80 84 32 33 34 93 94 98 51 52 108 71 
88 102 104 14 112 114 24 115 27 28 118 120 38 121 41 42 2 45 46 47 90 123 54 124 57 58 5 61 62 63 6 7 66 67 68 105 17 125 73 74 11 77 78 79 12 13 82 83 84 15 16 86 87 1 31 32 21 91 92 93 22 23 96 97 98 25 26 100 101 29 30 103 3 4 50 51 36 37 106 107 108 39 40 110 111 43 44 113 48 49 8 9 10 70 71 55 56 116 117 59 60 119 64 65 69 18 19 20 89 75 76 122 80 81 85 33 34 35 94 95 99 52 53 109 72 
89 103 35 105 113 49 115 53 1 31 119 65 121 69 2 45 72 3 4 50 122 81 124 85 5 61 88 6 7 66 90 8 9 10 70 95 125 99 11 77 102 12 13 82 104 14 15 16 86 17 18 19 20 109 21 91 112 22 23 96 114 24 25 26 100 27 28 29 30 32 33 34 118 36 37 106 120 38 39 40 110 41 42 43 44 46 47 48 51 52 123 54 55 56 116 57 58 59 60 62 63 64 67 68 71 73 74 75 76 78 79 80 83 84 87 92 93 94 97 98 101 107 108 111 117 
90 104 105 17 114 115 27 1 31 32 120 121 41 2 45 46 3 4 50 51 123 124 57 5 61 62 6 7 66 67 8 9 10 70 71 125 73 11 77 78 12 13 82 83 14 15 16 86 87 18 19 20 89 21 91 92 22 23 96 97 24 25 26 100 101 28 29 30 103 33 34 35 36 37 106 107 38 39 40 110 111 42 43 44 113 47 48 49 52 53 54 55 56 116 117 58 59 60 119 63 64 65 68 69 72 74 75 76 122 79 80 81 84 85 88 93 94 95 98 99 102 108 109 112 118 
91 4 37 106 7 9 10 55 56 116 13 15 16 18 19 20 74 75 76 122 23 25 26 28 29 30 32 33 34 35 92 93 94 95 125 39 40 42 43 44 46 47 48 49 50 51 52 53 1 107 108 109 21 58 59 60 62 63 64 65 66 67 68 69 2 70 71 72 3 117 118 36 78 79 80 81 82 83 84 85 5 86 87 88 6 89 90 8 123 54 96 97 98 99 11 100 101 102 12 103 104 14 105 17 73 110 111 112 22 113 114 24 115 27 31 119 120 38 121 41 45 124 57 61 77 
92 50 106 107 66 10 70 56 116 117 82 16 86 19 20 89 75 76 122 123 96 26 100 29 30 103 33 34 35 105 93 94 95 125 73 40 110 43 44 113 47 48 49 115 51 52 53 1 31 108 109 21 91 59 60 119 63 64 65 121 67 68 69 2 45 71 72 3 4 118 36 37 79 80 81 124 83 84 85 5 61 87 88 6 7 90 8 9 54 55 97 98 99 11 77 101 102 12 13 104 14 15 17 18 74 111 112 22 23 114 24 25 27 28 32 120 38 39 41 42 46 57 58 62 78 
93 51 107 108 67 70 71 116 117 118 83 86 87 20 89 90 76 122 123 54 97 100 101 30 103 104 34 35 105 17 94 95 125 73 74 110 111 44 113 114 48 49 115 27 52 53 1 31 32 109 21 91 92 60 119 120 64 65 121 41 68 69 2 45 46 72 3 4 50 36 37 106 80 81 124 57 84 85 5 61 62 88 6 7 66 8 9 10 55 56 98 99 11 77 78 102 12 13 82 14 15 16 18 19 75 112 22 23 96 24 25 26 28 29 33 38 39 40 42 43 47 58 59 63 79 
94 52 108 109 68 71 72 117 118 36 84 87 88 89 90 8 122 123 54 55 98 101 102 103 104 14 35 105 17 18 95 125 73 74 75 111 112 113 114 24 49 115 27 28 53 1 31 32 33 21 91 92 93 119 120 38 65 121 41 42 69 2 45 46 47 3 4 50 51 37 106 107 81 124 57 58 85 5 61 62 63 6 7 66 67 9 10 70 56 116 99 11 77 78 79 12 13 82 83 15 16 86 19 20 76 22 23 96 97 25 26 100 29 30 34 39 40 110 43 44 48 59 60 64 80 
95 53 109 21 69 72 3 118 36 37 85 88 6 90 8 9 123 54 55 56 99 102 12 104 14 15 105 17 18 19 125 73 74 75 76 112 22 114 24 25 115 27 28 29 1 31 32 33 34 91 92 93 94 120 38 39 121 41 42 43 2 45 46 47 48 4 50 51 52 106 107 108 124 57 58 59 5 61 62 63 64 7 66 67 68 10 70 71 116 117 11 77 78 79 80 13 82 83 84 16 86 87 20 89 122 23 96 97 98 26 100 101 30 103 35 40 110 111 44 113 49 60 119 65 81 
96 106 40 110 10 56 116 59 60 119 16 19 20 75 76 122 79 80 81 124 26 29 30 33 34 35 93 94 95 125 97 98 99 11 77 43 44 47 48 49 51 52 53 1 107 108 109 21 91 111 112 22 23 63 64 65 67 68 69 2 70 71 72 3 4 117 118 36 37 120 38 39 83 84 85 5 86 87 88 6 7 89 90 8 9 123 54 55 57 58 100 101 102 12 13 103 104 14 15 105 17 18 73 74 78 113 114 24 25 115 27 28 31 32 92 121 41 42 45 46 50 61 62 66 82 
97 107 110 111 70 116 117 60 119 120 86 20 89 76 122 123 80 81 124 57 100 30 103 34 35 105 94 95 125 73 98 99 11 77 78 44 113 48 49 115 52 53 1 31 108 109 21 91 92 112 22 23 96 64 65 121 68 69 2 45 71 72 3 4 50 118 36 37 106 38 39 40 84 85 5 61 87 88 6 7 66 90 8 9 10 54 55 56 58 59 101 102 12 13 82 104 14 15 16 17 18 19 74 75 79 114 24 25 26 27 28 29 32 33 93 41 42 43 46 47 51 62 63 67 83 
98 108 111 112 71 117 118 119 120 38 87 89 90 122 123 54 81 124 57 58 101 103 104 35 105 17 95 125 73 74 99 11 77 78 79 113 114 49 115 27 53 1 31 32 109 21 91 92 93 22 23 96 97 65 121 41 69 2 45 46 72 3 4 50 51 36 37 106 107 39 40 110 85 5 61 62 88 6 7 66 67 8 9 10 70 55 56 116 59 60 102 12 13 82 83 14 15 16 86 18 19 20 75 76 80 24 25 26 100 28 29 30 33 34 94 42 43 44 47 48 52 63 64 68 84 
99 109 112 22 72 118 36 120 38 39 88 90 8 123 54 55 124 57 58 59 102 104 14 105 17 18 125 73 74 75 11 77 78 79 80 114 24 115 27 28 1 31 32 33 21 91 92 93 94 23 96 97 98 121 41 42 2 45 46 47 3 4 50 51 52 37 106 107 108 40 110 111 5 61 62 63 6 7 66 67 68 9 10 70 71 56 116 117 60 119 12 13 82 83 84 15 16 86 87 19 20 89 76 122 81 25 26 100 101 29 30 103 34 35 95 43 44 113 48 49 53 64 65 69 85 
100 110 44 113 116 60 119 64 65 121 20 76 122 80 81 124 84 85 5 61 30 34 35 94 95 125 98 99 11 77 101 102 12 13 82 48 49 52 53 1 108 109 21 91 111 112 22 23 96 114 24 25 26 68 69 2 71 72 3 4 117 118 36 37 106 120 38 39 40 41 42 43 87 88 6 7 89 90 8 9 10 123 54 55 56 57 58 59 62 63 103 104 14 15 16 105 17 18 19 73 74 75 78 79 83 115 27 28 29 31 32 33 92 93 97 45 46 47 50 51 107 66 67 70 86 
101 111 113 114 117 119 120 65 121 41 89 122 123 81 124 57 85 5 61 62 103 35 105 95 125 73 99 11 77 78 102 12 13 82 83 49 115 53 1 31 109 21 91 92 112 22 23 96 97 24 25 26 100 69 2 45 72 3 4 50 118 36 37 106 107 38 39 40 110 42 43 44 88 6 7 66 90 8 9 10 70 54 55 56 116 58 59 60 63 64 104 14 15 16 86 17 18 19 20 74 75 76 79 80 84 27 28 29 30 32 33 34 93 94 98 46 47 48 51 52 108 67 68 71 87 
102 112 114 24 118 120 38 121 41 42 90 123 54 124 57 58 5 61 62 63 104 105 17 125 73 74 11 77 78 79 12 13 82 83 84 115 27 1 31 32 21 91 92 93 22 23 96 97 98 25 26 100 101 2 45 46 3 4 50 51 36 37 106 107 108 39 40 110 111 43 44 113 6 7 66 67 8 9 10 70 71 55 56 116 117 59 60 119 64 65 14 15 16 86 87 18 19 20 89 75 76 122 80 81 85 28 29 30 103 33 34 35 94 95 99 47 48 49 52 53 109 68 69 72 88 
103 113 49 115 119 65 121 69 2 45 122 81 124 85 5 61 88 6 7 66 35 95 125 99 11 77 102 12 13 82 104 14 15 16 86 53 1 109 21 91 112 22 23 96 114 24 25 26 100 27 28 29 30 72 3 4 118 36 37 106 120 38 39 40 110 41 42 43 44 46 47 48 90 8 9 10 123 54 55 56 116 57 58 59 60 62 63 64 67 68 105 17 18 19 20 73 74 75 76 78 79 80 83 84 87 31 32 33 34 92 93 94 97 98 101 50 51 52 107 108 111 70 71 117 89 
104 114 115 27 120 121 41 2 45 46 123 124 57 5 61 62 6 7 66 67 105 125 73 11 77 78 12 13 82 83 14 15 16 86 87 1 31 21 91 92 22 23 96 97 24 25 26 100 101 28 29 30 103 3 4 50 36 37 106 107 38 39 40 110 111 42 43 44 113 47 48 49 8 9 10 70 54 55 56 116 117 58 59 60 119 63 64 65 68 69 17 18 19 20 89 74 75 76 122 79 80 81 84 85 88 32 33 34 35 93 94 95 98 99 102 51 52 53 108 109 112 71 72 118 90 
105 115 1 31 121 2 45 3 4 50 124 5 61 6 7 66 8 9 10 70 125 11 77 12 13 82 14 15 16 86 17 18 19 20 89 21 91 22 23 96 24 25 26 100 27 28 29 30 103 32 33 34 35 36 37 106 38 39 40 110 41 42 43 44 113 46 47 48 49 51 52 53 54 55 56 116 57 58 59 60 119 62 63 64 65 67 68 69 71 72 73 74 75 76 122 78 79 80 81 83 84 85 87 88 90 92 93 94 95 97 98 99 101 102 104 107 108 109 111 112 114 117 118 120 123 
106 10 56 116 16 19 20 75 76 122 26 29 30 33 34 35 93 94 95 125 40 43 44 47 48 49 51 52 53 1 107 108 109 21 91 59 60 63 64 65 67 68 69 2 70 71 72 3 4 117 118 36 37 79 80 81 83 84 85 5 86 87 88 6 7 89 90 8 9 123 54 55 97 98 99 11 100 101 102 12 13 103 104 14 15 105 17 18 73 74 110 111 112 22 23 113 114 24 25 115 27 28 31 32 92 119 120 38 39 121 41 42 45 46 50 124 57 58 61 62 66 77 78 82 96 
107 70 116 117 86 20 89 76 122 123 100 30 103 34 35 105 94 95 125 73 110 44 113 48 49 115 52 53 1 31 108 109 21 91 92 60 119 64 65 121 68 69 2 45 71 72 3 4 50 118 36 37 106 80 81 124 84 85 5 61 87 88 6 7 66 90 8 9 10 54 55 56 98 99 11 77 101 102 12 13 82 104 14 15 16 17 18 19 74 75 111 112 22 23 96 114 24 25 26 27 28 29 32 33 93 120 38 39 40 41 42 43 46 47 51 57 58 59 62 63 67 78 79 83 97 
108 71 117 118 87 89 90 122 123 54 101 103 104 35 105 17 95 125 73 74 111 113 114 49 115 27 53 1 31 32 109 21 91 92 93 119 120 65 121 41 69 2 45 46 72 3 4 50 51 36 37 106 107 81 124 57 85 5 61 62 88 6 7 66 67 8 9 10 70 55 56 116 99 11 77 78 102 12 13 82 83 14 15 16 86 18 19 20 75 76 112 22 23 96 97 24 25 26 100 28 29 30 33 34 94 38 39 40 110 42 43 44 47 48 52 58 59 60 63 64 68 79 80 84 98 
109 72 118 36 88 90 8 123 54 55 102 104 14 105 17 18 125 73 74 75 112 114 24 115 27 28 1 31 32 33 21 91 92 93 94 120 38 121 41 42 2 45 46 47 3 4 50 51 52 37 106 107 108 124 57 58 5 61 62 63 6 7 66 67 68 9 10 70 71 56 116 117 11 77 78 79 12 13 82 83 84 15 16 86 87 19 20 89 76 122 22 23 96 97 98 25 26 100 101 29 30 103 34 35 95 39 40 110 111 43 44 113 48 49 53 59 60 119 64 65 69 80 81 85 99 
110 116 60 119 20 76 122 80 81 124 30 34 35 94 95 125 98 99 11 77 44 48 49 52 53 1 108 109 21 91 111 112 22 23 96 64 65 68 69 2 71 72 3 4 117 118 36 37 106 120 38 39 40 84 85 5 87 88 6 7 89 90 8 9 10 123 54 55 56 57 58 59 101 102 12 13 103 104 14 15 16 105 17 18 19 73 74 75 78 79 113 114 24 25 26 115 27 28 29 31 32 33 92 93 97 121 41 42 43 45 46 47 50 51 107 61 62 63 66 67 70 82 83 86 100 
111 117 119 120 89 122 123 81 124 57 103 35 105 95 125 73 99 11 77 78 113 49 115 53 1 31 109 21 91 92 112 22 23 96 97 65 121 69 2 45 72 3 4 50 118 36 37 106 107 38 39 40 110 85 5 61 88 6 7 66 90 8 9 10 70 54 55 56 116 58 59 60 102 12 13 82 104 14 15 16 86 17 18 19 20 74 75 76 79 80 114 24 25 26 100 27 28 29 30 32 33 34 93 94 98 41 42 43 44 46 47 48 51 52 108 62 63 64 67 68 71 83 84 87 101 
112 118 120 38 90 123 54 124 57 58 104 105 17 125 73 74 11 77 78 79 114 115 27 1 31 32 21 91 92 93 22 23 96 97 98 121 41 2 45 46 3 4 50 51 36 37 106 107 108 39 40 110 111 5 61 62 6 7 66 67 8 9 10 70 71 55 56 116 117 59 60 119 12 13 82 83 14 15 16 86 87 18 19 20 89 75 76 122 80 81 24 25 26 100 101 28 29 30 103 33 34 35 94 95 99 42 43 44 113 47 48 49 52 53 109 63 64 65 68 69 72 84 85 88 102 
113 119 65 121 122 81 124 85 5 61 35 95 125 99 11 77 102 12 13 82 49 53 1 109 21 91 112 22 23 96 114 24 25 26 100 69 2 72 3 4 118 36 37 106 120 38 39 40 110 41 42 43 44 88 6 7 90 8 9 10 123 54 55 56 116 57 58 59 60 62 63 64 104 14 15 16 105 17 18 19 20 73 74 75 76 78 79 80 83 84 115 27 28 29 30 31 32 33 34 92 93 94 97 98 101 45 46 47 48 50 51 52 107 108 111 66 67 68 70 71 117 86 87 89 103 
114 120 121 41 123 124 57 5 61 62 105 125 73 11 77 78 12 13 82 83 115 1 31 21 91 92 22 23 96 97 24 25 26 100 101 2 45 3 4 50 36 37 106 107 38 39 40 110 111 42 43 44 113 6 7 66 8 9 10 70 54 55 56 116 117 58 59 60 119 63 64 65 14 15 16 86 17 18 19 20 89 74 75 76 122 79 80 81 84 85 27 28 29 30 103 32 33 34 35 93 94 95 98 99 102 46 47 48 49 51 52 53 108 109 112 67 68 69 71 72 118 87 88 90 104 
115 121 2 45 124 5 61 6 7 66 125 11 77 12 13 82 14 15 16 86 1 21 91 22 23 96 24 25 26 100 27 28 29 30 103 3 4 36 37 106 38 39 40 110 41 42 43 44 113 46 47 48 49 8 9 10 54 55 56 116 57 58 59 60 119 62 63 64 65 67 68 69 17 18 19 20 73 74 75 76 122 78 79 80 81 83 84 85 87 88 31 32 33 34 35 92 93 94 95 97 98 99 101 102 104 50 51 52 53 107 108 109 111 112 114 70 71 72 117 118 120 89 90 123 105 
116 20 76 122 30 34 35 94 95 125 44 48 49 52 53 1 108 109 21 91 60 64 65 68 69 2 71 72 3 4 117 118 36 37 106 80 81 84 85 5 87 88 6 7 89 90 8 9 10 123 54 55 56 98 99 11 101 102 12 13 103 104 14 15 16 105 17 18 19 73 74 75 111 112 22 23 113 114 24 25 26 115 27 28 29 31 32 33 92 93 119 120 38 39 40 121 41 42 43 45 46 47 50 51 107 124 57 58 59 61 62 63 66 67 70 77 78 79 82 83 86 96 97 100 110 
117 89 122 123 103 35 105 95 125 73 113 49 115 53 1 31 109 21 91 92 119 65 121 69 2 45 72 3 4 50 118 36 37 106 107 81 124 85 5 61 88 6 7 66 90 8 9 10 70 54 55 56 116 99 11 77 102 12 13 82 104 14 15 16 86 17 18 19 20 74 75 76 112 22 23 96 114 24 25 26 100 27 28 29 30 32 33 34 93 94 120 38 39 40 110 41 42 43 44 46 47 48 51 52 108 57 58 59 60 62 63 64 67 68 71 78 79 80 83 84 87 97 98 101 111 
118 90 123 54 104 105 17 125 73 74 114 115 27 1 31 32 21 91 92 93 120 121 41 2 45 46 3 4 50 51 36 37 106 107 108 124 57 5 61 62 6 7 66 67 8 9 10 70 71 55 56 116 117 11 77 78 12 13 82 83 14 15 16 86 87 18 19 20 89 75 76 122 22 23 96 97 24 25 26 100 101 28 29 30 103 33 34 35 94 95 38 39 40 110 111 42 43 44 113 47 48 49 52 53 109 58 59 60 119 63 64 65 68 69 72 79 80 81 84 85 88 98 99 102 112 
119 122 81 124 35 95 125 99 11 77 49 53 1 109 21 91 112 22 23 96 65 69 2 72 3 4 118 36 37 106 120 38 39 40 110 85 5 88 6 7 90 8 9 10 123 54 55 56 116 57 58 59 60 102 12 13 104 14 15 16 105 17 18 19 20 73 74 75 76 78 79 80 114 24 25 26 115 27 28 29 30 31 32 33 34 92 93 94 97 98 121 41 42 43 44 45 46 47 48 50 51 52 107 108 111 61 62 63 64 66 67 68 70 71 117 82 83 84 86 87 89 100 101 103 113 
120 123 124 57 105 125 73 11 77 78 115 1 31 21 91 92 22 23 96 97 121 2 45 3 4 50 36 37 106 107 38 39 40 110 111 5 61 6 7 66 8 9 10 70 54 55 56 116 117 58 59 60 119 12 13 82 14 15 16 86 17 18 19 20 89 74 75 76 122 79 80 81 24 25 26 100 27 28 29 30 103 32 33 34 35 93 94 95 98 99 41 42 43 44 113 46 47 48 49 51 52 53 108 109 112 62 63 64 65 67 68 69 71 72 118 83 84 85 87 88 90 101 102 104 114 
121 124 5 61 125 11 77 12 13 82 1 21 91 22 23 96 24 25 26 100 2 3 4 36 37 106 38 39 40 110 41 42 43 44 113 6 7 8 9 10 54 55 56 116 57 58 59 60 119 62 63 64 65 14 15 16 17 18 19 20 73 74 75 76 122 78 79 80 81 83 84 85 27 28 29 30 31 32 33 34 35 92 93 94 95 97 98 99 101 102 45 46 47 48 49 50 51 52 53 107 108 109 111 112 114 66 67 68 69 70 71 72 117 118 120 86 87 88 89 90 123 103 104 105 115 
122 35 95 125 49 53 1 109 21 91 65 69 2 72 3 4 118 36 37 106 81 85 5 88 6 7 90 8 9 10 123 54 55 56 116 99 11 102 12 13 104 14 15 16 105 17 18 19 20 73 74 75 76 112 22 23 114 24 25 26 115 27 28 29 30 31 32 33 34 92 93 94 120 38 39 40 121 41 42 43 44 45 46 47 48 50 51 52 107 108 124 57 58 59 60 61 62 63 64 66 67 68 70 71 117 77 78 79 80 82 83 84 86 87 89 96 97 98 100 101 103 110 111 113 119 
123 105 125 73 115 1 31 21 91 92 121 2 45 3 4 50 36 37 106 107 124 5 61 6 7 66 8 9 10 70 54 55 56 116 117 11 77 12 13 82 14 15 16 86 17 18 19 20 89 74 75 76 122 22 23 96 24 25 26 100 27 28 29 30 103 32 33 34 35 93 94 95 38 39 40 110 41 42 43 44 113 46 47 48 49 51 52 53 108 109 57 58 59 60 119 62 63 64 65 67 68 69 71 72 118 78 79 80 81 83 84 85 87 88 90 97 98 99 101 102 104 111 112 114 120 
124 125 11 77 1 21 91 22 23 96 2 3 4 36 37 106 38 39 40 110 5 6 7 8 9 10 54 55 56 116 57 58 59 60 119 12 13 14 15 16 17 18 19 20 73 74 75 76 122 78 79 80 81 24 25 26 27 28 29 30 31 32 33 34 35 92 93 94 95 97 98 99 41 42 43 44 45 46 47 48 49 50 51 52 53 107 108 109 111 112 61 62 63 64 65 66 67 68 69 70 71 72 117 118 120 82 83 84 85 86 87 88 89 90 123 100 101 102 103 104 105 113 114 115 121 
125 1 21 91 2 3 4 36 37 106 5 6 7 8 9 10 54 55 56 116 11 12 13 14 15 16 17 18 19 20 73 74 75 76 122 22 23 24 25 26 27 28 29 30 31 32 33 34 35 92 93 94 95 38 39 40 41 42 43 44 45 46 47 48 49 50 51 52 53 107 108 109 57 58 59 60 61 62 63 64 65 66 67 68 69 70 71 72 117 118 77 78 79 80 81 82 83 84 85 86 87 88 89 90 123 96 97 98 99 100 101 102 103 104 105 110 111 112 113 114 115 119 120 121 124 
