160 213
1 2 3 4 5 6 7 8 9 10 11 12 13 14 15 16 17 18 19 20 21 22 23 24 25 26 27 28 29 30 31 32 33 34 35 36 37 38 39 40 41 42 43 44 45 46 47 48 49 50 51 52 53 54 55 56 57 58 59 60 61 62 63 64 65 66 67 68 69 70 71 72 73 74 75 76 77 78 79 80 81 82 83 84 85 86 87 88 89 90 91 92 93 94 95 96 97 98 99 100 101 102 103 104 105 106 107 108 109 110 111 112 113 114 115 116 117 118 119 120 121 122 123 124 125 126 127 128 129 130 131 132 133 134 135 136 137 138 139 140 141 142 143 144 145 146 147 148 149 150 151 152 153 154 155 156 157 158 159 160 
2 6 8 9 10 11 12 15 18 20 1 22 24 25 26 27 28 29 30 31 32 33 34 36 38 3 40 42 4 44 5 46 7 48 50 51 52 53 54 55 56 57 58 59 60 61 62 63 64 65 13 67 14 69 16 71 17 73 19 75 21 77 23 79 81 82 83 84 85 86 87 88 89 90 91 92 93 94 95 96 35 97 37 99 39 101 41 103 43 105 45 107 47 109 49 111 112 113 114 115 116 117 118 119 120 121 122 123 124 125 126 66 127 68 129 70 131 72 133 74 134 76 136 78 137 80 138 139 140 141 142 143 144 145 146 147 148 98 149 100 151 102 152 104 106 153 108 110 154 155 156 157 158 128 159 130 132 135 160 150 
3 8 1 13 14 15 16 2 24 25 26 27 4 5 6 7 35 36 37 38 39 40 41 9 10 11 12 50 51 52 53 54 55 56 17 18 19 20 21 22 23 65 66 67 68 69 70 71 72 28 29 30 31 32 33 34 81 82 83 84 85 86 87 88 42 43 44 45 46 47 48 49 97 98 99 100 101 102 103 104 57 58 59 60 61 62 63 64 112 113 114 115 116 117 118 119 73 74 75 76 77 78 79 80 127 128 129 130 131 132 133 89 90 91 92 93 94 95 96 138 139 140 141 142 143 144 105 106 107 108 109 110 111 149 150 151 152 120 121 122 123 124 125 126 154 155 156 157 134 135 136 137 159 145 146 147 148 160 153 158 
4 9 13 1 17 18 19 24 2 28 29 30 3 35 36 37 5 6 7 42 43 44 45 8 50 51 52 10 11 12 57 58 59 60 14 15 16 65 66 67 68 20 21 22 23 73 74 75 76 25 26 27 81 82 83 84 31 32 33 34 89 90 91 92 38 39 40 41 97 98 99 100 46 47 48 49 105 106 107 108 53 54 55 56 112 113 114 115 61 62 63 64 120 121 122 123 69 70 71 72 127 128 129 130 77 78 79 80 134 135 136 85 86 87 88 138 139 140 141 93 94 95 96 145 146 147 101 102 103 104 149 150 151 109 110 111 153 116 117 118 119 154 155 156 124 125 126 158 131 132 133 159 137 142 143 144 160 148 152 157 
5 31 14 17 6 20 21 53 57 2 10 61 35 15 38 39 18 42 43 1 22 46 47 81 8 25 85 9 28 89 11 12 32 93 36 65 66 3 40 69 70 4 44 73 74 7 48 77 78 24 50 112 26 27 54 116 29 30 58 120 33 34 62 124 13 67 97 98 16 71 101 102 19 75 105 106 23 79 109 110 51 52 82 138 55 56 86 142 59 60 90 145 63 64 94 148 37 99 127 128 41 103 131 132 45 107 134 135 49 111 137 83 84 113 154 87 88 117 157 91 92 121 158 95 96 125 68 129 149 150 72 133 152 76 136 153 80 114 115 139 160 118 119 143 122 123 146 126 100 151 159 104 108 140 141 155 144 147 130 156 
6 11 15 18 20 1 22 26 29 31 2 33 36 38 3 40 42 4 44 5 46 7 48 51 53 8 55 57 9 59 10 61 12 63 65 13 67 14 69 16 71 17 73 19 75 21 77 23 79 81 24 83 25 85 27 87 28 89 30 91 32 93 34 95 35 97 37 99 39 101 41 103 43 105 45 107 47 109 49 111 50 112 52 114 54 116 56 118 58 120 60 122 62 124 64 126 66 127 68 129 70 131 72 133 74 134 76 136 78 137 80 82 138 84 140 86 142 88 144 90 145 92 147 94 148 96 98 149 100 151 102 152 104 106 153 108 110 113 154 115 156 117 157 119 121 158 123 125 128 159 130 132 135 139 160 141 143 146 150 155 
7 96 16 19 21 22 23 119 123 125 126 2 37 39 40 41 43 44 45 46 47 48 49 141 143 144 8 146 147 9 148 10 11 12 66 67 68 69 70 71 72 73 74 75 76 77 78 79 80 155 156 24 157 25 26 27 158 28 29 30 31 32 33 34 97 98 99 100 101 102 103 104 105 106 107 108 109 110 111 1 160 50 51 52 53 54 55 56 57 58 59 60 61 62 63 64 127 128 129 130 131 132 133 3 134 135 136 4 137 5 6 81 82 83 84 85 86 87 88 89 90 91 92 93 94 95 149 150 151 13 152 14 15 153 17 18 20 112 113 114 115 116 117 118 120 121 122 124 159 35 36 38 42 138 139 140 142 145 65 154 
8 15 2 24 25 26 27 6 36 38 3 40 9 10 11 12 50 51 52 53 54 55 56 18 20 1 22 65 13 67 14 69 16 71 28 29 30 31 32 33 34 81 82 83 84 85 86 87 88 42 4 44 5 46 7 48 35 97 37 99 39 101 41 103 57 58 59 60 61 62 63 64 112 113 114 115 116 117 118 119 17 73 19 75 21 77 23 79 66 127 68 129 70 131 72 133 89 90 91 92 93 94 95 96 138 139 140 141 142 143 144 43 105 45 107 47 109 49 111 98 149 100 151 102 152 104 120 121 122 123 124 125 126 154 155 156 157 74 134 76 136 78 137 80 128 159 130 132 145 146 147 148 160 106 153 108 110 150 158 135 
9 18 24 2 28 29 30 36 6 42 4 44 8 50 51 52 10 11 12 57 58 59 60 15 65 13 67 20 1 22 17 73 19 75 25 26 27 81 82 83 84 31 32 33 34 89 90 91 92 38 3 40 35 97 37 99 5 46 7 48 43 105 45 107 53 54 55 56 112 113 114 115 61 62 63 64 120 121 122 123 14 69 16 71 66 127 68 129 21 77 23 79 74 134 76 136 85 86 87 88 138 139 140 141 93 94 95 96 145 146 147 39 101 41 103 98 149 100 151 47 109 49 111 106 153 108 116 117 118 119 154 155 156 124 125 126 158 70 131 72 133 128 159 130 78 137 80 135 142 143 144 160 148 102 152 104 150 110 157 132 
10 5 25 28 11 31 32 14 17 6 20 21 50 26 53 54 29 57 58 2 33 61 62 35 15 38 39 18 42 43 1 22 46 47 51 81 82 8 55 85 86 9 59 89 90 12 63 93 94 36 65 66 3 40 69 70 4 44 73 74 7 48 77 78 24 83 112 113 27 87 116 117 30 91 120 121 34 95 124 125 13 67 97 98 16 71 101 102 19 75 105 106 23 79 109 110 52 114 138 139 56 118 142 143 60 122 145 146 64 126 148 37 99 127 128 41 103 131 132 45 107 134 135 49 111 137 84 140 154 155 88 144 157 92 147 158 96 68 129 149 150 72 133 152 76 136 153 80 115 156 160 119 123 100 151 159 104 108 141 130 
11 1 26 29 31 2 33 3 4 5 6 7 51 53 8 55 57 9 59 10 61 12 63 13 14 15 16 17 18 19 20 21 22 23 81 24 83 25 85 27 87 28 89 30 91 32 93 34 95 35 36 37 38 39 40 41 42 43 44 45 46 47 48 49 50 112 52 114 54 116 56 118 58 120 60 122 62 124 64 126 65 66 67 68 69 70 71 72 73 74 75 76 77 78 79 80 82 138 84 140 86 142 88 144 90 145 92 147 94 148 96 97 98 99 100 101 102 103 104 105 106 107 108 109 110 111 113 154 115 156 117 157 119 121 158 123 125 127 128 129 130 131 132 133 134 135 136 137 139 160 141 143 146 149 150 151 152 153 155 159 
12 111 27 30 32 33 34 133 136 137 80 6 52 54 55 56 58 59 60 61 62 63 64 151 152 104 15 153 108 18 110 20 1 22 82 83 84 85 86 87 88 89 90 91 92 93 94 95 96 159 130 36 132 38 3 40 135 42 4 44 5 46 7 48 112 113 114 115 116 117 118 119 120 121 122 123 124 125 126 2 150 65 13 67 14 69 16 71 17 73 19 75 21 77 23 79 138 139 140 141 142 143 144 8 145 146 147 9 148 10 11 35 97 37 99 39 101 41 103 43 105 45 107 47 109 49 154 155 156 24 157 25 26 158 28 29 31 66 127 68 129 70 131 72 74 134 76 78 160 50 51 53 57 98 149 100 102 106 81 128 
13 24 4 3 35 36 37 9 8 50 51 52 1 17 18 19 14 15 16 65 66 67 68 2 28 29 30 25 26 27 81 82 83 84 5 6 7 42 43 44 45 38 39 40 41 97 98 99 100 10 11 12 57 58 59 60 53 54 55 56 112 113 114 115 20 21 22 23 73 74 75 76 69 70 71 72 127 128 129 130 31 32 33 34 89 90 91 92 85 86 87 88 138 139 140 141 46 47 48 49 105 106 107 108 101 102 103 104 149 150 151 61 62 63 64 120 121 122 123 116 117 118 119 154 155 156 77 78 79 80 134 135 136 131 132 133 159 93 94 95 96 145 146 147 142 143 144 160 109 110 111 153 152 124 125 126 158 157 137 148 
14 53 5 35 15 38 39 31 81 8 25 85 17 6 20 21 36 65 66 3 40 69 70 57 2 10 61 24 50 112 26 27 54 116 18 42 43 1 22 46 47 13 67 97 98 16 71 101 102 9 28 89 11 12 32 93 51 52 82 138 55 56 86 142 4 44 73 74 7 48 77 78 37 99 127 128 41 103 131 132 29 30 58 120 33 34 62 124 83 84 113 154 87 88 117 157 19 75 105 106 23 79 109 110 68 129 149 150 72 133 152 59 60 90 145 63 64 94 148 114 115 139 160 118 119 143 45 107 134 135 49 111 137 100 151 159 104 91 92 121 158 95 96 125 140 141 155 144 76 136 153 80 130 122 123 146 126 156 108 147 
15 26 6 36 38 3 40 11 51 53 8 55 18 20 1 22 65 13 67 14 69 16 71 29 31 2 33 81 24 83 25 85 27 87 42 4 44 5 46 7 48 35 97 37 99 39 101 41 103 57 9 59 10 61 12 63 50 112 52 114 54 116 56 118 17 73 19 75 21 77 23 79 66 127 68 129 70 131 72 133 28 89 30 91 32 93 34 95 82 138 84 140 86 142 88 144 43 105 45 107 47 109 49 111 98 149 100 151 102 152 104 58 120 60 122 62 124 64 126 113 154 115 156 117 157 119 74 134 76 136 78 137 80 128 159 130 132 90 145 92 147 94 148 96 139 160 141 143 106 153 108 110 150 121 158 123 125 155 135 146 
16 119 7 37 39 40 41 96 141 143 144 8 19 21 22 23 66 67 68 69 70 71 72 123 125 126 2 155 156 24 157 25 26 27 43 44 45 46 47 48 49 97 98 99 100 101 102 103 104 146 147 9 148 10 11 12 160 50 51 52 53 54 55 56 73 74 75 76 77 78 79 80 127 128 129 130 131 132 133 3 158 28 29 30 31 32 33 34 81 82 83 84 85 86 87 88 105 106 107 108 109 110 111 1 149 150 151 13 152 14 15 57 58 59 60 61 62 63 64 112 113 114 115 116 117 118 134 135 136 4 137 5 6 159 35 36 38 89 90 91 92 93 94 95 138 139 140 142 153 17 18 20 65 120 121 122 124 154 42 145 
17 57 35 5 18 42 43 81 31 9 28 89 14 36 65 66 6 20 21 4 44 73 74 53 24 50 112 2 10 61 29 30 58 120 15 38 39 13 67 97 98 1 22 46 47 19 75 105 106 8 25 85 51 52 82 138 11 12 32 93 59 60 90 145 3 40 69 70 37 99 127 128 7 48 77 78 45 107 134 135 26 27 54 116 83 84 113 154 33 34 62 124 91 92 121 158 16 71 101 102 68 129 149 150 23 79 109 110 76 136 153 55 56 86 142 114 115 139 160 63 64 94 148 122 123 146 41 103 131 132 100 151 159 49 111 137 108 87 88 117 157 140 141 155 95 96 125 147 72 133 152 130 80 118 119 143 156 126 104 144 
18 29 36 6 42 4 44 51 11 57 9 59 15 65 13 67 20 1 22 17 73 19 75 26 81 24 83 31 2 33 28 89 30 91 38 3 40 35 97 37 99 5 46 7 48 43 105 45 107 53 8 55 50 112 52 114 10 61 12 63 58 120 60 122 14 69 16 71 66 127 68 129 21 77 23 79 74 134 76 136 25 85 27 87 82 138 84 140 32 93 34 95 90 145 92 147 39 101 41 103 98 149 100 151 47 109 49 111 106 153 108 54 116 56 118 113 154 115 156 62 124 64 126 121 158 123 70 131 72 133 128 159 130 78 137 80 135 86 142 88 144 139 160 141 94 148 96 146 102 152 104 150 110 117 157 119 155 125 132 143 
19 123 37 7 43 44 45 141 96 146 147 9 16 66 67 68 21 22 23 73 74 75 76 119 155 156 24 125 126 2 158 28 29 30 39 40 41 97 98 99 100 46 47 48 49 105 106 107 108 143 144 8 160 50 51 52 148 10 11 12 57 58 59 60 69 70 71 72 127 128 129 130 77 78 79 80 134 135 136 4 157 25 26 27 81 82 83 84 31 32 33 34 89 90 91 92 101 102 103 104 149 150 151 13 109 110 111 1 153 17 18 53 54 55 56 112 113 114 115 61 62 63 64 120 121 122 131 132 133 3 159 35 36 137 5 6 42 85 86 87 88 138 139 140 93 94 95 145 152 14 15 65 20 116 117 118 154 124 38 142 
20 10 38 42 1 5 46 25 28 11 31 32 65 3 14 69 4 17 73 6 7 21 77 50 26 53 54 29 57 58 2 33 61 62 13 35 97 15 16 39 101 18 19 43 105 22 23 47 109 51 81 82 8 55 85 86 9 59 89 90 12 63 93 94 36 37 66 127 40 41 70 131 44 45 74 134 48 49 78 137 24 83 112 113 27 87 116 117 30 91 120 121 34 95 124 125 67 68 98 149 71 72 102 152 75 76 106 153 79 80 110 52 114 138 139 56 118 142 143 60 122 145 146 64 126 148 99 100 128 159 103 104 132 107 108 135 111 84 140 154 155 88 144 157 92 147 158 96 129 130 150 133 136 115 156 160 119 123 151 141 
21 148 39 43 22 46 47 157 158 96 125 31 66 40 69 70 44 73 74 7 48 77 78 160 119 143 53 123 146 57 126 2 10 61 67 97 98 16 71 101 102 19 75 105 106 23 79 109 110 141 155 81 144 8 25 85 147 9 28 89 11 12 32 93 37 99 127 128 41 103 131 132 45 107 134 135 49 111 137 5 156 24 50 112 26 27 54 116 29 30 58 120 33 34 62 124 68 129 149 150 72 133 152 14 76 136 153 17 80 6 20 51 52 82 138 55 56 86 142 59 60 90 145 63 64 94 100 151 159 35 104 15 38 108 18 42 1 83 84 113 154 87 88 117 91 92 121 95 130 36 65 3 4 114 115 139 118 122 13 140 
22 126 40 44 46 7 48 144 147 148 96 11 67 69 16 71 73 19 75 21 77 23 79 156 157 119 26 158 123 29 125 31 2 33 97 37 99 39 101 41 103 43 105 45 107 47 109 49 111 160 141 51 143 53 8 55 146 57 9 59 10 61 12 63 66 127 68 129 70 131 72 133 74 134 76 136 78 137 80 6 155 81 24 83 25 85 27 87 28 89 30 91 32 93 34 95 98 149 100 151 102 152 104 15 106 153 108 18 110 20 1 50 112 52 114 54 116 56 118 58 120 60 122 62 124 64 128 159 130 36 132 38 3 135 42 4 5 82 138 84 140 86 142 88 90 145 92 94 150 65 13 14 17 113 154 115 117 121 35 139 
23 64 41 45 47 48 49 88 92 94 95 96 68 70 71 72 74 75 76 77 78 79 80 115 117 118 119 121 122 123 124 125 126 2 98 99 100 101 102 103 104 105 106 107 108 109 110 111 1 139 140 141 142 143 144 8 145 146 147 9 148 10 11 12 127 128 129 130 131 132 133 3 134 135 136 4 137 5 6 7 154 155 156 24 157 25 26 27 158 28 29 30 31 32 33 34 149 150 151 13 152 14 15 16 153 17 18 19 20 21 22 160 50 51 52 53 54 55 56 57 58 59 60 61 62 63 159 35 36 37 38 39 40 42 43 44 46 81 82 83 84 85 86 87 89 90 91 93 65 66 67 69 73 112 113 114 116 120 97 138 
24 36 9 8 50 51 52 18 15 65 13 67 2 28 29 30 25 26 27 81 82 83 84 6 42 4 44 38 3 40 35 97 37 99 10 11 12 57 58 59 60 53 54 55 56 112 113 114 115 20 1 22 17 73 19 75 14 69 16 71 66 127 68 129 31 32 33 34 89 90 91 92 85 86 87 88 138 139 140 141 5 46 7 48 43 105 45 107 39 101 41 103 98 149 100 151 61 62 63 64 120 121 122 123 116 117 118 119 154 155 156 21 77 23 79 74 134 76 136 70 131 72 133 128 159 130 93 94 95 96 145 146 147 142 143 144 160 47 109 49 111 106 153 108 102 152 104 150 124 125 126 158 157 78 137 80 135 132 148 110 
25 14 10 50 26 53 54 5 35 15 38 39 28 11 31 32 51 81 82 8 55 85 86 17 6 20 21 36 65 66 3 40 69 70 29 57 58 2 33 61 62 24 83 112 113 27 87 116 117 18 42 43 1 22 46 47 13 67 97 98 16 71 101 102 9 59 89 90 12 63 93 94 52 114 138 139 56 118 142 143 4 44 73 74 7 48 77 78 37 99 127 128 41 103 131 132 30 91 120 121 34 95 124 125 84 140 154 155 88 144 157 19 75 105 106 23 79 109 110 68 129 149 150 72 133 152 60 122 145 146 64 126 148 115 156 160 119 45 107 134 135 49 111 137 100 151 159 104 92 147 158 96 141 76 136 153 80 130 123 108 
26 3 11 51 53 8 55 1 13 14 15 16 29 31 2 33 81 24 83 25 85 27 87 4 5 6 7 35 36 37 38 39 40 41 57 9 59 10 61 12 63 50 112 52 114 54 116 56 118 17 18 19 20 21 22 23 65 66 67 68 69 70 71 72 28 89 30 91 32 93 34 95 82 138 84 140 86 142 88 144 42 43 44 45 46 47 48 49 97 98 99 100 101 102 103 104 58 120 60 122 62 124 64 126 113 154 115 156 117 157 119 73 74 75 76 77 78 79 80 127 128 129 130 131 132 133 90 145 92 147 94 148 96 139 160 141 143 105 106 107 108 109 110 111 149 150 151 152 121 158 123 125 155 134 135 136 137 159 146 153 
27 133 12 52 54 55 56 111 151 152 104 15 30 32 33 34 82 83 84 85 86 87 88 136 137 80 6 159 130 36 132 38 3 40 58 59 60 61 62 63 64 112 113 114 115 116 117 118 119 153 108 18 110 20 1 22 150 65 13 67 14 69 16 71 89 90 91 92 93 94 95 96 138 139 140 141 142 143 144 8 135 42 4 44 5 46 7 48 35 97 37 99 39 101 41 103 120 121 122 123 124 125 126 2 154 155 156 24 157 25 26 17 73 19 75 21 77 23 79 66 127 68 129 70 131 72 145 146 147 9 148 10 11 160 50 51 53 43 105 45 107 47 109 49 98 149 100 102 158 28 29 31 81 74 134 76 78 128 57 106 
28 17 50 10 29 57 58 35 5 18 42 43 25 51 81 82 11 31 32 9 59 89 90 14 36 65 66 6 20 21 4 44 73 74 26 53 54 24 83 112 113 2 33 61 62 30 91 120 121 15 38 39 13 67 97 98 1 22 46 47 19 75 105 106 8 55 85 86 52 114 138 139 12 63 93 94 60 122 145 146 3 40 69 70 37 99 127 128 7 48 77 78 45 107 134 135 27 87 116 117 84 140 154 155 34 95 124 125 92 147 158 16 71 101 102 68 129 149 150 23 79 109 110 76 136 153 56 118 142 143 115 156 160 64 126 148 123 41 103 131 132 100 151 159 49 111 137 108 88 144 157 141 96 72 133 152 130 80 119 104 
29 4 51 11 57 9 59 13 1 17 18 19 26 81 24 83 31 2 33 28 89 30 91 3 35 36 37 5 6 7 42 43 44 45 53 8 55 50 112 52 114 10 61 12 63 58 120 60 122 14 15 16 65 66 67 68 20 21 22 23 73 74 75 76 25 85 27 87 82 138 84 140 32 93 34 95 90 145 92 147 38 39 40 41 97 98 99 100 46 47 48 49 105 106 107 108 54 116 56 118 113 154 115 156 62 124 64 126 121 158 123 69 70 71 72 127 128 129 130 77 78 79 80 134 135 136 86 142 88 144 139 160 141 94 148 96 146 101 102 103 104 149 150 151 109 110 111 153 117 157 119 155 125 131 132 133 159 137 143 152 
30 136 52 12 58 59 60 151 111 153 108 18 27 82 83 84 32 33 34 89 90 91 92 133 159 130 36 137 80 6 135 42 4 44 54 55 56 112 113 114 115 61 62 63 64 120 121 122 123 152 104 15 150 65 13 67 110 20 1 22 17 73 19 75 85 86 87 88 138 139 140 141 93 94 95 96 145 146 147 9 132 38 3 40 35 97 37 99 5 46 7 48 43 105 45 107 116 117 118 119 154 155 156 24 124 125 126 2 158 28 29 14 69 16 71 66 127 68 129 21 77 23 79 74 134 76 142 143 144 8 160 50 51 148 10 11 57 39 101 41 103 98 149 100 47 109 49 106 157 25 26 81 31 70 131 72 128 78 53 102 
31 20 53 57 2 10 61 38 42 1 5 46 81 8 25 85 9 28 89 11 12 32 93 65 3 14 69 4 17 73 6 7 21 77 24 50 112 26 27 54 116 29 30 58 120 33 34 62 124 13 35 97 15 16 39 101 18 19 43 105 22 23 47 109 51 52 82 138 55 56 86 142 59 60 90 145 63 64 94 148 36 37 66 127 40 41 70 131 44 45 74 134 48 49 78 137 83 84 113 154 87 88 117 157 91 92 121 158 95 96 125 67 68 98 149 71 72 102 152 75 76 106 153 79 80 110 114 115 139 160 118 119 143 122 123 146 126 99 100 128 159 103 104 132 107 108 135 111 140 141 155 144 147 129 130 150 133 136 156 151 
32 110 54 58 33 61 62 132 135 111 137 5 82 55 85 86 59 89 90 12 63 93 94 150 133 152 14 136 153 17 80 6 20 21 83 112 113 27 87 116 117 30 91 120 121 34 95 124 125 151 159 35 104 15 38 39 108 18 42 43 1 22 46 47 52 114 138 139 56 118 142 143 60 122 145 146 64 126 148 10 130 36 65 66 3 40 69 70 4 44 73 74 7 48 77 78 84 140 154 155 88 144 157 25 92 147 158 28 96 11 31 13 67 97 98 16 71 101 102 19 75 105 106 23 79 109 115 156 160 50 119 26 53 123 29 57 2 37 99 127 128 41 103 131 45 107 134 49 141 51 81 8 9 68 129 149 72 76 24 100 
33 80 55 59 61 12 63 104 108 110 111 1 83 85 27 87 89 30 91 32 93 34 95 130 132 133 3 135 136 4 137 5 6 7 112 52 114 54 116 56 118 58 120 60 122 62 124 64 126 150 151 13 152 14 15 16 153 17 18 19 20 21 22 23 82 138 84 140 86 142 88 144 90 145 92 147 94 148 96 11 159 35 36 37 38 39 40 41 42 43 44 45 46 47 48 49 113 154 115 156 117 157 119 26 121 158 123 29 125 31 2 65 66 67 68 69 70 71 72 73 74 75 76 77 78 79 139 160 141 51 143 53 8 146 57 9 10 97 98 99 100 101 102 103 105 106 107 109 155 81 24 25 28 127 128 129 131 134 50 149 
34 79 56 60 62 63 64 103 107 109 49 111 84 86 87 88 90 91 92 93 94 95 96 129 131 72 133 134 76 136 78 137 80 6 113 114 115 116 117 118 119 120 121 122 123 124 125 126 2 149 100 151 102 152 104 15 106 153 108 18 110 20 1 22 138 139 140 141 142 143 144 8 145 146 147 9 148 10 11 12 128 159 130 36 132 38 3 40 135 42 4 44 5 46 7 48 154 155 156 24 157 25 26 27 158 28 29 30 31 32 33 150 65 13 67 14 69 16 71 17 73 19 75 21 77 23 160 50 51 52 53 54 55 57 58 59 61 35 97 37 99 39 101 41 43 105 45 47 81 82 83 85 89 66 127 68 70 74 112 98 
35 81 17 14 36 65 66 57 53 24 50 112 5 18 42 43 15 38 39 13 67 97 98 31 9 28 89 8 25 85 51 52 82 138 6 20 21 4 44 73 74 3 40 69 70 37 99 127 128 2 10 61 29 30 58 120 26 27 54 116 83 84 113 154 1 22 46 47 19 75 105 106 16 71 101 102 68 129 149 150 11 12 32 93 59 60 90 145 55 56 86 142 114 115 139 160 7 48 77 78 45 107 134 135 41 103 131 132 100 151 159 33 34 62 124 91 92 121 158 87 88 117 157 140 141 155 23 79 109 110 76 136 153 72 133 152 130 63 64 94 148 122 123 146 118 119 143 156 49 111 137 108 104 95 96 125 147 144 80 126 
36 51 18 15 65 13 67 29 26 81 24 83 6 42 4 44 38 3 40 35 97 37 99 11 57 9 59 53 8 55 50 112 52 114 20 1 22 17 73 19 75 14 69 16 71 66 127 68 129 31 2 33 28 89 30 91 25 85 27 87 82 138 84 140 5 46 7 48 43 105 45 107 39 101 41 103 98 149 100 151 10 61 12 63 58 120 60 122 54 116 56 118 113 154 115 156 21 77 23 79 74 134 76 136 70 131 72 133 128 159 130 32 93 34 95 90 145 92 147 86 142 88 144 139 160 141 47 109 49 111 106 153 108 102 152 104 150 62 124 64 126 121 158 123 117 157 119 155 78 137 80 135 132 94 148 96 146 143 110 125 
37 141 19 16 66 67 68 123 119 155 156 24 7 43 44 45 39 40 41 97 98 99 100 96 146 147 9 143 144 8 160 50 51 52 21 22 23 73 74 75 76 69 70 71 72 127 128 129 130 125 126 2 158 28 29 30 157 25 26 27 81 82 83 84 46 47 48 49 105 106 107 108 101 102 103 104 149 150 151 13 148 10 11 12 57 58 59 60 53 54 55 56 112 113 114 115 77 78 79 80 134 135 136 4 131 132 133 3 159 35 36 31 32 33 34 89 90 91 92 85 86 87 88 138 139 140 109 110 111 1 153 17 18 152 14 15 65 61 62 63 64 120 121 122 116 117 118 154 137 5 6 42 38 93 94 95 145 142 20 124 
38 25 20 65 3 14 69 10 50 26 53 54 42 1 5 46 13 35 97 15 16 39 101 28 11 31 32 51 81 82 8 55 85 86 4 17 73 6 7 21 77 36 37 66 127 40 41 70 131 29 57 58 2 33 61 62 24 83 112 113 27 87 116 117 18 19 43 105 22 23 47 109 67 68 98 149 71 72 102 152 9 59 89 90 12 63 93 94 52 114 138 139 56 118 142 143 44 45 74 134 48 49 78 137 99 100 128 159 103 104 132 30 91 120 121 34 95 124 125 84 140 154 155 88 144 157 75 76 106 153 79 80 110 129 130 150 133 60 122 145 146 64 126 148 115 156 160 119 107 108 135 111 151 92 147 158 96 141 136 123 
39 157 21 66 40 69 70 148 160 119 143 53 43 22 46 47 67 97 98 16 71 101 102 158 96 125 31 141 155 81 144 8 25 85 44 73 74 7 48 77 78 37 99 127 128 41 103 131 132 123 146 57 126 2 10 61 156 24 50 112 26 27 54 116 19 75 105 106 23 79 109 110 68 129 149 150 72 133 152 14 147 9 28 89 11 12 32 93 51 52 82 138 55 56 86 142 45 107 134 135 49 111 137 5 100 151 159 35 104 15 38 29 30 58 120 33 34 62 124 83 84 113 154 87 88 117 76 136 153 17 80 6 20 130 36 65 3 59 60 90 145 63 64 94 114 115 139 118 108 18 42 1 13 91 92 121 95 140 4 122 
40 144 22 67 69 16 71 126 156 157 119 26 44 46 7 48 97 37 99 39 101 41 103 147 148 96 11 160 141 51 143 53 8 55 73 19 75 21 77 23 79 66 127 68 129 70 131 72 133 158 123 29 125 31 2 33 155 81 24 83 25 85 27 87 43 105 45 107 47 109 49 111 98 149 100 151 102 152 104 15 146 57 9 59 10 61 12 63 50 112 52 114 54 116 56 118 74 134 76 136 78 137 80 6 128 159 130 36 132 38 3 28 89 30 91 32 93 34 95 82 138 84 140 86 142 88 106 153 108 18 110 20 1 150 65 13 14 58 120 60 122 62 124 64 113 154 115 117 135 42 4 5 35 90 145 92 94 139 17 121 
41 88 23 68 70 71 72 64 115 117 118 119 45 47 48 49 98 99 100 101 102 103 104 92 94 95 96 139 140 141 142 143 144 8 74 75 76 77 78 79 80 127 128 129 130 131 132 133 3 121 122 123 124 125 126 2 154 155 156 24 157 25 26 27 105 106 107 108 109 110 111 1 149 150 151 13 152 14 15 16 145 146 147 9 148 10 11 12 160 50 51 52 53 54 55 56 134 135 136 4 137 5 6 7 159 35 36 37 38 39 40 158 28 29 30 31 32 33 34 81 82 83 84 85 86 87 153 17 18 19 20 21 22 65 66 67 69 57 58 59 60 61 62 63 112 113 114 116 42 43 44 46 97 89 90 91 93 138 73 120 
42 28 65 20 4 17 73 50 10 29 57 58 38 13 35 97 1 5 46 18 19 43 105 25 51 81 82 11 31 32 9 59 89 90 3 14 69 36 37 66 127 6 7 21 77 44 45 74 134 26 53 54 24 83 112 113 2 33 61 62 30 91 120 121 15 16 39 101 67 68 98 149 22 23 47 109 75 76 106 153 8 55 85 86 52 114 138 139 12 63 93 94 60 122 145 146 40 41 70 131 99 100 128 159 48 49 78 137 107 108 135 27 87 116 117 84 140 154 155 34 95 124 125 92 147 158 71 72 102 152 129 130 150 79 80 110 136 56 118 142 143 115 156 160 64 126 148 123 103 104 132 151 111 88 144 157 141 96 133 119 
43 158 66 21 44 73 74 160 148 123 146 57 39 67 97 98 22 46 47 19 75 105 106 157 141 155 81 96 125 31 147 9 28 89 40 69 70 37 99 127 128 7 48 77 78 45 107 134 135 119 143 53 156 24 50 112 126 2 10 61 29 30 58 120 16 71 101 102 68 129 149 150 23 79 109 110 76 136 153 17 144 8 25 85 51 52 82 138 11 12 32 93 59 60 90 145 41 103 131 132 100 151 159 35 49 111 137 5 108 18 42 26 27 54 116 83 84 113 154 33 34 62 124 91 92 121 72 133 152 14 130 36 65 80 6 20 4 55 56 86 142 114 115 139 63 64 94 122 104 15 38 13 1 87 88 117 140 95 3 118 
44 147 67 22 73 19 75 156 126 158 123 29 40 97 37 99 46 7 48 43 105 45 107 144 160 141 51 148 96 11 146 57 9 59 69 16 71 66 127 68 129 21 77 23 79 74 134 76 136 157 119 26 155 81 24 83 125 31 2 33 28 89 30 91 39 101 41 103 98 149 100 151 47 109 49 111 106 153 108 18 143 53 8 55 50 112 52 114 10 61 12 63 58 120 60 122 70 131 72 133 128 159 130 36 78 137 80 6 135 42 4 25 85 27 87 82 138 84 140 32 93 34 95 90 145 92 102 152 104 15 150 65 13 110 20 1 17 54 116 56 118 113 154 115 62 124 64 121 132 38 3 35 5 86 142 88 139 94 14 117 
45 92 68 23 74 75 76 115 64 121 122 123 41 98 99 100 47 48 49 105 106 107 108 88 139 140 141 94 95 96 145 146 147 9 70 71 72 127 128 129 130 77 78 79 80 134 135 136 4 117 118 119 154 155 156 24 124 125 126 2 158 28 29 30 101 102 103 104 149 150 151 13 109 110 111 1 153 17 18 19 142 143 144 8 160 50 51 52 148 10 11 12 57 58 59 60 131 132 133 3 159 35 36 37 137 5 6 7 42 43 44 157 25 26 27 81 82 83 84 31 32 33 34 89 90 91 152 14 15 16 65 66 67 20 21 22 73 53 54 55 56 112 113 114 61 62 63 120 38 39 40 97 46 85 86 87 138 93 69 116 
46 125 69 73 7 21 77 143 146 126 148 10 97 16 39 101 19 43 105 22 23 47 109 155 144 157 25 147 158 28 96 11 31 32 37 66 127 40 41 70 131 44 45 74 134 48 49 78 137 156 160 50 119 26 53 54 123 29 57 58 2 33 61 62 67 68 98 149 71 72 102 152 75 76 106 153 79 80 110 20 141 51 81 82 8 55 85 86 9 59 89 90 12 63 93 94 99 100 128 159 103 104 132 38 107 108 135 42 111 1 5 24 83 112 113 27 87 116 117 30 91 120 121 34 95 124 129 130 150 65 133 3 14 136 4 17 6 52 114 138 139 56 118 142 60 122 145 64 151 13 35 15 18 84 140 154 88 92 36 115 
47 124 70 74 48 77 78 142 145 64 94 148 98 71 101 102 75 105 106 23 79 109 110 154 88 117 157 92 121 158 95 96 125 31 99 127 128 41 103 131 132 45 107 134 135 49 111 137 5 115 139 160 118 119 143 53 122 123 146 57 126 2 10 61 68 129 149 150 72 133 152 14 76 136 153 17 80 6 20 21 140 141 155 81 144 8 25 85 147 9 28 89 11 12 32 93 100 151 159 35 104 15 38 39 108 18 42 43 1 22 46 156 24 50 112 26 27 54 116 29 30 58 120 33 34 62 130 36 65 66 3 40 69 4 44 73 7 51 52 82 138 55 56 86 59 60 90 63 13 67 97 16 19 83 84 113 87 91 37 114 
48 95 71 75 77 23 79 118 122 124 64 126 99 101 41 103 105 45 107 47 109 49 111 140 142 88 144 145 92 147 94 148 96 11 127 68 129 70 131 72 133 74 134 76 136 78 137 80 6 154 115 156 117 157 119 26 121 158 123 29 125 31 2 33 98 149 100 151 102 152 104 15 106 153 108 18 110 20 1 22 139 160 141 51 143 53 8 55 146 57 9 59 10 61 12 63 128 159 130 36 132 38 3 40 135 42 4 44 5 46 7 155 81 24 83 25 85 27 87 28 89 30 91 32 93 34 150 65 13 67 14 69 16 17 73 19 21 50 112 52 114 54 116 56 58 120 60 62 35 97 37 39 43 82 138 84 86 90 66 113 
49 34 72 76 78 79 80 56 60 62 63 64 100 102 103 104 106 107 108 109 110 111 1 84 86 87 88 90 91 92 93 94 95 96 128 129 130 131 132 133 3 134 135 136 4 137 5 6 7 113 114 115 116 117 118 119 120 121 122 123 124 125 126 2 149 150 151 13 152 14 15 16 153 17 18 19 20 21 22 23 138 139 140 141 142 143 144 8 145 146 147 9 148 10 11 12 159 35 36 37 38 39 40 41 42 43 44 45 46 47 48 154 155 156 24 157 25 26 27 158 28 29 30 31 32 33 65 66 67 68 69 70 71 73 74 75 77 160 50 51 52 53 54 55 57 58 59 61 97 98 99 101 105 81 82 83 85 89 127 112 
50 35 28 25 51 81 82 17 14 36 65 66 10 29 57 58 26 53 54 24 83 112 113 5 18 42 43 15 38 39 13 67 97 98 11 31 32 9 59 89 90 8 55 85 86 52 114 138 139 6 20 21 4 44 73 74 3 40 69 70 37 99 127 128 2 33 61 62 30 91 120 121 27 87 116 117 84 140 154 155 1 22 46 47 19 75 105 106 16 71 101 102 68 129 149 150 12 63 93 94 60 122 145 146 56 118 142 143 115 156 160 7 48 77 78 45 107 134 135 41 103 131 132 100 151 159 34 95 124 125 92 147 158 88 144 157 141 23 79 109 110 76 136 153 72 133 152 130 64 126 148 123 119 49 111 137 108 104 96 80 
51 13 29 26 81 24 83 4 3 35 36 37 11 57 9 59 53 8 55 50 112 52 114 1 17 18 19 14 15 16 65 66 67 68 31 2 33 28 89 30 91 25 85 27 87 82 138 84 140 5 6 7 42 43 44 45 38 39 40 41 97 98 99 100 10 61 12 63 58 120 60 122 54 116 56 118 113 154 115 156 20 21 22 23 73 74 75 76 69 70 71 72 127 128 129 130 32 93 34 95 90 145 92 147 86 142 88 144 139 160 141 46 47 48 49 105 106 107 108 101 102 103 104 149 150 151 62 124 64 126 121 158 123 117 157 119 155 77 78 79 80 134 135 136 131 132 133 159 94 148 96 146 143 109 110 111 153 152 125 137 
52 151 30 27 82 83 84 136 133 159 130 36 12 58 59 60 54 55 56 112 113 114 115 111 153 108 18 152 104 15 150 65 13 67 32 33 34 89 90 91 92 85 86 87 88 138 139 140 141 137 80 6 135 42 4 44 132 38 3 40 35 97 37 99 61 62 63 64 120 121 122 123 116 117 118 119 154 155 156 24 110 20 1 22 17 73 19 75 14 69 16 71 66 127 68 129 93 94 95 96 145 146 147 9 142 143 144 8 160 50 51 5 46 7 48 43 105 45 107 39 101 41 103 98 149 100 124 125 126 2 158 28 29 157 25 26 81 21 77 23 79 74 134 76 70 131 72 128 148 10 11 57 53 47 109 49 106 102 31 78 
53 38 31 81 8 25 85 20 65 3 14 69 57 2 10 61 24 50 112 26 27 54 116 42 1 5 46 13 35 97 15 16 39 101 9 28 89 11 12 32 93 51 52 82 138 55 56 86 142 4 17 73 6 7 21 77 36 37 66 127 40 41 70 131 29 30 58 120 33 34 62 124 83 84 113 154 87 88 117 157 18 19 43 105 22 23 47 109 67 68 98 149 71 72 102 152 59 60 90 145 63 64 94 148 114 115 139 160 118 119 143 44 45 74 134 48 49 78 137 99 100 128 159 103 104 132 91 92 121 158 95 96 125 140 141 155 144 75 76 106 153 79 80 110 129 130 150 133 122 123 146 126 156 107 108 135 111 151 147 136 
54 132 32 82 55 85 86 110 150 133 152 14 58 33 61 62 83 112 113 27 87 116 117 135 111 137 5 151 159 35 104 15 38 39 59 89 90 12 63 93 94 52 114 138 139 56 118 142 143 136 153 17 80 6 20 21 130 36 65 66 3 40 69 70 30 91 120 121 34 95 124 125 84 140 154 155 88 144 157 25 108 18 42 43 1 22 46 47 13 67 97 98 16 71 101 102 60 122 145 146 64 126 148 10 115 156 160 50 119 26 53 4 44 73 74 7 48 77 78 37 99 127 128 41 103 131 92 147 158 28 96 11 31 141 51 81 8 19 75 105 106 23 79 109 68 129 149 72 123 29 57 2 24 45 107 134 49 100 9 76 
55 104 33 83 85 27 87 80 130 132 133 3 59 61 12 63 112 52 114 54 116 56 118 108 110 111 1 150 151 13 152 14 15 16 89 30 91 32 93 34 95 82 138 84 140 86 142 88 144 135 136 4 137 5 6 7 159 35 36 37 38 39 40 41 58 120 60 122 62 124 64 126 113 154 115 156 117 157 119 26 153 17 18 19 20 21 22 23 65 66 67 68 69 70 71 72 90 145 92 147 94 148 96 11 139 160 141 51 143 53 8 42 43 44 45 46 47 48 49 97 98 99 100 101 102 103 121 158 123 29 125 31 2 155 81 24 25 73 74 75 76 77 78 79 127 128 129 131 146 57 9 10 50 105 106 107 109 149 28 134 
56 103 34 84 86 87 88 79 129 131 72 133 60 62 63 64 113 114 115 116 117 118 119 107 109 49 111 149 100 151 102 152 104 15 90 91 92 93 94 95 96 138 139 140 141 142 143 144 8 134 76 136 78 137 80 6 128 159 130 36 132 38 3 40 120 121 122 123 124 125 126 2 154 155 156 24 157 25 26 27 106 153 108 18 110 20 1 22 150 65 13 67 14 69 16 71 145 146 147 9 148 10 11 12 160 50 51 52 53 54 55 135 42 4 44 5 46 7 48 35 97 37 99 39 101 41 158 28 29 30 31 32 33 81 82 83 85 17 73 19 75 21 77 23 66 127 68 70 57 58 59 61 112 43 105 45 47 98 89 74 
57 42 81 31 9 28 89 65 20 4 17 73 53 24 50 112 2 10 61 29 30 58 120 38 13 35 97 1 5 46 18 19 43 105 8 25 85 51 52 82 138 11 12 32 93 59 60 90 145 3 14 69 36 37 66 127 6 7 21 77 44 45 74 134 26 27 54 116 83 84 113 154 33 34 62 124 91 92 121 158 15 16 39 101 67 68 98 149 22 23 47 109 75 76 106 153 55 56 86 142 114 115 139 160 63 64 94 148 122 123 146 40 41 70 131 99 100 128 159 48 49 78 137 107 108 135 87 88 117 157 140 141 155 95 96 125 147 71 72 102 152 129 130 150 79 80 110 136 118 119 143 156 126 103 104 132 151 111 144 133 
58 135 82 32 59 89 90 150 110 136 153 17 54 83 112 113 33 61 62 30 91 120 121 132 151 159 35 111 137 5 108 18 42 43 55 85 86 52 114 138 139 12 63 93 94 60 122 145 146 133 152 14 130 36 65 66 80 6 20 21 4 44 73 74 27 87 116 117 84 140 154 155 34 95 124 125 92 147 158 28 104 15 38 39 13 67 97 98 1 22 46 47 19 75 105 106 56 118 142 143 115 156 160 50 64 126 148 10 123 29 57 3 40 69 70 37 99 127 128 7 48 77 78 45 107 134 88 144 157 25 141 51 81 96 11 31 9 16 71 101 102 68 129 149 23 79 109 76 119 26 53 24 2 41 103 131 100 49 8 72 
59 108 83 33 89 30 91 130 80 135 136 4 55 112 52 114 61 12 63 58 120 60 122 104 150 151 13 110 111 1 153 17 18 19 85 27 87 82 138 84 140 32 93 34 95 90 145 92 147 132 133 3 159 35 36 37 137 5 6 7 42 43 44 45 54 116 56 118 113 154 115 156 62 124 64 126 121 158 123 29 152 14 15 16 65 66 67 68 20 21 22 23 73 74 75 76 86 142 88 144 139 160 141 51 94 148 96 11 146 57 9 38 39 40 41 97 98 99 100 46 47 48 49 105 106 107 117 157 119 26 155 81 24 125 31 2 28 69 70 71 72 127 128 129 77 78 79 134 143 53 8 50 10 101 102 103 149 109 25 131 
60 107 84 34 90 91 92 129 79 134 76 136 56 113 114 115 62 63 64 120 121 122 123 103 149 100 151 109 49 111 106 153 108 18 86 87 88 138 139 140 141 93 94 95 96 145 146 147 9 131 72 133 128 159 130 36 78 137 80 6 135 42 4 44 116 117 118 119 154 155 156 24 124 125 126 2 158 28 29 30 102 152 104 15 150 65 13 67 110 20 1 22 17 73 19 75 142 143 144 8 160 50 51 52 148 10 11 12 57 58 59 132 38 3 40 35 97 37 99 5 46 7 48 43 105 45 157 25 26 27 81 82 83 31 32 33 89 14 69 16 71 66 127 68 21 77 23 74 53 54 55 112 61 39 101 41 98 47 85 70 
61 137 85 89 12 32 93 152 153 80 110 20 112 27 54 116 30 58 120 33 34 62 124 159 104 132 38 108 135 42 111 1 5 46 52 82 138 55 56 86 142 59 60 90 145 63 64 94 148 130 150 65 133 3 14 69 136 4 17 73 6 7 21 77 83 84 113 154 87 88 117 157 91 92 121 158 95 96 125 31 151 13 35 97 15 16 39 101 18 19 43 105 22 23 47 109 114 115 139 160 118 119 143 53 122 123 146 57 126 2 10 36 37 66 127 40 41 70 131 44 45 74 134 48 49 78 140 141 155 81 144 8 25 147 9 28 11 67 68 98 149 71 72 102 75 76 106 79 156 24 50 26 29 99 100 128 103 107 51 129 
62 78 86 90 63 93 94 102 106 79 109 110 113 87 116 117 91 120 121 34 95 124 125 128 103 131 132 107 134 135 49 111 137 5 114 138 139 56 118 142 143 60 122 145 146 64 126 148 10 129 149 150 72 133 152 14 76 136 153 17 80 6 20 21 84 140 154 155 88 144 157 25 92 147 158 28 96 11 31 32 100 151 159 35 104 15 38 39 108 18 42 43 1 22 46 47 115 156 160 50 119 26 53 54 123 29 57 58 2 33 61 130 36 65 66 3 40 69 70 4 44 73 74 7 48 77 141 51 81 82 8 55 85 9 59 89 12 13 67 97 98 16 71 101 19 75 105 23 24 83 112 27 30 37 99 127 41 45 52 68 
63 49 87 91 93 34 95 72 76 78 79 80 114 116 56 118 120 60 122 62 124 64 126 100 102 103 104 106 107 108 109 110 111 1 138 84 140 86 142 88 144 90 145 92 147 94 148 96 11 128 129 130 131 132 133 3 134 135 136 4 137 5 6 7 113 154 115 156 117 157 119 26 121 158 123 29 125 31 2 33 149 150 151 13 152 14 15 16 153 17 18 19 20 21 22 23 139 160 141 51 143 53 8 55 146 57 9 59 10 61 12 159 35 36 37 38 39 40 41 42 43 44 45 46 47 48 155 81 24 83 25 85 27 28 89 30 32 65 66 67 68 69 70 71 73 74 75 77 50 112 52 54 58 97 98 99 101 105 82 127 
64 48 88 92 94 95 96 71 75 77 23 79 115 117 118 119 121 122 123 124 125 126 2 99 101 41 103 105 45 107 47 109 49 111 139 140 141 142 143 144 8 145 146 147 9 148 10 11 12 127 68 129 70 131 72 133 74 134 76 136 78 137 80 6 154 155 156 24 157 25 26 27 158 28 29 30 31 32 33 34 98 149 100 151 102 152 104 15 106 153 108 18 110 20 1 22 160 50 51 52 53 54 55 56 57 58 59 60 61 62 63 128 159 130 36 132 38 3 40 135 42 4 44 5 46 7 81 82 83 84 85 86 87 89 90 91 93 150 65 13 67 14 69 16 17 73 19 21 112 113 114 116 120 35 97 37 39 43 138 66 
65 50 42 38 13 35 97 28 25 51 81 82 20 4 17 73 3 14 69 36 37 66 127 10 29 57 58 26 53 54 24 83 112 113 1 5 46 18 19 43 105 15 16 39 101 67 68 98 149 11 31 32 9 59 89 90 8 55 85 86 52 114 138 139 6 7 21 77 44 45 74 134 40 41 70 131 99 100 128 159 2 33 61 62 30 91 120 121 27 87 116 117 84 140 154 155 22 23 47 109 75 76 106 153 71 72 102 152 129 130 150 12 63 93 94 60 122 145 146 56 118 142 143 115 156 160 48 49 78 137 107 108 135 103 104 132 151 34 95 124 125 92 147 158 88 144 157 141 79 80 110 136 133 64 126 148 123 119 111 96 
66 160 43 39 67 97 98 158 157 141 155 81 21 44 73 74 40 69 70 37 99 127 128 148 123 146 57 119 143 53 156 24 50 112 22 46 47 19 75 105 106 16 71 101 102 68 129 149 150 96 125 31 147 9 28 89 144 8 25 85 51 52 82 138 7 48 77 78 45 107 134 135 41 103 131 132 100 151 159 35 126 2 10 61 29 30 58 120 26 27 54 116 83 84 113 154 23 79 109 110 76 136 153 17 72 133 152 14 130 36 65 11 12 32 93 59 60 90 145 55 56 86 142 114 115 139 49 111 137 5 108 18 42 104 15 38 13 33 34 62 124 91 92 121 87 88 117 140 80 6 20 4 3 63 64 94 122 118 1 95 
67 156 44 40 97 37 99 147 144 160 141 51 22 73 19 75 69 16 71 66 127 68 129 126 158 123 29 157 119 26 155 81 24 83 46 7 48 43 105 45 107 39 101 41 103 98 149 100 151 148 96 11 146 57 9 59 143 53 8 55 50 112 52 114 21 77 23 79 74 134 76 136 70 131 72 133 128 159 130 36 125 31 2 33 28 89 30 91 25 85 27 87 82 138 84 140 47 109 49 111 106 153 108 18 102 152 104 15 150 65 13 10 61 12 63 58 120 60 122 54 116 56 118 113 154 115 78 137 80 6 135 42 4 132 38 3 35 32 93 34 95 90 145 92 86 142 88 139 110 20 1 17 14 62 124 64 121 117 5 94 
68 115 45 41 98 99 100 92 88 139 140 141 23 74 75 76 70 71 72 127 128 129 130 64 121 122 123 117 118 119 154 155 156 24 47 48 49 105 106 107 108 101 102 103 104 149 150 151 13 94 95 96 145 146 147 9 142 143 144 8 160 50 51 52 77 78 79 80 134 135 136 4 131 132 133 3 159 35 36 37 124 125 126 2 158 28 29 30 157 25 26 27 81 82 83 84 109 110 111 1 153 17 18 19 152 14 15 16 65 66 67 148 10 11 12 57 58 59 60 53 54 55 56 112 113 114 137 5 6 7 42 43 44 38 39 40 97 31 32 33 34 89 90 91 85 86 87 138 20 21 22 73 69 61 62 63 120 116 46 93 
69 143 46 97 16 39 101 125 155 144 157 25 73 7 21 77 37 66 127 40 41 70 131 146 126 148 10 156 160 50 119 26 53 54 19 43 105 22 23 47 109 67 68 98 149 71 72 102 152 147 158 28 96 11 31 32 141 51 81 82 8 55 85 86 44 45 74 134 48 49 78 137 99 100 128 159 103 104 132 38 123 29 57 58 2 33 61 62 24 83 112 113 27 87 116 117 75 76 106 153 79 80 110 20 129 130 150 65 133 3 14 9 59 89 90 12 63 93 94 52 114 138 139 56 118 142 107 108 135 42 111 1 5 151 13 35 15 30 91 120 121 34 95 124 84 140 154 88 136 4 17 6 36 60 122 145 64 115 18 92 
70 142 47 98 71 101 102 124 154 88 117 157 74 48 77 78 99 127 128 41 103 131 132 145 64 94 148 115 139 160 118 119 143 53 75 105 106 23 79 109 110 68 129 149 150 72 133 152 14 92 121 158 95 96 125 31 140 141 155 81 144 8 25 85 45 107 134 135 49 111 137 5 100 151 159 35 104 15 38 39 122 123 146 57 126 2 10 61 156 24 50 112 26 27 54 116 76 136 153 17 80 6 20 21 130 36 65 66 3 40 69 147 9 28 89 11 12 32 93 51 52 82 138 55 56 86 108 18 42 43 1 22 46 13 67 97 16 29 30 58 120 33 34 62 83 84 113 87 4 44 73 7 37 59 60 90 63 114 19 91 
71 118 48 99 101 41 103 95 140 142 88 144 75 77 23 79 127 68 129 70 131 72 133 122 124 64 126 154 115 156 117 157 119 26 105 45 107 47 109 49 111 98 149 100 151 102 152 104 15 145 92 147 94 148 96 11 139 160 141 51 143 53 8 55 74 134 76 136 78 137 80 6 128 159 130 36 132 38 3 40 121 158 123 29 125 31 2 33 155 81 24 83 25 85 27 87 106 153 108 18 110 20 1 22 150 65 13 67 14 69 16 146 57 9 59 10 61 12 63 50 112 52 114 54 116 56 135 42 4 44 5 46 7 35 97 37 39 28 89 30 91 32 93 34 82 138 84 86 17 73 19 21 66 58 120 60 62 113 43 90 
72 56 49 100 102 103 104 34 84 86 87 88 76 78 79 80 128 129 130 131 132 133 3 60 62 63 64 113 114 115 116 117 118 119 106 107 108 109 110 111 1 149 150 151 13 152 14 15 16 90 91 92 93 94 95 96 138 139 140 141 142 143 144 8 134 135 136 4 137 5 6 7 159 35 36 37 38 39 40 41 120 121 122 123 124 125 126 2 154 155 156 24 157 25 26 27 153 17 18 19 20 21 22 23 65 66 67 68 69 70 71 145 146 147 9 148 10 11 12 160 50 51 52 53 54 55 42 43 44 45 46 47 48 97 98 99 101 158 28 29 30 31 32 33 81 82 83 85 73 74 75 77 127 57 58 59 61 112 105 89 
73 146 97 46 19 43 105 155 125 147 158 28 69 37 66 127 7 21 77 44 45 74 134 143 156 160 50 126 148 10 123 29 57 58 16 39 101 67 68 98 149 22 23 47 109 75 76 106 153 144 157 25 141 51 81 82 96 11 31 32 9 59 89 90 40 41 70 131 99 100 128 159 48 49 78 137 107 108 135 42 119 26 53 54 24 83 112 113 2 33 61 62 30 91 120 121 71 72 102 152 129 130 150 65 79 80 110 20 136 4 17 8 55 85 86 52 114 138 139 12 63 93 94 60 122 145 103 104 132 38 151 13 35 111 1 5 18 27 87 116 117 84 140 154 34 95 124 92 133 3 14 36 6 56 118 142 115 64 15 88 
74 145 98 47 75 105 106 154 124 92 121 158 70 99 127 128 48 77 78 45 107 134 135 142 115 139 160 64 94 148 122 123 146 57 71 101 102 68 129 149 150 23 79 109 110 76 136 153 17 88 117 157 140 141 155 81 95 96 125 31 147 9 28 89 41 103 131 132 100 151 159 35 49 111 137 5 108 18 42 43 118 119 143 53 156 24 50 112 126 2 10 61 29 30 58 120 72 133 152 14 130 36 65 66 80 6 20 21 4 44 73 144 8 25 85 51 52 82 138 11 12 32 93 59 60 90 104 15 38 39 13 67 97 1 22 46 19 26 27 54 116 83 84 113 33 34 62 91 3 40 69 37 7 55 56 86 114 63 16 87 
75 122 99 48 105 45 107 140 95 145 92 147 71 127 68 129 77 23 79 74 134 76 136 118 154 115 156 124 64 126 121 158 123 29 101 41 103 98 149 100 151 47 109 49 111 106 153 108 18 142 88 144 139 160 141 51 94 148 96 11 146 57 9 59 70 131 72 133 128 159 130 36 78 137 80 6 135 42 4 44 117 157 119 26 155 81 24 83 125 31 2 33 28 89 30 91 102 152 104 15 150 65 13 67 110 20 1 22 17 73 19 143 53 8 55 50 112 52 114 10 61 12 63 58 120 60 132 38 3 40 35 97 37 5 46 7 43 25 85 27 87 82 138 84 32 93 34 90 14 69 16 66 21 54 116 56 113 62 39 86 
76 60 100 49 106 107 108 84 34 90 91 92 72 128 129 130 78 79 80 134 135 136 4 56 113 114 115 62 63 64 120 121 122 123 102 103 104 149 150 151 13 109 110 111 1 153 17 18 19 86 87 88 138 139 140 141 93 94 95 96 145 146 147 9 131 132 133 3 159 35 36 37 137 5 6 7 42 43 44 45 116 117 118 119 154 155 156 24 124 125 126 2 158 28 29 30 152 14 15 16 65 66 67 68 20 21 22 23 73 74 75 142 143 144 8 160 50 51 52 148 10 11 12 57 58 59 38 39 40 41 97 98 99 46 47 48 105 157 25 26 27 81 82 83 31 32 33 89 69 70 71 127 77 53 54 55 112 61 101 85 
77 94 101 105 23 47 109 117 121 95 124 125 127 41 70 131 45 74 134 48 49 78 137 139 118 142 143 122 145 146 64 126 148 10 68 98 149 71 72 102 152 75 76 106 153 79 80 110 20 140 154 155 88 144 157 25 92 147 158 28 96 11 31 32 99 100 128 159 103 104 132 38 107 108 135 42 111 1 5 46 115 156 160 50 119 26 53 54 123 29 57 58 2 33 61 62 129 130 150 65 133 3 14 69 136 4 17 73 6 7 21 141 51 81 82 8 55 85 86 9 59 89 90 12 63 93 151 13 35 97 15 16 39 18 19 43 22 24 83 112 113 27 87 116 30 91 120 34 36 37 66 40 44 52 114 138 56 60 67 84 
78 93 102 106 79 109 110 116 120 34 62 124 128 103 131 132 107 134 135 49 111 137 5 138 56 86 142 60 90 145 63 64 94 148 129 149 150 72 133 152 14 76 136 153 17 80 6 20 21 84 113 154 87 88 117 157 91 92 121 158 95 96 125 31 100 151 159 35 104 15 38 39 108 18 42 43 1 22 46 47 114 115 139 160 118 119 143 53 122 123 146 57 126 2 10 61 130 36 65 66 3 40 69 70 4 44 73 74 7 48 77 140 141 155 81 144 8 25 85 147 9 28 89 11 12 32 13 67 97 98 16 71 101 19 75 105 23 156 24 50 112 26 27 54 29 30 58 33 37 99 127 41 45 51 52 82 55 59 68 83 
79 63 103 107 109 49 111 87 91 93 34 95 129 131 72 133 134 76 136 78 137 80 6 114 116 56 118 120 60 122 62 124 64 126 149 100 151 102 152 104 15 106 153 108 18 110 20 1 22 138 84 140 86 142 88 144 90 145 92 147 94 148 96 11 128 159 130 36 132 38 3 40 135 42 4 44 5 46 7 48 113 154 115 156 117 157 119 26 121 158 123 29 125 31 2 33 150 65 13 67 14 69 16 71 17 73 19 75 21 77 23 139 160 141 51 143 53 8 55 146 57 9 59 10 61 12 35 97 37 99 39 101 41 43 105 45 47 155 81 24 83 25 85 27 28 89 30 32 66 127 68 70 74 50 112 52 54 58 98 82 
80 12 104 108 110 111 1 27 30 32 33 34 130 132 133 3 135 136 4 137 5 6 7 52 54 55 56 58 59 60 61 62 63 64 150 151 13 152 14 15 16 153 17 18 19 20 21 22 23 82 83 84 85 86 87 88 89 90 91 92 93 94 95 96 159 35 36 37 38 39 40 41 42 43 44 45 46 47 48 49 112 113 114 115 116 117 118 119 120 121 122 123 124 125 126 2 65 66 67 68 69 70 71 72 73 74 75 76 77 78 79 138 139 140 141 142 143 144 8 145 146 147 9 148 10 11 97 98 99 100 101 102 103 105 106 107 109 154 155 156 24 157 25 26 158 28 29 31 127 128 129 131 134 160 50 51 53 57 149 81 
81 65 57 53 24 50 112 42 38 13 35 97 31 9 28 89 8 25 85 51 52 82 138 20 4 17 73 3 14 69 36 37 66 127 2 10 61 29 30 58 120 26 27 54 116 83 84 113 154 1 5 46 18 19 43 105 15 16 39 101 67 68 98 149 11 12 32 93 59 60 90 145 55 56 86 142 114 115 139 160 6 7 21 77 44 45 74 134 40 41 70 131 99 100 128 159 33 34 62 124 91 92 121 158 87 88 117 157 140 141 155 22 23 47 109 75 76 106 153 71 72 102 152 129 130 150 63 64 94 148 122 123 146 118 119 143 156 48 49 78 137 107 108 135 103 104 132 151 95 96 125 147 144 79 80 110 136 133 126 111 
82 150 58 54 83 112 113 135 132 151 159 35 32 59 89 90 55 85 86 52 114 138 139 110 136 153 17 133 152 14 130 36 65 66 33 61 62 30 91 120 121 27 87 116 117 84 140 154 155 111 137 5 108 18 42 43 104 15 38 39 13 67 97 98 12 63 93 94 60 122 145 146 56 118 142 143 115 156 160 50 80 6 20 21 4 44 73 74 3 40 69 70 37 99 127 128 34 95 124 125 92 147 158 28 88 144 157 25 141 51 81 1 22 46 47 19 75 105 106 16 71 101 102 68 129 149 64 126 148 10 123 29 57 119 26 53 24 7 48 77 78 45 107 134 41 103 131 100 96 11 31 9 8 23 79 109 76 72 2 49 
83 130 59 55 112 52 114 108 104 150 151 13 33 89 30 91 85 27 87 82 138 84 140 80 135 136 4 132 133 3 159 35 36 37 61 12 63 58 120 60 122 54 116 56 118 113 154 115 156 110 111 1 153 17 18 19 152 14 15 16 65 66 67 68 32 93 34 95 90 145 92 147 86 142 88 144 139 160 141 51 137 5 6 7 42 43 44 45 38 39 40 41 97 98 99 100 62 124 64 126 121 158 123 29 117 157 119 26 155 81 24 20 21 22 23 73 74 75 76 69 70 71 72 127 128 129 94 148 96 11 146 57 9 143 53 8 50 46 47 48 49 105 106 107 101 102 103 149 125 31 2 28 25 77 78 79 134 131 10 109 
84 129 60 56 113 114 115 107 103 149 100 151 34 90 91 92 86 87 88 138 139 140 141 79 134 76 136 131 72 133 128 159 130 36 62 63 64 120 121 122 123 116 117 118 119 154 155 156 24 109 49 111 106 153 108 18 102 152 104 15 150 65 13 67 93 94 95 96 145 146 147 9 142 143 144 8 160 50 51 52 78 137 80 6 135 42 4 44 132 38 3 40 35 97 37 99 124 125 126 2 158 28 29 30 157 25 26 27 81 82 83 110 20 1 22 17 73 19 75 14 69 16 71 66 127 68 148 10 11 12 57 58 59 53 54 55 112 5 46 7 48 43 105 45 39 101 41 98 31 32 33 89 85 21 77 23 74 70 61 47 
85 152 61 112 27 54 116 137 159 104 132 38 89 12 32 93 52 82 138 55 56 86 142 153 80 110 20 130 150 65 133 3 14 69 30 58 120 33 34 62 124 83 84 113 154 87 88 117 157 108 135 42 111 1 5 46 151 13 35 97 15 16 39 101 59 60 90 145 63 64 94 148 114 115 139 160 118 119 143 53 136 4 17 73 6 7 21 77 36 37 66 127 40 41 70 131 91 92 121 158 95 96 125 31 140 141 155 81 144 8 25 18 19 43 105 22 23 47 109 67 68 98 149 71 72 102 122 123 146 57 126 2 10 156 24 50 26 44 45 74 134 48 49 78 99 100 128 103 147 9 28 11 51 75 76 106 79 129 29 107 
86 102 62 113 87 116 117 78 128 103 131 132 90 63 93 94 114 138 139 56 118 142 143 106 79 109 110 129 149 150 72 133 152 14 91 120 121 34 95 124 125 84 140 154 155 88 144 157 25 107 134 135 49 111 137 5 100 151 159 35 104 15 38 39 60 122 145 146 64 126 148 10 115 156 160 50 119 26 53 54 76 136 153 17 80 6 20 21 130 36 65 66 3 40 69 70 92 147 158 28 96 11 31 32 141 51 81 82 8 55 85 108 18 42 43 1 22 46 47 13 67 97 98 16 71 101 123 29 57 58 2 33 61 24 83 112 27 4 44 73 74 7 48 77 37 99 127 41 9 59 89 12 52 19 75 105 23 68 30 45 
87 72 63 114 116 56 118 49 100 102 103 104 91 93 34 95 138 84 140 86 142 88 144 76 78 79 80 128 129 130 131 132 133 3 120 60 122 62 124 64 126 113 154 115 156 117 157 119 26 106 107 108 109 110 111 1 149 150 151 13 152 14 15 16 90 145 92 147 94 148 96 11 139 160 141 51 143 53 8 55 134 135 136 4 137 5 6 7 159 35 36 37 38 39 40 41 121 158 123 29 125 31 2 33 155 81 24 83 25 85 27 153 17 18 19 20 21 22 23 65 66 67 68 69 70 71 146 57 9 59 10 61 12 50 112 52 54 42 43 44 45 46 47 48 97 98 99 101 28 89 30 32 82 73 74 75 77 127 58 105 
88 71 64 115 117 118 119 48 99 101 41 103 92 94 95 96 139 140 141 142 143 144 8 75 77 23 79 127 68 129 70 131 72 133 121 122 123 124 125 126 2 154 155 156 24 157 25 26 27 105 45 107 47 109 49 111 98 149 100 151 102 152 104 15 145 146 147 9 148 10 11 12 160 50 51 52 53 54 55 56 74 134 76 136 78 137 80 6 128 159 130 36 132 38 3 40 158 28 29 30 31 32 33 34 81 82 83 84 85 86 87 106 153 108 18 110 20 1 22 150 65 13 67 14 69 16 57 58 59 60 61 62 63 112 113 114 116 135 42 4 44 5 46 7 35 97 37 39 89 90 91 93 138 17 73 19 21 66 120 43 
89 153 112 61 30 58 120 159 137 108 135 42 85 52 82 138 12 32 93 59 60 90 145 152 130 150 65 80 110 20 136 4 17 73 27 54 116 83 84 113 154 33 34 62 124 91 92 121 158 104 132 38 151 13 35 97 111 1 5 46 18 19 43 105 55 56 86 142 114 115 139 160 63 64 94 148 122 123 146 57 133 3 14 69 36 37 66 127 6 7 21 77 44 45 74 134 87 88 117 157 140 141 155 81 95 96 125 31 147 9 28 15 16 39 101 67 68 98 149 22 23 47 109 75 76 106 118 119 143 53 156 24 50 126 2 10 29 40 41 70 131 99 100 128 48 49 78 107 144 8 25 51 11 71 72 102 129 79 26 103 
90 106 113 62 91 120 121 128 78 107 134 135 86 114 138 139 63 93 94 60 122 145 146 102 129 149 150 79 109 110 76 136 153 17 87 116 117 84 140 154 155 34 95 124 125 92 147 158 28 103 131 132 100 151 159 35 49 111 137 5 108 18 42 43 56 118 142 143 115 156 160 50 64 126 148 10 123 29 57 58 72 133 152 14 130 36 65 66 80 6 20 21 4 44 73 74 88 144 157 25 141 51 81 82 96 11 31 32 9 59 89 104 15 38 39 13 67 97 98 1 22 46 47 19 75 105 119 26 53 54 24 83 112 2 33 61 30 3 40 69 70 37 99 127 7 48 77 45 8 55 85 52 12 16 71 101 68 23 27 41 
91 76 114 63 120 60 122 100 49 106 107 108 87 138 84 140 93 34 95 90 145 92 147 72 128 129 130 78 79 80 134 135 136 4 116 56 118 113 154 115 156 62 124 64 126 121 158 123 29 102 103 104 149 150 151 13 109 110 111 1 153 17 18 19 86 142 88 144 139 160 141 51 94 148 96 11 146 57 9 59 131 132 133 3 159 35 36 37 137 5 6 7 42 43 44 45 117 157 119 26 155 81 24 83 125 31 2 33 28 89 30 152 14 15 16 65 66 67 68 20 21 22 23 73 74 75 143 53 8 55 50 112 52 10 61 12 58 38 39 40 41 97 98 99 46 47 48 105 25 85 27 82 32 69 70 71 127 77 54 101 
92 75 115 64 121 122 123 99 48 105 45 107 88 139 140 141 94 95 96 145 146 147 9 71 127 68 129 77 23 79 74 134 76 136 117 118 119 154 155 156 24 124 125 126 2 158 28 29 30 101 41 103 98 149 100 151 47 109 49 111 106 153 108 18 142 143 144 8 160 50 51 52 148 10 11 12 57 58 59 60 70 131 72 133 128 159 130 36 78 137 80 6 135 42 4 44 157 25 26 27 81 82 83 84 31 32 33 34 89 90 91 102 152 104 15 150 65 13 67 110 20 1 22 17 73 19 53 54 55 56 112 113 114 61 62 63 120 132 38 3 40 35 97 37 5 46 7 43 85 86 87 138 93 14 69 16 66 21 116 39 
93 109 116 120 34 62 124 131 134 49 78 137 138 56 86 142 60 90 145 63 64 94 148 149 72 102 152 76 106 153 79 80 110 20 84 113 154 87 88 117 157 91 92 121 158 95 96 125 31 100 128 159 103 104 132 38 107 108 135 42 111 1 5 46 114 115 139 160 118 119 143 53 122 123 146 57 126 2 10 61 129 130 150 65 133 3 14 69 136 4 17 73 6 7 21 77 140 141 155 81 144 8 25 85 147 9 28 89 11 12 32 151 13 35 97 15 16 39 101 18 19 43 105 22 23 47 156 24 50 112 26 27 54 29 30 58 33 36 37 66 127 40 41 70 44 45 74 48 51 52 82 55 59 67 68 98 71 75 83 99 
94 47 117 121 95 124 125 70 74 48 77 78 139 118 142 143 122 145 146 64 126 148 10 98 71 101 102 75 105 106 23 79 109 110 140 154 155 88 144 157 25 92 147 158 28 96 11 31 32 99 127 128 41 103 131 132 45 107 134 135 49 111 137 5 115 156 160 50 119 26 53 54 123 29 57 58 2 33 61 62 68 129 149 150 72 133 152 14 76 136 153 17 80 6 20 21 141 51 81 82 8 55 85 86 9 59 89 90 12 63 93 100 151 159 35 104 15 38 39 108 18 42 43 1 22 46 24 83 112 113 27 87 116 30 91 120 34 130 36 65 66 3 40 69 4 44 73 7 52 114 138 56 60 13 67 97 16 19 84 37 
95 23 118 122 124 64 126 41 45 47 48 49 140 142 88 144 145 92 147 94 148 96 11 68 70 71 72 74 75 76 77 78 79 80 154 115 156 117 157 119 26 121 158 123 29 125 31 2 33 98 99 100 101 102 103 104 105 106 107 108 109 110 111 1 139 160 141 51 143 53 8 55 146 57 9 59 10 61 12 63 127 128 129 130 131 132 133 3 134 135 136 4 137 5 6 7 155 81 24 83 25 85 27 87 28 89 30 91 32 93 34 149 150 151 13 152 14 15 16 153 17 18 19 20 21 22 50 112 52 114 54 116 56 58 120 60 62 159 35 36 37 38 39 40 42 43 44 46 82 138 84 86 90 65 66 67 69 73 113 97 
96 22 119 123 125 126 2 40 44 46 7 48 141 143 144 8 146 147 9 148 10 11 12 67 69 16 71 73 19 75 21 77 23 79 155 156 24 157 25 26 27 158 28 29 30 31 32 33 34 97 37 99 39 101 41 103 43 105 45 107 47 109 49 111 160 50 51 52 53 54 55 56 57 58 59 60 61 62 63 64 66 127 68 129 70 131 72 133 74 134 76 136 78 137 80 6 81 82 83 84 85 86 87 88 89 90 91 92 93 94 95 98 149 100 151 102 152 104 15 106 153 108 18 110 20 1 112 113 114 115 116 117 118 120 121 122 124 128 159 130 36 132 38 3 135 42 4 5 138 139 140 142 145 150 65 13 14 17 154 35 
97 155 73 69 37 66 127 146 143 156 160 50 46 19 43 105 16 39 101 67 68 98 149 125 147 158 28 144 157 25 141 51 81 82 7 21 77 44 45 74 134 40 41 70 131 99 100 128 159 126 148 10 123 29 57 58 119 26 53 54 24 83 112 113 22 23 47 109 75 76 106 153 71 72 102 152 129 130 150 65 96 11 31 32 9 59 89 90 8 55 85 86 52 114 138 139 48 49 78 137 107 108 135 42 103 104 132 38 151 13 35 2 33 61 62 30 91 120 121 27 87 116 117 84 140 154 79 80 110 20 136 4 17 133 3 14 36 12 63 93 94 60 122 145 56 118 142 115 111 1 5 18 15 34 95 124 92 88 6 64 
98 154 74 70 99 127 128 145 142 115 139 160 47 75 105 106 71 101 102 68 129 149 150 124 92 121 158 88 117 157 140 141 155 81 48 77 78 45 107 134 135 41 103 131 132 100 151 159 35 64 94 148 122 123 146 57 118 119 143 53 156 24 50 112 23 79 109 110 76 136 153 17 72 133 152 14 130 36 65 66 95 96 125 31 147 9 28 89 144 8 25 85 51 52 82 138 49 111 137 5 108 18 42 43 104 15 38 39 13 67 97 126 2 10 61 29 30 58 120 26 27 54 116 83 84 113 80 6 20 21 4 44 73 3 40 69 37 11 12 32 93 59 60 90 55 56 86 114 1 22 46 19 16 33 34 62 91 87 7 63 
99 140 75 71 127 68 129 122 118 154 115 156 48 105 45 107 101 41 103 98 149 100 151 95 145 92 147 142 88 144 139 160 141 51 77 23 79 74 134 76 136 70 131 72 133 128 159 130 36 124 64 126 121 158 123 29 117 157 119 26 155 81 24 83 47 109 49 111 106 153 108 18 102 152 104 15 150 65 13 67 94 148 96 11 146 57 9 59 143 53 8 55 50 112 52 114 78 137 80 6 135 42 4 44 132 38 3 40 35 97 37 125 31 2 33 28 89 30 91 25 85 27 87 82 138 84 110 20 1 22 17 73 19 14 69 16 66 10 61 12 63 58 120 60 54 116 56 113 5 46 7 43 39 32 93 34 90 86 21 62 
100 84 76 72 128 129 130 60 56 113 114 115 49 106 107 108 102 103 104 149 150 151 13 34 90 91 92 86 87 88 138 139 140 141 78 79 80 134 135 136 4 131 132 133 3 159 35 36 37 62 63 64 120 121 122 123 116 117 118 119 154 155 156 24 109 110 111 1 153 17 18 19 152 14 15 16 65 66 67 68 93 94 95 96 145 146 147 9 142 143 144 8 160 50 51 52 137 5 6 7 42 43 44 45 38 39 40 41 97 98 99 124 125 126 2 158 28 29 30 157 25 26 27 81 82 83 20 21 22 23 73 74 75 69 70 71 127 148 10 11 12 57 58 59 53 54 55 112 46 47 48 105 101 31 32 33 89 85 77 61 
101 117 77 127 41 70 131 94 139 118 142 143 105 23 47 109 68 98 149 71 72 102 152 121 95 124 125 140 154 155 88 144 157 25 45 74 134 48 49 78 137 99 100 128 159 103 104 132 38 122 145 146 64 126 148 10 115 156 160 50 119 26 53 54 75 76 106 153 79 80 110 20 129 130 150 65 133 3 14 69 92 147 158 28 96 11 31 32 141 51 81 82 8 55 85 86 107 108 135 42 111 1 5 46 151 13 35 97 15 16 39 123 29 57 58 2 33 61 62 24 83 112 113 27 87 116 136 4 17 73 6 7 21 36 37 66 40 9 59 89 90 12 63 93 52 114 138 56 18 19 43 22 67 30 91 120 34 84 44 60 
102 116 78 128 103 131 132 93 138 56 86 142 106 79 109 110 129 149 150 72 133 152 14 120 34 62 124 84 113 154 87 88 117 157 107 134 135 49 111 137 5 100 151 159 35 104 15 38 39 60 90 145 63 64 94 148 114 115 139 160 118 119 143 53 76 136 153 17 80 6 20 21 130 36 65 66 3 40 69 70 91 92 121 158 95 96 125 31 140 141 155 81 144 8 25 85 108 18 42 43 1 22 46 47 13 67 97 98 16 71 101 122 123 146 57 126 2 10 61 156 24 50 112 26 27 54 4 44 73 74 7 48 77 37 99 127 41 147 9 28 89 11 12 32 51 52 82 55 19 75 105 23 68 29 30 58 33 83 45 59 
103 87 79 129 131 72 133 63 114 116 56 118 107 109 49 111 149 100 151 102 152 104 15 91 93 34 95 138 84 140 86 142 88 144 134 76 136 78 137 80 6 128 159 130 36 132 38 3 40 120 60 122 62 124 64 126 113 154 115 156 117 157 119 26 106 153 108 18 110 20 1 22 150 65 13 67 14 69 16 71 90 145 92 147 94 148 96 11 139 160 141 51 143 53 8 55 135 42 4 44 5 46 7 48 35 97 37 99 39 101 41 121 158 123 29 125 31 2 33 155 81 24 83 25 85 27 17 73 19 75 21 77 23 66 127 68 70 146 57 9 59 10 61 12 50 112 52 54 43 105 45 47 98 28 89 30 32 82 74 58 
104 27 80 130 132 133 3 12 52 54 55 56 108 110 111 1 150 151 13 152 14 15 16 30 32 33 34 82 83 84 85 86 87 88 135 136 4 137 5 6 7 159 35 36 37 38 39 40 41 58 59 60 61 62 63 64 112 113 114 115 116 117 118 119 153 17 18 19 20 21 22 23 65 66 67 68 69 70 71 72 89 90 91 92 93 94 95 96 138 139 140 141 142 143 144 8 42 43 44 45 46 47 48 49 97 98 99 100 101 102 103 120 121 122 123 124 125 126 2 154 155 156 24 157 25 26 73 74 75 76 77 78 79 127 128 129 131 145 146 147 9 148 10 11 160 50 51 53 105 106 107 109 149 158 28 29 31 81 134 57 
105 121 127 77 45 74 134 139 94 122 145 146 101 68 98 149 23 47 109 75 76 106 153 117 140 154 155 95 124 125 92 147 158 28 41 70 131 99 100 128 159 48 49 78 137 107 108 135 42 118 142 143 115 156 160 50 64 126 148 10 123 29 57 58 71 72 102 152 129 130 150 65 79 80 110 20 136 4 17 73 88 144 157 25 141 51 81 82 96 11 31 32 9 59 89 90 103 104 132 38 151 13 35 97 111 1 5 46 18 19 43 119 26 53 54 24 83 112 113 2 33 61 62 30 91 120 133 3 14 69 36 37 66 6 7 21 44 8 55 85 86 52 114 138 12 63 93 60 15 16 39 67 22 27 87 116 84 34 40 56 
106 120 128 78 107 134 135 138 93 60 90 145 102 129 149 150 79 109 110 76 136 153 17 116 84 113 154 34 62 124 91 92 121 158 103 131 132 100 151 159 35 49 111 137 5 108 18 42 43 56 86 142 114 115 139 160 63 64 94 148 122 123 146 57 72 133 152 14 130 36 65 66 80 6 20 21 4 44 73 74 87 88 117 157 140 141 155 81 95 96 125 31 147 9 28 89 104 15 38 39 13 67 97 98 1 22 46 47 19 75 105 118 119 143 53 156 24 50 112 126 2 10 61 29 30 58 3 40 69 70 37 99 127 7 48 77 45 144 8 25 85 51 52 82 11 12 32 59 16 71 101 68 23 26 27 54 83 33 41 55 
107 91 129 79 134 76 136 114 63 120 60 122 103 149 100 151 109 49 111 106 153 108 18 87 138 84 140 93 34 95 90 145 92 147 131 72 133 128 159 130 36 78 137 80 6 135 42 4 44 116 56 118 113 154 115 156 62 124 64 126 121 158 123 29 102 152 104 15 150 65 13 67 110 20 1 22 17 73 19 75 86 142 88 144 139 160 141 51 94 148 96 11 146 57 9 59 132 38 3 40 35 97 37 99 5 46 7 48 43 105 45 117 157 119 26 155 81 24 83 125 31 2 33 28 89 30 14 69 16 71 66 127 68 21 77 23 74 143 53 8 55 50 112 52 10 61 12 58 39 101 41 98 47 25 85 27 82 32 70 54 
108 30 130 80 135 136 4 52 12 58 59 60 104 150 151 13 110 111 1 153 17 18 19 27 82 83 84 32 33 34 89 90 91 92 132 133 3 159 35 36 37 137 5 6 7 42 43 44 45 54 55 56 112 113 114 115 61 62 63 64 120 121 122 123 152 14 15 16 65 66 67 68 20 21 22 23 73 74 75 76 85 86 87 88 138 139 140 141 93 94 95 96 145 146 147 9 38 39 40 41 97 98 99 100 46 47 48 49 105 106 107 116 117 118 119 154 155 156 24 124 125 126 2 158 28 29 69 70 71 72 127 128 129 77 78 79 134 142 143 144 8 160 50 51 148 10 11 57 101 102 103 149 109 157 25 26 81 31 131 53 
109 62 131 134 49 78 137 86 90 63 93 94 149 72 102 152 76 106 153 79 80 110 20 113 87 116 117 91 120 121 34 95 124 125 100 128 159 103 104 132 38 107 108 135 42 111 1 5 46 114 138 139 56 118 142 143 60 122 145 146 64 126 148 10 129 130 150 65 133 3 14 69 136 4 17 73 6 7 21 77 84 140 154 155 88 144 157 25 92 147 158 28 96 11 31 32 151 13 35 97 15 16 39 101 18 19 43 105 22 23 47 115 156 160 50 119 26 53 54 123 29 57 58 2 33 61 36 37 66 127 40 41 70 44 45 74 48 141 51 81 82 8 55 85 9 59 89 12 67 68 98 71 75 24 83 112 27 30 99 52 
110 61 132 135 111 137 5 85 89 12 32 93 150 133 152 14 136 153 17 80 6 20 21 112 27 54 116 30 58 120 33 34 62 124 151 159 35 104 15 38 39 108 18 42 43 1 22 46 47 52 82 138 55 56 86 142 59 60 90 145 63 64 94 148 130 36 65 66 3 40 69 70 4 44 73 74 7 48 77 78 83 84 113 154 87 88 117 157 91 92 121 158 95 96 125 31 13 67 97 98 16 71 101 102 19 75 105 106 23 79 109 114 115 139 160 118 119 143 53 122 123 146 57 126 2 10 37 99 127 128 41 103 131 45 107 134 49 140 141 155 81 144 8 25 147 9 28 11 68 129 149 72 76 156 24 50 26 29 100 51 
111 33 133 136 137 80 6 55 59 61 12 63 151 152 104 15 153 108 18 110 20 1 22 83 85 27 87 89 30 91 32 93 34 95 159 130 36 132 38 3 40 135 42 4 44 5 46 7 48 112 52 114 54 116 56 118 58 120 60 122 62 124 64 126 150 65 13 67 14 69 16 71 17 73 19 75 21 77 23 79 82 138 84 140 86 142 88 144 90 145 92 147 94 148 96 11 35 97 37 99 39 101 41 103 43 105 45 107 47 109 49 113 154 115 156 117 157 119 26 121 158 123 29 125 31 2 66 127 68 129 70 131 72 74 134 76 78 139 160 141 51 143 53 8 146 57 9 10 98 149 100 102 106 155 81 24 25 28 128 50 
112 159 89 85 52 82 138 153 152 130 150 65 61 30 58 120 27 54 116 83 84 113 154 137 108 135 42 104 132 38 151 13 35 97 12 32 93 59 60 90 145 55 56 86 142 114 115 139 160 80 110 20 136 4 17 73 133 3 14 69 36 37 66 127 33 34 62 124 91 92 121 158 87 88 117 157 140 141 155 81 111 1 5 46 18 19 43 105 15 16 39 101 67 68 98 149 63 64 94 148 122 123 146 57 118 119 143 53 156 24 50 6 7 21 77 44 45 74 134 40 41 70 131 99 100 128 95 96 125 31 147 9 28 144 8 25 51 22 23 47 109 75 76 106 71 72 102 129 126 2 10 29 26 48 49 78 107 103 11 79 
113 128 90 86 114 138 139 106 102 129 149 150 62 91 120 121 87 116 117 84 140 154 155 78 107 134 135 103 131 132 100 151 159 35 63 93 94 60 122 145 146 56 118 142 143 115 156 160 50 79 109 110 76 136 153 17 72 133 152 14 130 36 65 66 34 95 124 125 92 147 158 28 88 144 157 25 141 51 81 82 49 111 137 5 108 18 42 43 104 15 38 39 13 67 97 98 64 126 148 10 123 29 57 58 119 26 53 54 24 83 112 80 6 20 21 4 44 73 74 3 40 69 70 37 99 127 96 11 31 32 9 59 89 8 55 85 52 1 22 46 47 19 75 105 16 71 101 68 2 33 61 30 27 7 48 77 45 41 12 23 
114 100 91 87 138 84 140 76 72 128 129 130 63 120 60 122 116 56 118 113 154 115 156 49 106 107 108 102 103 104 149 150 151 13 93 34 95 90 145 92 147 86 142 88 144 139 160 141 51 78 79 80 134 135 136 4 131 132 133 3 159 35 36 37 62 124 64 126 121 158 123 29 117 157 119 26 155 81 24 83 109 110 111 1 153 17 18 19 152 14 15 16 65 66 67 68 94 148 96 11 146 57 9 59 143 53 8 55 50 112 52 137 5 6 7 42 43 44 45 38 39 40 41 97 98 99 125 31 2 33 28 89 30 25 85 27 82 20 21 22 23 73 74 75 69 70 71 127 10 61 12 58 54 46 47 48 105 101 32 77 
115 99 92 88 139 140 141 75 71 127 68 129 64 121 122 123 117 118 119 154 155 156 24 48 105 45 107 101 41 103 98 149 100 151 94 95 96 145 146 147 9 142 143 144 8 160 50 51 52 77 23 79 74 134 76 136 70 131 72 133 128 159 130 36 124 125 126 2 158 28 29 30 157 25 26 27 81 82 83 84 47 109 49 111 106 153 108 18 102 152 104 15 150 65 13 67 148 10 11 12 57 58 59 60 53 54 55 56 112 113 114 78 137 80 6 135 42 4 44 132 38 3 40 35 97 37 31 32 33 34 89 90 91 85 86 87 138 110 20 1 22 17 73 19 14 69 16 66 61 62 63 120 116 5 46 7 43 39 93 21 
116 131 93 138 56 86 142 109 149 72 102 152 120 34 62 124 84 113 154 87 88 117 157 134 49 78 137 100 128 159 103 104 132 38 60 90 145 63 64 94 148 114 115 139 160 118 119 143 53 76 106 153 79 80 110 20 129 130 150 65 133 3 14 69 91 92 121 158 95 96 125 31 140 141 155 81 144 8 25 85 107 108 135 42 111 1 5 46 151 13 35 97 15 16 39 101 122 123 146 57 126 2 10 61 156 24 50 112 26 27 54 136 4 17 73 6 7 21 77 36 37 66 127 40 41 70 147 9 28 89 11 12 32 51 52 82 55 18 19 43 105 22 23 47 67 68 98 71 29 30 58 33 83 44 45 74 48 99 59 75 
117 70 94 139 118 142 143 47 98 71 101 102 121 95 124 125 140 154 155 88 144 157 25 74 48 77 78 99 127 128 41 103 131 132 122 145 146 64 126 148 10 115 156 160 50 119 26 53 54 75 105 106 23 79 109 110 68 129 149 150 72 133 152 14 92 147 158 28 96 11 31 32 141 51 81 82 8 55 85 86 45 107 134 135 49 111 137 5 100 151 159 35 104 15 38 39 123 29 57 58 2 33 61 62 24 83 112 113 27 87 116 76 136 153 17 80 6 20 21 130 36 65 66 3 40 69 9 59 89 90 12 63 93 52 114 138 56 108 18 42 43 1 22 46 13 67 97 16 30 91 120 34 84 4 44 73 7 37 60 19 
118 41 95 140 142 88 144 23 68 70 71 72 122 124 64 126 154 115 156 117 157 119 26 45 47 48 49 98 99 100 101 102 103 104 145 92 147 94 148 96 11 139 160 141 51 143 53 8 55 74 75 76 77 78 79 80 127 128 129 130 131 132 133 3 121 158 123 29 125 31 2 33 155 81 24 83 25 85 27 87 105 106 107 108 109 110 111 1 149 150 151 13 152 14 15 16 146 57 9 59 10 61 12 63 50 112 52 114 54 116 56 134 135 136 4 137 5 6 7 159 35 36 37 38 39 40 28 89 30 91 32 93 34 82 138 84 86 153 17 18 19 20 21 22 65 66 67 69 58 120 60 62 113 42 43 44 46 97 90 73 
119 40 96 141 143 144 8 22 67 69 16 71 123 125 126 2 155 156 24 157 25 26 27 44 46 7 48 97 37 99 39 101 41 103 146 147 9 148 10 11 12 160 50 51 52 53 54 55 56 73 19 75 21 77 23 79 66 127 68 129 70 131 72 133 158 28 29 30 31 32 33 34 81 82 83 84 85 86 87 88 43 105 45 107 47 109 49 111 98 149 100 151 102 152 104 15 57 58 59 60 61 62 63 64 112 113 114 115 116 117 118 74 134 76 136 78 137 80 6 128 159 130 36 132 38 3 89 90 91 92 93 94 95 138 139 140 142 106 153 108 18 110 20 1 150 65 13 14 120 121 122 124 154 135 42 4 5 35 145 17 
120 134 138 93 60 90 145 149 109 76 106 153 116 84 113 154 34 62 124 91 92 121 158 131 100 128 159 49 78 137 107 108 135 42 56 86 142 114 115 139 160 63 64 94 148 122 123 146 57 72 102 152 129 130 150 65 79 80 110 20 136 4 17 73 87 88 117 157 140 141 155 81 95 96 125 31 147 9 28 89 103 104 132 38 151 13 35 97 111 1 5 46 18 19 43 105 118 119 143 53 156 24 50 112 126 2 10 61 29 30 58 133 3 14 69 36 37 66 127 6 7 21 77 44 45 74 144 8 25 85 51 52 82 11 12 32 59 15 16 39 101 67 68 98 22 23 47 75 26 27 54 83 33 40 41 70 99 48 55 71 
121 74 139 94 122 145 146 98 47 75 105 106 117 140 154 155 95 124 125 92 147 158 28 70 99 127 128 48 77 78 45 107 134 135 118 142 143 115 156 160 50 64 126 148 10 123 29 57 58 71 101 102 68 129 149 150 23 79 109 110 76 136 153 17 88 144 157 25 141 51 81 82 96 11 31 32 9 59 89 90 41 103 131 132 100 151 159 35 49 111 137 5 108 18 42 43 119 26 53 54 24 83 112 113 2 33 61 62 30 91 120 72 133 152 14 130 36 65 66 80 6 20 21 4 44 73 8 55 85 86 52 114 138 12 63 93 60 104 15 38 39 13 67 97 1 22 46 19 27 87 116 84 34 3 40 69 37 7 56 16 
122 45 140 95 145 92 147 68 23 74 75 76 118 154 115 156 124 64 126 121 158 123 29 41 98 99 100 47 48 49 105 106 107 108 142 88 144 139 160 141 51 94 148 96 11 146 57 9 59 70 71 72 127 128 129 130 77 78 79 80 134 135 136 4 117 157 119 26 155 81 24 83 125 31 2 33 28 89 30 91 101 102 103 104 149 150 151 13 109 110 111 1 153 17 18 19 143 53 8 55 50 112 52 114 10 61 12 63 58 120 60 131 132 133 3 159 35 36 37 137 5 6 7 42 43 44 25 85 27 87 82 138 84 32 93 34 90 152 14 15 16 65 66 67 20 21 22 73 54 116 56 113 62 38 39 40 97 46 86 69 
123 44 141 96 146 147 9 67 22 73 19 75 119 155 156 24 125 126 2 158 28 29 30 40 97 37 99 46 7 48 43 105 45 107 143 144 8 160 50 51 52 148 10 11 12 57 58 59 60 69 16 71 66 127 68 129 21 77 23 79 74 134 76 136 157 25 26 27 81 82 83 84 31 32 33 34 89 90 91 92 39 101 41 103 98 149 100 151 47 109 49 111 106 153 108 18 53 54 55 56 112 113 114 115 61 62 63 64 120 121 122 70 131 72 133 128 159 130 36 78 137 80 6 135 42 4 85 86 87 88 138 139 140 93 94 95 145 102 152 104 15 150 65 13 110 20 1 17 116 117 118 154 124 132 38 3 35 5 142 14 
124 77 142 145 64 94 148 101 105 23 47 109 154 88 117 157 92 121 158 95 96 125 31 127 41 70 131 45 74 134 48 49 78 137 115 139 160 118 119 143 53 122 123 146 57 126 2 10 61 68 98 149 71 72 102 152 75 76 106 153 79 80 110 20 140 141 155 81 144 8 25 85 147 9 28 89 11 12 32 93 99 100 128 159 103 104 132 38 107 108 135 42 111 1 5 46 156 24 50 112 26 27 54 116 29 30 58 120 33 34 62 129 130 150 65 133 3 14 69 136 4 17 73 6 7 21 51 52 82 138 55 56 86 59 60 90 63 151 13 35 97 15 16 39 18 19 43 22 83 84 113 87 91 36 37 66 40 44 114 67 
125 21 143 146 126 148 10 39 43 22 46 47 155 144 157 25 147 158 28 96 11 31 32 66 40 69 70 44 73 74 7 48 77 78 156 160 50 119 26 53 54 123 29 57 58 2 33 61 62 67 97 98 16 71 101 102 19 75 105 106 23 79 109 110 141 51 81 82 8 55 85 86 9 59 89 90 12 63 93 94 37 99 127 128 41 103 131 132 45 107 134 135 49 111 137 5 24 83 112 113 27 87 116 117 30 91 120 121 34 95 124 68 129 149 150 72 133 152 14 76 136 153 17 80 6 20 52 114 138 139 56 118 142 60 122 145 64 100 151 159 35 104 15 38 108 18 42 1 84 140 154 88 92 130 36 65 3 4 115 13 
126 7 144 147 148 96 11 16 19 21 22 23 156 157 119 26 158 123 29 125 31 2 33 37 39 40 41 43 44 45 46 47 48 49 160 141 51 143 53 8 55 146 57 9 59 10 61 12 63 66 67 68 69 70 71 72 73 74 75 76 77 78 79 80 155 81 24 83 25 85 27 87 28 89 30 91 32 93 34 95 97 98 99 100 101 102 103 104 105 106 107 108 109 110 111 1 50 112 52 114 54 116 56 118 58 120 60 122 62 124 64 127 128 129 130 131 132 133 3 134 135 136 4 137 5 6 82 138 84 140 86 142 88 90 145 92 94 149 150 151 13 152 14 15 153 17 18 20 113 154 115 117 121 159 35 36 38 42 139 65 
127 139 105 101 68 98 149 121 117 140 154 155 77 45 74 134 41 70 131 99 100 128 159 94 122 145 146 118 142 143 115 156 160 50 23 47 109 75 76 106 153 71 72 102 152 129 130 150 65 95 124 125 92 147 158 28 88 144 157 25 141 51 81 82 48 49 78 137 107 108 135 42 103 104 132 38 151 13 35 97 64 126 148 10 123 29 57 58 119 26 53 54 24 83 112 113 79 80 110 20 136 4 17 73 133 3 14 69 36 37 66 96 11 31 32 9 59 89 90 8 55 85 86 52 114 138 111 1 5 46 18 19 43 15 16 39 67 2 33 61 62 30 91 120 27 87 116 84 6 7 21 44 40 12 63 93 60 56 22 34 
128 138 106 102 129 149 150 120 116 84 113 154 78 107 134 135 103 131 132 100 151 159 35 93 60 90 145 56 86 142 114 115 139 160 79 109 110 76 136 153 17 72 133 152 14 130 36 65 66 34 62 124 91 92 121 158 87 88 117 157 140 141 155 81 49 111 137 5 108 18 42 43 104 15 38 39 13 67 97 98 63 64 94 148 122 123 146 57 118 119 143 53 156 24 50 112 80 6 20 21 4 44 73 74 3 40 69 70 37 99 127 95 96 125 31 147 9 28 89 144 8 25 85 51 52 82 1 22 46 47 19 75 105 16 71 101 68 126 2 10 61 29 30 58 26 27 54 83 7 48 77 45 41 11 12 32 59 55 23 33 
129 114 107 103 149 100 151 91 87 138 84 140 79 134 76 136 131 72 133 128 159 130 36 63 120 60 122 116 56 118 113 154 115 156 109 49 111 106 153 108 18 102 152 104 15 150 65 13 67 93 34 95 90 145 92 147 86 142 88 144 139 160 141 51 78 137 80 6 135 42 4 44 132 38 3 40 35 97 37 99 62 124 64 126 121 158 123 29 117 157 119 26 155 81 24 83 110 20 1 22 17 73 19 75 14 69 16 71 66 127 68 94 148 96 11 146 57 9 59 143 53 8 55 50 112 52 5 46 7 48 43 105 45 39 101 41 98 125 31 2 33 28 89 30 25 85 27 82 21 77 23 74 70 10 61 12 58 54 47 32 
130 52 108 104 150 151 13 30 27 82 83 84 80 135 136 4 132 133 3 159 35 36 37 12 58 59 60 54 55 56 112 113 114 115 110 111 1 153 17 18 19 152 14 15 16 65 66 67 68 32 33 34 89 90 91 92 85 86 87 88 138 139 140 141 137 5 6 7 42 43 44 45 38 39 40 41 97 98 99 100 61 62 63 64 120 121 122 123 116 117 118 119 154 155 156 24 20 21 22 23 73 74 75 76 69 70 71 72 127 128 129 93 94 95 96 145 146 147 9 142 143 144 8 160 50 51 46 47 48 49 105 106 107 101 102 103 149 124 125 126 2 158 28 29 157 25 26 81 77 78 79 134 131 148 10 11 57 53 109 31 
131 86 109 149 72 102 152 62 113 87 116 117 134 49 78 137 100 128 159 103 104 132 38 90 63 93 94 114 138 139 56 118 142 143 76 106 153 79 80 110 20 129 130 150 65 133 3 14 69 91 120 121 34 95 124 125 84 140 154 155 88 144 157 25 107 108 135 42 111 1 5 46 151 13 35 97 15 16 39 101 60 122 145 146 64 126 148 10 115 156 160 50 119 26 53 54 136 4 17 73 6 7 21 77 36 37 66 127 40 41 70 92 147 158 28 96 11 31 32 141 51 81 82 8 55 85 18 19 43 105 22 23 47 67 68 98 71 123 29 57 58 2 33 61 24 83 112 27 44 45 74 48 99 9 59 89 12 52 75 30 
132 85 110 150 133 152 14 61 112 27 54 116 135 111 137 5 151 159 35 104 15 38 39 89 12 32 93 52 82 138 55 56 86 142 136 153 17 80 6 20 21 130 36 65 66 3 40 69 70 30 58 120 33 34 62 124 83 84 113 154 87 88 117 157 108 18 42 43 1 22 46 47 13 67 97 98 16 71 101 102 59 60 90 145 63 64 94 148 114 115 139 160 118 119 143 53 4 44 73 74 7 48 77 78 37 99 127 128 41 103 131 91 92 121 158 95 96 125 31 140 141 155 81 144 8 25 19 75 105 106 23 79 109 68 129 149 72 122 123 146 57 126 2 10 156 24 50 26 45 107 134 49 100 147 9 28 11 51 76 29 
133 55 111 151 152 104 15 33 83 85 27 87 136 137 80 6 159 130 36 132 38 3 40 59 61 12 63 112 52 114 54 116 56 118 153 108 18 110 20 1 22 150 65 13 67 14 69 16 71 89 30 91 32 93 34 95 82 138 84 140 86 142 88 144 135 42 4 44 5 46 7 48 35 97 37 99 39 101 41 103 58 120 60 122 62 124 64 126 113 154 115 156 117 157 119 26 17 73 19 75 21 77 23 79 66 127 68 129 70 131 72 90 145 92 147 94 148 96 11 139 160 141 51 143 53 8 43 105 45 107 47 109 49 98 149 100 102 121 158 123 29 125 31 2 155 81 24 25 74 134 76 78 128 146 57 9 10 50 106 28 
134 90 149 109 76 106 153 113 62 91 120 121 131 100 128 159 49 78 137 107 108 135 42 86 114 138 139 63 93 94 60 122 145 146 72 102 152 129 130 150 65 79 80 110 20 136 4 17 73 87 116 117 84 140 154 155 34 95 124 125 92 147 158 28 103 104 132 38 151 13 35 97 111 1 5 46 18 19 43 105 56 118 142 143 115 156 160 50 64 126 148 10 123 29 57 58 133 3 14 69 36 37 66 127 6 7 21 77 44 45 74 88 144 157 25 141 51 81 82 96 11 31 32 9 59 89 15 16 39 101 67 68 98 22 23 47 75 119 26 53 54 24 83 112 2 33 61 30 40 41 70 99 48 8 55 85 52 12 71 27 
135 89 150 110 136 153 17 112 61 30 58 120 132 151 159 35 111 137 5 108 18 42 43 85 52 82 138 12 32 93 59 60 90 145 133 152 14 130 36 65 66 80 6 20 21 4 44 73 74 27 54 116 83 84 113 154 33 34 62 124 91 92 121 158 104 15 38 39 13 67 97 98 1 22 46 47 19 75 105 106 55 56 86 142 114 115 139 160 63 64 94 148 122 123 146 57 3 40 69 70 37 99 127 128 7 48 77 78 45 107 134 87 88 117 157 140 141 155 81 95 96 125 31 147 9 28 16 71 101 102 68 129 149 23 79 109 76 118 119 143 53 156 24 50 126 2 10 29 41 103 131 100 49 144 8 25 51 11 72 26 
136 59 151 111 153 108 18 83 33 89 30 91 133 159 130 36 137 80 6 135 42 4 44 55 112 52 114 61 12 63 58 120 60 122 152 104 15 150 65 13 67 110 20 1 22 17 73 19 75 85 27 87 82 138 84 140 32 93 34 95 90 145 92 147 132 38 3 40 35 97 37 99 5 46 7 48 43 105 45 107 54 116 56 118 113 154 115 156 62 124 64 126 121 158 123 29 14 69 16 71 66 127 68 129 21 77 23 79 74 134 76 86 142 88 144 139 160 141 51 94 148 96 11 146 57 9 39 101 41 103 98 149 100 47 109 49 106 117 157 119 26 155 81 24 125 31 2 28 70 131 72 128 78 143 53 8 50 10 102 25 
137 32 152 153 80 110 20 54 58 33 61 62 159 104 132 38 108 135 42 111 1 5 46 82 55 85 86 59 89 90 12 63 93 94 130 150 65 133 3 14 69 136 4 17 73 6 7 21 77 83 112 113 27 87 116 117 30 91 120 121 34 95 124 125 151 13 35 97 15 16 39 101 18 19 43 105 22 23 47 109 52 114 138 139 56 118 142 143 60 122 145 146 64 126 148 10 36 37 66 127 40 41 70 131 44 45 74 134 48 49 78 84 140 154 155 88 144 157 25 92 147 158 28 96 11 31 67 68 98 149 71 72 102 75 76 106 79 115 156 160 50 119 26 53 123 29 57 2 99 100 128 103 107 141 51 81 8 9 129 24 
138 149 120 116 84 113 154 134 131 100 128 159 93 60 90 145 56 86 142 114 115 139 160 109 76 106 153 72 102 152 129 130 150 65 34 62 124 91 92 121 158 87 88 117 157 140 141 155 81 49 78 137 107 108 135 42 103 104 132 38 151 13 35 97 63 64 94 148 122 123 146 57 118 119 143 53 156 24 50 112 79 80 110 20 136 4 17 73 133 3 14 69 36 37 66 127 95 96 125 31 147 9 28 89 144 8 25 85 51 52 82 111 1 5 46 18 19 43 105 15 16 39 101 67 68 98 126 2 10 61 29 30 58 26 27 54 83 6 7 21 77 44 45 74 40 41 70 99 11 12 32 59 55 22 23 47 75 71 33 48 
139 98 121 117 140 154 155 74 70 99 127 128 94 122 145 146 118 142 143 115 156 160 50 47 75 105 106 71 101 102 68 129 149 150 95 124 125 92 147 158 28 88 144 157 25 141 51 81 82 48 77 78 45 107 134 135 41 103 131 132 100 151 159 35 64 126 148 10 123 29 57 58 119 26 53 54 24 83 112 113 23 79 109 110 76 136 153 17 72 133 152 14 130 36 65 66 96 11 31 32 9 59 89 90 8 55 85 86 52 114 138 49 111 137 5 108 18 42 43 104 15 38 39 13 67 97 2 33 61 62 30 91 120 27 87 116 84 80 6 20 21 4 44 73 3 40 69 37 12 63 93 60 56 1 22 46 19 16 34 7 
140 68 122 118 154 115 156 45 41 98 99 100 95 145 92 147 142 88 144 139 160 141 51 23 74 75 76 70 71 72 127 128 129 130 124 64 126 121 158 123 29 117 157 119 26 155 81 24 83 47 48 49 105 106 107 108 101 102 103 104 149 150 151 13 94 148 96 11 146 57 9 59 143 53 8 55 50 112 52 114 77 78 79 80 134 135 136 4 131 132 133 3 159 35 36 37 125 31 2 33 28 89 30 91 25 85 27 87 82 138 84 109 110 111 1 153 17 18 19 152 14 15 16 65 66 67 10 61 12 63 58 120 60 54 116 56 113 137 5 6 7 42 43 44 38 39 40 97 32 93 34 90 86 20 21 22 73 69 62 46 
141 67 123 119 155 156 24 44 40 97 37 99 96 146 147 9 143 144 8 160 50 51 52 22 73 19 75 69 16 71 66 127 68 129 125 126 2 158 28 29 30 157 25 26 27 81 82 83 84 46 7 48 43 105 45 107 39 101 41 103 98 149 100 151 148 10 11 12 57 58 59 60 53 54 55 56 112 113 114 115 21 77 23 79 74 134 76 136 70 131 72 133 128 159 130 36 31 32 33 34 89 90 91 92 85 86 87 88 138 139 140 47 109 49 111 106 153 108 18 102 152 104 15 150 65 13 61 62 63 64 120 121 122 116 117 118 154 78 137 80 6 135 42 4 132 38 3 35 93 94 95 145 142 110 20 1 17 14 124 5 
142 101 124 154 88 117 157 77 127 41 70 131 145 64 94 148 115 139 160 118 119 143 53 105 23 47 109 68 98 149 71 72 102 152 92 121 158 95 96 125 31 140 141 155 81 144 8 25 85 45 74 134 48 49 78 137 99 100 128 159 103 104 132 38 122 123 146 57 126 2 10 61 156 24 50 112 26 27 54 116 75 76 106 153 79 80 110 20 129 130 150 65 133 3 14 69 147 9 28 89 11 12 32 93 51 52 82 138 55 56 86 107 108 135 42 111 1 5 46 151 13 35 97 15 16 39 29 30 58 120 33 34 62 83 84 113 87 136 4 17 73 6 7 21 36 37 66 40 59 60 90 63 114 18 19 43 22 67 91 44 
143 39 125 155 144 157 25 21 66 40 69 70 146 126 148 10 156 160 50 119 26 53 54 43 22 46 47 67 97 98 16 71 101 102 147 158 28 96 11 31 32 141 51 81 82 8 55 85 86 44 73 74 7 48 77 78 37 99 127 128 41 103 131 132 123 29 57 58 2 33 61 62 24 83 112 113 27 87 116 117 19 75 105 106 23 79 109 110 68 129 149 150 72 133 152 14 9 59 89 90 12 63 93 94 52 114 138 139 56 118 142 45 107 134 135 49 111 137 5 100 151 159 35 104 15 38 30 91 120 121 34 95 124 84 140 154 88 76 136 153 17 80 6 20 130 36 65 3 60 122 145 64 115 108 18 42 1 13 92 4 
144 16 126 156 157 119 26 7 37 39 40 41 147 148 96 11 160 141 51 143 53 8 55 19 21 22 23 66 67 68 69 70 71 72 158 123 29 125 31 2 33 155 81 24 83 25 85 27 87 43 44 45 46 47 48 49 97 98 99 100 101 102 103 104 146 57 9 59 10 61 12 63 50 112 52 114 54 116 56 118 73 74 75 76 77 78 79 80 127 128 129 130 131 132 133 3 28 89 30 91 32 93 34 95 82 138 84 140 86 142 88 105 106 107 108 109 110 111 1 149 150 151 13 152 14 15 58 120 60 122 62 124 64 113 154 115 117 134 135 136 4 137 5 6 159 35 36 38 90 145 92 94 139 153 17 18 20 65 121 42 
145 105 154 124 92 121 158 127 77 45 74 134 142 115 139 160 64 94 148 122 123 146 57 101 68 98 149 23 47 109 75 76 106 153 88 117 157 140 141 155 81 95 96 125 31 147 9 28 89 41 70 131 99 100 128 159 48 49 78 137 107 108 135 42 118 119 143 53 156 24 50 112 126 2 10 61 29 30 58 120 71 72 102 152 129 130 150 65 79 80 110 20 136 4 17 73 144 8 25 85 51 52 82 138 11 12 32 93 59 60 90 103 104 132 38 151 13 35 97 111 1 5 46 18 19 43 26 27 54 116 83 84 113 33 34 62 91 133 3 14 69 36 37 66 6 7 21 44 55 56 86 114 63 15 16 39 67 22 87 40 
146 43 155 125 147 158 28 66 21 44 73 74 143 156 160 50 126 148 10 123 29 57 58 39 67 97 98 22 46 47 19 75 105 106 144 157 25 141 51 81 82 96 11 31 32 9 59 89 90 40 69 70 37 99 127 128 7 48 77 78 45 107 134 135 119 26 53 54 24 83 112 113 2 33 61 62 30 91 120 121 16 71 101 102 68 129 149 150 23 79 109 110 76 136 153 17 8 55 85 86 52 114 138 139 12 63 93 94 60 122 145 41 103 131 132 100 151 159 35 49 111 137 5 108 18 42 27 87 116 117 84 140 154 34 95 124 92 72 133 152 14 130 36 65 80 6 20 4 56 118 142 115 64 104 15 38 13 1 88 3 
147 19 156 126 158 123 29 37 7 43 44 45 144 160 141 51 148 96 11 146 57 9 59 16 66 67 68 21 22 23 73 74 75 76 157 119 26 155 81 24 83 125 31 2 33 28 89 30 91 39 40 41 97 98 99 100 46 47 48 49 105 106 107 108 143 53 8 55 50 112 52 114 10 61 12 63 58 120 60 122 69 70 71 72 127 128 129 130 77 78 79 80 134 135 136 4 25 85 27 87 82 138 84 140 32 93 34 95 90 145 92 101 102 103 104 149 150 151 13 109 110 111 1 153 17 18 54 116 56 118 113 154 115 62 124 64 121 131 132 133 3 159 35 36 137 5 6 42 86 142 88 139 94 152 14 15 65 20 117 38 
148 46 157 158 96 125 31 69 73 7 21 77 160 119 143 53 123 146 57 126 2 10 61 97 16 39 101 19 43 105 22 23 47 109 141 155 81 144 8 25 85 147 9 28 89 11 12 32 93 37 66 127 40 41 70 131 44 45 74 134 48 49 78 137 156 24 50 112 26 27 54 116 29 30 58 120 33 34 62 124 67 68 98 149 71 72 102 152 75 76 106 153 79 80 110 20 51 52 82 138 55 56 86 142 59 60 90 145 63 64 94 99 100 128 159 103 104 132 38 107 108 135 42 111 1 5 83 84 113 154 87 88 117 91 92 121 95 129 130 150 65 133 3 14 136 4 17 6 114 115 139 118 122 151 13 35 15 18 140 36 
149 113 134 131 100 128 159 90 86 114 138 139 109 76 106 153 72 102 152 129 130 150 65 62 91 120 121 87 116 117 84 140 154 155 49 78 137 107 108 135 42 103 104 132 38 151 13 35 97 63 93 94 60 122 145 146 56 118 142 143 115 156 160 50 79 80 110 20 136 4 17 73 133 3 14 69 36 37 66 127 34 95 124 125 92 147 158 28 88 144 157 25 141 51 81 82 111 1 5 46 18 19 43 105 15 16 39 101 67 68 98 64 126 148 10 123 29 57 58 119 26 53 54 24 83 112 6 7 21 77 44 45 74 40 41 70 99 96 11 31 32 9 59 89 8 55 85 52 22 23 47 75 71 2 33 61 30 27 48 12 
150 112 135 132 151 159 35 89 85 52 82 138 110 136 153 17 133 152 14 130 36 65 66 61 30 58 120 27 54 116 83 84 113 154 111 137 5 108 18 42 43 104 15 38 39 13 67 97 98 12 32 93 59 60 90 145 55 56 86 142 114 115 139 160 80 6 20 21 4 44 73 74 3 40 69 70 37 99 127 128 33 34 62 124 91 92 121 158 87 88 117 157 140 141 155 81 1 22 46 47 19 75 105 106 16 71 101 102 68 129 149 63 64 94 148 122 123 146 57 118 119 143 53 156 24 50 7 48 77 78 45 107 134 41 103 131 100 95 96 125 31 147 9 28 144 8 25 51 23 79 109 76 72 126 2 10 29 26 49 11 
151 83 136 133 159 130 36 59 55 112 52 114 111 153 108 18 152 104 15 150 65 13 67 33 89 30 91 85 27 87 82 138 84 140 137 80 6 135 42 4 44 132 38 3 40 35 97 37 99 61 12 63 58 120 60 122 54 116 56 118 113 154 115 156 110 20 1 22 17 73 19 75 14 69 16 71 66 127 68 129 32 93 34 95 90 145 92 147 86 142 88 144 139 160 141 51 5 46 7 48 43 105 45 107 39 101 41 103 98 149 100 62 124 64 126 121 158 123 29 117 157 119 26 155 81 24 21 77 23 79 74 134 76 70 131 72 128 94 148 96 11 146 57 9 143 53 8 50 47 109 49 106 102 125 31 2 28 25 78 10 
152 54 137 159 104 132 38 32 82 55 85 86 153 80 110 20 130 150 65 133 3 14 69 58 33 61 62 83 112 113 27 87 116 117 108 135 42 111 1 5 46 151 13 35 97 15 16 39 101 59 89 90 12 63 93 94 52 114 138 139 56 118 142 143 136 4 17 73 6 7 21 77 36 37 66 127 40 41 70 131 30 91 120 121 34 95 124 125 84 140 154 155 88 144 157 25 18 19 43 105 22 23 47 109 67 68 98 149 71 72 102 60 122 145 146 64 126 148 10 115 156 160 50 119 26 53 44 45 74 134 48 49 78 99 100 128 103 92 147 158 28 96 11 31 141 51 81 8 75 76 106 79 129 123 29 57 2 24 107 9 
153 58 159 137 108 135 42 82 32 59 89 90 152 130 150 65 80 110 20 136 4 17 73 54 83 112 113 33 61 62 30 91 120 121 104 132 38 151 13 35 97 111 1 5 46 18 19 43 105 55 85 86 52 114 138 139 12 63 93 94 60 122 145 146 133 3 14 69 36 37 66 127 6 7 21 77 44 45 74 134 27 87 116 117 84 140 154 155 34 95 124 125 92 147 158 28 15 16 39 101 67 68 98 149 22 23 47 109 75 76 106 56 118 142 143 115 156 160 50 64 126 148 10 123 29 57 40 41 70 131 99 100 128 48 49 78 107 88 144 157 25 141 51 81 96 11 31 9 71 72 102 129 79 119 26 53 24 2 103 8 
154 127 145 142 115 139 160 105 101 68 98 149 124 92 121 158 88 117 157 140 141 155 81 77 45 74 134 41 70 131 99 100 128 159 64 94 148 122 123 146 57 118 119 143 53 156 24 50 112 23 47 109 75 76 106 153 71 72 102 152 129 130 150 65 95 96 125 31 147 9 28 89 144 8 25 85 51 52 82 138 48 49 78 137 107 108 135 42 103 104 132 38 151 13 35 97 126 2 10 61 29 30 58 120 26 27 54 116 83 84 113 79 80 110 20 136 4 17 73 133 3 14 69 36 37 66 11 12 32 93 59 60 90 55 56 86 114 111 1 5 46 18 19 43 15 16 39 67 33 34 62 91 87 6 7 21 44 40 63 22 
155 66 146 143 156 160 50 43 39 67 97 98 125 147 158 28 144 157 25 141 51 81 82 21 44 73 74 40 69 70 37 99 127 128 126 148 10 123 29 57 58 119 26 53 54 24 83 112 113 22 46 47 19 75 105 106 16 71 101 102 68 129 149 150 96 11 31 32 9 59 89 90 8 55 85 86 52 114 138 139 7 48 77 78 45 107 134 135 41 103 131 132 100 151 159 35 2 33 61 62 30 91 120 121 27 87 116 117 84 140 154 23 79 109 110 76 136 153 17 72 133 152 14 130 36 65 12 63 93 94 60 122 145 56 118 142 115 49 111 137 5 108 18 42 104 15 38 13 34 95 124 92 88 80 6 20 4 3 64 1 
156 37 147 144 160 141 51 19 16 66 67 68 126 158 123 29 157 119 26 155 81 24 83 7 43 44 45 39 40 41 97 98 99 100 148 96 11 146 57 9 59 143 53 8 55 50 112 52 114 21 22 23 73 74 75 76 69 70 71 72 127 128 129 130 125 31 2 33 28 89 30 91 25 85 27 87 82 138 84 140 46 47 48 49 105 106 107 108 101 102 103 104 149 150 151 13 10 61 12 63 58 120 60 122 54 116 56 118 113 154 115 77 78 79 80 134 135 136 4 131 132 133 3 159 35 36 32 93 34 95 90 145 92 86 142 88 139 109 110 111 1 153 17 18 152 14 15 65 62 124 64 121 117 137 5 6 42 38 94 20 
157 69 148 160 119 143 53 46 97 16 39 101 158 96 125 31 141 155 81 144 8 25 85 73 7 21 77 37 66 127 40 41 70 131 123 146 57 126 2 10 61 156 24 50 112 26 27 54 116 19 43 105 22 23 47 109 67 68 98 149 71 72 102 152 147 9 28 89 11 12 32 93 51 52 82 138 55 56 86 142 44 45 74 134 48 49 78 137 99 100 128 159 103 104 132 38 29 30 58 120 33 34 62 124 83 84 113 154 87 88 117 75 76 106 153 79 80 110 20 129 130 150 65 133 3 14 59 60 90 145 63 64 94 114 115 139 118 107 108 135 42 111 1 5 151 13 35 15 91 92 121 95 140 136 4 17 6 36 122 18 
158 73 160 148 123 146 57 97 46 19 43 105 157 141 155 81 96 125 31 147 9 28 89 69 37 66 127 7 21 77 44 45 74 134 119 143 53 156 24 50 112 126 2 10 61 29 30 58 120 16 39 101 67 68 98 149 22 23 47 109 75 76 106 153 144 8 25 85 51 52 82 138 11 12 32 93 59 60 90 145 40 41 70 131 99 100 128 159 48 49 78 137 107 108 135 42 26 27 54 116 83 84 113 154 33 34 62 124 91 92 121 71 72 102 152 129 130 150 65 79 80 110 20 136 4 17 55 56 86 142 114 115 139 63 64 94 122 103 104 132 38 151 13 35 111 1 5 18 87 88 117 140 95 133 3 14 36 6 118 15 
159 82 153 152 130 150 65 58 54 83 112 113 137 108 135 42 104 132 38 151 13 35 97 32 59 89 90 55 85 86 52 114 138 139 80 110 20 136 4 17 73 133 3 14 69 36 37 66 127 33 61 62 30 91 120 121 27 87 116 117 84 140 154 155 111 1 5 46 18 19 43 105 15 16 39 101 67 68 98 149 12 63 93 94 60 122 145 146 56 118 142 143 115 156 160 50 6 7 21 77 44 45 74 134 40 41 70 131 99 100 128 34 95 124 125 92 147 158 28 88 144 157 25 141 51 81 22 23 47 109 75 76 106 71 72 102 129 64 126 148 10 123 29 57 119 26 53 24 48 49 78 107 103 96 11 31 9 8 79 2 
160 97 158 157 141 155 81 73 69 37 66 127 148 123 146 57 119 143 53 156 24 50 112 46 19 43 105 16 39 101 67 68 98 149 96 125 31 147 9 28 89 144 8 25 85 51 52 82 138 7 21 77 44 45 74 134 40 41 70 131 99 100 128 159 126 2 10 61 29 30 58 120 26 27 54 116 83 84 113 154 22 23 47 109 75 76 106 153 71 72 102 152 129 130 150 65 11 12 32 93 59 60 90 145 55 56 86 142 114 115 139 48 49 78 137 107 108 135 42 103 104 132 38 151 13 35 33 34 62 124 91 92 121 87 88 117 140 79 80 110 20 136 4 17 133 3 14 36 63 64 94 122 118 111 1 5 18 15 95 6 
