132 8
1 2 3 4 5 6 7 8 9 10 11 12 13 14 15 16 17 18 19 20 21 22 23 24 25 26 27 28 29 30 31 32 33 34 35 36 37 38 39 40 41 42 43 44 45 46 47 48 49 50 51 52 53 54 55 56 57 58 59 60 61 62 63 64 65 66 67 68 69 70 71 72 73 74 75 76 77 78 79 80 81 82 83 84 85 86 87 88 89 90 91 92 93 94 95 96 97 98 99 100 101 102 103 104 105 106 107 108 109 110 111 112 113 114 115 116 117 118 119 120 121 122 123 124 125 126 127 128 129 130 131 132 
2 1 6 7 8 3 4 5 14 15 16 17 18 9 10 11 12 13 25 26 27 28 29 30 19 20 21 22 23 24 37 38 39 40 41 42 31 32 33 34 35 36 49 50 51 52 53 54 43 44 45 46 47 48 61 62 63 64 65 66 55 56 57 58 59 60 73 74 75 76 77 78 67 68 69 70 71 72 85 86 87 88 89 90 79 80 81 82 83 84 97 98 99 100 101 102 91 92 93 94 95 96 109 110 111 112 113 114 103 104 105 106 107 108 120 121 122 123 124 115 116 117 118 119 128 129 130 125 126 127 132 131 
3 6 1 9 10 2 14 15 4 5 19 20 21 7 8 25 26 27 11 12 13 31 32 33 16 17 18 37 38 39 22 23 24 43 44 45 28 29 30 49 50 51 34 35 36 55 56 57 40 41 42 61 62 63 46 47 48 67 68 69 52 53 54 73 74 75 58 59 60 79 80 81 64 65 66 85 86 87 70 71 72 91 92 93 76 77 78 97 98 99 82 83 84 103 104 105 88 89 90 109 110 111 94 95 96 115 116 117 100 101 102 120 121 122 106 107 108 125 126 112 113 114 128 129 118 119 131 123 124 132 127 130 
4 7 9 11 12 14 16 17 19 20 22 23 24 25 26 28 29 30 31 32 33 34 35 36 37 38 39 40 41 42 43 44 45 46 47 48 49 50 51 52 53 54 55 56 57 58 59 60 61 62 63 64 65 66 67 68 69 70 71 72 73 74 75 76 77 78 79 80 81 82 83 84 85 86 87 88 89 90 91 92 93 94 95 96 97 98 99 100 101 102 103 104 105 106 107 108 109 110 111 112 113 114 115 116 117 1 118 119 120 121 122 2 123 124 3 125 126 5 127 6 128 129 8 130 10 131 13 15 132 18 21 27 
5 18 10 12 13 27 30 2 20 21 23 24 1 39 6 42 7 8 32 33 3 35 36 4 51 14 15 54 16 17 44 45 9 47 48 11 63 25 26 66 28 29 56 57 19 59 60 22 75 37 38 78 40 41 68 69 31 71 72 34 87 49 50 90 52 53 80 81 43 83 84 46 99 61 62 102 64 65 92 93 55 95 96 58 111 73 74 114 76 77 104 105 67 107 108 70 122 85 86 124 88 89 116 117 79 118 119 82 129 97 98 130 100 101 125 126 91 127 94 132 109 110 112 113 131 103 106 120 121 123 115 128 
6 3 2 14 15 1 9 10 7 8 25 26 27 4 5 19 20 21 16 17 18 37 38 39 11 12 13 31 32 33 28 29 30 49 50 51 22 23 24 43 44 45 40 41 42 61 62 63 34 35 36 55 56 57 52 53 54 73 74 75 46 47 48 67 68 69 64 65 66 85 86 87 58 59 60 79 80 81 76 77 78 97 98 99 70 71 72 91 92 93 88 89 90 109 110 111 82 83 84 103 104 105 100 101 102 120 121 122 94 95 96 115 116 117 112 113 114 128 129 106 107 108 125 126 123 124 132 118 119 131 130 127 
7 4 14 16 17 9 11 12 25 26 28 29 30 19 20 22 23 24 37 38 39 40 41 42 31 32 33 34 35 36 49 50 51 52 53 54 43 44 45 46 47 48 61 62 63 64 65 66 55 56 57 58 59 60 73 74 75 76 77 78 67 68 69 70 71 72 85 86 87 88 89 90 79 80 81 82 83 84 97 98 99 100 101 102 91 92 93 94 95 96 109 110 111 112 113 114 103 104 105 106 107 108 120 121 122 2 123 124 115 116 117 1 118 119 6 128 129 8 130 3 125 126 5 127 15 132 18 10 131 13 27 21 
8 13 15 17 18 21 24 1 26 27 29 30 2 33 3 36 4 5 38 39 6 41 42 7 45 9 10 48 11 12 50 51 14 53 54 16 57 19 20 60 22 23 62 63 25 65 66 28 69 31 32 72 34 35 74 75 37 77 78 40 81 43 44 84 46 47 86 87 49 89 90 52 93 55 56 96 58 59 98 99 61 101 102 64 105 67 68 108 70 71 110 111 73 113 114 76 117 79 80 119 82 83 121 122 85 123 124 88 126 91 92 127 94 95 128 129 97 130 100 131 103 104 106 107 132 109 112 115 116 118 120 125 
9 14 4 19 20 7 25 26 11 12 31 32 33 16 17 37 38 39 22 23 24 43 44 45 28 29 30 49 50 51 34 35 36 55 56 57 40 41 42 61 62 63 46 47 48 67 68 69 52 53 54 73 74 75 58 59 60 79 80 81 64 65 66 85 86 87 70 71 72 91 92 93 76 77 78 97 98 99 82 83 84 103 104 105 88 89 90 109 110 111 94 95 96 115 116 117 100 101 102 120 121 122 106 107 108 3 125 126 112 113 114 6 128 129 1 118 119 10 131 2 123 124 15 132 5 127 21 8 130 27 13 18 
10 27 5 20 21 18 39 6 12 13 32 33 3 30 2 51 14 15 23 24 1 44 45 9 42 7 8 63 25 26 35 36 4 56 57 19 54 16 17 75 37 38 47 48 11 68 69 31 66 28 29 87 49 50 59 60 22 80 81 43 78 40 41 99 61 62 71 72 34 92 93 55 90 52 53 111 73 74 83 84 46 104 105 67 102 64 65 122 85 86 95 96 58 116 117 79 114 76 77 129 97 98 107 108 70 125 126 91 124 88 89 132 109 110 118 119 82 131 103 130 100 101 120 121 127 94 115 112 113 128 106 123 
11 16 19 22 23 25 28 29 31 32 34 35 36 37 38 40 41 42 43 44 45 46 47 48 49 50 51 52 53 54 55 56 57 58 59 60 61 62 63 64 65 66 67 68 69 70 71 72 73 74 75 76 77 78 79 80 81 82 83 84 85 86 87 88 89 90 91 92 93 94 95 96 97 98 99 100 101 102 103 104 105 106 107 108 109 110 111 112 113 114 115 116 117 1 118 119 120 121 122 2 123 124 3 125 126 4 5 127 6 128 129 7 8 130 9 10 131 12 13 14 15 132 17 18 20 21 24 26 27 30 33 39 
12 30 20 23 24 39 42 7 32 33 35 36 4 51 14 54 16 17 44 45 9 47 48 11 63 25 26 66 28 29 56 57 19 59 60 22 75 37 38 78 40 41 68 69 31 71 72 34 87 49 50 90 52 53 80 81 43 83 84 46 99 61 62 102 64 65 92 93 55 95 96 58 111 73 74 114 76 77 104 105 67 107 108 70 122 85 86 124 88 89 116 117 79 118 119 82 129 97 98 130 100 101 125 126 91 5 127 94 132 109 110 18 112 113 10 131 103 13 106 27 120 121 2 123 21 115 1 6 128 8 3 15 
13 8 21 24 1 15 17 18 33 3 36 4 5 26 27 29 30 2 45 9 10 48 11 12 38 39 6 41 42 7 57 19 20 60 22 23 50 51 14 53 54 16 69 31 32 72 34 35 62 63 25 65 66 28 81 43 44 84 46 47 74 75 37 77 78 40 93 55 56 96 58 59 86 87 49 89 90 52 105 67 68 108 70 71 98 99 61 101 102 64 117 79 80 119 82 83 110 111 73 113 114 76 126 91 92 127 94 95 121 122 85 123 124 88 131 103 104 106 107 128 129 97 130 100 115 116 118 132 109 112 125 120 
14 9 7 25 26 4 19 20 16 17 37 38 39 11 12 31 32 33 28 29 30 49 50 51 22 23 24 43 44 45 40 41 42 61 62 63 34 35 36 55 56 57 52 53 54 73 74 75 46 47 48 67 68 69 64 65 66 85 86 87 58 59 60 79 80 81 76 77 78 97 98 99 70 71 72 91 92 93 88 89 90 109 110 111 82 83 84 103 104 105 100 101 102 120 121 122 94 95 96 115 116 117 112 113 114 6 128 129 106 107 108 3 125 126 2 123 124 15 132 1 118 119 10 131 8 130 27 5 127 21 18 13 
15 21 8 26 27 13 33 3 17 18 38 39 6 24 1 45 9 10 29 30 2 50 51 14 36 4 5 57 19 20 41 42 7 62 63 25 48 11 12 69 31 32 53 54 16 74 75 37 60 22 23 81 43 44 65 66 28 86 87 49 72 34 35 93 55 56 77 78 40 98 99 61 84 46 47 105 67 68 89 90 52 110 111 73 96 58 59 117 79 80 101 102 64 121 122 85 108 70 71 126 91 92 113 114 76 128 129 97 119 82 83 131 103 104 123 124 88 132 109 127 94 95 115 116 130 100 120 106 107 125 112 118 
16 11 25 28 29 19 22 23 37 38 40 41 42 31 32 34 35 36 49 50 51 52 53 54 43 44 45 46 47 48 61 62 63 64 65 66 55 56 57 58 59 60 73 74 75 76 77 78 67 68 69 70 71 72 85 86 87 88 89 90 79 80 81 82 83 84 97 98 99 100 101 102 91 92 93 94 95 96 109 110 111 112 113 114 103 104 105 106 107 108 120 121 122 2 123 124 115 116 117 1 118 119 6 128 129 7 8 130 3 125 126 4 5 127 14 15 132 17 18 9 10 131 12 13 26 27 30 20 21 24 39 33 
17 24 26 29 30 33 36 4 38 39 41 42 7 45 9 48 11 12 50 51 14 53 54 16 57 19 20 60 22 23 62 63 25 65 66 28 69 31 32 72 34 35 74 75 37 77 78 40 81 43 44 84 46 47 86 87 49 89 90 52 93 55 56 96 58 59 98 99 61 101 102 64 105 67 68 108 70 71 110 111 73 113 114 76 117 79 80 119 82 83 121 122 85 123 124 88 126 91 92 127 94 95 128 129 97 8 130 100 131 103 104 13 106 107 15 132 109 18 112 21 115 116 1 118 27 120 2 3 125 5 6 10 
18 5 27 30 2 10 12 13 39 6 42 7 8 20 21 23 24 1 51 14 15 54 16 17 32 33 3 35 36 4 63 25 26 66 28 29 44 45 9 47 48 11 75 37 38 78 40 41 56 57 19 59 60 22 87 49 50 90 52 53 68 69 31 71 72 34 99 61 62 102 64 65 80 81 43 83 84 46 111 73 74 114 76 77 92 93 55 95 96 58 122 85 86 124 88 89 104 105 67 107 108 70 129 97 98 130 100 101 116 117 79 118 119 82 132 109 110 112 113 125 126 91 127 94 120 121 123 131 103 106 128 115 
19 25 11 31 32 16 37 38 22 23 43 44 45 28 29 49 50 51 34 35 36 55 56 57 40 41 42 61 62 63 46 47 48 67 68 69 52 53 54 73 74 75 58 59 60 79 80 81 64 65 66 85 86 87 70 71 72 91 92 93 76 77 78 97 98 99 82 83 84 103 104 105 88 89 90 109 110 111 94 95 96 115 116 117 100 101 102 120 121 122 106 107 108 3 125 126 112 113 114 6 128 129 1 118 119 9 10 131 2 123 124 14 15 132 4 5 127 20 21 7 8 130 26 27 12 13 33 17 18 39 24 30 
20 39 12 32 33 30 51 14 23 24 44 45 9 42 7 63 25 26 35 36 4 56 57 19 54 16 17 75 37 38 47 48 11 68 69 31 66 28 29 87 49 50 59 60 22 80 81 43 78 40 41 99 61 62 71 72 34 92 93 55 90 52 53 111 73 74 83 84 46 104 105 67 102 64 65 122 85 86 95 96 58 116 117 79 114 76 77 129 97 98 107 108 70 125 126 91 124 88 89 132 109 110 118 119 82 10 131 103 130 100 101 27 120 121 5 127 94 21 115 18 112 113 6 128 13 106 3 2 123 15 1 8 
21 15 13 33 3 8 26 27 24 1 45 9 10 17 18 38 39 6 36 4 5 57 19 20 29 30 2 50 51 14 48 11 12 69 31 32 41 42 7 62 63 25 60 22 23 81 43 44 53 54 16 74 75 37 72 34 35 93 55 56 65 66 28 86 87 49 84 46 47 105 67 68 77 78 40 98 99 61 96 58 59 117 79 80 89 90 52 110 111 73 108 70 71 126 91 92 101 102 64 121 122 85 119 82 83 131 103 104 113 114 76 128 129 97 127 94 95 115 116 123 124 88 132 109 106 107 125 130 100 120 118 112 
22 28 31 34 35 37 40 41 43 44 46 47 48 49 50 52 53 54 55 56 57 58 59 60 61 62 63 64 65 66 67 68 69 70 71 72 73 74 75 76 77 78 79 80 81 82 83 84 85 86 87 88 89 90 91 92 93 94 95 96 97 98 99 100 101 102 103 104 105 106 107 108 109 110 111 112 113 114 115 116 117 1 118 119 120 121 122 2 123 124 3 125 126 4 5 127 6 128 129 7 8 130 9 10 131 11 12 13 14 15 132 16 17 18 19 20 21 23 24 25 26 27 29 30 32 33 36 38 39 42 45 51 
23 42 32 35 36 51 54 16 44 45 47 48 11 63 25 66 28 29 56 57 19 59 60 22 75 37 38 78 40 41 68 69 31 71 72 34 87 49 50 90 52 53 80 81 43 83 84 46 99 61 62 102 64 65 92 93 55 95 96 58 111 73 74 114 76 77 104 105 67 107 108 70 122 85 86 124 88 89 116 117 79 118 119 82 129 97 98 130 100 101 125 126 91 5 127 94 132 109 110 18 112 113 10 131 103 12 13 106 27 120 121 30 2 123 20 21 115 24 1 39 6 128 7 8 33 3 4 14 15 17 9 26 
24 17 33 36 4 26 29 30 45 9 48 11 12 38 39 41 42 7 57 19 20 60 22 23 50 51 14 53 54 16 69 31 32 72 34 35 62 63 25 65 66 28 81 43 44 84 46 47 74 75 37 77 78 40 93 55 56 96 58 59 86 87 49 89 90 52 105 67 68 108 70 71 98 99 61 101 102 64 117 79 80 119 82 83 110 111 73 113 114 76 126 91 92 127 94 95 121 122 85 123 124 88 131 103 104 13 106 107 128 129 97 8 130 100 21 115 116 1 118 15 132 109 18 112 3 125 5 27 120 2 10 6 
25 19 16 37 38 11 31 32 28 29 49 50 51 22 23 43 44 45 40 41 42 61 62 63 34 35 36 55 56 57 52 53 54 73 74 75 46 47 48 67 68 69 64 65 66 85 86 87 58 59 60 79 80 81 76 77 78 97 98 99 70 71 72 91 92 93 88 89 90 109 110 111 82 83 84 103 104 105 100 101 102 120 121 122 94 95 96 115 116 117 112 113 114 6 128 129 106 107 108 3 125 126 2 123 124 14 15 132 1 118 119 9 10 131 7 8 130 26 27 4 5 127 20 21 17 18 39 12 13 33 30 24 
26 33 17 38 39 24 45 9 29 30 50 51 14 36 4 57 19 20 41 42 7 62 63 25 48 11 12 69 31 32 53 54 16 74 75 37 60 22 23 81 43 44 65 66 28 86 87 49 72 34 35 93 55 56 77 78 40 98 99 61 84 46 47 105 67 68 89 90 52 110 111 73 96 58 59 117 79 80 101 102 64 121 122 85 108 70 71 126 91 92 113 114 76 128 129 97 119 82 83 131 103 104 123 124 88 15 132 109 127 94 95 21 115 116 8 130 100 27 120 13 106 107 3 125 18 112 6 1 118 10 2 5 
27 10 18 39 6 5 20 21 30 2 51 14 15 12 13 32 33 3 42 7 8 63 25 26 23 24 1 44 45 9 54 16 17 75 37 38 35 36 4 56 57 19 66 28 29 87 49 50 47 48 11 68 69 31 78 40 41 99 61 62 59 60 22 80 81 43 90 52 53 111 73 74 71 72 34 92 93 55 102 64 65 122 85 86 83 84 46 104 105 67 114 76 77 129 97 98 95 96 58 116 117 79 124 88 89 132 109 110 107 108 70 125 126 91 130 100 101 120 121 118 119 82 131 103 112 113 128 127 94 115 123 106 
28 22 37 40 41 31 34 35 49 50 52 53 54 43 44 46 47 48 61 62 63 64 65 66 55 56 57 58 59 60 73 74 75 76 77 78 67 68 69 70 71 72 85 86 87 88 89 90 79 80 81 82 83 84 97 98 99 100 101 102 91 92 93 94 95 96 109 110 111 112 113 114 103 104 105 106 107 108 120 121 122 2 123 124 115 116 117 1 118 119 6 128 129 7 8 130 3 125 126 4 5 127 14 15 132 16 17 18 9 10 131 11 12 13 25 26 27 29 30 19 20 21 23 24 38 39 42 32 33 36 51 45 
29 36 38 41 42 45 48 11 50 51 53 54 16 57 19 60 22 23 62 63 25 65 66 28 69 31 32 72 34 35 74 75 37 77 78 40 81 43 44 84 46 47 86 87 49 89 90 52 93 55 56 96 58 59 98 99 61 101 102 64 105 67 68 108 70 71 110 111 73 113 114 76 117 79 80 119 82 83 121 122 85 123 124 88 126 91 92 127 94 95 128 129 97 8 130 100 131 103 104 13 106 107 15 132 109 17 18 112 21 115 116 24 1 118 26 27 120 30 2 33 3 125 4 5 39 6 7 9 10 12 14 20 
30 12 39 42 7 20 23 24 51 14 54 16 17 32 33 35 36 4 63 25 26 66 28 29 44 45 9 47 48 11 75 37 38 78 40 41 56 57 19 59 60 22 87 49 50 90 52 53 68 69 31 71 72 34 99 61 62 102 64 65 80 81 43 83 84 46 111 73 74 114 76 77 92 93 55 95 96 58 122 85 86 124 88 89 104 105 67 107 108 70 129 97 98 130 100 101 116 117 79 118 119 82 132 109 110 18 112 113 125 126 91 5 127 94 27 120 121 2 123 10 131 103 13 106 6 128 8 21 115 1 15 3 
31 37 22 43 44 28 49 50 34 35 55 56 57 40 41 61 62 63 46 47 48 67 68 69 52 53 54 73 74 75 58 59 60 79 80 81 64 65 66 85 86 87 70 71 72 91 92 93 76 77 78 97 98 99 82 83 84 103 104 105 88 89 90 109 110 111 94 95 96 115 116 117 100 101 102 120 121 122 106 107 108 3 125 126 112 113 114 6 128 129 1 118 119 9 10 131 2 123 124 14 15 132 4 5 127 19 20 21 7 8 130 25 26 27 11 12 13 32 33 16 17 18 38 39 23 24 45 29 30 51 36 42 
32 51 23 44 45 42 63 25 35 36 56 57 19 54 16 75 37 38 47 48 11 68 69 31 66 28 29 87 49 50 59 60 22 80 81 43 78 40 41 99 61 62 71 72 34 92 93 55 90 52 53 111 73 74 83 84 46 104 105 67 102 64 65 122 85 86 95 96 58 116 117 79 114 76 77 129 97 98 107 108 70 125 126 91 124 88 89 132 109 110 118 119 82 10 131 103 130 100 101 27 120 121 5 127 94 20 21 115 18 112 113 39 6 128 12 13 106 33 3 30 2 123 14 15 24 1 9 7 8 26 4 17 
33 26 24 45 9 17 38 39 36 4 57 19 20 29 30 50 51 14 48 11 12 69 31 32 41 42 7 62 63 25 60 22 23 81 43 44 53 54 16 74 75 37 72 34 35 93 55 56 65 66 28 86 87 49 84 46 47 105 67 68 77 78 40 98 99 61 96 58 59 117 79 80 89 90 52 110 111 73 108 70 71 126 91 92 101 102 64 121 122 85 119 82 83 131 103 104 113 114 76 128 129 97 127 94 95 21 115 116 123 124 88 15 132 109 13 106 107 3 125 8 130 100 27 120 1 118 10 18 112 6 5 2 
34 40 43 46 47 49 52 53 55 56 58 59 60 61 62 64 65 66 67 68 69 70 71 72 73 74 75 76 77 78 79 80 81 82 83 84 85 86 87 88 89 90 91 92 93 94 95 96 97 98 99 100 101 102 103 104 105 106 107 108 109 110 111 112 113 114 115 116 117 1 118 119 120 121 122 2 123 124 3 125 126 4 5 127 6 128 129 7 8 130 9 10 131 11 12 13 14 15 132 16 17 18 19 20 21 22 23 24 25 26 27 28 29 30 31 32 33 35 36 37 38 39 41 42 44 45 48 50 51 54 57 63 
35 54 44 47 48 63 66 28 56 57 59 60 22 75 37 78 40 41 68 69 31 71 72 34 87 49 50 90 52 53 80 81 43 83 84 46 99 61 62 102 64 65 92 93 55 95 96 58 111 73 74 114 76 77 104 105 67 107 108 70 122 85 86 124 88 89 116 117 79 118 119 82 129 97 98 130 100 101 125 126 91 5 127 94 132 109 110 18 112 113 10 131 103 12 13 106 27 120 121 30 2 123 20 21 115 23 24 1 39 6 128 42 7 8 32 33 3 36 4 51 14 15 16 17 45 9 11 25 26 29 19 38 
36 29 45 48 11 38 41 42 57 19 60 22 23 50 51 53 54 16 69 31 32 72 34 35 62 63 25 65 66 28 81 43 44 84 46 47 74 75 37 77 78 40 93 55 56 96 58 59 86 87 49 89 90 52 105 67 68 108 70 71 98 99 61 101 102 64 117 79 80 119 82 83 110 111 73 113 114 76 126 91 92 127 94 95 121 122 85 123 124 88 131 103 104 13 106 107 128 129 97 8 130 100 21 115 116 24 1 118 15 132 109 17 18 112 33 3 125 4 5 26 27 120 30 2 9 10 12 39 6 7 20 14 
37 31 28 49 50 22 43 44 40 41 61 62 63 34 35 55 56 57 52 53 54 73 74 75 46 47 48 67 68 69 64 65 66 85 86 87 58 59 60 79 80 81 76 77 78 97 98 99 70 71 72 91 92 93 88 89 90 109 110 111 82 83 84 103 104 105 100 101 102 120 121 122 94 95 96 115 116 117 112 113 114 6 128 129 106 107 108 3 125 126 2 123 124 14 15 132 1 118 119 9 10 131 7 8 130 25 26 27 4 5 127 19 20 21 16 17 18 38 39 11 12 13 32 33 29 30 51 23 24 45 42 36 
38 45 29 50 51 36 57 19 41 42 62 63 25 48 11 69 31 32 53 54 16 74 75 37 60 22 23 81 43 44 65 66 28 86 87 49 72 34 35 93 55 56 77 78 40 98 99 61 84 46 47 105 67 68 89 90 52 110 111 73 96 58 59 117 79 80 101 102 64 121 122 85 108 70 71 126 91 92 113 114 76 128 129 97 119 82 83 131 103 104 123 124 88 15 132 109 127 94 95 21 115 116 8 130 100 26 27 120 13 106 107 33 3 125 17 18 112 39 6 24 1 118 9 10 30 2 14 4 5 20 7 12 
39 20 30 51 14 12 32 33 42 7 63 25 26 23 24 44 45 9 54 16 17 75 37 38 35 36 4 56 57 19 66 28 29 87 49 50 47 48 11 68 69 31 78 40 41 99 61 62 59 60 22 80 81 43 90 52 53 111 73 74 71 72 34 92 93 55 102 64 65 122 85 86 83 84 46 104 105 67 114 76 77 129 97 98 95 96 58 116 117 79 124 88 89 132 109 110 107 108 70 125 126 91 130 100 101 27 120 121 118 119 82 10 131 103 18 112 113 6 128 5 127 94 21 115 2 123 15 13 106 3 8 1 
40 34 49 52 53 43 46 47 61 62 64 65 66 55 56 58 59 60 73 74 75 76 77 78 67 68 69 70 71 72 85 86 87 88 89 90 79 80 81 82 83 84 97 98 99 100 101 102 91 92 93 94 95 96 109 110 111 112 113 114 103 104 105 106 107 108 120 121 122 2 123 124 115 116 117 1 118 119 6 128 129 7 8 130 3 125 126 4 5 127 14 15 132 16 17 18 9 10 131 11 12 13 25 26 27 28 29 30 19 20 21 22 23 24 37 38 39 41 42 31 32 33 35 36 50 51 54 44 45 48 63 57 
41 48 50 53 54 57 60 22 62 63 65 66 28 69 31 72 34 35 74 75 37 77 78 40 81 43 44 84 46 47 86 87 49 89 90 52 93 55 56 96 58 59 98 99 61 101 102 64 105 67 68 108 70 71 110 111 73 113 114 76 117 79 80 119 82 83 121 122 85 123 124 88 126 91 92 127 94 95 128 129 97 8 130 100 131 103 104 13 106 107 15 132 109 17 18 112 21 115 116 24 1 118 26 27 120 29 30 2 33 3 125 36 4 5 38 39 6 42 7 45 9 10 11 12 51 14 16 19 20 23 25 32 
42 23 51 54 16 32 35 36 63 25 66 28 29 44 45 47 48 11 75 37 38 78 40 41 56 57 19 59 60 22 87 49 50 90 52 53 68 69 31 71 72 34 99 61 62 102 64 65 80 81 43 83 84 46 111 73 74 114 76 77 92 93 55 95 96 58 122 85 86 124 88 89 104 105 67 107 108 70 129 97 98 130 100 101 116 117 79 118 119 82 132 109 110 18 112 113 125 126 91 5 127 94 27 120 121 30 2 123 10 131 103 12 13 106 39 6 128 7 8 20 21 115 24 1 14 15 17 33 3 4 26 9 
43 49 34 55 56 40 61 62 46 47 67 68 69 52 53 73 74 75 58 59 60 79 80 81 64 65 66 85 86 87 70 71 72 91 92 93 76 77 78 97 98 99 82 83 84 103 104 105 88 89 90 109 110 111 94 95 96 115 116 117 100 101 102 120 121 122 106 107 108 3 125 126 112 113 114 6 128 129 1 118 119 9 10 131 2 123 124 14 15 132 4 5 127 19 20 21 7 8 130 25 26 27 11 12 13 31 32 33 16 17 18 37 38 39 22 23 24 44 45 28 29 30 50 51 35 36 57 41 42 63 48 54 
44 63 35 56 57 54 75 37 47 48 68 69 31 66 28 87 49 50 59 60 22 80 81 43 78 40 41 99 61 62 71 72 34 92 93 55 90 52 53 111 73 74 83 84 46 104 105 67 102 64 65 122 85 86 95 96 58 116 117 79 114 76 77 129 97 98 107 108 70 125 126 91 124 88 89 132 109 110 118 119 82 10 131 103 130 100 101 27 120 121 5 127 94 20 21 115 18 112 113 39 6 128 12 13 106 32 33 3 30 2 123 51 14 15 23 24 1 45 9 42 7 8 25 26 36 4 19 16 17 38 11 29 
45 38 36 57 19 29 50 51 48 11 69 31 32 41 42 62 63 25 60 22 23 81 43 44 53 54 16 74 75 37 72 34 35 93 55 56 65 66 28 86 87 49 84 46 47 105 67 68 77 78 40 98 99 61 96 58 59 117 79 80 89 90 52 110 111 73 108 70 71 126 91 92 101 102 64 121 122 85 119 82 83 131 103 104 113 114 76 128 129 97 127 94 95 21 115 116 123 124 88 15 132 109 13 106 107 33 3 125 8 130 100 26 27 120 24 1 118 9 10 17 18 112 39 6 4 5 20 30 2 14 12 7 
46 52 55 58 59 61 64 65 67 68 70 71 72 73 74 76 77 78 79 80 81 82 83 84 85 86 87 88 89 90 91 92 93 94 95 96 97 98 99 100 101 102 103 104 105 106 107 108 109 110 111 112 113 114 115 116 117 1 118 119 120 121 122 2 123 124 3 125 126 4 5 127 6 128 129 7 8 130 9 10 131 11 12 13 14 15 132 16 17 18 19 20 21 22 23 24 25 26 27 28 29 30 31 32 33 34 35 36 37 38 39 40 41 42 43 44 45 47 48 49 50 51 53 54 56 57 60 62 63 66 69 75 
47 66 56 59 60 75 78 40 68 69 71 72 34 87 49 90 52 53 80 81 43 83 84 46 99 61 62 102 64 65 92 93 55 95 96 58 111 73 74 114 76 77 104 105 67 107 108 70 122 85 86 124 88 89 116 117 79 118 119 82 129 97 98 130 100 101 125 126 91 5 127 94 132 109 110 18 112 113 10 131 103 12 13 106 27 120 121 30 2 123 20 21 115 23 24 1 39 6 128 42 7 8 32 33 3 35 36 4 51 14 15 54 16 17 44 45 9 48 11 63 25 26 28 29 57 19 22 37 38 41 31 50 
48 41 57 60 22 50 53 54 69 31 72 34 35 62 63 65 66 28 81 43 44 84 46 47 74 75 37 77 78 40 93 55 56 96 58 59 86 87 49 89 90 52 105 67 68 108 70 71 98 99 61 101 102 64 117 79 80 119 82 83 110 111 73 113 114 76 126 91 92 127 94 95 121 122 85 123 124 88 131 103 104 13 106 107 128 129 97 8 130 100 21 115 116 24 1 118 15 132 109 17 18 112 33 3 125 36 4 5 26 27 120 29 30 2 45 9 10 11 12 38 39 6 42 7 19 20 23 51 14 16 32 25 
49 43 40 61 62 34 55 56 52 53 73 74 75 46 47 67 68 69 64 65 66 85 86 87 58 59 60 79 80 81 76 77 78 97 98 99 70 71 72 91 92 93 88 89 90 109 110 111 82 83 84 103 104 105 100 101 102 120 121 122 94 95 96 115 116 117 112 113 114 6 128 129 106 107 108 3 125 126 2 123 124 14 15 132 1 118 119 9 10 131 7 8 130 25 26 27 4 5 127 19 20 21 16 17 18 37 38 39 11 12 13 31 32 33 28 29 30 50 51 22 23 24 44 45 41 42 63 35 36 57 54 48 
50 57 41 62 63 48 69 31 53 54 74 75 37 60 22 81 43 44 65 66 28 86 87 49 72 34 35 93 55 56 77 78 40 98 99 61 84 46 47 105 67 68 89 90 52 110 111 73 96 58 59 117 79 80 101 102 64 121 122 85 108 70 71 126 91 92 113 114 76 128 129 97 119 82 83 131 103 104 123 124 88 15 132 109 127 94 95 21 115 116 8 130 100 26 27 120 13 106 107 33 3 125 17 18 112 38 39 6 24 1 118 45 9 10 29 30 2 51 14 36 4 5 19 20 42 7 25 11 12 32 16 23 
51 32 42 63 25 23 44 45 54 16 75 37 38 35 36 56 57 19 66 28 29 87 49 50 47 48 11 68 69 31 78 40 41 99 61 62 59 60 22 80 81 43 90 52 53 111 73 74 71 72 34 92 93 55 102 64 65 122 85 86 83 84 46 104 105 67 114 76 77 129 97 98 95 96 58 116 117 79 124 88 89 132 109 110 107 108 70 125 126 91 130 100 101 27 120 121 118 119 82 10 131 103 18 112 113 39 6 128 5 127 94 20 21 115 30 2 123 14 15 12 13 106 33 3 7 8 26 24 1 9 17 4 
52 46 61 64 65 55 58 59 73 74 76 77 78 67 68 70 71 72 85 86 87 88 89 90 79 80 81 82 83 84 97 98 99 100 101 102 91 92 93 94 95 96 109 110 111 112 113 114 103 104 105 106 107 108 120 121 122 2 123 124 115 116 117 1 118 119 6 128 129 7 8 130 3 125 126 4 5 127 14 15 132 16 17 18 9 10 131 11 12 13 25 26 27 28 29 30 19 20 21 22 23 24 37 38 39 40 41 42 31 32 33 34 35 36 49 50 51 53 54 43 44 45 47 48 62 63 66 56 57 60 75 69 
53 60 62 65 66 69 72 34 74 75 77 78 40 81 43 84 46 47 86 87 49 89 90 52 93 55 56 96 58 59 98 99 61 101 102 64 105 67 68 108 70 71 110 111 73 113 114 76 117 79 80 119 82 83 121 122 85 123 124 88 126 91 92 127 94 95 128 129 97 8 130 100 131 103 104 13 106 107 15 132 109 17 18 112 21 115 116 24 1 118 26 27 120 29 30 2 33 3 125 36 4 5 38 39 6 41 42 7 45 9 10 48 11 12 50 51 14 54 16 57 19 20 22 23 63 25 28 31 32 35 37 44 
54 35 63 66 28 44 47 48 75 37 78 40 41 56 57 59 60 22 87 49 50 90 52 53 68 69 31 71 72 34 99 61 62 102 64 65 80 81 43 83 84 46 111 73 74 114 76 77 92 93 55 95 96 58 122 85 86 124 88 89 104 105 67 107 108 70 129 97 98 130 100 101 116 117 79 118 119 82 132 109 110 18 112 113 125 126 91 5 127 94 27 120 121 30 2 123 10 131 103 12 13 106 39 6 128 42 7 8 20 21 115 23 24 1 51 14 15 16 17 32 33 3 36 4 25 26 29 45 9 11 38 19 
55 61 46 67 68 52 73 74 58 59 79 80 81 64 65 85 86 87 70 71 72 91 92 93 76 77 78 97 98 99 82 83 84 103 104 105 88 89 90 109 110 111 94 95 96 115 116 117 100 101 102 120 121 122 106 107 108 3 125 126 112 113 114 6 128 129 1 118 119 9 10 131 2 123 124 14 15 132 4 5 127 19 20 21 7 8 130 25 26 27 11 12 13 31 32 33 16 17 18 37 38 39 22 23 24 43 44 45 28 29 30 49 50 51 34 35 36 56 57 40 41 42 62 63 47 48 69 53 54 75 60 66 
56 75 47 68 69 66 87 49 59 60 80 81 43 78 40 99 61 62 71 72 34 92 93 55 90 52 53 111 73 74 83 84 46 104 105 67 102 64 65 122 85 86 95 96 58 116 117 79 114 76 77 129 97 98 107 108 70 125 126 91 124 88 89 132 109 110 118 119 82 10 131 103 130 100 101 27 120 121 5 127 94 20 21 115 18 112 113 39 6 128 12 13 106 32 33 3 30 2 123 51 14 15 23 24 1 44 45 9 42 7 8 63 25 26 35 36 4 57 19 54 16 17 37 38 48 11 31 28 29 50 22 41 
57 50 48 69 31 41 62 63 60 22 81 43 44 53 54 74 75 37 72 34 35 93 55 56 65 66 28 86 87 49 84 46 47 105 67 68 77 78 40 98 99 61 96 58 59 117 79 80 89 90 52 110 111 73 108 70 71 126 91 92 101 102 64 121 122 85 119 82 83 131 103 104 113 114 76 128 129 97 127 94 95 21 115 116 123 124 88 15 132 109 13 106 107 33 3 125 8 130 100 26 27 120 24 1 118 45 9 10 17 18 112 38 39 6 36 4 5 19 20 29 30 2 51 14 11 12 32 42 7 25 23 16 
58 64 67 70 71 73 76 77 79 80 82 83 84 85 86 88 89 90 91 92 93 94 95 96 97 98 99 100 101 102 103 104 105 106 107 108 109 110 111 112 113 114 115 116 117 1 118 119 120 121 122 2 123 124 3 125 126 4 5 127 6 128 129 7 8 130 9 10 131 11 12 13 14 15 132 16 17 18 19 20 21 22 23 24 25 26 27 28 29 30 31 32 33 34 35 36 37 38 39 40 41 42 43 44 45 46 47 48 49 50 51 52 53 54 55 56 57 59 60 61 62 63 65 66 68 69 72 74 75 78 81 87 
59 78 68 71 72 87 90 52 80 81 83 84 46 99 61 102 64 65 92 93 55 95 96 58 111 73 74 114 76 77 104 105 67 107 108 70 122 85 86 124 88 89 116 117 79 118 119 82 129 97 98 130 100 101 125 126 91 5 127 94 132 109 110 18 112 113 10 131 103 12 13 106 27 120 121 30 2 123 20 21 115 23 24 1 39 6 128 42 7 8 32 33 3 35 36 4 51 14 15 54 16 17 44 45 9 47 48 11 63 25 26 66 28 29 56 57 19 60 22 75 37 38 40 41 69 31 34 49 50 53 43 62 
60 53 69 72 34 62 65 66 81 43 84 46 47 74 75 77 78 40 93 55 56 96 58 59 86 87 49 89 90 52 105 67 68 108 70 71 98 99 61 101 102 64 117 79 80 119 82 83 110 111 73 113 114 76 126 91 92 127 94 95 121 122 85 123 124 88 131 103 104 13 106 107 128 129 97 8 130 100 21 115 116 24 1 118 15 132 109 17 18 112 33 3 125 36 4 5 26 27 120 29 30 2 45 9 10 48 11 12 38 39 6 41 42 7 57 19 20 22 23 50 51 14 54 16 31 32 35 63 25 28 44 37 
61 55 52 73 74 46 67 68 64 65 85 86 87 58 59 79 80 81 76 77 78 97 98 99 70 71 72 91 92 93 88 89 90 109 110 111 82 83 84 103 104 105 100 101 102 120 121 122 94 95 96 115 116 117 112 113 114 6 128 129 106 107 108 3 125 126 2 123 124 14 15 132 1 118 119 9 10 131 7 8 130 25 26 27 4 5 127 19 20 21 16 17 18 37 38 39 11 12 13 31 32 33 28 29 30 49 50 51 22 23 24 43 44 45 40 41 42 62 63 34 35 36 56 57 53 54 75 47 48 69 66 60 
62 69 53 74 75 60 81 43 65 66 86 87 49 72 34 93 55 56 77 78 40 98 99 61 84 46 47 105 67 68 89 90 52 110 111 73 96 58 59 117 79 80 101 102 64 121 122 85 108 70 71 126 91 92 113 114 76 128 129 97 119 82 83 131 103 104 123 124 88 15 132 109 127 94 95 21 115 116 8 130 100 26 27 120 13 106 107 33 3 125 17 18 112 38 39 6 24 1 118 45 9 10 29 30 2 50 51 14 36 4 5 57 19 20 41 42 7 63 25 48 11 12 31 32 54 16 37 22 23 44 28 35 
63 44 54 75 37 35 56 57 66 28 87 49 50 47 48 68 69 31 78 40 41 99 61 62 59 60 22 80 81 43 90 52 53 111 73 74 71 72 34 92 93 55 102 64 65 122 85 86 83 84 46 104 105 67 114 76 77 129 97 98 95 96 58 116 117 79 124 88 89 132 109 110 107 108 70 125 126 91 130 100 101 27 120 121 118 119 82 10 131 103 18 112 113 39 6 128 5 127 94 20 21 115 30 2 123 51 14 15 12 13 106 32 33 3 42 7 8 25 26 23 24 1 45 9 16 17 38 36 4 19 29 11 
64 58 73 76 77 67 70 71 85 86 88 89 90 79 80 82 83 84 97 98 99 100 101 102 91 92 93 94 95 96 109 110 111 112 113 114 103 104 105 106 107 108 120 121 122 2 123 124 115 116 117 1 118 119 6 128 129 7 8 130 3 125 126 4 5 127 14 15 132 16 17 18 9 10 131 11 12 13 25 26 27 28 29 30 19 20 21 22 23 24 37 38 39 40 41 42 31 32 33 34 35 36 49 50 51 52 53 54 43 44 45 46 47 48 61 62 63 65 66 55 56 57 59 60 74 75 78 68 69 72 87 81 
65 72 74 77 78 81 84 46 86 87 89 90 52 93 55 96 58 59 98 99 61 101 102 64 105 67 68 108 70 71 110 111 73 113 114 76 117 79 80 119 82 83 121 122 85 123 124 88 126 91 92 127 94 95 128 129 97 8 130 100 131 103 104 13 106 107 15 132 109 17 18 112 21 115 116 24 1 118 26 27 120 29 30 2 33 3 125 36 4 5 38 39 6 41 42 7 45 9 10 48 11 12 50 51 14 53 54 16 57 19 20 60 22 23 62 63 25 66 28 69 31 32 34 35 75 37 40 43 44 47 49 56 
66 47 75 78 40 56 59 60 87 49 90 52 53 68 69 71 72 34 99 61 62 102 64 65 80 81 43 83 84 46 111 73 74 114 76 77 92 93 55 95 96 58 122 85 86 124 88 89 104 105 67 107 108 70 129 97 98 130 100 101 116 117 79 118 119 82 132 109 110 18 112 113 125 126 91 5 127 94 27 120 121 30 2 123 10 131 103 12 13 106 39 6 128 42 7 8 20 21 115 23 24 1 51 14 15 54 16 17 32 33 3 35 36 4 63 25 26 28 29 44 45 9 48 11 37 38 41 57 19 22 50 31 
67 73 58 79 80 64 85 86 70 71 91 92 93 76 77 97 98 99 82 83 84 103 104 105 88 89 90 109 110 111 94 95 96 115 116 117 100 101 102 120 121 122 106 107 108 3 125 126 112 113 114 6 128 129 1 118 119 9 10 131 2 123 124 14 15 132 4 5 127 19 20 21 7 8 130 25 26 27 11 12 13 31 32 33 16 17 18 37 38 39 22 23 24 43 44 45 28 29 30 49 50 51 34 35 36 55 56 57 40 41 42 61 62 63 46 47 48 68 69 52 53 54 74 75 59 60 81 65 66 87 72 78 
68 87 59 80 81 78 99 61 71 72 92 93 55 90 52 111 73 74 83 84 46 104 105 67 102 64 65 122 85 86 95 96 58 116 117 79 114 76 77 129 97 98 107 108 70 125 126 91 124 88 89 132 109 110 118 119 82 10 131 103 130 100 101 27 120 121 5 127 94 20 21 115 18 112 113 39 6 128 12 13 106 32 33 3 30 2 123 51 14 15 23 24 1 44 45 9 42 7 8 63 25 26 35 36 4 56 57 19 54 16 17 75 37 38 47 48 11 69 31 66 28 29 49 50 60 22 43 40 41 62 34 53 
69 62 60 81 43 53 74 75 72 34 93 55 56 65 66 86 87 49 84 46 47 105 67 68 77 78 40 98 99 61 96 58 59 117 79 80 89 90 52 110 111 73 108 70 71 126 91 92 101 102 64 121 122 85 119 82 83 131 103 104 113 114 76 128 129 97 127 94 95 21 115 116 123 124 88 15 132 109 13 106 107 33 3 125 8 130 100 26 27 120 24 1 118 45 9 10 17 18 112 38 39 6 36 4 5 57 19 20 29 30 2 50 51 14 48 11 12 31 32 41 42 7 63 25 22 23 44 54 16 37 35 28 
70 76 79 82 83 85 88 89 91 92 94 95 96 97 98 100 101 102 103 104 105 106 107 108 109 110 111 112 113 114 115 116 117 1 118 119 120 121 122 2 123 124 3 125 126 4 5 127 6 128 129 7 8 130 9 10 131 11 12 13 14 15 132 16 17 18 19 20 21 22 23 24 25 26 27 28 29 30 31 32 33 34 35 36 37 38 39 40 41 42 43 44 45 46 47 48 49 50 51 52 53 54 55 56 57 58 59 60 61 62 63 64 65 66 67 68 69 71 72 73 74 75 77 78 80 81 84 86 87 90 93 99 
71 90 80 83 84 99 102 64 92 93 95 96 58 111 73 114 76 77 104 105 67 107 108 70 122 85 86 124 88 89 116 117 79 118 119 82 129 97 98 130 100 101 125 126 91 5 127 94 132 109 110 18 112 113 10 131 103 12 13 106 27 120 121 30 2 123 20 21 115 23 24 1 39 6 128 42 7 8 32 33 3 35 36 4 51 14 15 54 16 17 44 45 9 47 48 11 63 25 26 66 28 29 56 57 19 59 60 22 75 37 38 78 40 41 68 69 31 72 34 87 49 50 52 53 81 43 46 61 62 65 55 74 
72 65 81 84 46 74 77 78 93 55 96 58 59 86 87 89 90 52 105 67 68 108 70 71 98 99 61 101 102 64 117 79 80 119 82 83 110 111 73 113 114 76 126 91 92 127 94 95 121 122 85 123 124 88 131 103 104 13 106 107 128 129 97 8 130 100 21 115 116 24 1 118 15 132 109 17 18 112 33 3 125 36 4 5 26 27 120 29 30 2 45 9 10 48 11 12 38 39 6 41 42 7 57 19 20 60 22 23 50 51 14 53 54 16 69 31 32 34 35 62 63 25 66 28 43 44 47 75 37 40 56 49 
73 67 64 85 86 58 79 80 76 77 97 98 99 70 71 91 92 93 88 89 90 109 110 111 82 83 84 103 104 105 100 101 102 120 121 122 94 95 96 115 116 117 112 113 114 6 128 129 106 107 108 3 125 126 2 123 124 14 15 132 1 118 119 9 10 131 7 8 130 25 26 27 4 5 127 19 20 21 16 17 18 37 38 39 11 12 13 31 32 33 28 29 30 49 50 51 22 23 24 43 44 45 40 41 42 61 62 63 34 35 36 55 56 57 52 53 54 74 75 46 47 48 68 69 65 66 87 59 60 81 78 72 
74 81 65 86 87 72 93 55 77 78 98 99 61 84 46 105 67 68 89 90 52 110 111 73 96 58 59 117 79 80 101 102 64 121 122 85 108 70 71 126 91 92 113 114 76 128 129 97 119 82 83 131 103 104 123 124 88 15 132 109 127 94 95 21 115 116 8 130 100 26 27 120 13 106 107 33 3 125 17 18 112 38 39 6 24 1 118 45 9 10 29 30 2 50 51 14 36 4 5 57 19 20 41 42 7 62 63 25 48 11 12 69 31 32 53 54 16 75 37 60 22 23 43 44 66 28 49 34 35 56 40 47 
75 56 66 87 49 47 68 69 78 40 99 61 62 59 60 80 81 43 90 52 53 111 73 74 71 72 34 92 93 55 102 64 65 122 85 86 83 84 46 104 105 67 114 76 77 129 97 98 95 96 58 116 117 79 124 88 89 132 109 110 107 108 70 125 126 91 130 100 101 27 120 121 118 119 82 10 131 103 18 112 113 39 6 128 5 127 94 20 21 115 30 2 123 51 14 15 12 13 106 32 33 3 42 7 8 63 25 26 23 24 1 44 45 9 54 16 17 37 38 35 36 4 57 19 28 29 50 48 11 31 41 22 
76 70 85 88 89 79 82 83 97 98 100 101 102 91 92 94 95 96 109 110 111 112 113 114 103 104 105 106 107 108 120 121 122 2 123 124 115 116 117 1 118 119 6 128 129 7 8 130 3 125 126 4 5 127 14 15 132 16 17 18 9 10 131 11 12 13 25 26 27 28 29 30 19 20 21 22 23 24 37 38 39 40 41 42 31 32 33 34 35 36 49 50 51 52 53 54 43 44 45 46 47 48 61 62 63 64 65 66 55 56 57 58 59 60 73 74 75 77 78 67 68 69 71 72 86 87 90 80 81 84 99 93 
77 84 86 89 90 93 96 58 98 99 101 102 64 105 67 108 70 71 110 111 73 113 114 76 117 79 80 119 82 83 121 122 85 123 124 88 126 91 92 127 94 95 128 129 97 8 130 100 131 103 104 13 106 107 15 132 109 17 18 112 21 115 116 24 1 118 26 27 120 29 30 2 33 3 125 36 4 5 38 39 6 41 42 7 45 9 10 48 11 12 50 51 14 53 54 16 57 19 20 60 22 23 62 63 25 65 66 28 69 31 32 72 34 35 74 75 37 78 40 81 43 44 46 47 87 49 52 55 56 59 61 68 
78 59 87 90 52 68 71 72 99 61 102 64 65 80 81 83 84 46 111 73 74 114 76 77 92 93 55 95 96 58 122 85 86 124 88 89 104 105 67 107 108 70 129 97 98 130 100 101 116 117 79 118 119 82 132 109 110 18 112 113 125 126 91 5 127 94 27 120 121 30 2 123 10 131 103 12 13 106 39 6 128 42 7 8 20 21 115 23 24 1 51 14 15 54 16 17 32 33 3 35 36 4 63 25 26 66 28 29 44 45 9 47 48 11 75 37 38 40 41 56 57 19 60 22 49 50 53 69 31 34 62 43 
79 85 70 91 92 76 97 98 82 83 103 104 105 88 89 109 110 111 94 95 96 115 116 117 100 101 102 120 121 122 106 107 108 3 125 126 112 113 114 6 128 129 1 118 119 9 10 131 2 123 124 14 15 132 4 5 127 19 20 21 7 8 130 25 26 27 11 12 13 31 32 33 16 17 18 37 38 39 22 23 24 43 44 45 28 29 30 49 50 51 34 35 36 55 56 57 40 41 42 61 62 63 46 47 48 67 68 69 52 53 54 73 74 75 58 59 60 80 81 64 65 66 86 87 71 72 93 77 78 99 84 90 
80 99 71 92 93 90 111 73 83 84 104 105 67 102 64 122 85 86 95 96 58 116 117 79 114 76 77 129 97 98 107 108 70 125 126 91 124 88 89 132 109 110 118 119 82 10 131 103 130 100 101 27 120 121 5 127 94 20 21 115 18 112 113 39 6 128 12 13 106 32 33 3 30 2 123 51 14 15 23 24 1 44 45 9 42 7 8 63 25 26 35 36 4 56 57 19 54 16 17 75 37 38 47 48 11 68 69 31 66 28 29 87 49 50 59 60 22 81 43 78 40 41 61 62 72 34 55 52 53 74 46 65 
81 74 72 93 55 65 86 87 84 46 105 67 68 77 78 98 99 61 96 58 59 117 79 80 89 90 52 110 111 73 108 70 71 126 91 92 101 102 64 121 122 85 119 82 83 131 103 104 113 114 76 128 129 97 127 94 95 21 115 116 123 124 88 15 132 109 13 106 107 33 3 125 8 130 100 26 27 120 24 1 118 45 9 10 17 18 112 38 39 6 36 4 5 57 19 20 29 30 2 50 51 14 48 11 12 69 31 32 41 42 7 62 63 25 60 22 23 43 44 53 54 16 75 37 34 35 56 66 28 49 47 40 
82 88 91 94 95 97 100 101 103 104 106 107 108 109 110 112 113 114 115 116 117 1 118 119 120 121 122 2 123 124 3 125 126 4 5 127 6 128 129 7 8 130 9 10 131 11 12 13 14 15 132 16 17 18 19 20 21 22 23 24 25 26 27 28 29 30 31 32 33 34 35 36 37 38 39 40 41 42 43 44 45 46 47 48 49 50 51 52 53 54 55 56 57 58 59 60 61 62 63 64 65 66 67 68 69 70 71 72 73 74 75 76 77 78 79 80 81 83 84 85 86 87 89 90 92 93 96 98 99 102 105 111 
83 102 92 95 96 111 114 76 104 105 107 108 70 122 85 124 88 89 116 117 79 118 119 82 129 97 98 130 100 101 125 126 91 5 127 94 132 109 110 18 112 113 10 131 103 12 13 106 27 120 121 30 2 123 20 21 115 23 24 1 39 6 128 42 7 8 32 33 3 35 36 4 51 14 15 54 16 17 44 45 9 47 48 11 63 25 26 66 28 29 56 57 19 59 60 22 75 37 38 78 40 41 68 69 31 71 72 34 87 49 50 90 52 53 80 81 43 84 46 99 61 62 64 65 93 55 58 73 74 77 67 86 
84 77 93 96 58 86 89 90 105 67 108 70 71 98 99 101 102 64 117 79 80 119 82 83 110 111 73 113 114 76 126 91 92 127 94 95 121 122 85 123 124 88 131 103 104 13 106 107 128 129 97 8 130 100 21 115 116 24 1 118 15 132 109 17 18 112 33 3 125 36 4 5 26 27 120 29 30 2 45 9 10 48 11 12 38 39 6 41 42 7 57 19 20 60 22 23 50 51 14 53 54 16 69 31 32 72 34 35 62 63 25 65 66 28 81 43 44 46 47 74 75 37 78 40 55 56 59 87 49 52 68 61 
85 79 76 97 98 70 91 92 88 89 109 110 111 82 83 103 104 105 100 101 102 120 121 122 94 95 96 115 116 117 112 113 114 6 128 129 106 107 108 3 125 126 2 123 124 14 15 132 1 118 119 9 10 131 7 8 130 25 26 27 4 5 127 19 20 21 16 17 18 37 38 39 11 12 13 31 32 33 28 29 30 49 50 51 22 23 24 43 44 45 40 41 42 61 62 63 34 35 36 55 56 57 52 53 54 73 74 75 46 47 48 67 68 69 64 65 66 86 87 58 59 60 80 81 77 78 99 71 72 93 90 84 
86 93 77 98 99 84 105 67 89 90 110 111 73 96 58 117 79 80 101 102 64 121 122 85 108 70 71 126 91 92 113 114 76 128 129 97 119 82 83 131 103 104 123 124 88 15 132 109 127 94 95 21 115 116 8 130 100 26 27 120 13 106 107 33 3 125 17 18 112 38 39 6 24 1 118 45 9 10 29 30 2 50 51 14 36 4 5 57 19 20 41 42 7 62 63 25 48 11 12 69 31 32 53 54 16 74 75 37 60 22 23 81 43 44 65 66 28 87 49 72 34 35 55 56 78 40 61 46 47 68 52 59 
87 68 78 99 61 59 80 81 90 52 111 73 74 71 72 92 93 55 102 64 65 122 85 86 83 84 46 104 105 67 114 76 77 129 97 98 95 96 58 116 117 79 124 88 89 132 109 110 107 108 70 125 126 91 130 100 101 27 120 121 118 119 82 10 131 103 18 112 113 39 6 128 5 127 94 20 21 115 30 2 123 51 14 15 12 13 106 32 33 3 42 7 8 63 25 26 23 24 1 44 45 9 54 16 17 75 37 38 35 36 4 56 57 19 66 28 29 49 50 47 48 11 69 31 40 41 62 60 22 43 53 34 
88 82 97 100 101 91 94 95 109 110 112 113 114 103 104 106 107 108 120 121 122 2 123 124 115 116 117 1 118 119 6 128 129 7 8 130 3 125 126 4 5 127 14 15 132 16 17 18 9 10 131 11 12 13 25 26 27 28 29 30 19 20 21 22 23 24 37 38 39 40 41 42 31 32 33 34 35 36 49 50 51 52 53 54 43 44 45 46 47 48 61 62 63 64 65 66 55 56 57 58 59 60 73 74 75 76 77 78 67 68 69 70 71 72 85 86 87 89 90 79 80 81 83 84 98 99 102 92 93 96 111 105 
89 96 98 101 102 105 108 70 110 111 113 114 76 117 79 119 82 83 121 122 85 123 124 88 126 91 92 127 94 95 128 129 97 8 130 100 131 103 104 13 106 107 15 132 109 17 18 112 21 115 116 24 1 118 26 27 120 29 30 2 33 3 125 36 4 5 38 39 6 41 42 7 45 9 10 48 11 12 50 51 14 53 54 16 57 19 20 60 22 23 62 63 25 65 66 28 69 31 32 72 34 35 74 75 37 77 78 40 81 43 44 84 46 47 86 87 49 90 52 93 55 56 58 59 99 61 64 67 68 71 73 80 
90 71 99 102 64 80 83 84 111 73 114 76 77 92 93 95 96 58 122 85 86 124 88 89 104 105 67 107 108 70 129 97 98 130 100 101 116 117 79 118 119 82 132 109 110 18 112 113 125 126 91 5 127 94 27 120 121 30 2 123 10 131 103 12 13 106 39 6 128 42 7 8 20 21 115 23 24 1 51 14 15 54 16 17 32 33 3 35 36 4 63 25 26 66 28 29 44 45 9 47 48 11 75 37 38 78 40 41 56 57 19 59 60 22 87 49 50 52 53 68 69 31 72 34 61 62 65 81 43 46 74 55 
91 97 82 103 104 88 109 110 94 95 115 116 117 100 101 120 121 122 106 107 108 3 125 126 112 113 114 6 128 129 1 118 119 9 10 131 2 123 124 14 15 132 4 5 127 19 20 21 7 8 130 25 26 27 11 12 13 31 32 33 16 17 18 37 38 39 22 23 24 43 44 45 28 29 30 49 50 51 34 35 36 55 56 57 40 41 42 61 62 63 46 47 48 67 68 69 52 53 54 73 74 75 58 59 60 79 80 81 64 65 66 85 86 87 70 71 72 92 93 76 77 78 98 99 83 84 105 89 90 111 96 102 
92 111 83 104 105 102 122 85 95 96 116 117 79 114 76 129 97 98 107 108 70 125 126 91 124 88 89 132 109 110 118 119 82 10 131 103 130 100 101 27 120 121 5 127 94 20 21 115 18 112 113 39 6 128 12 13 106 32 33 3 30 2 123 51 14 15 23 24 1 44 45 9 42 7 8 63 25 26 35 36 4 56 57 19 54 16 17 75 37 38 47 48 11 68 69 31 66 28 29 87 49 50 59 60 22 80 81 43 78 40 41 99 61 62 71 72 34 93 55 90 52 53 73 74 84 46 67 64 65 86 58 77 
93 86 84 105 67 77 98 99 96 58 117 79 80 89 90 110 111 73 108 70 71 126 91 92 101 102 64 121 122 85 119 82 83 131 103 104 113 114 76 128 129 97 127 94 95 21 115 116 123 124 88 15 132 109 13 106 107 33 3 125 8 130 100 26 27 120 24 1 118 45 9 10 17 18 112 38 39 6 36 4 5 57 19 20 29 30 2 50 51 14 48 11 12 69 31 32 41 42 7 62 63 25 60 22 23 81 43 44 53 54 16 74 75 37 72 34 35 55 56 65 66 28 87 49 46 47 68 78 40 61 59 52 
94 100 103 106 107 109 112 113 115 116 1 118 119 120 121 2 123 124 3 125 126 4 5 127 6 128 129 7 8 130 9 10 131 11 12 13 14 15 132 16 17 18 19 20 21 22 23 24 25 26 27 28 29 30 31 32 33 34 35 36 37 38 39 40 41 42 43 44 45 46 47 48 49 50 51 52 53 54 55 56 57 58 59 60 61 62 63 64 65 66 67 68 69 70 71 72 73 74 75 76 77 78 79 80 81 82 83 84 85 86 87 88 89 90 91 92 93 95 96 97 98 99 101 102 104 105 108 110 111 114 117 122 
95 114 104 107 108 122 124 88 116 117 118 119 82 129 97 130 100 101 125 126 91 5 127 94 132 109 110 18 112 113 10 131 103 12 13 106 27 120 121 30 2 123 20 21 115 23 24 1 39 6 128 42 7 8 32 33 3 35 36 4 51 14 15 54 16 17 44 45 9 47 48 11 63 25 26 66 28 29 56 57 19 59 60 22 75 37 38 78 40 41 68 69 31 71 72 34 87 49 50 90 52 53 80 81 43 83 84 46 99 61 62 102 64 65 92 93 55 96 58 111 73 74 76 77 105 67 70 85 86 89 79 98 
96 89 105 108 70 98 101 102 117 79 119 82 83 110 111 113 114 76 126 91 92 127 94 95 121 122 85 123 124 88 131 103 104 13 106 107 128 129 97 8 130 100 21 115 116 24 1 118 15 132 109 17 18 112 33 3 125 36 4 5 26 27 120 29 30 2 45 9 10 48 11 12 38 39 6 41 42 7 57 19 20 60 22 23 50 51 14 53 54 16 69 31 32 72 34 35 62 63 25 65 66 28 81 43 44 84 46 47 74 75 37 77 78 40 93 55 56 58 59 86 87 49 90 52 67 68 71 99 61 64 80 73 
97 91 88 109 110 82 103 104 100 101 120 121 122 94 95 115 116 117 112 113 114 6 128 129 106 107 108 3 125 126 2 123 124 14 15 132 1 118 119 9 10 131 7 8 130 25 26 27 4 5 127 19 20 21 16 17 18 37 38 39 11 12 13 31 32 33 28 29 30 49 50 51 22 23 24 43 44 45 40 41 42 61 62 63 34 35 36 55 56 57 52 53 54 73 74 75 46 47 48 67 68 69 64 65 66 85 86 87 58 59 60 79 80 81 76 77 78 98 99 70 71 72 92 93 89 90 111 83 84 105 102 96 
98 105 89 110 111 96 117 79 101 102 121 122 85 108 70 126 91 92 113 114 76 128 129 97 119 82 83 131 103 104 123 124 88 15 132 109 127 94 95 21 115 116 8 130 100 26 27 120 13 106 107 33 3 125 17 18 112 38 39 6 24 1 118 45 9 10 29 30 2 50 51 14 36 4 5 57 19 20 41 42 7 62 63 25 48 11 12 69 31 32 53 54 16 74 75 37 60 22 23 81 43 44 65 66 28 86 87 49 72 34 35 93 55 56 77 78 40 99 61 84 46 47 67 68 90 52 73 58 59 80 64 71 
99 80 90 111 73 71 92 93 102 64 122 85 86 83 84 104 105 67 114 76 77 129 97 98 95 96 58 116 117 79 124 88 89 132 109 110 107 108 70 125 126 91 130 100 101 27 120 121 118 119 82 10 131 103 18 112 113 39 6 128 5 127 94 20 21 115 30 2 123 51 14 15 12 13 106 32 33 3 42 7 8 63 25 26 23 24 1 44 45 9 54 16 17 75 37 38 35 36 4 56 57 19 66 28 29 87 49 50 47 48 11 68 69 31 78 40 41 61 62 59 60 22 81 43 52 53 74 72 34 55 65 46 
100 94 109 112 113 103 106 107 120 121 2 123 124 115 116 1 118 119 6 128 129 7 8 130 3 125 126 4 5 127 14 15 132 16 17 18 9 10 131 11 12 13 25 26 27 28 29 30 19 20 21 22 23 24 37 38 39 40 41 42 31 32 33 34 35 36 49 50 51 52 53 54 43 44 45 46 47 48 61 62 63 64 65 66 55 56 57 58 59 60 73 74 75 76 77 78 67 68 69 70 71 72 85 86 87 88 89 90 79 80 81 82 83 84 97 98 99 101 102 91 92 93 95 96 110 111 114 104 105 108 122 117 
101 108 110 113 114 117 119 82 121 122 123 124 88 126 91 127 94 95 128 129 97 8 130 100 131 103 104 13 106 107 15 132 109 17 18 112 21 115 116 24 1 118 26 27 120 29 30 2 33 3 125 36 4 5 38 39 6 41 42 7 45 9 10 48 11 12 50 51 14 53 54 16 57 19 20 60 22 23 62 63 25 65 66 28 69 31 32 72 34 35 74 75 37 77 78 40 81 43 44 84 46 47 86 87 49 89 90 52 93 55 56 96 58 59 98 99 61 102 64 105 67 68 70 71 111 73 76 79 80 83 85 92 
102 83 111 114 76 92 95 96 122 85 124 88 89 104 105 107 108 70 129 97 98 130 100 101 116 117 79 118 119 82 132 109 110 18 112 113 125 126 91 5 127 94 27 120 121 30 2 123 10 131 103 12 13 106 39 6 128 42 7 8 20 21 115 23 24 1 51 14 15 54 16 17 32 33 3 35 36 4 63 25 26 66 28 29 44 45 9 47 48 11 75 37 38 78 40 41 56 57 19 59 60 22 87 49 50 90 52 53 68 69 31 71 72 34 99 61 62 64 65 80 81 43 84 46 73 74 77 93 55 58 86 67 
103 109 94 115 116 100 120 121 106 107 3 125 126 112 113 6 128 129 1 118 119 9 10 131 2 123 124 14 15 132 4 5 127 19 20 21 7 8 130 25 26 27 11 12 13 31 32 33 16 17 18 37 38 39 22 23 24 43 44 45 28 29 30 49 50 51 34 35 36 55 56 57 40 41 42 61 62 63 46 47 48 67 68 69 52 53 54 73 74 75 58 59 60 79 80 81 64 65 66 85 86 87 70 71 72 91 92 93 76 77 78 97 98 99 82 83 84 104 105 88 89 90 110 111 95 96 117 101 102 122 108 114 
104 122 95 116 117 114 129 97 107 108 125 126 91 124 88 132 109 110 118 119 82 10 131 103 130 100 101 27 120 121 5 127 94 20 21 115 18 112 113 39 6 128 12 13 106 32 33 3 30 2 123 51 14 15 23 24 1 44 45 9 42 7 8 63 25 26 35 36 4 56 57 19 54 16 17 75 37 38 47 48 11 68 69 31 66 28 29 87 49 50 59 60 22 80 81 43 78 40 41 99 61 62 71 72 34 92 93 55 90 52 53 111 73 74 83 84 46 105 67 102 64 65 85 86 96 58 79 76 77 98 70 89 
105 98 96 117 79 89 110 111 108 70 126 91 92 101 102 121 122 85 119 82 83 131 103 104 113 114 76 128 129 97 127 94 95 21 115 116 123 124 88 15 132 109 13 106 107 33 3 125 8 130 100 26 27 120 24 1 118 45 9 10 17 18 112 38 39 6 36 4 5 57 19 20 29 30 2 50 51 14 48 11 12 69 31 32 41 42 7 62 63 25 60 22 23 81 43 44 53 54 16 74 75 37 72 34 35 93 55 56 65 66 28 86 87 49 84 46 47 67 68 77 78 40 99 61 58 59 80 90 52 73 71 64 
106 112 115 1 118 120 2 123 3 125 4 5 127 6 128 7 8 130 9 10 131 11 12 13 14 15 132 16 17 18 19 20 21 22 23 24 25 26 27 28 29 30 31 32 33 34 35 36 37 38 39 40 41 42 43 44 45 46 47 48 49 50 51 52 53 54 55 56 57 58 59 60 61 62 63 64 65 66 67 68 69 70 71 72 73 74 75 76 77 78 79 80 81 82 83 84 85 86 87 88 89 90 91 92 93 94 95 96 97 98 99 100 101 102 103 104 105 107 108 109 110 111 113 114 116 117 119 121 122 124 126 129 
107 124 116 118 119 129 130 100 125 126 5 127 94 132 109 18 112 113 10 131 103 12 13 106 27 120 121 30 2 123 20 21 115 23 24 1 39 6 128 42 7 8 32 33 3 35 36 4 51 14 15 54 16 17 44 45 9 47 48 11 63 25 26 66 28 29 56 57 19 59 60 22 75 37 38 78 40 41 68 69 31 71 72 34 87 49 50 90 52 53 80 81 43 83 84 46 99 61 62 102 64 65 92 93 55 95 96 58 111 73 74 114 76 77 104 105 67 108 70 122 85 86 88 89 117 79 82 97 98 101 91 110 
108 101 117 119 82 110 113 114 126 91 127 94 95 121 122 123 124 88 131 103 104 13 106 107 128 129 97 8 130 100 21 115 116 24 1 118 15 132 109 17 18 112 33 3 125 36 4 5 26 27 120 29 30 2 45 9 10 48 11 12 38 39 6 41 42 7 57 19 20 60 22 23 50 51 14 53 54 16 69 31 32 72 34 35 62 63 25 65 66 28 81 43 44 84 46 47 74 75 37 77 78 40 93 55 56 96 58 59 86 87 49 89 90 52 105 67 68 70 71 98 99 61 102 64 79 80 83 111 73 76 92 85 
109 103 100 120 121 94 115 116 112 113 6 128 129 106 107 3 125 126 2 123 124 14 15 132 1 118 119 9 10 131 7 8 130 25 26 27 4 5 127 19 20 21 16 17 18 37 38 39 11 12 13 31 32 33 28 29 30 49 50 51 22 23 24 43 44 45 40 41 42 61 62 63 34 35 36 55 56 57 52 53 54 73 74 75 46 47 48 67 68 69 64 65 66 85 86 87 58 59 60 79 80 81 76 77 78 97 98 99 70 71 72 91 92 93 88 89 90 110 111 82 83 84 104 105 101 102 122 95 96 117 114 108 
110 117 101 121 122 108 126 91 113 114 128 129 97 119 82 131 103 104 123 124 88 15 132 109 127 94 95 21 115 116 8 130 100 26 27 120 13 106 107 33 3 125 17 18 112 38 39 6 24 1 118 45 9 10 29 30 2 50 51 14 36 4 5 57 19 20 41 42 7 62 63 25 48 11 12 69 31 32 53 54 16 74 75 37 60 22 23 81 43 44 65 66 28 86 87 49 72 34 35 93 55 56 77 78 40 98 99 61 84 46 47 105 67 68 89 90 52 111 73 96 58 59 79 80 102 64 85 70 71 92 76 83 
111 92 102 122 85 83 104 105 114 76 129 97 98 95 96 116 117 79 124 88 89 132 109 110 107 108 70 125 126 91 130 100 101 27 120 121 118 119 82 10 131 103 18 112 113 39 6 128 5 127 94 20 21 115 30 2 123 51 14 15 12 13 106 32 33 3 42 7 8 63 25 26 23 24 1 44 45 9 54 16 17 75 37 38 35 36 4 56 57 19 66 28 29 87 49 50 47 48 11 68 69 31 78 40 41 99 61 62 59 60 22 80 81 43 90 52 53 73 74 71 72 34 93 55 64 65 86 84 46 67 77 58 
112 106 120 2 123 115 1 118 6 128 7 8 130 3 125 4 5 127 14 15 132 16 17 18 9 10 131 11 12 13 25 26 27 28 29 30 19 20 21 22 23 24 37 38 39 40 41 42 31 32 33 34 35 36 49 50 51 52 53 54 43 44 45 46 47 48 61 62 63 64 65 66 55 56 57 58 59 60 73 74 75 76 77 78 67 68 69 70 71 72 85 86 87 88 89 90 79 80 81 82 83 84 97 98 99 100 101 102 91 92 93 94 95 96 109 110 111 113 114 103 104 105 107 108 121 122 124 116 117 119 129 126 
113 119 121 123 124 126 127 94 128 129 8 130 100 131 103 13 106 107 15 132 109 17 18 112 21 115 116 24 1 118 26 27 120 29 30 2 33 3 125 36 4 5 38 39 6 41 42 7 45 9 10 48 11 12 50 51 14 53 54 16 57 19 20 60 22 23 62 63 25 65 66 28 69 31 32 72 34 35 74 75 37 77 78 40 81 43 44 84 46 47 86 87 49 89 90 52 93 55 56 96 58 59 98 99 61 101 102 64 105 67 68 108 70 71 110 111 73 114 76 117 79 80 82 83 122 85 88 91 92 95 97 104 
114 95 122 124 88 104 107 108 129 97 130 100 101 116 117 118 119 82 132 109 110 18 112 113 125 126 91 5 127 94 27 120 121 30 2 123 10 131 103 12 13 106 39 6 128 42 7 8 20 21 115 23 24 1 51 14 15 54 16 17 32 33 3 35 36 4 63 25 26 66 28 29 44 45 9 47 48 11 75 37 38 78 40 41 56 57 19 59 60 22 87 49 50 90 52 53 68 69 31 71 72 34 99 61 62 102 64 65 80 81 43 83 84 46 111 73 74 76 77 92 93 55 96 58 85 86 89 105 67 70 98 79 
115 120 106 3 125 112 6 128 1 118 9 10 131 2 123 14 15 132 4 5 127 19 20 21 7 8 130 25 26 27 11 12 13 31 32 33 16 17 18 37 38 39 22 23 24 43 44 45 28 29 30 49 50 51 34 35 36 55 56 57 40 41 42 61 62 63 46 47 48 67 68 69 52 53 54 73 74 75 58 59 60 79 80 81 64 65 66 85 86 87 70 71 72 91 92 93 76 77 78 97 98 99 82 83 84 103 104 105 88 89 90 109 110 111 94 95 96 116 117 100 101 102 121 122 107 108 126 113 114 129 119 124 
116 129 107 125 126 124 132 109 118 119 10 131 103 130 100 27 120 121 5 127 94 20 21 115 18 112 113 39 6 128 12 13 106 32 33 3 30 2 123 51 14 15 23 24 1 44 45 9 42 7 8 63 25 26 35 36 4 56 57 19 54 16 17 75 37 38 47 48 11 68 69 31 66 28 29 87 49 50 59 60 22 80 81 43 78 40 41 99 61 62 71 72 34 92 93 55 90 52 53 111 73 74 83 84 46 104 105 67 102 64 65 122 85 86 95 96 58 117 79 114 76 77 97 98 108 70 91 88 89 110 82 101 
117 110 108 126 91 101 121 122 119 82 131 103 104 113 114 128 129 97 127 94 95 21 115 116 123 124 88 15 132 109 13 106 107 33 3 125 8 130 100 26 27 120 24 1 118 45 9 10 17 18 112 38 39 6 36 4 5 57 19 20 29 30 2 50 51 14 48 11 12 69 31 32 41 42 7 62 63 25 60 22 23 81 43 44 53 54 16 74 75 37 72 34 35 93 55 56 65 66 28 86 87 49 84 46 47 105 67 68 77 78 40 98 99 61 96 58 59 79 80 89 90 52 111 73 70 71 92 102 64 85 83 76 
118 130 125 5 127 132 18 112 10 131 12 13 106 27 120 30 2 123 20 21 115 23 24 1 39 6 128 42 7 8 32 33 3 35 36 4 51 14 15 54 16 17 44 45 9 47 48 11 63 25 26 66 28 29 56 57 19 59 60 22 75 37 38 78 40 41 68 69 31 71 72 34 87 49 50 90 52 53 80 81 43 83 84 46 99 61 62 102 64 65 92 93 55 95 96 58 111 73 74 114 76 77 104 105 67 107 108 70 122 85 86 124 88 89 116 117 79 119 82 129 97 98 100 101 126 91 94 109 110 113 103 121 
119 113 126 127 94 121 123 124 131 103 13 106 107 128 129 8 130 100 21 115 116 24 1 118 15 132 109 17 18 112 33 3 125 36 4 5 26 27 120 29 30 2 45 9 10 48 11 12 38 39 6 41 42 7 57 19 20 60 22 23 50 51 14 53 54 16 69 31 32 72 34 35 62 63 25 65 66 28 81 43 44 84 46 47 74 75 37 77 78 40 93 55 56 96 58 59 86 87 49 89 90 52 105 67 68 108 70 71 98 99 61 101 102 64 117 79 80 82 83 110 111 73 114 76 91 92 95 122 85 88 104 97 
120 115 112 6 128 106 3 125 2 123 14 15 132 1 118 9 10 131 7 8 130 25 26 27 4 5 127 19 20 21 16 17 18 37 38 39 11 12 13 31 32 33 28 29 30 49 50 51 22 23 24 43 44 45 40 41 42 61 62 63 34 35 36 55 56 57 52 53 54 73 74 75 46 47 48 67 68 69 64 65 66 85 86 87 58 59 60 79 80 81 76 77 78 97 98 99 70 71 72 91 92 93 88 89 90 109 110 111 82 83 84 103 104 105 100 101 102 121 122 94 95 96 116 117 113 114 129 107 108 126 124 119 
121 126 113 128 129 119 131 103 123 124 15 132 109 127 94 21 115 116 8 130 100 26 27 120 13 106 107 33 3 125 17 18 112 38 39 6 24 1 118 45 9 10 29 30 2 50 51 14 36 4 5 57 19 20 41 42 7 62 63 25 48 11 12 69 31 32 53 54 16 74 75 37 60 22 23 81 43 44 65 66 28 86 87 49 72 34 35 93 55 56 77 78 40 98 99 61 84 46 47 105 67 68 89 90 52 110 111 73 96 58 59 117 79 80 101 102 64 122 85 108 70 71 91 92 114 76 97 82 83 104 88 95 
122 104 114 129 97 95 116 117 124 88 132 109 110 107 108 125 126 91 130 100 101 27 120 121 118 119 82 10 131 103 18 112 113 39 6 128 5 127 94 20 21 115 30 2 123 51 14 15 12 13 106 32 33 3 42 7 8 63 25 26 23 24 1 44 45 9 54 16 17 75 37 38 35 36 4 56 57 19 66 28 29 87 49 50 47 48 11 68 69 31 78 40 41 99 61 62 59 60 22 80 81 43 90 52 53 111 73 74 71 72 34 92 93 55 102 64 65 85 86 83 84 46 105 67 76 77 98 96 58 79 89 70 
123 127 128 8 130 131 13 106 15 132 17 18 112 21 115 24 1 118 26 27 120 29 30 2 33 3 125 36 4 5 38 39 6 41 42 7 45 9 10 48 11 12 50 51 14 53 54 16 57 19 20 60 22 23 62 63 25 65 66 28 69 31 32 72 34 35 74 75 37 77 78 40 81 43 44 84 46 47 86 87 49 89 90 52 93 55 56 96 58 59 98 99 61 101 102 64 105 67 68 108 70 71 110 111 73 113 114 76 117 79 80 119 82 83 121 122 85 124 88 126 91 92 94 95 129 97 100 103 104 107 109 116 
124 107 129 130 100 116 118 119 132 109 18 112 113 125 126 5 127 94 27 120 121 30 2 123 10 131 103 12 13 106 39 6 128 42 7 8 20 21 115 23 24 1 51 14 15 54 16 17 32 33 3 35 36 4 63 25 26 66 28 29 44 45 9 47 48 11 75 37 38 78 40 41 56 57 19 59 60 22 87 49 50 90 52 53 68 69 31 71 72 34 99 61 62 102 64 65 80 81 43 83 84 46 111 73 74 114 76 77 92 93 55 95 96 58 122 85 86 88 89 104 105 67 108 70 97 98 101 117 79 82 110 91 
125 132 118 10 131 130 27 120 5 127 20 21 115 18 112 39 6 128 12 13 106 32 33 3 30 2 123 51 14 15 23 24 1 44 45 9 42 7 8 63 25 26 35 36 4 56 57 19 54 16 17 75 37 38 47 48 11 68 69 31 66 28 29 87 49 50 59 60 22 80 81 43 78 40 41 99 61 62 71 72 34 92 93 55 90 52 53 111 73 74 83 84 46 104 105 67 102 64 65 122 85 86 95 96 58 116 117 79 114 76 77 129 97 98 107 108 70 126 91 124 88 89 109 110 119 82 103 100 101 121 94 113 
126 121 119 131 103 113 128 129 127 94 21 115 116 123 124 15 132 109 13 106 107 33 3 125 8 130 100 26 27 120 24 1 118 45 9 10 17 18 112 38 39 6 36 4 5 57 19 20 29 30 2 50 51 14 48 11 12 69 31 32 41 42 7 62 63 25 60 22 23 81 43 44 53 54 16 74 75 37 72 34 35 93 55 56 65 66 28 86 87 49 84 46 47 105 67 68 77 78 40 98 99 61 96 58 59 117 79 80 89 90 52 110 111 73 108 70 71 91 92 101 102 64 122 85 82 83 104 114 76 97 95 88 
127 123 131 13 106 128 8 130 21 115 24 1 118 15 132 17 18 112 33 3 125 36 4 5 26 27 120 29 30 2 45 9 10 48 11 12 38 39 6 41 42 7 57 19 20 60 22 23 50 51 14 53 54 16 69 31 32 72 34 35 62 63 25 65 66 28 81 43 44 84 46 47 74 75 37 77 78 40 93 55 56 96 58 59 86 87 49 89 90 52 105 67 68 108 70 71 98 99 61 101 102 64 117 79 80 119 82 83 110 111 73 113 114 76 126 91 92 94 95 121 122 85 124 88 103 104 107 129 97 100 116 109 
128 131 123 15 132 127 21 115 8 130 26 27 120 13 106 33 3 125 17 18 112 38 39 6 24 1 118 45 9 10 29 30 2 50 51 14 36 4 5 57 19 20 41 42 7 62 63 25 48 11 12 69 31 32 53 54 16 74 75 37 60 22 23 81 43 44 65 66 28 86 87 49 72 34 35 93 55 56 77 78 40 98 99 61 84 46 47 105 67 68 89 90 52 110 111 73 96 58 59 117 79 80 101 102 64 121 122 85 108 70 71 126 91 92 113 114 76 129 97 119 82 83 103 104 124 88 109 94 95 116 100 107 
129 116 124 132 109 107 125 126 130 100 27 120 121 118 119 10 131 103 18 112 113 39 6 128 5 127 94 20 21 115 30 2 123 51 14 15 12 13 106 32 33 3 42 7 8 63 25 26 23 24 1 44 45 9 54 16 17 75 37 38 35 36 4 56 57 19 66 28 29 87 49 50 47 48 11 68 69 31 78 40 41 99 61 62 59 60 22 80 81 43 90 52 53 111 73 74 71 72 34 92 93 55 102 64 65 122 85 86 83 84 46 104 105 67 114 76 77 97 98 95 96 58 117 79 88 89 110 108 70 91 101 82 
130 118 132 18 112 125 5 127 27 120 30 2 123 10 131 12 13 106 39 6 128 42 7 8 20 21 115 23 24 1 51 14 15 54 16 17 32 33 3 35 36 4 63 25 26 66 28 29 44 45 9 47 48 11 75 37 38 78 40 41 56 57 19 59 60 22 87 49 50 90 52 53 68 69 31 71 72 34 99 61 62 102 64 65 80 81 43 83 84 46 111 73 74 114 76 77 92 93 55 95 96 58 122 85 86 124 88 89 104 105 67 107 108 70 129 97 98 100 101 116 117 79 119 82 109 110 113 126 91 94 121 103 
131 128 127 21 115 123 15 132 13 106 33 3 125 8 130 26 27 120 24 1 118 45 9 10 17 18 112 38 39 6 36 4 5 57 19 20 29 30 2 50 51 14 48 11 12 69 31 32 41 42 7 62 63 25 60 22 23 81 43 44 53 54 16 74 75 37 72 34 35 93 55 56 65 66 28 86 87 49 84 46 47 105 67 68 77 78 40 98 99 61 96 58 59 117 79 80 89 90 52 110 111 73 108 70 71 126 91 92 101 102 64 121 122 85 119 82 83 103 104 113 114 76 129 97 94 95 116 124 88 109 107 100 
132 125 130 27 120 118 10 131 18 112 39 6 128 5 127 20 21 115 30 2 123 51 14 15 12 13 106 32 33 3 42 7 8 63 25 26 23 24 1 44 45 9 54 16 17 75 37 38 35 36 4 56 57 19 66 28 29 87 49 50 47 48 11 68 69 31 78 40 41 99 61 62 59 60 22 80 81 43 90 52 53 111 73 74 71 72 34 92 93 55 102 64 65 122 85 86 83 84 46 104 105 67 114 76 77 129 97 98 95 96 58 116 117 79 124 88 89 109 110 107 108 70 126 91 100 101 121 119 82 103 113 94 
