162 45
1 2 3 4 5 6 7 8 9 10 11 12 13 14 15 16 17 18 19 20 21 22 23 24 25 26 27 28 29 30 31 32 33 34 35 36 37 38 39 40 41 42 43 44 45 46 47 48 49 50 51 52 53 54 55 56 57 58 59 60 61 62 63 64 65 66 67 68 69 70 71 72 73 74 75 76 77 78 79 80 81 82 83 84 85 86 87 88 89 90 91 92 93 94 95 96 97 98 99 100 101 102 103 104 105 106 107 108 109 110 111 112 113 114 115 116 117 118 119 120 121 122 123 124 125 126 127 128 129 130 131 132 133 134 135 136 137 138 139 140 141 142 143 144 145 146 147 148 149 150 151 152 153 154 155 156 157 158 159 160 161 162 
2 1 7 8 9 10 3 4 5 6 21 22 23 24 25 26 27 28 29 30 11 12 13 14 15 16 17 18 19 20 47 48 49 50 51 52 53 54 55 56 57 58 59 60 61 62 31 32 33 34 35 36 37 38 39 40 41 42 43 44 45 46 82 83 84 85 86 87 88 89 90 91 92 93 94 95 96 97 98 99 100 63 64 65 66 67 68 69 70 71 72 73 74 75 76 77 78 79 80 81 117 118 119 120 121 122 123 124 125 126 127 128 129 130 131 132 101 102 103 104 105 106 107 108 109 110 111 112 113 114 115 116 143 144 145 146 147 148 149 150 151 152 133 134 135 136 137 138 139 140 141 142 157 158 159 160 153 154 155 156 162 161 
3 49 11 12 13 14 2 84 86 87 20 31 32 33 34 35 36 37 38 39 7 8 9 10 118 120 121 122 123 21 44 46 1 63 64 65 66 67 68 69 70 71 72 73 74 75 22 23 24 25 26 27 28 29 30 144 145 146 147 47 148 48 78 80 4 81 5 6 101 102 103 104 105 106 107 108 109 110 111 112 113 50 51 52 53 54 55 56 57 58 59 60 61 62 157 158 82 159 83 85 115 15 116 16 17 18 19 133 134 135 136 137 138 139 140 141 88 89 90 91 92 93 94 95 96 97 98 99 100 162 117 119 142 40 41 42 43 45 153 154 155 156 124 125 126 127 128 129 130 131 132 143 76 77 79 161 149 150 151 152 114 160 
4 25 12 15 16 17 50 2 56 57 31 34 35 36 1 40 41 42 43 44 82 7 88 89 8 9 10 95 96 97 63 64 65 3 69 70 71 72 73 5 6 76 77 78 79 80 21 117 118 22 23 24 124 125 126 26 27 28 29 30 130 131 11 101 102 103 104 105 13 14 108 109 110 111 112 18 19 20 114 115 116 47 48 49 143 144 145 51 52 53 54 55 149 150 58 59 60 61 62 152 32 33 133 134 135 136 137 37 38 39 139 140 141 45 46 142 83 84 85 86 87 157 158 90 91 92 93 94 160 98 99 100 66 67 68 153 154 155 74 75 156 81 119 120 121 122 123 162 127 128 129 132 106 107 161 113 146 147 148 151 138 159 
5 28 13 16 18 19 53 58 2 61 32 35 37 38 40 42 43 1 45 46 85 90 7 93 95 8 98 9 10 100 64 66 67 69 71 72 3 74 75 76 77 4 79 80 6 81 119 21 122 124 22 127 23 24 129 25 130 26 27 132 29 30 101 103 104 11 106 107 108 109 12 111 112 14 113 15 114 115 17 116 20 143 47 146 48 49 148 50 149 51 52 151 54 55 56 57 152 59 60 62 133 134 31 136 137 33 138 34 139 140 36 141 39 41 142 44 82 157 83 84 159 86 87 88 89 160 91 92 94 96 97 99 63 153 154 65 155 68 70 156 73 78 117 118 162 120 121 123 125 126 128 131 102 161 105 110 144 145 147 150 135 158 
6 30 14 17 19 20 55 60 62 2 33 36 38 39 41 43 44 45 46 1 87 92 94 7 97 99 8 100 9 10 65 67 68 70 72 73 74 75 3 77 78 79 80 4 81 5 121 123 21 126 128 22 129 23 24 131 25 132 26 27 28 29 102 104 105 106 107 11 109 110 111 112 12 113 13 114 115 15 116 16 18 145 147 47 148 48 49 150 50 151 51 52 53 54 152 56 57 58 59 61 134 135 136 137 31 138 32 139 140 34 141 35 37 142 40 42 158 82 159 83 84 85 86 160 88 89 90 91 93 95 96 98 153 154 63 155 64 66 156 69 71 76 162 117 118 119 120 122 124 125 127 130 161 101 103 108 143 144 146 149 133 157 
7 33 21 22 23 24 1 65 67 68 30 47 48 49 50 51 52 53 54 55 3 4 5 6 102 104 105 106 107 11 60 62 2 82 83 84 85 86 87 88 89 90 91 92 93 94 12 13 14 15 16 17 18 19 20 134 135 136 137 31 138 32 97 99 8 100 9 10 117 118 119 120 121 122 123 124 125 126 127 128 129 34 35 36 37 38 39 40 41 42 43 44 45 46 153 154 63 155 64 66 131 25 132 26 27 28 29 143 144 145 146 147 148 149 150 151 69 70 71 72 73 74 75 76 77 78 79 80 81 161 101 103 152 56 57 58 59 61 157 158 159 160 108 109 110 111 112 113 114 115 116 133 95 96 98 162 139 140 141 142 130 156 
8 15 22 25 26 27 34 1 40 41 47 50 51 52 2 56 57 58 59 60 63 3 69 70 4 5 6 76 77 78 82 83 84 7 88 89 90 91 92 9 10 95 96 97 98 99 11 101 102 12 13 14 108 109 110 16 17 18 19 20 114 115 21 117 118 119 120 121 23 24 124 125 126 127 128 28 29 30 130 131 132 31 32 33 133 134 135 35 36 37 38 39 139 140 42 43 44 45 46 142 48 49 143 144 145 146 147 53 54 55 149 150 151 61 62 152 64 65 66 67 68 153 154 71 72 73 74 75 156 79 80 81 85 86 87 157 158 159 93 94 160 100 103 104 105 106 107 161 111 112 113 116 122 123 162 129 136 137 138 141 148 155 
9 18 23 26 28 29 37 42 1 45 48 51 53 54 56 58 59 2 61 62 66 71 3 74 76 4 79 5 6 81 83 85 86 88 90 91 7 93 94 95 96 8 98 99 10 100 103 11 106 108 12 111 13 14 113 15 114 16 17 116 19 20 117 119 120 21 122 123 124 125 22 127 128 24 129 25 130 131 27 132 30 133 31 136 32 33 138 34 139 35 36 141 38 39 40 41 142 43 44 46 143 144 47 146 147 49 148 50 149 150 52 151 55 57 152 60 63 153 64 65 155 67 68 69 70 156 72 73 75 77 78 80 82 157 158 84 159 87 89 160 92 97 101 102 161 104 105 107 109 110 112 115 118 162 121 126 134 135 137 140 145 154 
10 20 24 27 29 30 39 44 46 1 49 52 54 55 57 59 60 61 62 2 68 73 75 3 78 80 4 81 5 6 84 86 87 89 91 92 93 94 7 96 97 98 99 8 100 9 105 107 11 110 112 12 113 13 14 115 15 116 16 17 18 19 118 120 121 122 123 21 125 126 127 128 22 129 23 130 131 25 132 26 28 135 137 31 138 32 33 140 34 141 35 36 37 38 142 40 41 42 43 45 144 145 146 147 47 148 48 149 150 50 151 51 53 152 56 58 154 63 155 64 65 66 67 156 69 70 71 72 74 76 77 79 157 158 82 159 83 85 160 88 90 95 161 101 102 103 104 106 108 109 111 114 162 117 119 124 133 134 136 139 143 153 
11 24 20 31 32 33 49 52 54 55 39 44 46 1 63 64 65 66 67 68 2 84 86 87 89 91 92 93 94 7 73 75 3 78 80 4 81 5 6 101 102 103 104 105 106 107 8 9 10 118 120 121 122 123 21 125 126 127 128 22 129 23 110 112 12 113 13 14 115 15 116 16 17 18 19 133 134 135 136 137 138 25 26 27 28 29 30 144 145 146 147 47 148 48 149 150 50 151 51 53 140 34 141 35 36 37 38 142 40 41 42 43 45 153 154 155 56 57 58 59 60 61 62 157 158 82 159 83 85 160 88 90 156 69 70 71 72 74 76 77 79 161 95 96 97 98 99 100 162 117 119 124 108 109 111 114 130 131 132 143 139 152 
12 118 31 34 35 36 25 49 144 145 44 63 64 65 3 69 70 71 72 73 50 2 56 57 84 86 87 157 158 82 78 80 4 11 101 102 103 104 105 13 14 108 109 110 111 112 7 88 89 8 9 10 95 96 97 120 121 122 123 21 162 117 20 115 15 116 16 17 32 33 133 134 135 136 137 37 38 39 139 140 141 22 23 24 124 125 126 26 27 28 29 30 130 131 146 147 47 148 48 143 46 1 142 40 41 42 43 66 67 68 153 154 155 74 75 156 51 52 53 54 55 149 150 58 59 60 61 62 152 159 83 85 81 5 6 76 77 79 106 107 161 113 90 91 92 93 94 160 98 99 100 119 18 19 114 138 127 128 129 132 45 151 
13 122 32 35 37 38 28 146 49 148 46 64 66 67 69 71 72 3 74 75 53 58 2 61 157 84 159 86 87 85 80 81 5 101 103 104 11 106 107 108 109 12 111 112 14 113 90 7 93 95 8 98 9 10 100 118 162 120 121 119 123 21 115 116 16 20 18 19 133 134 31 136 137 33 138 34 139 140 36 141 39 124 22 127 23 24 129 25 130 26 27 132 29 30 144 145 143 147 47 48 142 40 44 42 43 1 45 63 153 154 65 155 68 70 156 73 50 149 51 52 151 54 55 56 57 152 59 60 62 158 82 83 78 76 77 4 79 6 102 161 105 110 88 89 160 91 92 94 96 97 99 117 15 114 17 135 125 126 128 131 41 150 
14 21 33 36 38 39 30 47 48 49 1 65 67 68 70 72 73 74 75 3 55 60 62 2 82 83 84 85 86 87 4 5 6 102 104 105 106 107 11 109 110 111 112 12 113 13 92 94 7 97 99 8 100 9 10 117 118 119 120 121 122 123 15 16 17 18 19 20 134 135 136 137 31 138 32 139 140 34 141 35 37 126 128 22 129 23 24 131 25 132 26 27 28 29 143 144 145 146 147 148 40 41 42 43 44 45 46 153 154 63 155 64 66 156 69 71 150 50 151 51 52 53 54 152 56 57 58 59 61 157 158 159 76 77 78 79 80 81 161 101 103 108 160 88 89 90 91 93 95 96 98 162 114 115 116 133 124 125 127 130 142 149 
15 8 34 1 40 41 22 25 26 27 63 3 69 70 4 5 6 76 77 78 47 50 51 52 2 56 57 58 59 60 11 101 102 12 13 14 108 109 110 16 17 18 19 20 114 115 82 83 84 7 88 89 90 91 92 9 10 95 96 97 98 99 31 32 33 133 134 135 35 36 37 38 39 139 140 42 43 44 45 46 142 21 117 118 119 120 121 23 24 124 125 126 127 128 28 29 30 130 131 132 64 65 66 67 68 153 154 71 72 73 74 75 156 79 80 81 48 49 143 144 145 146 147 53 54 55 149 150 151 61 62 152 103 104 105 106 107 161 111 112 113 116 85 86 87 157 158 159 93 94 160 100 136 137 138 141 122 123 162 129 155 148 
16 95 35 40 42 43 124 28 25 130 64 69 71 72 5 76 77 4 79 80 143 53 50 149 58 2 61 56 57 152 101 103 104 13 108 109 12 111 112 18 19 15 114 115 17 116 85 82 157 90 7 93 88 89 160 8 98 9 10 100 96 97 32 133 134 31 136 137 37 38 34 139 140 36 141 1 45 46 41 142 44 119 21 122 117 118 162 22 127 23 24 129 125 126 26 27 132 29 30 131 66 67 63 153 154 65 155 3 74 75 70 156 73 6 81 78 47 146 48 49 148 144 145 51 52 151 54 55 150 59 60 62 11 106 107 102 161 105 14 113 110 20 83 84 159 86 87 158 91 92 94 99 33 138 135 39 120 121 123 128 68 147 
17 97 36 41 43 44 126 30 131 25 65 70 72 73 6 77 78 79 80 4 145 55 150 50 60 62 2 152 56 57 102 104 105 14 109 110 111 112 12 19 20 114 115 15 116 16 87 158 82 92 94 7 160 88 89 99 8 100 9 10 95 96 33 134 135 136 137 31 38 39 139 140 34 141 35 45 46 1 142 40 42 121 123 21 162 117 118 128 22 129 23 24 124 125 132 26 27 28 29 130 67 68 153 154 63 155 64 74 75 3 156 69 71 81 5 76 147 47 148 48 49 143 144 151 51 52 53 54 149 58 59 61 106 107 11 161 101 103 113 13 108 18 159 83 84 85 86 157 90 91 93 98 138 32 133 37 119 120 122 127 66 146 
18 9 37 42 1 45 23 26 28 29 66 71 3 74 76 4 79 5 6 81 48 51 53 54 56 58 59 2 61 62 103 11 106 108 12 111 13 14 113 15 114 16 17 116 19 20 83 85 86 88 90 91 7 93 94 95 96 8 98 99 10 100 133 31 136 32 33 138 34 139 35 36 141 38 39 40 41 142 43 44 46 117 119 120 21 122 123 124 125 22 127 128 24 129 25 130 131 27 132 30 63 153 64 65 155 67 68 69 70 156 72 73 75 77 78 80 143 144 47 146 147 49 148 50 149 150 52 151 55 57 152 60 101 102 161 104 105 107 109 110 112 115 82 157 158 84 159 87 89 160 92 97 134 135 137 140 118 162 121 126 154 145 
19 100 38 43 45 46 129 132 30 28 67 72 74 75 77 79 80 6 81 5 148 151 55 53 152 60 58 62 2 61 104 106 107 109 111 112 14 113 13 114 115 17 116 16 20 18 159 87 85 160 92 90 94 7 93 97 95 99 8 98 9 10 134 136 137 33 138 32 139 140 36 141 35 39 37 41 142 40 44 42 1 162 121 119 123 21 122 126 124 128 22 127 23 24 131 25 130 26 27 29 153 154 65 155 64 68 66 70 156 69 73 71 3 78 76 4 145 143 147 47 146 48 49 150 50 149 51 52 54 56 57 59 102 161 101 105 103 11 110 108 12 15 158 82 157 83 84 86 88 89 91 96 135 133 31 34 117 118 120 125 63 144 
20 10 39 44 46 1 24 27 29 30 68 73 75 3 78 80 4 81 5 6 49 52 54 55 57 59 60 61 62 2 105 107 11 110 112 12 113 13 14 115 15 116 16 17 18 19 84 86 87 89 91 92 93 94 7 96 97 98 99 8 100 9 135 137 31 138 32 33 140 34 141 35 36 37 38 142 40 41 42 43 45 118 120 121 122 123 21 125 126 127 128 22 129 23 130 131 25 132 26 28 154 63 155 64 65 66 67 156 69 70 71 72 74 76 77 79 144 145 146 147 47 148 48 149 150 50 151 51 53 152 56 58 161 101 102 103 104 106 108 109 111 114 157 158 82 159 83 85 160 88 90 95 133 134 136 139 162 117 119 124 153 143 
21 14 30 47 48 49 33 36 38 39 55 60 62 2 82 83 84 85 86 87 1 65 67 68 70 72 73 74 75 3 92 94 7 97 99 8 100 9 10 117 118 119 120 121 122 123 4 5 6 102 104 105 106 107 11 109 110 111 112 12 113 13 126 128 22 129 23 24 131 25 132 26 27 28 29 143 144 145 146 147 148 15 16 17 18 19 20 134 135 136 137 31 138 32 139 140 34 141 35 37 150 50 151 51 52 53 54 152 56 57 58 59 61 157 158 159 40 41 42 43 44 45 46 153 154 63 155 64 66 156 69 71 160 88 89 90 91 93 95 96 98 162 76 77 78 79 80 81 161 101 103 108 124 125 127 130 114 115 116 133 149 142 
22 102 47 50 51 52 15 33 134 135 60 82 83 84 7 88 89 90 91 92 34 1 40 41 65 67 68 153 154 63 97 99 8 21 117 118 119 120 121 23 24 124 125 126 127 128 3 69 70 4 5 6 76 77 78 104 105 106 107 11 161 101 30 131 25 132 26 27 48 49 143 144 145 146 147 53 54 55 149 150 151 12 13 14 108 109 110 16 17 18 19 20 114 115 136 137 31 138 32 133 62 2 152 56 57 58 59 85 86 87 157 158 159 93 94 160 35 36 37 38 39 139 140 42 43 44 45 46 142 155 64 66 100 9 10 95 96 98 122 123 162 129 71 72 73 74 75 156 79 80 81 103 28 29 130 148 111 112 113 116 61 141 
23 106 48 51 53 54 18 136 33 138 62 83 85 86 88 90 91 7 93 94 37 42 1 45 153 65 155 67 68 66 99 100 9 117 119 120 21 122 123 124 125 22 127 128 24 129 71 3 74 76 4 79 5 6 81 102 161 104 105 103 107 11 131 132 26 30 28 29 143 144 47 146 147 49 148 50 149 150 52 151 55 108 12 111 13 14 113 15 114 16 17 116 19 20 134 135 133 137 31 32 152 56 60 58 59 2 61 82 157 158 84 159 87 89 160 92 34 139 35 36 141 38 39 40 41 142 43 44 46 154 63 64 97 95 96 8 98 10 118 162 121 126 69 70 156 72 73 75 77 78 80 101 25 130 27 145 109 110 112 115 57 140 
24 11 49 52 54 55 20 31 32 33 2 84 86 87 89 91 92 93 94 7 39 44 46 1 63 64 65 66 67 68 8 9 10 118 120 121 122 123 21 125 126 127 128 22 129 23 73 75 3 78 80 4 81 5 6 101 102 103 104 105 106 107 25 26 27 28 29 30 144 145 146 147 47 148 48 149 150 50 151 51 53 110 112 12 113 13 14 115 15 116 16 17 18 19 133 134 135 136 137 138 56 57 58 59 60 61 62 157 158 82 159 83 85 160 88 90 140 34 141 35 36 37 38 142 40 41 42 43 45 153 154 155 95 96 97 98 99 100 162 117 119 124 156 69 70 71 72 74 76 77 79 161 130 131 132 143 108 109 111 114 152 139 
25 4 50 2 56 57 12 15 16 17 82 7 88 89 8 9 10 95 96 97 31 34 35 36 1 40 41 42 43 44 21 117 118 22 23 24 124 125 126 26 27 28 29 30 130 131 63 64 65 3 69 70 71 72 73 5 6 76 77 78 79 80 47 48 49 143 144 145 51 52 53 54 55 149 150 58 59 60 61 62 152 11 101 102 103 104 105 13 14 108 109 110 111 112 18 19 20 114 115 116 83 84 85 86 87 157 158 90 91 92 93 94 160 98 99 100 32 33 133 134 135 136 137 37 38 39 139 140 141 45 46 142 119 120 121 122 123 162 127 128 129 132 66 67 68 153 154 155 74 75 156 81 146 147 148 151 106 107 161 113 159 138 
26 76 51 56 58 59 108 18 15 114 83 88 90 91 9 95 96 8 98 99 133 37 34 139 42 1 45 40 41 142 117 119 120 23 124 125 22 127 128 28 29 25 130 131 27 132 66 63 153 71 3 74 69 70 156 4 79 5 6 81 77 78 48 143 144 47 146 147 53 54 50 149 150 52 151 2 61 62 57 152 60 103 11 106 101 102 161 12 111 13 14 113 109 110 16 17 116 19 20 115 85 86 82 157 158 84 159 7 93 94 89 160 92 10 100 97 31 136 32 33 138 134 135 35 36 141 38 39 140 43 44 46 21 122 123 118 162 121 24 129 126 30 64 65 155 67 68 154 72 73 75 80 49 148 145 55 104 105 107 112 87 137 
27 78 52 57 59 60 110 20 115 15 84 89 91 92 10 96 97 98 99 8 135 39 140 34 44 46 1 142 40 41 118 120 121 24 125 126 127 128 22 29 30 130 131 25 132 26 68 154 63 73 75 3 156 69 70 80 4 81 5 6 76 77 49 144 145 146 147 47 54 55 149 150 50 151 51 61 62 2 152 56 58 105 107 11 161 101 102 112 12 113 13 14 108 109 116 16 17 18 19 114 86 87 157 158 82 159 83 93 94 7 160 88 90 100 9 95 137 31 138 32 33 133 134 141 35 36 37 38 139 42 43 45 122 123 21 162 117 119 129 23 124 28 155 64 65 66 67 153 71 72 74 79 148 48 143 53 103 104 106 111 85 136 
28 5 53 58 2 61 13 16 18 19 85 90 7 93 95 8 98 9 10 100 32 35 37 38 40 42 43 1 45 46 119 21 122 124 22 127 23 24 129 25 130 26 27 132 29 30 64 66 67 69 71 72 3 74 75 76 77 4 79 80 6 81 143 47 146 48 49 148 50 149 51 52 151 54 55 56 57 152 59 60 62 101 103 104 11 106 107 108 109 12 111 112 14 113 15 114 115 17 116 20 82 157 83 84 159 86 87 88 89 160 91 92 94 96 97 99 133 134 31 136 137 33 138 34 139 140 36 141 39 41 142 44 117 118 162 120 121 123 125 126 128 131 63 153 154 65 155 68 70 156 73 78 144 145 147 150 102 161 105 110 158 135 
29 81 54 59 61 62 113 116 20 18 86 91 93 94 96 98 99 10 100 9 138 141 39 37 142 44 42 46 1 45 120 122 123 125 127 128 24 129 23 130 131 27 132 26 30 28 155 68 66 156 73 71 75 3 74 78 76 80 4 79 5 6 144 146 147 49 148 48 149 150 52 151 51 55 53 57 152 56 60 58 2 161 105 103 107 11 106 110 108 112 12 111 13 14 115 15 114 16 17 19 157 158 84 159 83 87 85 89 160 88 92 90 7 97 95 8 135 133 137 31 136 32 33 140 34 139 35 36 38 40 41 43 118 162 117 121 119 21 126 124 22 25 154 63 153 64 65 67 69 70 72 77 145 143 47 50 101 102 104 109 82 134 
30 6 55 60 62 2 14 17 19 20 87 92 94 7 97 99 8 100 9 10 33 36 38 39 41 43 44 45 46 1 121 123 21 126 128 22 129 23 24 131 25 132 26 27 28 29 65 67 68 70 72 73 74 75 3 77 78 79 80 4 81 5 145 147 47 148 48 49 150 50 151 51 52 53 54 152 56 57 58 59 61 102 104 105 106 107 11 109 110 111 112 12 113 13 114 115 15 116 16 18 158 82 159 83 84 85 86 160 88 89 90 91 93 95 96 98 134 135 136 137 31 138 32 139 140 34 141 35 37 142 40 42 162 117 118 119 120 122 124 125 127 130 153 154 63 155 64 66 156 69 71 76 143 144 146 149 161 101 103 108 157 133 
31 89 44 63 64 65 118 24 125 126 73 78 80 4 11 101 102 103 104 105 25 49 144 145 52 54 55 149 150 50 110 112 12 20 115 15 116 16 17 32 33 133 134 135 136 137 2 56 57 84 86 87 157 158 82 91 92 93 94 7 160 88 39 140 34 141 35 36 46 1 142 40 41 42 43 66 67 68 153 154 155 8 9 10 95 96 97 120 121 122 123 21 162 117 127 128 22 129 23 124 75 3 156 69 70 71 72 81 5 6 76 77 79 106 107 161 26 27 28 29 30 130 131 146 147 47 148 48 143 151 51 53 113 13 14 108 109 111 18 19 114 138 58 59 60 61 62 152 159 83 85 90 37 38 139 45 98 99 100 119 74 132 
32 93 46 64 66 67 122 127 24 129 75 80 81 5 101 103 104 11 106 107 28 146 49 148 149 52 151 54 55 53 112 113 13 115 116 16 20 18 19 133 134 31 136 137 33 138 58 2 61 157 84 159 86 87 85 89 160 91 92 90 94 7 140 141 35 39 37 38 142 40 44 42 43 1 45 63 153 154 65 155 68 95 8 98 9 10 100 118 162 120 121 119 123 21 125 126 124 128 22 23 156 69 73 71 72 3 74 78 76 77 4 79 6 102 161 105 25 130 26 27 132 29 30 144 145 143 147 47 48 150 50 51 110 108 109 12 111 14 15 114 17 135 56 57 152 59 60 62 158 82 83 88 34 139 36 41 96 97 99 117 70 131 
33 7 1 65 67 68 21 22 23 24 3 4 5 6 102 104 105 106 107 11 30 47 48 49 50 51 52 53 54 55 12 13 14 15 16 17 18 19 20 134 135 136 137 31 138 32 60 62 2 82 83 84 85 86 87 88 89 90 91 92 93 94 34 35 36 37 38 39 40 41 42 43 44 45 46 153 154 63 155 64 66 97 99 8 100 9 10 117 118 119 120 121 122 123 124 125 126 127 128 129 69 70 71 72 73 74 75 76 77 78 79 80 81 161 101 103 131 25 132 26 27 28 29 143 144 145 146 147 148 149 150 151 108 109 110 111 112 113 114 115 116 133 152 56 57 58 59 61 157 158 159 160 139 140 141 142 95 96 98 162 156 130 
34 84 63 3 69 70 8 118 120 121 78 11 101 102 12 13 14 108 109 110 22 25 26 27 49 144 145 146 147 47 20 115 15 31 32 33 133 134 135 35 36 37 38 39 139 140 50 51 52 2 56 57 58 59 60 86 87 157 158 82 159 83 44 46 1 142 40 41 64 65 66 67 68 153 154 71 72 73 74 75 156 7 88 89 90 91 92 9 10 95 96 97 98 99 122 123 21 162 117 119 80 4 81 5 6 76 77 103 104 105 106 107 161 111 112 113 23 24 124 125 126 127 128 28 29 30 130 131 132 148 48 143 116 16 17 18 19 114 136 137 138 141 53 54 55 149 150 151 61 62 152 85 42 43 45 155 93 94 160 100 79 129 
35 157 64 69 71 72 95 122 118 162 80 101 103 104 13 108 109 12 111 112 124 28 25 130 146 49 148 144 145 143 115 116 16 32 133 134 31 136 137 37 38 34 139 140 36 141 53 50 149 58 2 61 56 57 152 84 159 86 87 85 158 82 46 142 40 44 42 43 66 67 63 153 154 65 155 3 74 75 70 156 73 90 7 93 88 89 160 8 98 9 10 100 96 97 120 121 119 123 21 117 81 5 78 76 77 4 79 11 106 107 102 161 105 14 113 110 22 127 23 24 129 125 126 26 27 132 29 30 131 147 47 48 20 18 19 15 114 17 33 138 135 39 51 52 151 54 55 150 59 60 62 83 1 45 41 68 91 92 94 99 6 128 
36 82 65 70 72 73 97 21 117 118 4 102 104 105 14 109 110 111 112 12 126 30 131 25 47 48 49 143 144 145 15 16 17 33 134 135 136 137 31 38 39 139 140 34 141 35 55 150 50 60 62 2 152 56 57 83 84 85 86 87 157 158 1 40 41 42 43 44 67 68 153 154 63 155 64 74 75 3 156 69 71 92 94 7 160 88 89 99 8 100 9 10 95 96 119 120 121 122 123 162 5 6 76 77 78 79 80 106 107 11 161 101 103 113 13 108 128 22 129 23 24 124 125 132 26 27 28 29 130 146 147 148 18 19 20 114 115 116 138 32 133 37 151 51 52 53 54 149 58 59 61 159 45 46 142 66 90 91 93 98 81 127 
37 86 66 71 3 74 9 120 122 123 81 103 11 106 108 12 111 13 14 113 23 26 28 29 144 146 147 49 148 48 116 20 18 133 31 136 32 33 138 34 139 35 36 141 38 39 51 53 54 56 58 59 2 61 62 157 158 84 159 83 87 85 142 44 42 46 1 45 63 153 64 65 155 67 68 69 70 156 72 73 75 88 90 91 7 93 94 95 96 8 98 99 10 100 118 162 117 121 119 21 78 76 80 4 79 5 6 101 102 161 104 105 107 109 110 112 124 125 22 127 128 24 129 25 130 131 27 132 30 145 143 47 115 15 114 16 17 19 134 135 137 140 50 149 150 52 151 55 57 152 60 82 40 41 43 154 89 160 92 97 77 126 
38 85 67 72 74 75 100 119 21 122 5 104 106 107 109 111 112 14 113 13 129 132 30 28 143 47 146 48 49 148 16 18 19 134 136 137 33 138 32 139 140 36 141 35 39 37 151 55 53 152 60 58 62 2 61 82 157 83 84 159 86 87 40 42 43 1 45 46 153 154 65 155 64 68 66 70 156 69 73 71 3 160 92 90 94 7 93 97 95 99 8 98 9 10 117 118 162 120 121 123 76 77 4 79 80 6 81 102 161 101 105 103 11 110 108 12 126 124 128 22 127 23 24 131 25 130 26 27 29 144 145 147 15 114 115 17 116 20 135 133 31 34 150 50 149 51 52 54 56 57 59 158 41 142 44 63 88 89 91 96 78 125 
39 87 68 73 75 3 10 121 123 21 6 105 107 11 110 112 12 113 13 14 24 27 29 30 145 147 47 148 48 49 17 19 20 135 137 31 138 32 33 140 34 141 35 36 37 38 52 54 55 57 59 60 61 62 2 158 82 159 83 84 85 86 41 43 44 45 46 1 154 63 155 64 65 66 67 156 69 70 71 72 74 89 91 92 93 94 7 96 97 98 99 8 100 9 162 117 118 119 120 122 77 78 79 80 4 81 5 161 101 102 103 104 106 108 109 111 125 126 127 128 22 129 23 130 131 25 132 26 28 143 144 146 114 115 15 116 16 18 133 134 136 139 149 150 50 151 51 53 152 56 58 157 142 40 42 153 160 88 90 95 76 124 
40 58 69 5 76 77 90 95 8 98 101 13 108 109 16 18 19 15 114 115 119 124 22 127 28 25 130 26 27 132 32 133 134 35 37 38 34 139 140 42 43 1 45 46 41 142 143 47 146 53 50 149 51 52 151 2 61 56 57 152 59 60 64 66 67 63 153 154 71 72 3 74 75 70 156 4 79 80 6 81 78 85 82 157 83 84 159 7 93 88 89 160 91 92 9 10 100 96 97 99 103 104 11 106 107 102 161 12 111 112 14 113 110 17 116 20 21 122 117 118 162 120 121 23 24 129 125 126 128 29 30 131 31 136 137 33 138 135 36 141 39 44 48 49 148 144 145 147 54 55 150 62 65 155 68 73 86 87 158 94 105 123 
41 60 70 6 77 78 92 97 99 8 102 14 109 110 17 19 20 114 115 15 121 126 128 22 30 131 25 132 26 27 33 134 135 36 38 39 139 140 34 43 44 45 46 1 142 40 145 147 47 55 150 50 151 51 52 62 2 152 56 57 58 59 65 67 68 153 154 63 72 73 74 75 3 156 69 79 80 4 81 5 76 87 158 82 159 83 84 94 7 160 88 89 90 91 100 9 10 95 96 98 104 105 106 107 11 161 101 111 112 12 113 13 108 116 16 18 123 21 162 117 118 119 120 129 23 24 124 125 127 28 29 130 136 137 31 138 32 133 141 35 37 42 148 48 49 143 144 146 53 54 149 61 155 64 66 71 85 86 157 93 103 122 
42 56 71 76 4 79 88 9 95 96 103 108 12 111 18 15 114 16 17 116 117 23 124 125 26 28 29 25 130 131 133 31 136 37 34 139 35 36 141 1 45 40 41 142 43 44 48 143 144 51 53 54 50 149 150 58 59 2 61 62 57 152 66 63 153 64 65 155 3 74 69 70 156 72 73 5 6 81 77 78 80 83 85 86 82 157 158 90 91 7 93 94 89 160 8 98 99 10 100 97 11 106 101 102 161 104 105 13 14 113 109 110 112 19 20 115 119 120 21 122 123 118 162 22 127 128 24 129 126 27 132 30 32 33 138 134 135 137 38 39 140 46 47 146 147 49 148 145 52 151 55 60 67 68 154 75 84 159 87 92 107 121 
43 152 72 77 79 80 160 100 97 95 104 109 111 112 19 114 115 17 116 16 162 129 126 124 132 30 28 131 25 130 134 136 137 38 139 140 36 141 35 45 46 41 142 40 44 42 148 145 143 151 55 53 150 50 149 60 58 62 2 61 56 57 67 153 154 65 155 64 74 75 70 156 69 73 71 6 81 5 78 76 4 159 87 85 158 82 157 92 90 94 7 93 88 89 99 8 98 9 10 96 106 107 102 161 101 105 103 14 113 13 110 108 12 20 18 15 121 119 123 21 122 117 118 128 22 127 23 24 125 26 27 29 33 138 32 135 133 31 39 37 34 1 147 47 146 48 49 144 51 52 54 59 68 66 63 3 83 84 86 91 11 120 
44 57 73 78 80 4 89 10 96 97 105 110 112 12 20 115 15 116 16 17 118 24 125 126 27 29 30 130 131 25 135 137 31 39 140 34 141 35 36 46 1 142 40 41 42 43 49 144 145 52 54 55 149 150 50 59 60 61 62 2 152 56 68 154 63 155 64 65 75 3 156 69 70 71 72 81 5 6 76 77 79 84 86 87 157 158 82 91 92 93 94 7 160 88 98 99 8 100 9 95 107 11 161 101 102 103 104 113 13 14 108 109 111 18 19 114 120 121 122 123 21 162 117 127 128 22 129 23 124 132 26 28 138 32 33 133 134 136 37 38 139 45 146 147 47 148 48 143 151 51 53 58 66 67 153 74 159 83 85 90 106 119 
45 62 74 79 6 81 94 99 100 9 106 111 14 113 114 17 116 19 20 18 123 128 129 23 131 132 26 30 28 29 136 33 138 139 36 141 38 39 37 41 142 43 44 42 46 1 147 148 48 150 151 51 55 53 54 152 56 60 58 59 2 61 153 65 155 67 68 66 70 156 72 73 71 75 3 77 78 76 80 4 5 158 159 83 87 85 86 160 88 92 90 91 7 93 97 95 96 8 98 10 102 161 104 105 103 107 11 109 110 108 112 12 13 115 15 16 162 117 121 119 120 21 122 126 124 125 22 127 24 25 130 27 134 135 133 137 31 32 140 34 35 40 145 143 144 47 146 49 50 149 52 57 154 63 64 69 82 157 84 89 101 118 
46 61 75 80 81 5 93 98 10 100 107 112 113 13 115 116 16 20 18 19 122 127 24 129 130 27 132 29 30 28 137 138 32 140 141 35 39 37 38 142 40 44 42 43 1 45 146 49 148 149 52 151 54 55 53 57 152 59 60 58 62 2 154 155 64 68 66 67 156 69 73 71 72 3 74 78 76 77 4 79 6 157 84 159 86 87 85 89 160 91 92 90 94 7 96 97 95 99 8 9 161 101 105 103 104 11 106 110 108 109 12 111 14 15 114 17 118 162 120 121 119 123 21 125 126 124 128 22 23 131 25 26 135 133 134 31 136 33 34 139 36 41 144 145 143 147 47 48 150 50 51 56 63 153 65 70 158 82 83 88 102 117 
47 70 60 82 83 84 102 14 109 110 92 97 99 8 21 117 118 119 120 121 15 33 134 135 36 38 39 139 140 34 126 128 22 30 131 25 132 26 27 48 49 143 144 145 146 147 1 40 41 65 67 68 153 154 63 72 73 74 75 3 156 69 55 150 50 151 51 52 62 2 152 56 57 58 59 85 86 87 157 158 159 4 5 6 76 77 78 104 105 106 107 11 161 101 111 112 12 113 13 108 94 7 160 88 89 90 91 100 9 10 95 96 98 122 123 162 16 17 18 19 20 114 115 136 137 31 138 32 133 141 35 37 129 23 24 124 125 127 28 29 130 148 42 43 44 45 46 142 155 64 66 71 53 54 149 61 79 80 81 103 93 116 
48 74 62 83 85 86 106 111 14 113 94 99 100 9 117 119 120 21 122 123 18 136 33 138 139 36 141 38 39 37 128 129 23 131 132 26 30 28 29 143 144 47 146 147 49 148 42 1 45 153 65 155 67 68 66 70 156 72 73 71 75 3 150 151 51 55 53 54 152 56 60 58 59 2 61 82 157 158 84 159 87 76 4 79 5 6 81 102 161 104 105 103 107 11 109 110 108 112 12 13 160 88 92 90 91 7 93 97 95 96 8 98 10 118 162 121 15 114 16 17 116 19 20 134 135 133 137 31 32 140 34 35 126 124 125 22 127 24 25 130 27 145 40 41 142 43 44 46 154 63 64 69 50 149 52 57 77 78 80 101 89 115 
49 3 2 84 86 87 11 12 13 14 7 8 9 10 118 120 121 122 123 21 20 31 32 33 34 35 36 37 38 39 22 23 24 25 26 27 28 29 30 144 145 146 147 47 148 48 44 46 1 63 64 65 66 67 68 69 70 71 72 73 74 75 50 51 52 53 54 55 56 57 58 59 60 61 62 157 158 82 159 83 85 78 80 4 81 5 6 101 102 103 104 105 106 107 108 109 110 111 112 113 88 89 90 91 92 93 94 95 96 97 98 99 100 162 117 119 115 15 116 16 17 18 19 133 134 135 136 137 138 139 140 141 124 125 126 127 128 129 130 131 132 143 142 40 41 42 43 45 153 154 155 156 149 150 151 152 76 77 79 161 160 114 
50 65 82 7 88 89 4 102 104 105 97 21 117 118 22 23 24 124 125 126 12 15 16 17 33 134 135 136 137 31 30 131 25 47 48 49 143 144 145 51 52 53 54 55 149 150 34 35 36 1 40 41 42 43 44 67 68 153 154 63 155 64 60 62 2 152 56 57 83 84 85 86 87 157 158 90 91 92 93 94 160 3 69 70 71 72 73 5 6 76 77 78 79 80 106 107 11 161 101 103 99 8 100 9 10 95 96 119 120 121 122 123 162 127 128 129 13 14 108 109 110 111 112 18 19 20 114 115 116 138 32 133 132 26 27 28 29 130 146 147 148 151 37 38 39 139 140 141 45 46 142 66 58 59 61 159 74 75 156 81 98 113 
51 153 83 88 90 91 76 106 102 161 99 117 119 120 23 124 125 22 127 128 108 18 15 114 136 33 138 134 135 133 131 132 26 48 143 144 47 146 147 53 54 50 149 150 52 151 37 34 139 42 1 45 40 41 142 65 155 67 68 66 154 63 62 152 56 60 58 59 85 86 82 157 158 84 159 7 93 94 89 160 92 71 3 74 69 70 156 4 79 5 6 81 77 78 104 105 103 107 11 101 100 9 97 95 96 8 98 21 122 123 118 162 121 24 129 126 12 111 13 14 113 109 110 16 17 116 19 20 115 137 31 32 30 28 29 25 130 27 49 148 145 55 35 36 141 38 39 140 43 44 46 64 2 61 57 87 72 73 75 80 10 112 
52 63 84 89 91 92 78 11 101 102 8 118 120 121 24 125 126 127 128 22 110 20 115 15 31 32 33 133 134 135 25 26 27 49 144 145 146 147 47 54 55 149 150 50 151 51 39 140 34 44 46 1 142 40 41 64 65 66 67 68 153 154 2 56 57 58 59 60 86 87 157 158 82 159 83 93 94 7 160 88 90 73 75 3 156 69 70 80 4 81 5 6 76 77 103 104 105 106 107 161 9 10 95 96 97 98 99 122 123 21 162 117 119 129 23 124 112 12 113 13 14 108 109 116 16 17 18 19 114 136 137 138 28 29 30 130 131 132 148 48 143 53 141 35 36 37 38 139 42 43 45 155 61 62 152 85 71 72 74 79 100 111 
53 67 85 90 7 93 5 104 106 107 100 119 21 122 124 22 127 23 24 129 13 16 18 19 134 136 137 33 138 32 132 30 28 143 47 146 48 49 148 50 149 51 52 151 54 55 35 37 38 40 42 43 1 45 46 153 154 65 155 64 68 66 152 60 58 62 2 61 82 157 83 84 159 86 87 88 89 160 91 92 94 69 71 72 3 74 75 76 77 4 79 80 6 81 102 161 101 105 103 11 97 95 99 8 98 9 10 117 118 162 120 121 123 125 126 128 108 109 12 111 112 14 113 15 114 115 17 116 20 135 133 31 131 25 130 26 27 29 144 145 147 150 34 139 140 36 141 39 41 142 44 63 56 57 59 158 70 156 73 78 96 110 
54 66 86 91 93 94 81 103 11 106 9 120 122 123 125 127 128 24 129 23 113 116 20 18 133 31 136 32 33 138 26 28 29 144 146 147 49 148 48 149 150 52 151 51 55 53 141 39 37 142 44 42 46 1 45 63 153 64 65 155 67 68 56 58 59 2 61 62 157 158 84 159 83 87 85 89 160 88 92 90 7 156 73 71 75 3 74 78 76 80 4 79 5 6 101 102 161 104 105 107 95 96 8 98 99 10 100 118 162 117 121 119 21 126 124 22 110 108 112 12 111 13 14 115 15 114 16 17 19 134 135 137 25 130 131 27 132 30 145 143 47 50 140 34 139 35 36 38 40 41 43 154 57 152 60 82 69 70 72 77 97 109 
55 68 87 92 94 7 6 105 107 11 10 121 123 21 126 128 22 129 23 24 14 17 19 20 135 137 31 138 32 33 27 29 30 145 147 47 148 48 49 150 50 151 51 52 53 54 36 38 39 41 43 44 45 46 1 154 63 155 64 65 66 67 57 59 60 61 62 2 158 82 159 83 84 85 86 160 88 89 90 91 93 70 72 73 74 75 3 77 78 79 80 4 81 5 161 101 102 103 104 106 96 97 98 99 8 100 9 162 117 118 119 120 122 124 125 127 109 110 111 112 12 113 13 114 115 15 116 16 18 133 134 136 130 131 25 132 26 28 143 144 146 149 139 140 34 141 35 37 142 40 42 153 152 56 58 157 156 69 71 76 95 108 
56 42 88 9 95 96 71 76 4 79 117 23 124 125 26 28 29 25 130 131 103 108 12 111 18 15 114 16 17 116 48 143 144 51 53 54 50 149 150 58 59 2 61 62 57 152 133 31 136 37 34 139 35 36 141 1 45 40 41 142 43 44 83 85 86 82 157 158 90 91 7 93 94 89 160 8 98 99 10 100 97 66 63 153 64 65 155 3 74 69 70 156 72 73 5 6 81 77 78 80 119 120 21 122 123 118 162 22 127 128 24 129 126 27 132 30 11 106 101 102 161 104 105 13 14 113 109 110 112 19 20 115 47 146 147 49 148 145 52 151 55 60 32 33 138 134 135 137 38 39 140 46 84 159 87 92 67 68 154 75 121 107 
57 44 89 10 96 97 73 78 80 4 118 24 125 126 27 29 30 130 131 25 105 110 112 12 20 115 15 116 16 17 49 144 145 52 54 55 149 150 50 59 60 61 62 2 152 56 135 137 31 39 140 34 141 35 36 46 1 142 40 41 42 43 84 86 87 157 158 82 91 92 93 94 7 160 88 98 99 8 100 9 95 68 154 63 155 64 65 75 3 156 69 70 71 72 81 5 6 76 77 79 120 121 122 123 21 162 117 127 128 22 129 23 124 132 26 28 107 11 161 101 102 103 104 113 13 14 108 109 111 18 19 114 146 147 47 148 48 143 151 51 53 58 138 32 33 133 134 136 37 38 139 45 159 83 85 90 66 67 153 74 119 106 
58 40 90 95 8 98 69 5 76 77 119 124 22 127 28 25 130 26 27 132 101 13 108 109 16 18 19 15 114 115 143 47 146 53 50 149 51 52 151 2 61 56 57 152 59 60 32 133 134 35 37 38 34 139 140 42 43 1 45 46 41 142 85 82 157 83 84 159 7 93 88 89 160 91 92 9 10 100 96 97 99 64 66 67 63 153 154 71 72 3 74 75 70 156 4 79 80 6 81 78 21 122 117 118 162 120 121 23 24 129 125 126 128 29 30 131 103 104 11 106 107 102 161 12 111 112 14 113 110 17 116 20 48 49 148 144 145 147 54 55 150 62 31 136 137 33 138 135 36 141 39 44 86 87 158 94 65 155 68 73 123 105 
59 142 91 96 98 99 156 81 78 76 120 125 127 128 29 130 131 27 132 26 161 113 110 108 116 20 18 115 15 114 144 146 147 54 149 150 52 151 51 61 62 57 152 56 60 58 138 135 133 141 39 37 140 34 139 44 42 46 1 45 40 41 86 157 158 84 159 83 93 94 89 160 88 92 90 10 100 9 97 95 8 155 68 66 154 63 153 73 71 75 3 74 69 70 80 4 79 5 6 77 122 123 118 162 117 121 119 24 129 23 126 124 22 30 28 25 105 103 107 11 106 101 102 112 12 111 13 14 109 16 17 19 49 148 48 145 143 47 55 53 50 2 137 31 136 32 33 134 35 36 38 43 87 85 82 7 64 65 67 72 21 104 
60 41 92 97 99 8 70 6 77 78 121 126 128 22 30 131 25 132 26 27 102 14 109 110 17 19 20 114 115 15 145 147 47 55 150 50 151 51 52 62 2 152 56 57 58 59 33 134 135 36 38 39 139 140 34 43 44 45 46 1 142 40 87 158 82 159 83 84 94 7 160 88 89 90 91 100 9 10 95 96 98 65 67 68 153 154 63 72 73 74 75 3 156 69 79 80 4 81 5 76 123 21 162 117 118 119 120 129 23 24 124 125 127 28 29 130 104 105 106 107 11 161 101 111 112 12 113 13 108 116 16 18 148 48 49 143 144 146 53 54 149 61 136 137 31 138 32 133 141 35 37 42 85 86 157 93 155 64 66 71 122 103 
61 46 93 98 10 100 75 80 81 5 122 127 24 129 130 27 132 29 30 28 107 112 113 13 115 116 16 20 18 19 146 49 148 149 52 151 54 55 53 57 152 59 60 58 62 2 137 138 32 140 141 35 39 37 38 142 40 44 42 43 1 45 157 84 159 86 87 85 89 160 91 92 90 94 7 96 97 95 99 8 9 154 155 64 68 66 67 156 69 73 71 72 3 74 78 76 77 4 79 6 118 162 120 121 119 123 21 125 126 124 128 22 23 131 25 26 161 101 105 103 104 11 106 110 108 109 12 111 14 15 114 17 144 145 143 147 47 48 150 50 51 56 135 133 134 31 136 33 34 139 36 41 158 82 83 88 63 153 65 70 117 102 
62 45 94 99 100 9 74 79 6 81 123 128 129 23 131 132 26 30 28 29 106 111 14 113 114 17 116 19 20 18 147 148 48 150 151 51 55 53 54 152 56 60 58 59 2 61 136 33 138 139 36 141 38 39 37 41 142 43 44 42 46 1 158 159 83 87 85 86 160 88 92 90 91 7 93 97 95 96 8 98 10 153 65 155 67 68 66 70 156 72 73 71 75 3 77 78 76 80 4 5 162 117 121 119 120 21 122 126 124 125 22 127 24 25 130 27 102 161 104 105 103 107 11 109 110 108 112 12 13 115 15 16 145 143 144 47 146 49 50 149 52 57 134 135 133 137 31 32 140 34 35 40 82 157 84 89 154 63 64 69 118 101 
63 52 78 11 101 102 84 89 91 92 110 20 115 15 31 32 33 133 134 135 8 118 120 121 24 125 126 127 128 22 39 140 34 44 46 1 142 40 41 64 65 66 67 68 153 154 25 26 27 49 144 145 146 147 47 54 55 149 150 50 151 51 73 75 3 156 69 70 80 4 81 5 6 76 77 103 104 105 106 107 161 2 56 57 58 59 60 86 87 157 158 82 159 83 93 94 7 160 88 90 112 12 113 13 14 108 109 116 16 17 18 19 114 136 137 138 9 10 95 96 97 98 99 122 123 21 162 117 119 129 23 124 141 35 36 37 38 139 42 43 45 155 28 29 30 130 131 132 148 48 143 53 71 72 74 79 61 62 152 85 111 100 
64 149 80 101 103 104 157 93 89 160 112 115 116 16 32 133 134 31 136 137 95 122 118 162 127 24 129 125 126 124 140 141 35 46 142 40 44 42 43 66 67 63 153 154 65 155 28 25 130 146 49 148 144 145 143 52 151 54 55 53 150 50 75 156 69 73 71 72 81 5 78 76 77 4 79 11 106 107 102 161 105 58 2 61 56 57 152 84 159 86 87 85 158 82 91 92 90 94 7 88 113 13 110 108 109 12 111 20 18 19 15 114 17 33 138 135 8 98 9 10 100 96 97 120 121 119 123 21 117 128 22 23 39 37 38 34 139 36 1 45 41 68 26 27 132 29 30 131 147 47 48 51 3 74 70 6 59 60 62 83 14 99 
65 50 4 102 104 105 82 7 88 89 12 15 16 17 33 134 135 136 137 31 97 21 117 118 22 23 24 124 125 126 34 35 36 1 40 41 42 43 44 67 68 153 154 63 155 64 30 131 25 47 48 49 143 144 145 51 52 53 54 55 149 150 3 69 70 71 72 73 5 6 76 77 78 79 80 106 107 11 161 101 103 60 62 2 152 56 57 83 84 85 86 87 157 158 90 91 92 93 94 160 13 14 108 109 110 111 112 18 19 20 114 115 116 138 32 133 99 8 100 9 10 95 96 119 120 121 122 123 162 127 128 129 37 38 39 139 140 141 45 46 142 66 132 26 27 28 29 130 146 147 148 151 74 75 156 81 58 59 61 159 113 98 
66 54 81 103 11 106 86 91 93 94 113 116 20 18 133 31 136 32 33 138 9 120 122 123 125 127 128 24 129 23 141 39 37 142 44 42 46 1 45 63 153 64 65 155 67 68 26 28 29 144 146 147 49 148 48 149 150 52 151 51 55 53 156 73 71 75 3 74 78 76 80 4 79 5 6 101 102 161 104 105 107 56 58 59 2 61 62 157 158 84 159 83 87 85 89 160 88 92 90 7 110 108 112 12 111 13 14 115 15 114 16 17 19 134 135 137 95 96 8 98 99 10 100 118 162 117 121 119 21 126 124 22 140 34 139 35 36 38 40 41 43 154 25 130 131 27 132 30 145 143 47 50 69 70 72 77 57 152 60 82 109 97 
67 53 5 104 106 107 85 90 7 93 13 16 18 19 134 136 137 33 138 32 100 119 21 122 124 22 127 23 24 129 35 37 38 40 42 43 1 45 46 153 154 65 155 64 68 66 132 30 28 143 47 146 48 49 148 50 149 51 52 151 54 55 69 71 72 3 74 75 76 77 4 79 80 6 81 102 161 101 105 103 11 152 60 58 62 2 61 82 157 83 84 159 86 87 88 89 160 91 92 94 108 109 12 111 112 14 113 15 114 115 17 116 20 135 133 31 97 95 99 8 98 9 10 117 118 162 120 121 123 125 126 128 34 139 140 36 141 39 41 142 44 63 131 25 130 26 27 29 144 145 147 150 70 156 73 78 56 57 59 158 110 96 
68 55 6 105 107 11 87 92 94 7 14 17 19 20 135 137 31 138 32 33 10 121 123 21 126 128 22 129 23 24 36 38 39 41 43 44 45 46 1 154 63 155 64 65 66 67 27 29 30 145 147 47 148 48 49 150 50 151 51 52 53 54 70 72 73 74 75 3 77 78 79 80 4 81 5 161 101 102 103 104 106 57 59 60 61 62 2 158 82 159 83 84 85 86 160 88 89 90 91 93 109 110 111 112 12 113 13 114 115 15 116 16 18 133 134 136 96 97 98 99 8 100 9 162 117 118 119 120 122 124 125 127 139 140 34 141 35 37 142 40 42 153 130 131 25 132 26 28 143 144 146 149 156 69 71 76 152 56 58 157 108 95 
69 146 101 13 108 109 58 157 84 159 115 32 133 134 35 37 38 34 139 140 90 95 8 98 122 118 162 120 121 119 46 142 40 64 66 67 63 153 154 71 72 3 74 75 70 156 124 22 127 28 25 130 26 27 132 49 148 144 145 143 147 47 80 81 5 78 76 77 103 104 11 106 107 102 161 12 111 112 14 113 110 53 50 149 51 52 151 2 61 56 57 152 59 60 86 87 85 158 82 83 116 16 20 18 19 15 114 31 136 137 33 138 135 36 141 39 7 93 88 89 160 91 92 9 10 100 96 97 99 123 21 117 44 42 43 1 45 41 65 155 68 73 23 24 129 125 126 128 29 30 131 48 4 79 6 105 54 55 150 62 17 94 
70 47 102 14 109 110 60 82 83 84 15 33 134 135 36 38 39 139 140 34 92 97 99 8 21 117 118 119 120 121 1 40 41 65 67 68 153 154 63 72 73 74 75 3 156 69 126 128 22 30 131 25 132 26 27 48 49 143 144 145 146 147 4 5 6 76 77 78 104 105 106 107 11 161 101 111 112 12 113 13 108 55 150 50 151 51 52 62 2 152 56 57 58 59 85 86 87 157 158 159 16 17 18 19 20 114 115 136 137 31 138 32 133 141 35 37 94 7 160 88 89 90 91 100 9 10 95 96 98 122 123 162 42 43 44 45 46 142 155 64 66 71 129 23 24 124 125 127 28 29 130 148 79 80 81 103 53 54 149 61 116 93 
71 144 103 108 12 111 56 86 157 158 116 133 31 136 37 34 139 35 36 141 88 9 95 96 120 122 123 118 162 117 142 44 42 66 63 153 64 65 155 3 74 69 70 156 72 73 23 124 125 26 28 29 25 130 131 146 147 49 148 48 145 143 81 78 76 80 4 79 11 106 101 102 161 104 105 13 14 113 109 110 112 51 53 54 50 149 150 58 59 2 61 62 57 152 84 159 83 87 85 82 20 18 115 15 114 16 17 32 33 138 134 135 137 38 39 140 90 91 7 93 94 89 160 8 98 99 10 100 97 121 119 21 46 1 45 40 41 43 67 68 154 75 22 127 128 24 129 126 27 132 30 47 5 6 77 107 52 151 55 60 19 92 
72 143 104 109 111 112 152 85 82 157 16 134 136 137 38 139 140 36 141 35 160 100 97 95 119 21 122 117 118 162 40 42 43 67 153 154 65 155 64 74 75 70 156 69 73 71 129 126 124 132 30 28 131 25 130 47 146 48 49 148 144 145 5 76 77 4 79 80 106 107 102 161 101 105 103 14 113 13 110 108 12 151 55 53 150 50 149 60 58 62 2 61 56 57 83 84 159 86 87 158 18 19 15 114 115 17 116 33 138 32 135 133 31 39 37 34 92 90 94 7 93 88 89 99 8 98 9 10 96 120 121 123 1 45 46 41 142 44 68 66 63 3 128 22 127 23 24 125 26 27 29 147 6 81 78 11 51 52 54 59 20 91 
73 145 105 110 112 12 57 87 158 82 17 135 137 31 39 140 34 141 35 36 89 10 96 97 121 123 21 162 117 118 41 43 44 68 154 63 155 64 65 75 3 156 69 70 71 72 24 125 126 27 29 30 130 131 25 147 47 148 48 49 143 144 6 77 78 79 80 4 107 11 161 101 102 103 104 113 13 14 108 109 111 52 54 55 149 150 50 59 60 61 62 2 152 56 159 83 84 85 86 157 19 20 114 115 15 116 16 138 32 33 133 134 136 37 38 139 91 92 93 94 7 160 88 98 99 8 100 9 95 119 120 122 45 46 1 142 40 42 66 67 153 74 127 128 22 129 23 124 132 26 28 146 81 5 76 106 151 51 53 58 18 90 
74 48 106 111 14 113 62 83 85 86 18 136 33 138 139 36 141 38 39 37 94 99 100 9 117 119 120 21 122 123 42 1 45 153 65 155 67 68 66 70 156 72 73 71 75 3 128 129 23 131 132 26 30 28 29 143 144 47 146 147 49 148 76 4 79 5 6 81 102 161 104 105 103 107 11 109 110 108 112 12 13 150 151 51 55 53 54 152 56 60 58 59 2 61 82 157 158 84 159 87 15 114 16 17 116 19 20 134 135 133 137 31 32 140 34 35 160 88 92 90 91 7 93 97 95 96 8 98 10 118 162 121 40 41 142 43 44 46 154 63 64 69 126 124 125 22 127 24 25 130 27 145 77 78 80 101 50 149 52 57 115 89 
75 148 107 112 113 13 61 159 87 85 19 137 138 32 140 141 35 39 37 38 93 98 10 100 162 121 119 123 21 122 43 45 46 154 155 64 68 66 67 156 69 73 71 72 3 74 127 24 129 130 27 132 29 30 28 145 143 147 47 146 48 49 77 79 80 6 81 5 161 101 105 103 104 11 106 110 108 109 12 111 14 149 52 151 54 55 53 57 152 59 60 58 62 2 158 82 157 83 84 86 114 115 17 116 16 20 18 135 133 134 31 136 33 34 139 36 89 160 91 92 90 94 7 96 97 95 99 8 9 117 118 120 41 142 40 44 42 1 63 153 65 70 125 126 124 128 22 23 131 25 26 144 78 76 4 102 150 50 51 56 15 88 
76 26 108 18 15 114 51 56 58 59 133 37 34 139 42 1 45 40 41 142 83 88 90 91 9 95 96 8 98 99 66 63 153 71 3 74 69 70 156 4 79 5 6 81 77 78 117 119 120 23 124 125 22 127 128 28 29 25 130 131 27 132 103 11 106 101 102 161 12 111 13 14 113 109 110 16 17 116 19 20 115 48 143 144 47 146 147 53 54 50 149 150 52 151 2 61 62 57 152 60 31 136 32 33 138 134 135 35 36 141 38 39 140 43 44 46 85 86 82 157 158 84 159 7 93 94 89 160 92 10 100 97 64 65 155 67 68 154 72 73 75 80 21 122 123 118 162 121 24 129 126 30 104 105 107 112 49 148 145 55 137 87 
77 132 109 19 114 115 151 152 60 58 134 38 139 140 43 45 46 41 142 40 159 160 92 90 100 97 95 99 8 98 67 153 154 72 74 75 70 156 69 79 80 6 81 5 78 76 162 121 119 129 126 124 128 22 127 30 28 131 25 130 26 27 104 106 107 102 161 101 111 112 14 113 13 110 108 17 116 16 20 18 15 148 145 143 147 47 146 55 53 150 50 149 51 52 62 2 61 56 57 59 136 137 33 138 32 135 133 36 141 35 39 37 34 44 42 1 87 85 158 82 157 83 84 94 7 93 88 89 91 9 10 96 65 155 64 68 66 63 73 71 3 4 123 21 122 117 118 120 23 24 125 29 105 103 11 12 48 49 144 54 31 86 
78 27 110 20 115 15 52 57 59 60 135 39 140 34 44 46 1 142 40 41 84 89 91 92 10 96 97 98 99 8 68 154 63 73 75 3 156 69 70 80 4 81 5 6 76 77 118 120 121 24 125 126 127 128 22 29 30 130 131 25 132 26 105 107 11 161 101 102 112 12 113 13 14 108 109 116 16 17 18 19 114 49 144 145 146 147 47 54 55 149 150 50 151 51 61 62 2 152 56 58 137 31 138 32 33 133 134 141 35 36 37 38 139 42 43 45 86 87 157 158 82 159 83 93 94 7 160 88 90 100 9 95 155 64 65 66 67 153 71 72 74 79 122 123 21 162 117 119 129 23 124 28 103 104 106 111 148 48 143 53 136 85 
79 131 111 114 17 116 150 62 152 56 136 139 36 141 45 41 142 43 44 42 158 94 160 88 99 100 9 97 95 96 153 65 155 74 70 156 72 73 71 6 81 77 78 76 80 4 123 162 117 128 129 23 126 124 125 132 26 30 28 29 25 130 106 102 161 104 105 103 14 113 109 110 108 112 12 19 20 18 115 15 16 147 148 48 145 143 144 151 51 55 53 54 50 149 60 58 59 2 61 57 33 138 134 135 133 137 31 38 39 37 140 34 35 46 1 40 159 83 87 85 86 82 157 92 90 91 7 93 89 8 98 10 67 68 66 154 63 64 75 3 69 5 121 119 120 21 122 118 22 127 24 27 107 11 101 13 47 146 49 52 32 84 
80 130 112 115 116 16 149 61 57 152 137 140 141 35 46 142 40 44 42 43 157 93 89 160 98 10 100 96 97 95 154 155 64 75 156 69 73 71 72 81 5 78 76 77 4 79 122 118 162 127 24 129 125 126 124 27 132 29 30 28 131 25 107 161 101 105 103 104 113 13 110 108 109 12 111 20 18 19 15 114 17 146 49 148 144 145 143 52 151 54 55 53 150 50 59 60 58 62 2 56 138 32 135 133 134 31 136 39 37 38 34 139 36 1 45 41 84 159 86 87 85 158 82 91 92 90 94 7 88 99 8 9 68 66 67 63 153 65 3 74 70 6 120 121 119 123 21 117 128 22 23 26 11 106 102 14 147 47 48 51 33 83 
81 29 113 116 20 18 54 59 61 62 138 141 39 37 142 44 42 46 1 45 86 91 93 94 96 98 99 10 100 9 155 68 66 156 73 71 75 3 74 78 76 80 4 79 5 6 120 122 123 125 127 128 24 129 23 130 131 27 132 26 30 28 161 105 103 107 11 106 110 108 112 12 111 13 14 115 15 114 16 17 19 144 146 147 49 148 48 149 150 52 151 51 55 53 57 152 56 60 58 2 135 133 137 31 136 32 33 140 34 139 35 36 38 40 41 43 157 158 84 159 83 87 85 89 160 88 92 90 7 97 95 8 154 63 153 64 65 67 69 70 72 77 118 162 117 121 119 21 126 124 22 25 101 102 104 109 145 143 47 50 134 82 
82 36 97 21 117 118 65 70 72 73 126 30 131 25 47 48 49 143 144 145 4 102 104 105 14 109 110 111 112 12 55 150 50 60 62 2 152 56 57 83 84 85 86 87 157 158 15 16 17 33 134 135 136 137 31 38 39 139 140 34 141 35 92 94 7 160 88 89 99 8 100 9 10 95 96 119 120 121 122 123 162 1 40 41 42 43 44 67 68 153 154 63 155 64 74 75 3 156 69 71 128 22 129 23 24 124 125 132 26 27 28 29 130 146 147 148 5 6 76 77 78 79 80 106 107 11 161 101 103 113 13 108 151 51 52 53 54 149 58 59 61 159 18 19 20 114 115 116 138 32 133 37 90 91 93 98 45 46 142 66 127 81 
83 139 99 117 119 120 153 74 70 156 128 131 132 26 48 143 144 47 146 147 76 106 102 161 111 14 113 109 110 108 150 151 51 62 152 56 60 58 59 85 86 82 157 158 84 159 18 15 114 136 33 138 134 135 133 36 141 38 39 37 140 34 94 160 88 92 90 91 100 9 97 95 96 8 98 21 122 123 118 162 121 42 1 45 40 41 142 65 155 67 68 66 154 63 72 73 71 75 3 69 129 23 126 124 125 22 127 30 28 29 25 130 27 49 148 145 4 79 5 6 81 77 78 104 105 103 107 11 101 112 12 13 55 53 54 50 149 52 2 61 57 87 16 17 116 19 20 115 137 31 32 35 7 93 89 10 43 44 46 64 24 80 
84 34 8 118 120 121 63 3 69 70 22 25 26 27 49 144 145 146 147 47 78 11 101 102 12 13 14 108 109 110 50 51 52 2 56 57 58 59 60 86 87 157 158 82 159 83 20 115 15 31 32 33 133 134 135 35 36 37 38 39 139 140 7 88 89 90 91 92 9 10 95 96 97 98 99 122 123 21 162 117 119 44 46 1 142 40 41 64 65 66 67 68 153 154 71 72 73 74 75 156 23 24 124 125 126 127 128 28 29 30 130 131 132 148 48 143 80 4 81 5 6 76 77 103 104 105 106 107 161 111 112 113 53 54 55 149 150 151 61 62 152 85 116 16 17 18 19 114 136 137 138 141 93 94 160 100 42 43 45 155 129 79 
85 38 100 119 21 122 67 72 74 75 129 132 30 28 143 47 146 48 49 148 5 104 106 107 109 111 112 14 113 13 151 55 53 152 60 58 62 2 61 82 157 83 84 159 86 87 16 18 19 134 136 137 33 138 32 139 140 36 141 35 39 37 160 92 90 94 7 93 97 95 99 8 98 9 10 117 118 162 120 121 123 40 42 43 1 45 46 153 154 65 155 64 68 66 70 156 69 73 71 3 126 124 128 22 127 23 24 131 25 130 26 27 29 144 145 147 76 77 4 79 80 6 81 102 161 101 105 103 11 110 108 12 150 50 149 51 52 54 56 57 59 158 15 114 115 17 116 20 135 133 31 34 88 89 91 96 41 142 44 63 125 78 
86 37 9 120 122 123 66 71 3 74 23 26 28 29 144 146 147 49 148 48 81 103 11 106 108 12 111 13 14 113 51 53 54 56 58 59 2 61 62 157 158 84 159 83 87 85 116 20 18 133 31 136 32 33 138 34 139 35 36 141 38 39 88 90 91 7 93 94 95 96 8 98 99 10 100 118 162 117 121 119 21 142 44 42 46 1 45 63 153 64 65 155 67 68 69 70 156 72 73 75 124 125 22 127 128 24 129 25 130 131 27 132 30 145 143 47 78 76 80 4 79 5 6 101 102 161 104 105 107 109 110 112 50 149 150 52 151 55 57 152 60 82 115 15 114 16 17 19 134 135 137 140 89 160 92 97 40 41 43 154 126 77 
87 39 10 121 123 21 68 73 75 3 24 27 29 30 145 147 47 148 48 49 6 105 107 11 110 112 12 113 13 14 52 54 55 57 59 60 61 62 2 158 82 159 83 84 85 86 17 19 20 135 137 31 138 32 33 140 34 141 35 36 37 38 89 91 92 93 94 7 96 97 98 99 8 100 9 162 117 118 119 120 122 41 43 44 45 46 1 154 63 155 64 65 66 67 156 69 70 71 72 74 125 126 127 128 22 129 23 130 131 25 132 26 28 143 144 146 77 78 79 80 4 81 5 161 101 102 103 104 106 108 109 111 149 150 50 151 51 53 152 56 58 157 114 115 15 116 16 18 133 134 136 139 160 88 90 95 142 40 42 153 124 76 
88 136 117 23 124 125 42 153 65 155 131 48 143 144 51 53 54 50 149 150 71 76 4 79 106 102 161 104 105 103 62 152 56 83 85 86 82 157 158 90 91 7 93 94 89 160 108 12 111 18 15 114 16 17 116 33 138 134 135 133 137 31 99 100 9 97 95 96 119 120 21 122 123 118 162 22 127 128 24 129 126 37 34 139 35 36 141 1 45 40 41 142 43 44 67 68 66 154 63 64 132 26 30 28 29 25 130 47 146 147 49 148 145 52 151 55 3 74 69 70 156 72 73 5 6 81 77 78 80 107 11 101 60 58 59 2 61 57 84 159 87 92 13 14 113 109 110 112 19 20 115 32 8 98 10 121 38 39 140 46 27 75 
89 31 118 24 125 126 44 63 64 65 25 49 144 145 52 54 55 149 150 50 73 78 80 4 11 101 102 103 104 105 2 56 57 84 86 87 157 158 82 91 92 93 94 7 160 88 110 112 12 20 115 15 116 16 17 32 33 133 134 135 136 137 8 9 10 95 96 97 120 121 122 123 21 162 117 127 128 22 129 23 124 39 140 34 141 35 36 46 1 142 40 41 42 43 66 67 68 153 154 155 26 27 28 29 30 130 131 146 147 47 148 48 143 151 51 53 75 3 156 69 70 71 72 81 5 6 76 77 79 106 107 161 58 59 60 61 62 152 159 83 85 90 113 13 14 108 109 111 18 19 114 138 98 99 100 119 37 38 139 45 132 74 
90 134 119 124 22 127 40 67 153 154 132 143 47 146 53 50 149 51 52 151 69 5 76 77 104 106 107 102 161 101 152 60 58 85 82 157 83 84 159 7 93 88 89 160 91 92 13 108 109 16 18 19 15 114 115 136 137 33 138 32 135 133 100 97 95 99 8 98 21 122 117 118 162 120 121 23 24 129 125 126 128 35 37 38 34 139 140 42 43 1 45 46 41 142 65 155 64 68 66 63 30 28 131 25 130 26 27 48 49 148 144 145 147 54 55 150 71 72 3 74 75 70 156 4 79 80 6 81 78 105 103 11 62 2 61 56 57 59 86 87 158 94 12 111 112 14 113 110 17 116 20 31 9 10 96 123 36 141 39 44 29 73 
91 133 120 125 127 128 142 66 63 153 26 144 146 147 54 149 150 52 151 51 156 81 78 76 103 11 106 101 102 161 56 58 59 86 157 158 84 159 83 93 94 89 160 88 92 90 113 110 108 116 20 18 115 15 114 31 136 32 33 138 134 135 9 95 96 8 98 99 122 123 118 162 117 121 119 24 129 23 126 124 22 141 39 37 140 34 139 44 42 46 1 45 40 41 64 65 155 67 68 154 28 29 25 130 131 27 132 49 148 48 145 143 47 55 53 50 73 71 75 3 74 69 70 80 4 79 5 6 77 104 105 107 2 61 62 57 152 60 87 85 82 7 112 12 111 13 14 109 16 17 19 137 10 100 97 21 35 36 38 43 30 72 
92 135 121 126 128 22 41 68 154 63 27 145 147 47 55 150 50 151 51 52 70 6 77 78 105 107 11 161 101 102 57 59 60 87 158 82 159 83 84 94 7 160 88 89 90 91 14 109 110 17 19 20 114 115 15 137 31 138 32 33 133 134 10 96 97 98 99 8 123 21 162 117 118 119 120 129 23 24 124 125 127 36 38 39 139 140 34 43 44 45 46 1 142 40 155 64 65 66 67 153 29 30 130 131 25 132 26 148 48 49 143 144 146 53 54 149 72 73 74 75 3 156 69 79 80 4 81 5 76 103 104 106 61 62 2 152 56 58 85 86 157 93 111 112 12 113 13 108 116 16 18 136 100 9 95 122 141 35 37 42 28 71 
93 32 122 127 24 129 46 64 66 67 28 146 49 148 149 52 151 54 55 53 75 80 81 5 101 103 104 11 106 107 58 2 61 157 84 159 86 87 85 89 160 91 92 90 94 7 112 113 13 115 116 16 20 18 19 133 134 31 136 137 33 138 95 8 98 9 10 100 118 162 120 121 119 123 21 125 126 124 128 22 23 140 141 35 39 37 38 142 40 44 42 43 1 45 63 153 154 65 155 68 25 130 26 27 132 29 30 144 145 143 147 47 48 150 50 51 156 69 73 71 72 3 74 78 76 77 4 79 6 102 161 105 56 57 152 59 60 62 158 82 83 88 110 108 109 12 111 14 15 114 17 135 96 97 99 117 34 139 36 41 131 70 
94 138 123 128 129 23 45 155 68 66 29 147 148 48 150 151 51 55 53 54 74 79 6 81 161 105 103 107 11 106 59 61 62 158 159 83 87 85 86 160 88 92 90 91 7 93 111 14 113 114 17 116 19 20 18 135 133 137 31 136 32 33 96 98 99 10 100 9 162 117 121 119 120 21 122 126 124 125 22 127 24 139 36 141 38 39 37 41 142 43 44 42 46 1 154 63 153 64 65 67 130 131 27 132 26 30 28 145 143 144 47 146 49 50 149 52 70 156 72 73 71 75 3 77 78 76 80 4 5 101 102 104 57 152 56 60 58 2 82 157 84 89 109 110 108 112 12 13 115 15 16 134 97 95 8 118 140 34 35 40 25 69 
95 16 124 28 25 130 35 40 42 43 143 53 50 149 58 2 61 56 57 152 64 69 71 72 5 76 77 4 79 80 85 82 157 90 7 93 88 89 160 8 98 9 10 100 96 97 101 103 104 13 108 109 12 111 112 18 19 15 114 115 17 116 119 21 122 117 118 162 22 127 23 24 129 125 126 26 27 132 29 30 131 32 133 134 31 136 137 37 38 34 139 140 36 141 1 45 46 41 142 44 47 146 48 49 148 144 145 51 52 151 54 55 150 59 60 62 66 67 63 153 154 65 155 3 74 75 70 156 73 6 81 78 83 84 159 86 87 158 91 92 94 99 11 106 107 102 161 105 14 113 110 20 120 121 123 128 33 138 135 39 147 68 
96 116 125 29 130 131 141 142 44 42 144 54 149 150 59 61 62 57 152 56 155 156 73 71 81 78 76 80 4 79 86 157 158 91 93 94 89 160 88 98 99 10 100 9 97 95 161 105 103 113 110 108 112 12 111 20 18 115 15 114 16 17 120 122 123 118 162 117 127 128 24 129 23 126 124 27 132 26 30 28 25 138 135 133 137 31 136 39 37 140 34 139 35 36 46 1 45 40 41 43 146 147 49 148 48 145 143 52 151 51 55 53 50 60 58 2 68 66 154 63 153 64 65 75 3 74 69 70 72 5 6 77 84 159 83 87 85 82 92 90 7 8 107 11 106 101 102 104 13 14 109 19 121 119 21 22 32 33 134 38 47 67 
97 17 126 30 131 25 36 41 43 44 145 55 150 50 60 62 2 152 56 57 65 70 72 73 6 77 78 79 80 4 87 158 82 92 94 7 160 88 89 99 8 100 9 10 95 96 102 104 105 14 109 110 111 112 12 19 20 114 115 15 116 16 121 123 21 162 117 118 128 22 129 23 24 124 125 132 26 27 28 29 130 33 134 135 136 137 31 38 39 139 140 34 141 35 45 46 1 142 40 42 147 47 148 48 49 143 144 151 51 52 53 54 149 58 59 61 67 68 153 154 63 155 64 74 75 3 156 69 71 81 5 76 159 83 84 85 86 157 90 91 93 98 106 107 11 161 101 103 113 13 108 18 119 120 122 127 138 32 133 37 146 66 
98 115 127 130 27 132 140 46 142 40 146 149 52 151 61 57 152 59 60 58 154 75 156 69 80 81 5 78 76 77 157 84 159 93 89 160 91 92 90 10 100 96 97 95 99 8 107 161 101 112 113 13 110 108 109 116 16 20 18 19 15 114 122 118 162 120 121 119 24 129 125 126 124 128 22 29 30 28 131 25 26 137 138 32 135 133 134 141 35 39 37 38 34 139 44 42 43 1 45 41 49 148 144 145 143 147 47 54 55 53 150 50 51 62 2 56 155 64 68 66 67 63 153 73 71 72 3 74 70 4 79 6 86 87 85 158 82 83 94 7 88 9 105 103 104 11 106 102 12 111 14 17 123 21 117 23 31 136 33 36 48 65 
99 114 128 131 132 26 139 45 41 142 147 150 151 51 62 152 56 60 58 59 153 74 70 156 79 6 81 77 78 76 158 159 83 94 160 88 92 90 91 100 9 97 95 96 8 98 106 102 161 111 14 113 109 110 108 17 116 19 20 18 115 15 123 162 117 121 119 120 129 23 126 124 125 22 127 30 28 29 25 130 27 136 33 138 134 135 133 36 141 38 39 37 140 34 43 44 42 46 1 40 148 48 145 143 144 47 146 55 53 54 50 149 52 2 61 57 65 155 67 68 66 154 63 72 73 71 75 3 69 80 4 5 87 85 86 82 157 84 7 93 89 10 104 105 103 107 11 101 112 12 13 16 21 122 118 24 137 31 32 35 49 64 
100 19 129 132 30 28 38 43 45 46 148 151 55 53 152 60 58 62 2 61 67 72 74 75 77 79 80 6 81 5 159 87 85 160 92 90 94 7 93 97 95 99 8 98 9 10 104 106 107 109 111 112 14 113 13 114 115 17 116 16 20 18 162 121 119 123 21 122 126 124 128 22 127 23 24 131 25 130 26 27 29 134 136 137 33 138 32 139 140 36 141 35 39 37 41 142 40 44 42 1 145 143 147 47 146 48 49 150 50 149 51 52 54 56 57 59 153 154 65 155 64 68 66 70 156 69 73 71 3 78 76 4 158 82 157 83 84 86 88 89 91 96 102 161 101 105 103 11 110 108 12 15 117 118 120 125 135 133 31 34 144 63 
101 127 115 32 133 134 146 149 52 151 140 46 142 40 64 66 67 63 153 154 58 157 84 159 93 89 160 91 92 90 75 156 69 80 81 5 78 76 77 103 104 11 106 107 102 161 95 8 98 122 118 162 120 121 119 24 129 125 126 124 128 22 112 113 13 110 108 109 116 16 20 18 19 15 114 31 136 137 33 138 135 28 25 130 26 27 132 49 148 144 145 143 147 47 54 55 53 150 50 51 141 35 39 37 38 34 139 44 42 43 1 45 41 65 155 68 2 61 56 57 152 59 60 86 87 85 158 82 83 94 7 88 73 71 72 3 74 70 4 79 6 105 9 10 100 96 97 99 123 21 117 23 12 111 14 17 29 30 131 48 36 62 
102 22 15 33 134 135 47 50 51 52 34 1 40 41 65 67 68 153 154 63 60 82 83 84 7 88 89 90 91 92 3 69 70 4 5 6 76 77 78 104 105 106 107 11 161 101 97 99 8 21 117 118 119 120 121 23 24 124 125 126 127 128 12 13 14 108 109 110 16 17 18 19 20 114 115 136 137 31 138 32 133 30 131 25 132 26 27 48 49 143 144 145 146 147 53 54 55 149 150 151 35 36 37 38 39 139 140 42 43 44 45 46 142 155 64 66 62 2 152 56 57 58 59 85 86 87 157 158 159 93 94 160 71 72 73 74 75 156 79 80 81 103 100 9 10 95 96 98 122 123 162 129 111 112 113 116 28 29 130 148 141 61 
103 125 116 133 31 136 144 54 149 150 141 142 44 42 66 63 153 64 65 155 56 86 157 158 91 93 94 89 160 88 156 73 71 81 78 76 80 4 79 11 106 101 102 161 104 105 9 95 96 120 122 123 118 162 117 127 128 24 129 23 126 124 113 110 108 112 12 111 20 18 115 15 114 16 17 32 33 138 134 135 137 26 28 29 25 130 131 146 147 49 148 48 145 143 52 151 51 55 53 50 39 37 140 34 139 35 36 46 1 45 40 41 43 67 68 154 58 59 2 61 62 57 152 84 159 83 87 85 82 92 90 7 75 3 74 69 70 72 5 6 77 107 8 98 99 10 100 97 121 119 21 22 13 14 109 19 27 132 30 47 38 60 
104 124 16 134 136 137 143 53 50 149 35 40 42 43 67 153 154 65 155 64 152 85 82 157 90 7 93 88 89 160 69 71 72 5 76 77 4 79 80 106 107 102 161 101 105 103 100 97 95 119 21 122 117 118 162 22 127 23 24 129 125 126 13 108 109 12 111 112 18 19 15 114 115 17 116 33 138 32 135 133 31 132 30 28 131 25 130 47 146 48 49 148 144 145 51 52 151 54 55 150 37 38 34 139 140 36 141 1 45 46 41 142 44 68 66 63 60 58 62 2 61 56 57 83 84 159 86 87 158 91 92 94 3 74 75 70 156 73 6 81 78 11 99 8 98 9 10 96 120 121 123 128 14 113 110 20 26 27 29 147 39 59 
105 126 17 135 137 31 145 55 150 50 36 41 43 44 68 154 63 155 64 65 57 87 158 82 92 94 7 160 88 89 70 72 73 6 77 78 79 80 4 107 11 161 101 102 103 104 10 96 97 121 123 21 162 117 118 128 22 129 23 24 124 125 14 109 110 111 112 12 19 20 114 115 15 116 16 138 32 33 133 134 136 27 29 30 130 131 25 147 47 148 48 49 143 144 151 51 52 53 54 149 38 39 139 140 34 141 35 45 46 1 142 40 42 66 67 153 59 60 61 62 2 152 56 159 83 84 85 86 157 90 91 93 74 75 3 156 69 71 81 5 76 106 98 99 8 100 9 95 119 120 122 127 113 13 108 18 132 26 28 146 37 58 
106 23 18 136 33 138 48 51 53 54 37 42 1 45 153 65 155 67 68 66 62 83 85 86 88 90 91 7 93 94 71 3 74 76 4 79 5 6 81 102 161 104 105 103 107 11 99 100 9 117 119 120 21 122 123 124 125 22 127 128 24 129 108 12 111 13 14 113 15 114 16 17 116 19 20 134 135 133 137 31 32 131 132 26 30 28 29 143 144 47 146 147 49 148 50 149 150 52 151 55 34 139 35 36 141 38 39 40 41 142 43 44 46 154 63 64 152 56 60 58 59 2 61 82 157 158 84 159 87 89 160 92 69 70 156 72 73 75 77 78 80 101 97 95 96 8 98 10 118 162 121 126 109 110 112 115 25 130 27 145 140 57 
107 129 19 137 138 32 148 151 55 53 38 43 45 46 154 155 64 68 66 67 61 159 87 85 160 92 90 94 7 93 72 74 75 77 79 80 6 81 5 161 101 105 103 104 11 106 98 10 100 162 121 119 123 21 122 126 124 128 22 127 23 24 109 111 112 14 113 13 114 115 17 116 16 20 18 135 133 134 31 136 33 130 27 132 29 30 28 145 143 147 47 146 48 49 150 50 149 51 52 54 139 140 36 141 35 39 37 41 142 40 44 42 1 63 153 65 57 152 59 60 58 62 2 158 82 157 83 84 86 88 89 91 70 156 69 73 71 3 78 76 4 102 96 97 95 99 8 9 117 118 120 125 110 108 12 15 131 25 26 144 34 56 
108 120 133 37 34 139 26 144 146 147 142 66 63 153 71 3 74 69 70 156 51 56 58 59 86 157 158 84 159 83 81 78 76 103 11 106 101 102 161 12 111 13 14 113 109 110 88 90 91 9 95 96 8 98 99 122 123 118 162 117 121 119 116 20 18 115 15 114 31 136 32 33 138 134 135 35 36 141 38 39 140 23 124 125 22 127 128 28 29 25 130 131 27 132 49 148 48 145 143 47 44 42 46 1 45 40 41 64 65 155 67 68 154 72 73 75 53 54 50 149 150 52 151 2 61 62 57 152 60 87 85 82 80 4 79 5 6 77 104 105 107 112 7 93 94 89 160 92 10 100 97 21 16 17 19 137 24 129 126 30 43 55 
109 119 134 38 139 140 132 143 47 146 40 67 153 154 72 74 75 70 156 69 151 152 60 58 85 82 157 83 84 159 5 76 77 104 106 107 102 161 101 111 112 14 113 13 110 108 160 92 90 100 97 95 99 8 98 21 122 117 118 162 120 121 16 18 19 15 114 115 136 137 33 138 32 135 133 36 141 35 39 37 34 129 126 124 128 22 127 30 28 131 25 130 26 27 48 49 148 144 145 147 42 43 1 45 46 41 142 65 155 64 68 66 63 73 71 3 55 53 150 50 149 51 52 62 2 61 56 57 59 86 87 158 4 79 80 6 81 78 105 103 11 12 94 7 93 88 89 91 9 10 96 123 17 116 20 31 23 24 125 29 44 54 
110 121 135 39 140 34 27 145 147 47 41 68 154 63 73 75 3 156 69 70 52 57 59 60 87 158 82 159 83 84 6 77 78 105 107 11 161 101 102 112 12 113 13 14 108 109 89 91 92 10 96 97 98 99 8 123 21 162 117 118 119 120 17 19 20 114 115 15 137 31 138 32 33 133 134 141 35 36 37 38 139 24 125 126 127 128 22 29 30 130 131 25 132 26 148 48 49 143 144 146 43 44 45 46 1 142 40 155 64 65 66 67 153 71 72 74 54 55 149 150 50 151 51 61 62 2 152 56 58 85 86 157 79 80 4 81 5 76 103 104 106 111 93 94 7 160 88 90 100 9 95 122 116 16 18 136 129 23 124 28 42 53 
111 117 136 139 36 141 131 48 143 144 42 153 65 155 74 70 156 72 73 71 150 62 152 56 83 85 86 82 157 158 76 4 79 106 102 161 104 105 103 14 113 109 110 108 112 12 94 160 88 99 100 9 97 95 96 119 120 21 122 123 118 162 18 15 114 16 17 116 33 138 134 135 133 137 31 38 39 37 140 34 35 128 129 23 126 124 125 132 26 30 28 29 25 130 47 146 147 49 148 145 1 45 40 41 142 43 44 67 68 66 154 63 64 75 3 69 151 51 55 53 54 50 149 60 58 59 2 61 57 84 159 87 5 6 81 77 78 80 107 11 101 13 92 90 91 7 93 89 8 98 10 121 19 20 115 32 22 127 24 27 46 52 
112 162 137 140 141 35 130 148 145 143 43 154 155 64 75 156 69 73 71 72 149 61 57 152 159 87 85 158 82 157 77 79 80 107 161 101 105 103 104 113 13 110 108 109 12 111 93 89 160 98 10 100 96 97 95 121 119 123 21 122 117 118 19 114 115 17 116 16 138 32 135 133 134 31 136 39 37 38 34 139 36 127 24 129 125 126 124 27 132 29 30 28 131 25 147 47 146 48 49 144 45 46 41 142 40 44 42 68 66 67 63 153 65 3 74 70 52 151 54 55 53 150 50 59 60 58 62 2 56 83 84 86 6 81 5 78 76 4 11 106 102 14 91 92 90 94 7 88 99 8 9 120 20 18 15 33 128 22 23 26 1 51 
113 123 138 141 39 37 29 147 148 48 45 155 68 66 156 73 71 75 3 74 54 59 61 62 158 159 83 87 85 86 79 6 81 161 105 103 107 11 106 110 108 112 12 111 13 14 91 93 94 96 98 99 10 100 9 162 117 121 119 120 21 122 114 17 116 19 20 18 135 133 137 31 136 32 33 140 34 139 35 36 38 125 127 128 24 129 23 130 131 27 132 26 30 28 145 143 144 47 146 49 41 142 43 44 42 46 1 154 63 153 64 65 67 69 70 72 149 150 52 151 51 55 53 57 152 56 60 58 2 82 157 84 77 78 76 80 4 5 101 102 104 109 89 160 88 92 90 7 97 95 8 118 115 15 16 134 126 124 22 25 40 50 
114 99 139 45 41 142 128 131 132 26 153 74 70 156 79 6 81 77 78 76 147 150 151 51 62 152 56 60 58 59 106 102 161 111 14 113 109 110 108 17 116 19 20 18 115 15 158 159 83 94 160 88 92 90 91 100 9 97 95 96 8 98 136 33 138 134 135 133 36 141 38 39 37 140 34 43 44 42 46 1 40 123 162 117 121 119 120 129 23 126 124 125 22 127 30 28 29 25 130 27 65 155 67 68 66 154 63 72 73 71 75 3 69 80 4 5 148 48 145 143 144 47 146 55 53 54 50 149 52 2 61 57 104 105 103 107 11 101 112 12 13 16 87 85 86 82 157 84 7 93 89 10 137 31 32 35 21 122 118 24 64 49 
115 98 140 46 142 40 127 130 27 132 154 75 156 69 80 81 5 78 76 77 146 149 52 151 61 57 152 59 60 58 107 161 101 112 113 13 110 108 109 116 16 20 18 19 15 114 157 84 159 93 89 160 91 92 90 10 100 96 97 95 99 8 137 138 32 135 133 134 141 35 39 37 38 34 139 44 42 43 1 45 41 122 118 162 120 121 119 24 129 125 126 124 128 22 29 30 28 131 25 26 155 64 68 66 67 63 153 73 71 72 3 74 70 4 79 6 49 148 144 145 143 147 47 54 55 53 150 50 51 62 2 56 105 103 104 11 106 102 12 111 14 17 86 87 85 158 82 83 94 7 88 9 31 136 33 36 123 21 117 23 65 48 
116 96 141 142 44 42 125 29 130 131 155 156 73 71 81 78 76 80 4 79 144 54 149 150 59 61 62 57 152 56 161 105 103 113 110 108 112 12 111 20 18 115 15 114 16 17 86 157 158 91 93 94 89 160 88 98 99 10 100 9 97 95 138 135 133 137 31 136 39 37 140 34 139 35 36 46 1 45 40 41 43 120 122 123 118 162 117 127 128 24 129 23 126 124 27 132 26 30 28 25 68 66 154 63 153 64 65 75 3 74 69 70 72 5 6 77 146 147 49 148 48 145 143 52 151 51 55 53 50 60 58 2 107 11 106 101 102 104 13 14 109 19 84 159 83 87 85 82 92 90 7 8 32 33 134 38 121 119 21 22 67 47 
117 111 131 48 143 144 136 139 36 141 150 62 152 56 83 85 86 82 157 158 42 153 65 155 74 70 156 72 73 71 94 160 88 99 100 9 97 95 96 119 120 21 122 123 118 162 76 4 79 106 102 161 104 105 103 14 113 109 110 108 112 12 128 129 23 126 124 125 132 26 30 28 29 25 130 47 146 147 49 148 145 18 15 114 16 17 116 33 138 134 135 133 137 31 38 39 37 140 34 35 151 51 55 53 54 50 149 60 58 59 2 61 57 84 159 87 1 45 40 41 142 43 44 67 68 66 154 63 64 75 3 69 92 90 91 7 93 89 8 98 10 121 5 6 81 77 78 80 107 11 101 13 22 127 24 27 19 20 115 32 52 46 
118 12 25 49 144 145 31 34 35 36 50 2 56 57 84 86 87 157 158 82 44 63 64 65 3 69 70 71 72 73 7 88 89 8 9 10 95 96 97 120 121 122 123 21 162 117 78 80 4 11 101 102 103 104 105 13 14 108 109 110 111 112 22 23 24 124 125 126 26 27 28 29 30 130 131 146 147 47 148 48 143 20 115 15 116 16 17 32 33 133 134 135 136 137 37 38 39 139 140 141 51 52 53 54 55 149 150 58 59 60 61 62 152 159 83 85 46 1 142 40 41 42 43 66 67 68 153 154 155 74 75 156 90 91 92 93 94 160 98 99 100 119 81 5 6 76 77 79 106 107 161 113 127 128 129 132 18 19 114 138 151 45 
119 109 132 143 47 146 134 38 139 140 151 152 60 58 85 82 157 83 84 159 40 67 153 154 72 74 75 70 156 69 160 92 90 100 97 95 99 8 98 21 122 117 118 162 120 121 5 76 77 104 106 107 102 161 101 111 112 14 113 13 110 108 129 126 124 128 22 127 30 28 131 25 130 26 27 48 49 148 144 145 147 16 18 19 15 114 115 136 137 33 138 32 135 133 36 141 35 39 37 34 55 53 150 50 149 51 52 62 2 61 56 57 59 86 87 158 42 43 1 45 46 41 142 65 155 64 68 66 63 73 71 3 94 7 93 88 89 91 9 10 96 123 4 79 80 6 81 78 105 103 11 12 23 24 125 29 17 116 20 31 54 44 
120 108 26 144 146 147 133 37 34 139 51 56 58 59 86 157 158 84 159 83 142 66 63 153 71 3 74 69 70 156 88 90 91 9 95 96 8 98 99 122 123 118 162 117 121 119 81 78 76 103 11 106 101 102 161 12 111 13 14 113 109 110 23 124 125 22 127 128 28 29 25 130 131 27 132 49 148 48 145 143 47 116 20 18 115 15 114 31 136 32 33 138 134 135 35 36 141 38 39 140 53 54 50 149 150 52 151 2 61 62 57 152 60 87 85 82 44 42 46 1 45 40 41 64 65 155 67 68 154 72 73 75 7 93 94 89 160 92 10 100 97 21 80 4 79 5 6 77 104 105 107 112 24 129 126 30 16 17 19 137 55 43 
121 110 27 145 147 47 135 39 140 34 52 57 59 60 87 158 82 159 83 84 41 68 154 63 73 75 3 156 69 70 89 91 92 10 96 97 98 99 8 123 21 162 117 118 119 120 6 77 78 105 107 11 161 101 102 112 12 113 13 14 108 109 24 125 126 127 128 22 29 30 130 131 25 132 26 148 48 49 143 144 146 17 19 20 114 115 15 137 31 138 32 33 133 134 141 35 36 37 38 139 54 55 149 150 50 151 51 61 62 2 152 56 58 85 86 157 43 44 45 46 1 142 40 155 64 65 66 67 153 71 72 74 93 94 7 160 88 90 100 9 95 122 79 80 4 81 5 76 103 104 106 111 129 23 124 28 116 16 18 136 53 42 
122 13 28 146 49 148 32 35 37 38 53 58 2 61 157 84 159 86 87 85 46 64 66 67 69 71 72 3 74 75 90 7 93 95 8 98 9 10 100 118 162 120 121 119 123 21 80 81 5 101 103 104 11 106 107 108 109 12 111 112 14 113 124 22 127 23 24 129 25 130 26 27 132 29 30 144 145 143 147 47 48 115 116 16 20 18 19 133 134 31 136 137 33 138 34 139 140 36 141 39 50 149 51 52 151 54 55 56 57 152 59 60 62 158 82 83 142 40 44 42 43 1 45 63 153 154 65 155 68 70 156 73 88 89 160 91 92 94 96 97 99 117 78 76 77 4 79 6 102 161 105 110 125 126 128 131 15 114 17 135 150 41 
123 113 29 147 148 48 138 141 39 37 54 59 61 62 158 159 83 87 85 86 45 155 68 66 156 73 71 75 3 74 91 93 94 96 98 99 10 100 9 162 117 121 119 120 21 122 79 6 81 161 105 103 107 11 106 110 108 112 12 111 13 14 125 127 128 24 129 23 130 131 27 132 26 30 28 145 143 144 47 146 49 114 17 116 19 20 18 135 133 137 31 136 32 33 140 34 139 35 36 38 149 150 52 151 51 55 53 57 152 56 60 58 2 82 157 84 41 142 43 44 42 46 1 154 63 153 64 65 67 69 70 72 89 160 88 92 90 7 97 95 8 118 77 78 76 80 4 5 101 102 104 109 126 124 22 25 115 15 16 134 50 40 
124 104 143 53 50 149 16 134 136 137 152 85 82 157 90 7 93 88 89 160 35 40 42 43 67 153 154 65 155 64 100 97 95 119 21 122 117 118 162 22 127 23 24 129 125 126 69 71 72 5 76 77 4 79 80 106 107 102 161 101 105 103 132 30 28 131 25 130 47 146 48 49 148 144 145 51 52 151 54 55 150 13 108 109 12 111 112 18 19 15 114 115 17 116 33 138 32 135 133 31 60 58 62 2 61 56 57 83 84 159 86 87 158 91 92 94 37 38 34 139 140 36 141 1 45 46 41 142 44 68 66 63 99 8 98 9 10 96 120 121 123 128 3 74 75 70 156 73 6 81 78 11 26 27 29 147 14 113 110 20 59 39 
125 103 144 54 149 150 116 133 31 136 56 86 157 158 91 93 94 89 160 88 141 142 44 42 66 63 153 64 65 155 9 95 96 120 122 123 118 162 117 127 128 24 129 23 126 124 156 73 71 81 78 76 80 4 79 11 106 101 102 161 104 105 26 28 29 25 130 131 146 147 49 148 48 145 143 52 151 51 55 53 50 113 110 108 112 12 111 20 18 115 15 114 16 17 32 33 138 134 135 137 58 59 2 61 62 57 152 84 159 83 87 85 82 92 90 7 39 37 140 34 139 35 36 46 1 45 40 41 43 67 68 154 8 98 99 10 100 97 121 119 21 22 75 3 74 69 70 72 5 6 77 107 27 132 30 47 13 14 109 19 60 38 
126 105 145 55 150 50 17 135 137 31 57 87 158 82 92 94 7 160 88 89 36 41 43 44 68 154 63 155 64 65 10 96 97 121 123 21 162 117 118 128 22 129 23 24 124 125 70 72 73 6 77 78 79 80 4 107 11 161 101 102 103 104 27 29 30 130 131 25 147 47 148 48 49 143 144 151 51 52 53 54 149 14 109 110 111 112 12 19 20 114 115 15 116 16 138 32 33 133 134 136 59 60 61 62 2 152 56 159 83 84 85 86 157 90 91 93 38 39 139 140 34 141 35 45 46 1 142 40 42 66 67 153 98 99 8 100 9 95 119 120 122 127 74 75 3 156 69 71 81 5 76 106 132 26 28 146 113 13 108 18 58 37 
127 101 146 149 52 151 115 32 133 134 58 157 84 159 93 89 160 91 92 90 140 46 142 40 64 66 67 63 153 154 95 8 98 122 118 162 120 121 119 24 129 125 126 124 128 22 75 156 69 80 81 5 78 76 77 103 104 11 106 107 102 161 28 25 130 26 27 132 49 148 144 145 143 147 47 54 55 53 150 50 51 112 113 13 110 108 109 116 16 20 18 19 15 114 31 136 137 33 138 135 2 61 56 57 152 59 60 86 87 85 158 82 83 94 7 88 141 35 39 37 38 34 139 44 42 43 1 45 41 65 155 68 9 10 100 96 97 99 123 21 117 23 73 71 72 3 74 70 4 79 6 105 29 30 131 48 12 111 14 17 62 36 
128 161 147 150 151 51 114 138 135 133 59 158 159 83 94 160 88 92 90 91 139 45 41 142 155 68 66 154 63 153 96 98 99 123 162 117 121 119 120 129 23 126 124 125 22 127 74 70 156 79 6 81 77 78 76 105 103 107 11 106 101 102 29 130 131 27 132 26 148 48 145 143 144 47 146 55 53 54 50 149 52 111 14 113 109 110 108 17 116 19 20 18 115 15 137 31 136 32 33 134 61 62 57 152 56 60 58 87 85 86 82 157 84 7 93 89 36 141 38 39 37 140 34 43 44 42 46 1 40 64 65 67 10 100 9 97 95 8 21 122 118 24 72 73 71 75 3 69 80 4 5 104 30 28 25 49 112 12 13 16 2 35 
129 107 148 151 55 53 19 137 138 32 61 159 87 85 160 92 90 94 7 93 38 43 45 46 154 155 64 68 66 67 98 10 100 162 121 119 123 21 122 126 124 128 22 127 23 24 72 74 75 77 79 80 6 81 5 161 101 105 103 104 11 106 130 27 132 29 30 28 145 143 147 47 146 48 49 150 50 149 51 52 54 109 111 112 14 113 13 114 115 17 116 16 20 18 135 133 134 31 136 33 57 152 59 60 58 62 2 158 82 157 83 84 86 88 89 91 139 140 36 141 35 39 37 41 142 40 44 42 1 63 153 65 96 97 95 99 8 9 117 118 120 125 70 156 69 73 71 3 78 76 4 102 131 25 26 144 110 108 12 15 56 34 
130 80 149 61 57 152 112 115 116 16 157 93 89 160 98 10 100 96 97 95 137 140 141 35 46 142 40 44 42 43 122 118 162 127 24 129 125 126 124 27 132 29 30 28 131 25 154 155 64 75 156 69 73 71 72 81 5 78 76 77 4 79 146 49 148 144 145 143 52 151 54 55 53 150 50 59 60 58 62 2 56 107 161 101 105 103 104 113 13 110 108 109 12 111 20 18 19 15 114 17 84 159 86 87 85 158 82 91 92 90 94 7 88 99 8 9 138 32 135 133 134 31 136 39 37 38 34 139 36 1 45 41 120 121 119 123 21 117 128 22 23 26 68 66 67 63 153 65 3 74 70 6 147 47 48 51 11 106 102 14 83 33 
131 79 150 62 152 56 111 114 17 116 158 94 160 88 99 100 9 97 95 96 136 139 36 141 45 41 142 43 44 42 123 162 117 128 129 23 126 124 125 132 26 30 28 29 25 130 153 65 155 74 70 156 72 73 71 6 81 77 78 76 80 4 147 148 48 145 143 144 151 51 55 53 54 50 149 60 58 59 2 61 57 106 102 161 104 105 103 14 113 109 110 108 112 12 19 20 18 115 15 16 159 83 87 85 86 82 157 92 90 91 7 93 89 8 98 10 33 138 134 135 133 137 31 38 39 37 140 34 35 46 1 40 121 119 120 21 122 118 22 127 24 27 67 68 66 154 63 64 75 3 69 5 47 146 49 52 107 11 101 13 84 32 
132 77 151 152 60 58 109 19 114 115 159 160 92 90 100 97 95 99 8 98 134 38 139 140 43 45 46 41 142 40 162 121 119 129 126 124 128 22 127 30 28 131 25 130 26 27 67 153 154 72 74 75 70 156 69 79 80 6 81 5 78 76 148 145 143 147 47 146 55 53 150 50 149 51 52 62 2 61 56 57 59 104 106 107 102 161 101 111 112 14 113 13 110 108 17 116 16 20 18 15 87 85 158 82 157 83 84 94 7 93 88 89 91 9 10 96 136 137 33 138 32 135 133 36 141 35 39 37 34 44 42 1 123 21 122 117 118 120 23 24 125 29 65 155 64 68 66 63 73 71 3 4 48 49 144 54 105 103 11 12 86 31 
133 91 142 66 63 153 120 125 127 128 156 81 78 76 103 11 106 101 102 161 26 144 146 147 54 149 150 52 151 51 113 110 108 116 20 18 115 15 114 31 136 32 33 138 134 135 56 58 59 86 157 158 84 159 83 93 94 89 160 88 92 90 141 39 37 140 34 139 44 42 46 1 45 40 41 64 65 155 67 68 154 9 95 96 8 98 99 122 123 118 162 117 121 119 24 129 23 126 124 22 73 71 75 3 74 69 70 80 4 79 5 6 77 104 105 107 28 29 25 130 131 27 132 49 148 48 145 143 47 55 53 50 112 12 111 13 14 109 16 17 19 137 2 61 62 57 152 60 87 85 82 7 35 36 38 43 10 100 97 21 72 30 
134 90 40 67 153 154 119 124 22 127 69 5 76 77 104 106 107 102 161 101 132 143 47 146 53 50 149 51 52 151 13 108 109 16 18 19 15 114 115 136 137 33 138 32 135 133 152 60 58 85 82 157 83 84 159 7 93 88 89 160 91 92 35 37 38 34 139 140 42 43 1 45 46 41 142 65 155 64 68 66 63 100 97 95 99 8 98 21 122 117 118 162 120 121 23 24 129 125 126 128 71 72 3 74 75 70 156 4 79 80 6 81 78 105 103 11 30 28 131 25 130 26 27 48 49 148 144 145 147 54 55 150 12 111 112 14 113 110 17 116 20 31 62 2 61 56 57 59 86 87 158 94 36 141 39 44 9 10 96 123 73 29 
135 92 41 68 154 63 121 126 128 22 70 6 77 78 105 107 11 161 101 102 27 145 147 47 55 150 50 151 51 52 14 109 110 17 19 20 114 115 15 137 31 138 32 33 133 134 57 59 60 87 158 82 159 83 84 94 7 160 88 89 90 91 36 38 39 139 140 34 43 44 45 46 1 142 40 155 64 65 66 67 153 10 96 97 98 99 8 123 21 162 117 118 119 120 129 23 24 124 125 127 72 73 74 75 3 156 69 79 80 4 81 5 76 103 104 106 29 30 130 131 25 132 26 148 48 49 143 144 146 53 54 149 111 112 12 113 13 108 116 16 18 136 61 62 2 152 56 58 85 86 157 93 141 35 37 42 100 9 95 122 71 28 
136 88 42 153 65 155 117 23 124 125 71 76 4 79 106 102 161 104 105 103 131 48 143 144 51 53 54 50 149 150 108 12 111 18 15 114 16 17 116 33 138 134 135 133 137 31 62 152 56 83 85 86 82 157 158 90 91 7 93 94 89 160 37 34 139 35 36 141 1 45 40 41 142 43 44 67 68 66 154 63 64 99 100 9 97 95 96 119 120 21 122 123 118 162 22 127 128 24 129 126 3 74 69 70 156 72 73 5 6 81 77 78 80 107 11 101 132 26 30 28 29 25 130 47 146 147 49 148 145 52 151 55 13 14 113 109 110 112 19 20 115 32 60 58 59 2 61 57 84 159 87 92 38 39 140 46 8 98 10 121 75 27 
137 160 43 154 155 64 162 129 126 124 72 77 79 80 107 161 101 105 103 104 130 148 145 143 151 55 53 150 50 149 109 111 112 19 114 115 17 116 16 138 32 135 133 134 31 136 61 57 152 159 87 85 158 82 157 92 90 94 7 93 88 89 38 139 140 36 141 35 45 46 41 142 40 44 42 68 66 67 63 153 65 98 10 100 96 97 95 121 119 123 21 122 117 118 128 22 127 23 24 125 74 75 70 156 69 73 71 6 81 5 78 76 4 11 106 102 27 132 29 30 28 131 25 147 47 146 48 49 144 51 52 54 14 113 13 110 108 12 20 18 15 33 59 60 58 62 2 56 83 84 86 91 39 37 34 1 99 8 9 120 3 26 
138 94 45 155 68 66 123 128 129 23 74 79 6 81 161 105 103 107 11 106 29 147 148 48 150 151 51 55 53 54 111 14 113 114 17 116 19 20 18 135 133 137 31 136 32 33 59 61 62 158 159 83 87 85 86 160 88 92 90 91 7 93 139 36 141 38 39 37 41 142 43 44 42 46 1 154 63 153 64 65 67 96 98 99 10 100 9 162 117 121 119 120 21 122 126 124 125 22 127 24 70 156 72 73 71 75 3 77 78 76 80 4 5 101 102 104 130 131 27 132 26 30 28 145 143 144 47 146 49 50 149 52 109 110 108 112 12 13 115 15 16 134 57 152 56 60 58 2 82 157 84 89 140 34 35 40 97 95 8 118 69 25 
139 83 153 74 70 156 99 117 119 120 76 106 102 161 111 14 113 109 110 108 128 131 132 26 48 143 144 47 146 147 18 15 114 136 33 138 134 135 133 36 141 38 39 37 140 34 150 151 51 62 152 56 60 58 59 85 86 82 157 158 84 159 42 1 45 40 41 142 65 155 67 68 66 154 63 72 73 71 75 3 69 94 160 88 92 90 91 100 9 97 95 96 8 98 21 122 123 118 162 121 4 79 5 6 81 77 78 104 105 103 107 11 101 112 12 13 129 23 126 124 125 22 127 30 28 29 25 130 27 49 148 145 16 17 116 19 20 115 137 31 32 35 55 53 54 50 149 52 2 61 57 87 43 44 46 64 7 93 89 10 80 24 
140 159 154 75 156 69 98 162 121 119 77 107 161 101 112 113 13 110 108 109 127 130 27 132 148 145 143 147 47 146 19 114 115 137 138 32 135 133 134 141 35 39 37 38 34 139 149 52 151 61 57 152 59 60 58 87 85 158 82 157 83 84 43 45 46 41 142 40 155 64 68 66 67 63 153 73 71 72 3 74 70 93 89 160 91 92 90 10 100 96 97 95 99 8 123 21 122 117 118 120 79 80 6 81 5 78 76 105 103 104 11 106 102 12 111 14 24 129 125 126 124 128 22 29 30 28 131 25 26 48 49 144 17 116 16 20 18 15 31 136 33 36 54 55 53 150 50 51 62 2 56 86 44 42 1 65 94 7 88 9 4 23 
141 158 155 156 73 71 96 123 162 117 79 161 105 103 113 110 108 112 12 111 125 29 130 131 147 148 48 145 143 144 114 17 116 138 135 133 137 31 136 39 37 140 34 139 35 36 54 149 150 59 61 62 57 152 56 159 83 87 85 86 82 157 45 41 142 43 44 42 68 66 154 63 153 64 65 75 3 74 69 70 72 91 93 94 89 160 88 98 99 10 100 9 97 95 121 119 120 21 122 118 6 81 77 78 76 80 4 107 11 106 101 102 104 13 14 109 127 128 24 129 23 126 124 27 132 26 30 28 25 47 146 49 19 20 18 115 15 16 32 33 134 38 52 151 51 55 53 50 60 58 2 84 46 1 40 67 92 90 7 8 5 22 
142 59 156 81 78 76 91 96 98 99 161 113 110 108 116 20 18 115 15 114 120 125 127 128 29 130 131 27 132 26 138 135 133 141 39 37 140 34 139 44 42 46 1 45 40 41 144 146 147 54 149 150 52 151 51 61 62 57 152 56 60 58 155 68 66 154 63 153 73 71 75 3 74 69 70 80 4 79 5 6 77 86 157 158 84 159 83 93 94 89 160 88 92 90 10 100 9 97 95 8 105 103 107 11 106 101 102 112 12 111 13 14 109 16 17 19 122 123 118 162 117 121 119 24 129 23 126 124 22 30 28 25 137 31 136 32 33 134 35 36 38 43 49 148 48 145 143 47 55 53 50 2 64 65 67 72 87 85 82 7 104 21 
143 72 152 85 82 157 104 109 111 112 160 100 97 95 119 21 122 117 118 162 16 134 136 137 38 139 140 36 141 35 129 126 124 132 30 28 131 25 130 47 146 48 49 148 144 145 40 42 43 67 153 154 65 155 64 74 75 70 156 69 73 71 151 55 53 150 50 149 60 58 62 2 61 56 57 83 84 159 86 87 158 5 76 77 4 79 80 106 107 102 161 101 105 103 14 113 13 110 108 12 92 90 94 7 93 88 89 99 8 98 9 10 96 120 121 123 18 19 15 114 115 17 116 33 138 32 135 133 31 39 37 34 128 22 127 23 24 125 26 27 29 147 1 45 46 41 142 44 68 66 63 3 51 52 54 59 6 81 78 11 91 20 
144 71 56 86 157 158 103 108 12 111 88 9 95 96 120 122 123 118 162 117 116 133 31 136 37 34 139 35 36 141 23 124 125 26 28 29 25 130 131 146 147 49 148 48 145 143 142 44 42 66 63 153 64 65 155 3 74 69 70 156 72 73 51 53 54 50 149 150 58 59 2 61 62 57 152 84 159 83 87 85 82 81 78 76 80 4 79 11 106 101 102 161 104 105 13 14 113 109 110 112 90 91 7 93 94 89 160 8 98 99 10 100 97 121 119 21 20 18 115 15 114 16 17 32 33 138 134 135 137 38 39 140 22 127 128 24 129 126 27 132 30 47 46 1 45 40 41 43 67 68 154 75 52 151 55 60 5 6 77 107 92 19 
145 73 57 87 158 82 105 110 112 12 89 10 96 97 121 123 21 162 117 118 17 135 137 31 39 140 34 141 35 36 24 125 126 27 29 30 130 131 25 147 47 148 48 49 143 144 41 43 44 68 154 63 155 64 65 75 3 156 69 70 71 72 52 54 55 149 150 50 59 60 61 62 2 152 56 159 83 84 85 86 157 6 77 78 79 80 4 107 11 161 101 102 103 104 113 13 14 108 109 111 91 92 93 94 7 160 88 98 99 8 100 9 95 119 120 122 19 20 114 115 15 116 16 138 32 33 133 134 136 37 38 139 127 128 22 129 23 124 132 26 28 146 45 46 1 142 40 42 66 67 153 74 151 51 53 58 81 5 76 106 90 18 
146 69 58 157 84 159 101 13 108 109 90 95 8 98 122 118 162 120 121 119 115 32 133 134 35 37 38 34 139 140 124 22 127 28 25 130 26 27 132 49 148 144 145 143 147 47 46 142 40 64 66 67 63 153 154 71 72 3 74 75 70 156 53 50 149 51 52 151 2 61 56 57 152 59 60 86 87 85 158 82 83 80 81 5 78 76 77 103 104 11 106 107 102 161 12 111 112 14 113 110 7 93 88 89 160 91 92 9 10 100 96 97 99 123 21 117 116 16 20 18 19 15 114 31 136 137 33 138 135 36 141 39 23 24 129 125 126 128 29 30 131 48 44 42 43 1 45 41 65 155 68 73 54 55 150 62 4 79 6 105 94 17 
147 156 59 158 159 83 161 113 110 108 91 96 98 99 123 162 117 121 119 120 114 138 135 133 141 39 37 140 34 139 125 127 128 29 130 131 27 132 26 148 48 145 143 144 47 146 45 41 142 155 68 66 154 63 153 73 71 75 3 74 69 70 54 149 150 52 151 51 61 62 57 152 56 60 58 87 85 86 82 157 84 79 6 81 77 78 76 105 103 107 11 106 101 102 112 12 111 13 14 109 93 94 89 160 88 92 90 10 100 9 97 95 8 21 122 118 17 116 19 20 18 115 15 137 31 136 32 33 134 35 36 38 24 129 23 126 124 22 30 28 25 49 43 44 42 46 1 40 64 65 67 72 55 53 50 2 80 4 5 104 7 16 
148 75 61 159 87 85 107 112 113 13 93 98 10 100 162 121 119 123 21 122 19 137 138 32 140 141 35 39 37 38 127 24 129 130 27 132 29 30 28 145 143 147 47 146 48 49 43 45 46 154 155 64 68 66 67 156 69 73 71 72 3 74 149 52 151 54 55 53 57 152 59 60 58 62 2 158 82 157 83 84 86 77 79 80 6 81 5 161 101 105 103 104 11 106 110 108 109 12 111 14 89 160 91 92 90 94 7 96 97 95 99 8 9 117 118 120 114 115 17 116 16 20 18 135 133 134 31 136 33 34 139 36 125 126 124 128 22 23 131 25 26 144 41 142 40 44 42 1 63 153 65 70 150 50 51 56 78 76 4 102 88 15 
149 64 157 93 89 160 80 101 103 104 95 122 118 162 127 24 129 125 126 124 112 115 116 16 32 133 134 31 136 137 28 25 130 146 49 148 144 145 143 52 151 54 55 53 150 50 140 141 35 46 142 40 44 42 43 66 67 63 153 154 65 155 58 2 61 56 57 152 84 159 86 87 85 158 82 91 92 90 94 7 88 75 156 69 73 71 72 81 5 78 76 77 4 79 11 106 107 102 161 105 8 98 9 10 100 96 97 120 121 119 123 21 117 128 22 23 113 13 110 108 109 12 111 20 18 19 15 114 17 33 138 135 26 27 132 29 30 131 147 47 48 51 39 37 38 34 139 36 1 45 41 68 59 60 62 83 3 74 70 6 99 14 
150 155 158 94 160 88 79 161 105 103 96 123 162 117 128 129 23 126 124 125 111 114 17 116 138 135 133 137 31 136 29 130 131 147 148 48 145 143 144 151 51 55 53 54 50 149 139 36 141 45 41 142 43 44 42 68 66 154 63 153 64 65 59 61 62 57 152 56 159 83 87 85 86 82 157 92 90 91 7 93 89 74 70 156 72 73 71 6 81 77 78 76 80 4 107 11 106 101 102 104 98 99 10 100 9 97 95 121 119 120 21 122 118 22 127 24 14 113 109 110 108 112 12 19 20 18 115 15 16 32 33 134 27 132 26 30 28 25 47 146 49 52 38 39 37 140 34 35 46 1 40 67 60 58 2 84 75 3 69 5 8 13 
151 154 159 160 92 90 77 107 161 101 98 162 121 119 129 126 124 128 22 127 109 19 114 115 137 138 32 135 133 134 130 27 132 148 145 143 147 47 146 55 53 150 50 149 51 52 38 139 140 43 45 46 41 142 40 155 64 68 66 67 63 153 61 57 152 59 60 58 87 85 158 82 157 83 84 94 7 93 88 89 91 72 74 75 70 156 69 79 80 6 81 5 78 76 105 103 104 11 106 102 10 100 96 97 95 99 8 123 21 122 117 118 120 23 24 125 111 112 14 113 13 110 108 17 116 16 20 18 15 31 136 33 29 30 28 131 25 26 48 49 144 54 36 141 35 39 37 34 44 42 1 65 62 2 56 86 73 71 3 4 9 12 
152 43 160 100 97 95 72 77 79 80 162 129 126 124 132 30 28 131 25 130 104 109 111 112 19 114 115 17 116 16 148 145 143 151 55 53 150 50 149 60 58 62 2 61 56 57 134 136 137 38 139 140 36 141 35 45 46 41 142 40 44 42 159 87 85 158 82 157 92 90 94 7 93 88 89 99 8 98 9 10 96 67 153 154 65 155 64 74 75 70 156 69 73 71 6 81 5 78 76 4 121 119 123 21 122 117 118 128 22 127 23 24 125 26 27 29 106 107 102 161 101 105 103 14 113 13 110 108 12 20 18 15 147 47 146 48 49 144 51 52 54 59 33 138 32 135 133 31 39 37 34 1 83 84 86 91 68 66 63 3 120 11 
153 51 76 106 102 161 83 88 90 91 108 18 15 114 136 33 138 134 135 133 99 117 119 120 23 124 125 22 127 128 37 34 139 42 1 45 40 41 142 65 155 67 68 66 154 63 131 132 26 48 143 144 47 146 147 53 54 50 149 150 52 151 71 3 74 69 70 156 4 79 5 6 81 77 78 104 105 103 107 11 101 62 152 56 60 58 59 85 86 82 157 158 84 159 7 93 94 89 160 92 12 111 13 14 113 109 110 16 17 116 19 20 115 137 31 32 100 9 97 95 96 8 98 21 122 123 118 162 121 24 129 126 35 36 141 38 39 140 43 44 46 64 30 28 29 25 130 27 49 148 145 55 72 73 75 80 2 61 57 87 112 10 
154 151 77 107 161 101 159 160 92 90 109 19 114 115 137 138 32 135 133 134 98 162 121 119 129 126 124 128 22 127 38 139 140 43 45 46 41 142 40 155 64 68 66 67 63 153 130 27 132 148 145 143 147 47 146 55 53 150 50 149 51 52 72 74 75 70 156 69 79 80 6 81 5 78 76 105 103 104 11 106 102 61 57 152 59 60 58 87 85 158 82 157 83 84 94 7 93 88 89 91 111 112 14 113 13 110 108 17 116 16 20 18 15 31 136 33 10 100 96 97 95 99 8 123 21 122 117 118 120 23 24 125 36 141 35 39 37 34 44 42 1 65 29 30 28 131 25 26 48 49 144 54 73 71 3 4 62 2 56 86 12 9 
155 150 79 161 105 103 158 94 160 88 111 114 17 116 138 135 133 137 31 136 96 123 162 117 128 129 23 126 124 125 139 36 141 45 41 142 43 44 42 68 66 154 63 153 64 65 29 130 131 147 148 48 145 143 144 151 51 55 53 54 50 149 74 70 156 72 73 71 6 81 77 78 76 80 4 107 11 106 101 102 104 59 61 62 57 152 56 159 83 87 85 86 82 157 92 90 91 7 93 89 14 113 109 110 108 112 12 19 20 18 115 15 16 32 33 134 98 99 10 100 9 97 95 121 119 120 21 122 118 22 127 24 38 39 37 140 34 35 46 1 40 67 27 132 26 30 28 25 47 146 49 52 75 3 69 5 60 58 2 84 13 8 
156 147 161 113 110 108 59 158 159 83 114 138 135 133 141 39 37 140 34 139 91 96 98 99 123 162 117 121 119 120 45 41 142 155 68 66 154 63 153 73 71 75 3 74 69 70 125 127 128 29 130 131 27 132 26 148 48 145 143 144 47 146 79 6 81 77 78 76 105 103 107 11 106 101 102 112 12 111 13 14 109 54 149 150 52 151 51 61 62 57 152 56 60 58 87 85 86 82 157 84 17 116 19 20 18 115 15 137 31 136 32 33 134 35 36 38 93 94 89 160 88 92 90 10 100 9 97 95 8 21 122 118 43 44 42 46 1 40 64 65 67 72 24 129 23 126 124 22 30 28 25 49 80 4 5 104 55 53 50 2 16 7 
157 35 95 122 118 162 64 69 71 72 124 28 25 130 146 49 148 144 145 143 80 101 103 104 13 108 109 12 111 112 53 50 149 58 2 61 56 57 152 84 159 86 87 85 158 82 115 116 16 32 133 134 31 136 137 37 38 34 139 140 36 141 90 7 93 88 89 160 8 98 9 10 100 96 97 120 121 119 123 21 117 46 142 40 44 42 43 66 67 63 153 154 65 155 3 74 75 70 156 73 22 127 23 24 129 125 126 26 27 132 29 30 131 147 47 48 81 5 78 76 77 4 79 11 106 107 102 161 105 14 113 110 51 52 151 54 55 150 59 60 62 83 20 18 19 15 114 17 33 138 135 39 91 92 94 99 1 45 41 68 128 6 
158 141 96 123 162 117 155 156 73 71 125 29 130 131 147 148 48 145 143 144 79 161 105 103 113 110 108 112 12 111 54 149 150 59 61 62 57 152 56 159 83 87 85 86 82 157 114 17 116 138 135 133 137 31 136 39 37 140 34 139 35 36 91 93 94 89 160 88 98 99 10 100 9 97 95 121 119 120 21 122 118 45 41 142 43 44 42 68 66 154 63 153 64 65 75 3 74 69 70 72 127 128 24 129 23 126 124 27 132 26 30 28 25 47 146 49 6 81 77 78 76 80 4 107 11 106 101 102 104 13 14 109 52 151 51 55 53 50 60 58 2 84 19 20 18 115 15 16 32 33 134 38 92 90 7 8 46 1 40 67 22 5 
159 140 98 162 121 119 154 75 156 69 127 130 27 132 148 145 143 147 47 146 77 107 161 101 112 113 13 110 108 109 149 52 151 61 57 152 59 60 58 87 85 158 82 157 83 84 19 114 115 137 138 32 135 133 134 141 35 39 37 38 34 139 93 89 160 91 92 90 10 100 96 97 95 99 8 123 21 122 117 118 120 43 45 46 41 142 40 155 64 68 66 67 63 153 73 71 72 3 74 70 24 129 125 126 124 128 22 29 30 28 131 25 26 48 49 144 79 80 6 81 5 78 76 105 103 104 11 106 102 12 111 14 54 55 53 150 50 51 62 2 56 86 17 116 16 20 18 15 31 136 33 36 94 7 88 9 44 42 1 65 23 4 
160 137 162 129 126 124 43 154 155 64 130 148 145 143 151 55 53 150 50 149 72 77 79 80 107 161 101 105 103 104 61 57 152 159 87 85 158 82 157 92 90 94 7 93 88 89 109 111 112 19 114 115 17 116 16 138 32 135 133 134 31 136 98 10 100 96 97 95 121 119 123 21 122 117 118 128 22 127 23 24 125 38 139 140 36 141 35 45 46 41 142 40 44 42 68 66 67 63 153 65 27 132 29 30 28 131 25 147 47 146 48 49 144 51 52 54 74 75 70 156 69 73 71 6 81 5 78 76 4 11 106 102 59 60 58 62 2 56 83 84 86 91 14 113 13 110 108 12 20 18 15 33 99 8 9 120 39 37 34 1 26 3 
161 128 114 138 135 133 147 150 151 51 139 45 41 142 155 68 66 154 63 153 59 158 159 83 94 160 88 92 90 91 74 70 156 79 6 81 77 78 76 105 103 107 11 106 101 102 96 98 99 123 162 117 121 119 120 129 23 126 124 125 22 127 111 14 113 109 110 108 17 116 19 20 18 115 15 137 31 136 32 33 134 29 130 131 27 132 26 148 48 145 143 144 47 146 55 53 54 50 149 52 36 141 38 39 37 140 34 43 44 42 46 1 40 64 65 67 61 62 57 152 56 60 58 87 85 86 82 157 84 7 93 89 72 73 71 75 3 69 80 4 5 104 10 100 9 97 95 8 21 122 118 24 112 12 13 16 30 28 25 49 35 2 
162 112 130 148 145 143 137 140 141 35 149 61 57 152 159 87 85 158 82 157 43 154 155 64 75 156 69 73 71 72 93 89 160 98 10 100 96 97 95 121 119 123 21 122 117 118 77 79 80 107 161 101 105 103 104 113 13 110 108 109 12 111 127 24 129 125 126 124 27 132 29 30 28 131 25 147 47 146 48 49 144 19 114 115 17 116 16 138 32 135 133 134 31 136 39 37 38 34 139 36 52 151 54 55 53 150 50 59 60 58 62 2 56 83 84 86 45 46 41 142 40 44 42 68 66 67 63 153 65 3 74 70 91 92 90 94 7 88 99 8 9 120 6 81 5 78 76 4 11 106 102 14 128 22 23 26 20 18 15 33 51 1 
