170 2
1 2 3 4 5 6 7 8 9 10 11 12 13 14 15 16 17 18 19 20 21 22 23 24 25 26 27 28 29 30 31 32 33 34 35 36 37 38 39 40 41 42 43 44 45 46 47 48 49 50 51 52 53 54 55 56 57 58 59 60 61 62 63 64 65 66 67 68 69 70 71 72 73 74 75 76 77 78 79 80 81 82 83 84 85 86 87 88 89 90 91 92 93 94 95 96 97 98 99 100 101 102 103 104 105 106 107 108 109 110 111 112 113 114 115 116 117 118 119 120 121 122 123 124 125 126 127 128 129 130 131 132 133 134 135 136 137 138 139 140 141 142 143 144 145 146 147 148 149 150 151 152 153 154 155 156 157 158 159 160 161 162 163 164 165 166 167 168 169 170 
2 1 5 6 3 4 10 11 12 7 8 9 17 18 19 20 13 14 15 16 26 27 28 29 30 21 22 23 24 25 36 37 38 39 40 31 32 33 34 35 46 47 48 49 50 41 42 43 44 45 56 57 58 59 60 51 52 53 54 55 66 67 68 69 70 61 62 63 64 65 76 77 78 79 80 71 72 73 74 75 86 87 88 89 90 81 82 83 84 85 96 97 98 99 100 91 92 93 94 95 106 107 108 109 110 101 102 103 104 105 116 117 118 119 120 111 112 113 114 115 126 127 128 129 130 121 122 123 124 125 136 137 138 139 140 131 132 133 134 135 146 147 148 149 150 141 142 143 144 145 155 156 157 158 151 152 153 154 162 163 164 159 160 161 167 168 165 166 170 169 
3 5 7 8 10 11 13 14 15 17 18 19 21 22 23 24 26 27 28 29 1 31 32 33 34 2 36 37 38 39 4 41 42 43 44 6 46 47 48 49 9 51 52 53 54 12 56 57 58 59 16 61 62 63 64 20 66 67 68 69 25 71 72 73 74 30 76 77 78 79 35 81 82 83 84 40 86 87 88 89 45 91 92 93 94 50 96 97 98 99 55 101 102 103 104 60 106 107 108 109 65 111 112 113 114 70 116 117 118 119 75 121 122 123 124 80 126 127 128 129 85 131 132 133 134 90 136 137 138 139 95 141 142 143 144 100 146 147 148 149 105 151 152 153 154 110 155 156 157 158 115 159 160 161 120 162 163 164 125 165 166 130 167 168 135 169 140 170 145 150 
4 150 8 9 158 2 14 15 16 164 5 6 22 23 24 25 168 10 11 12 31 32 33 34 35 170 17 18 19 20 41 42 43 44 45 26 27 28 29 30 51 52 53 54 55 36 37 38 39 40 61 62 63 64 65 46 47 48 49 50 71 72 73 74 75 56 57 58 59 60 81 82 83 84 85 66 67 68 69 70 91 92 93 94 95 76 77 78 79 80 101 102 103 104 105 86 87 88 89 90 111 112 113 114 115 96 97 98 99 100 121 122 123 124 125 106 107 108 109 110 131 132 133 134 135 116 117 118 119 120 141 142 143 144 145 126 127 128 129 130 151 152 153 154 1 136 137 138 139 140 159 160 161 3 146 147 148 149 165 166 7 155 156 157 169 13 162 163 21 167 
5 3 10 11 7 8 17 18 19 13 14 15 26 27 28 29 21 22 23 24 2 36 37 38 39 1 31 32 33 34 6 46 47 48 49 4 41 42 43 44 12 56 57 58 59 9 51 52 53 54 20 66 67 68 69 16 61 62 63 64 30 76 77 78 79 25 71 72 73 74 40 86 87 88 89 35 81 82 83 84 50 96 97 98 99 45 91 92 93 94 60 106 107 108 109 55 101 102 103 104 70 116 117 118 119 65 111 112 113 114 80 126 127 128 129 75 121 122 123 124 90 136 137 138 139 85 131 132 133 134 100 146 147 148 149 95 141 142 143 144 110 155 156 157 158 105 151 152 153 154 120 162 163 164 115 159 160 161 130 167 168 125 165 166 140 170 135 169 150 145 
6 145 11 12 154 1 18 19 20 161 3 4 27 28 29 30 166 7 8 9 36 37 38 39 40 169 13 14 15 16 46 47 48 49 50 21 22 23 24 25 56 57 58 59 60 31 32 33 34 35 66 67 68 69 70 41 42 43 44 45 76 77 78 79 80 51 52 53 54 55 86 87 88 89 90 61 62 63 64 65 96 97 98 99 100 71 72 73 74 75 106 107 108 109 110 81 82 83 84 85 116 117 118 119 120 91 92 93 94 95 126 127 128 129 130 101 102 103 104 105 136 137 138 139 140 111 112 113 114 115 146 147 148 149 150 121 122 123 124 125 155 156 157 158 2 131 132 133 134 135 162 163 164 5 141 142 143 144 167 168 10 151 152 153 170 17 159 160 26 165 
7 10 13 14 17 18 21 22 23 26 27 28 1 31 32 33 2 36 37 38 3 4 41 42 43 5 6 46 47 48 8 9 51 52 53 11 12 56 57 58 15 16 61 62 63 19 20 66 67 68 24 25 71 72 73 29 30 76 77 78 34 35 81 82 83 39 40 86 87 88 44 45 91 92 93 49 50 96 97 98 54 55 101 102 103 59 60 106 107 108 64 65 111 112 113 69 70 116 117 118 74 75 121 122 123 79 80 126 127 128 84 85 131 132 133 89 90 136 137 138 94 95 141 142 143 99 100 146 147 148 104 105 151 152 153 109 110 155 156 157 114 115 159 160 161 119 120 162 163 164 124 125 165 166 129 130 167 168 134 135 169 139 140 170 144 145 149 150 154 158 
8 158 14 15 164 5 22 23 24 168 10 11 31 32 33 34 170 17 18 19 4 41 42 43 44 150 26 27 28 29 9 51 52 53 54 2 36 37 38 39 16 61 62 63 64 6 46 47 48 49 25 71 72 73 74 12 56 57 58 59 35 81 82 83 84 20 66 67 68 69 45 91 92 93 94 30 76 77 78 79 55 101 102 103 104 40 86 87 88 89 65 111 112 113 114 50 96 97 98 99 75 121 122 123 124 60 106 107 108 109 85 131 132 133 134 70 116 117 118 119 95 141 142 143 144 80 126 127 128 129 105 151 152 153 154 90 136 137 138 139 115 159 160 161 3 100 146 147 148 149 125 165 166 7 110 155 156 157 135 169 13 120 162 163 145 21 130 167 1 140 
9 140 15 16 149 150 23 24 25 157 158 2 32 33 34 35 163 164 5 6 41 42 43 44 45 167 168 10 11 12 51 52 53 54 55 170 17 18 19 20 61 62 63 64 65 26 27 28 29 30 71 72 73 74 75 36 37 38 39 40 81 82 83 84 85 46 47 48 49 50 91 92 93 94 95 56 57 58 59 60 101 102 103 104 105 66 67 68 69 70 111 112 113 114 115 76 77 78 79 80 121 122 123 124 125 86 87 88 89 90 131 132 133 134 135 96 97 98 99 100 141 142 143 144 145 106 107 108 109 110 151 152 153 154 1 116 117 118 119 120 159 160 161 3 4 126 127 128 129 130 165 166 7 8 136 137 138 139 169 13 14 146 147 148 21 22 155 156 31 162 
10 7 17 18 13 14 26 27 28 21 22 23 2 36 37 38 1 31 32 33 5 6 46 47 48 3 4 41 42 43 11 12 56 57 58 8 9 51 52 53 19 20 66 67 68 15 16 61 62 63 29 30 76 77 78 24 25 71 72 73 39 40 86 87 88 34 35 81 82 83 49 50 96 97 98 44 45 91 92 93 59 60 106 107 108 54 55 101 102 103 69 70 116 117 118 64 65 111 112 113 79 80 126 127 128 74 75 121 122 123 89 90 136 137 138 84 85 131 132 133 99 100 146 147 148 94 95 141 142 143 109 110 155 156 157 104 105 151 152 153 119 120 162 163 164 114 115 159 160 161 129 130 167 168 124 125 165 166 139 140 170 134 135 169 149 150 144 145 158 154 
11 154 18 19 161 3 27 28 29 166 7 8 36 37 38 39 169 13 14 15 6 46 47 48 49 145 21 22 23 24 12 56 57 58 59 1 31 32 33 34 20 66 67 68 69 4 41 42 43 44 30 76 77 78 79 9 51 52 53 54 40 86 87 88 89 16 61 62 63 64 50 96 97 98 99 25 71 72 73 74 60 106 107 108 109 35 81 82 83 84 70 116 117 118 119 45 91 92 93 94 80 126 127 128 129 55 101 102 103 104 90 136 137 138 139 65 111 112 113 114 100 146 147 148 149 75 121 122 123 124 110 155 156 157 158 85 131 132 133 134 120 162 163 164 5 95 141 142 143 144 130 167 168 10 105 151 152 153 140 170 17 115 159 160 150 26 125 165 2 135 
12 135 19 20 144 145 28 29 30 153 154 1 37 38 39 40 160 161 3 4 46 47 48 49 50 165 166 7 8 9 56 57 58 59 60 169 13 14 15 16 66 67 68 69 70 21 22 23 24 25 76 77 78 79 80 31 32 33 34 35 86 87 88 89 90 41 42 43 44 45 96 97 98 99 100 51 52 53 54 55 106 107 108 109 110 61 62 63 64 65 116 117 118 119 120 71 72 73 74 75 126 127 128 129 130 81 82 83 84 85 136 137 138 139 140 91 92 93 94 95 146 147 148 149 150 101 102 103 104 105 155 156 157 158 2 111 112 113 114 115 162 163 164 5 6 121 122 123 124 125 167 168 10 11 131 132 133 134 170 17 18 141 142 143 26 27 151 152 36 159 
13 17 21 22 26 27 1 31 32 2 36 37 3 4 41 42 5 6 46 47 7 8 9 51 52 10 11 12 56 57 14 15 16 61 62 18 19 20 66 67 23 24 25 71 72 28 29 30 76 77 33 34 35 81 82 38 39 40 86 87 43 44 45 91 92 48 49 50 96 97 53 54 55 101 102 58 59 60 106 107 63 64 65 111 112 68 69 70 116 117 73 74 75 121 122 78 79 80 126 127 83 84 85 131 132 88 89 90 136 137 93 94 95 141 142 98 99 100 146 147 103 104 105 151 152 108 109 110 155 156 113 114 115 159 160 118 119 120 162 163 123 124 125 165 166 128 129 130 167 168 133 134 135 169 138 139 140 170 143 144 145 148 149 150 153 154 157 158 161 164 
14 164 22 23 168 10 31 32 33 170 17 18 4 41 42 43 150 26 27 28 8 9 51 52 53 158 2 36 37 38 15 16 61 62 63 5 6 46 47 48 24 25 71 72 73 11 12 56 57 58 34 35 81 82 83 19 20 66 67 68 44 45 91 92 93 29 30 76 77 78 54 55 101 102 103 39 40 86 87 88 64 65 111 112 113 49 50 96 97 98 74 75 121 122 123 59 60 106 107 108 84 85 131 132 133 69 70 116 117 118 94 95 141 142 143 79 80 126 127 128 104 105 151 152 153 89 90 136 137 138 114 115 159 160 161 99 100 146 147 148 124 125 165 166 7 109 110 155 156 157 134 135 169 13 119 120 162 163 144 145 21 129 130 167 154 1 139 140 3 149 
15 149 23 24 157 158 32 33 34 163 164 5 41 42 43 44 167 168 10 11 9 51 52 53 54 140 170 17 18 19 16 61 62 63 64 150 26 27 28 29 25 71 72 73 74 2 36 37 38 39 35 81 82 83 84 6 46 47 48 49 45 91 92 93 94 12 56 57 58 59 55 101 102 103 104 20 66 67 68 69 65 111 112 113 114 30 76 77 78 79 75 121 122 123 124 40 86 87 88 89 85 131 132 133 134 50 96 97 98 99 95 141 142 143 144 60 106 107 108 109 105 151 152 153 154 70 116 117 118 119 115 159 160 161 3 80 126 127 128 129 125 165 166 7 8 90 136 137 138 139 135 169 13 14 100 146 147 148 145 21 22 110 155 156 1 31 120 162 4 130 
16 130 24 25 139 140 33 34 35 148 149 150 42 43 44 45 156 157 158 2 51 52 53 54 55 162 163 164 5 6 61 62 63 64 65 167 168 10 11 12 71 72 73 74 75 170 17 18 19 20 81 82 83 84 85 26 27 28 29 30 91 92 93 94 95 36 37 38 39 40 101 102 103 104 105 46 47 48 49 50 111 112 113 114 115 56 57 58 59 60 121 122 123 124 125 66 67 68 69 70 131 132 133 134 135 76 77 78 79 80 141 142 143 144 145 86 87 88 89 90 151 152 153 154 1 96 97 98 99 100 159 160 161 3 4 106 107 108 109 110 165 166 7 8 9 116 117 118 119 120 169 13 14 15 126 127 128 129 21 22 23 136 137 138 31 32 146 147 41 155 
17 13 26 27 21 22 2 36 37 1 31 32 5 6 46 47 3 4 41 42 10 11 12 56 57 7 8 9 51 52 18 19 20 66 67 14 15 16 61 62 28 29 30 76 77 23 24 25 71 72 38 39 40 86 87 33 34 35 81 82 48 49 50 96 97 43 44 45 91 92 58 59 60 106 107 53 54 55 101 102 68 69 70 116 117 63 64 65 111 112 78 79 80 126 127 73 74 75 121 122 88 89 90 136 137 83 84 85 131 132 98 99 100 146 147 93 94 95 141 142 108 109 110 155 156 103 104 105 151 152 118 119 120 162 163 113 114 115 159 160 128 129 130 167 168 123 124 125 165 166 138 139 140 170 133 134 135 169 148 149 150 143 144 145 157 158 153 154 164 161 
18 161 27 28 166 7 36 37 38 169 13 14 6 46 47 48 145 21 22 23 11 12 56 57 58 154 1 31 32 33 19 20 66 67 68 3 4 41 42 43 29 30 76 77 78 8 9 51 52 53 39 40 86 87 88 15 16 61 62 63 49 50 96 97 98 24 25 71 72 73 59 60 106 107 108 34 35 81 82 83 69 70 116 117 118 44 45 91 92 93 79 80 126 127 128 54 55 101 102 103 89 90 136 137 138 64 65 111 112 113 99 100 146 147 148 74 75 121 122 123 109 110 155 156 157 84 85 131 132 133 119 120 162 163 164 94 95 141 142 143 129 130 167 168 10 104 105 151 152 153 139 140 170 17 114 115 159 160 149 150 26 124 125 165 158 2 134 135 5 144 
19 144 28 29 153 154 37 38 39 160 161 3 46 47 48 49 165 166 7 8 12 56 57 58 59 135 169 13 14 15 20 66 67 68 69 145 21 22 23 24 30 76 77 78 79 1 31 32 33 34 40 86 87 88 89 4 41 42 43 44 50 96 97 98 99 9 51 52 53 54 60 106 107 108 109 16 61 62 63 64 70 116 117 118 119 25 71 72 73 74 80 126 127 128 129 35 81 82 83 84 90 136 137 138 139 45 91 92 93 94 100 146 147 148 149 55 101 102 103 104 110 155 156 157 158 65 111 112 113 114 120 162 163 164 5 75 121 122 123 124 130 167 168 10 11 85 131 132 133 134 140 170 17 18 95 141 142 143 150 26 27 105 151 152 2 36 115 159 6 125 
20 125 29 30 134 135 38 39 40 143 144 145 47 48 49 50 152 153 154 1 56 57 58 59 60 159 160 161 3 4 66 67 68 69 70 165 166 7 8 9 76 77 78 79 80 169 13 14 15 16 86 87 88 89 90 21 22 23 24 25 96 97 98 99 100 31 32 33 34 35 106 107 108 109 110 41 42 43 44 45 116 117 118 119 120 51 52 53 54 55 126 127 128 129 130 61 62 63 64 65 136 137 138 139 140 71 72 73 74 75 146 147 148 149 150 81 82 83 84 85 155 156 157 158 2 91 92 93 94 95 162 163 164 5 6 101 102 103 104 105 167 168 10 11 12 111 112 113 114 115 170 17 18 19 121 122 123 124 26 27 28 131 132 133 36 37 141 142 46 151 
21 26 1 31 2 36 3 4 41 5 6 46 7 8 9 51 10 11 12 56 13 14 15 16 61 17 18 19 20 66 22 23 24 25 71 27 28 29 30 76 32 33 34 35 81 37 38 39 40 86 42 43 44 45 91 47 48 49 50 96 52 53 54 55 101 57 58 59 60 106 62 63 64 65 111 67 68 69 70 116 72 73 74 75 121 77 78 79 80 126 82 83 84 85 131 87 88 89 90 136 92 93 94 95 141 97 98 99 100 146 102 103 104 105 151 107 108 109 110 155 112 113 114 115 159 117 118 119 120 162 122 123 124 125 165 127 128 129 130 167 132 133 134 135 169 137 138 139 140 170 142 143 144 145 147 148 149 150 152 153 154 156 157 158 160 161 163 164 166 168 
22 168 31 32 170 17 4 41 42 150 26 27 8 9 51 52 158 2 36 37 14 15 16 61 62 164 5 6 46 47 23 24 25 71 72 10 11 12 56 57 33 34 35 81 82 18 19 20 66 67 43 44 45 91 92 28 29 30 76 77 53 54 55 101 102 38 39 40 86 87 63 64 65 111 112 48 49 50 96 97 73 74 75 121 122 58 59 60 106 107 83 84 85 131 132 68 69 70 116 117 93 94 95 141 142 78 79 80 126 127 103 104 105 151 152 88 89 90 136 137 113 114 115 159 160 98 99 100 146 147 123 124 125 165 166 108 109 110 155 156 133 134 135 169 13 118 119 120 162 163 143 144 145 21 128 129 130 167 153 154 1 138 139 140 161 3 148 149 7 157 
23 157 32 33 163 164 41 42 43 167 168 10 9 51 52 53 140 170 17 18 15 16 61 62 63 149 150 26 27 28 24 25 71 72 73 158 2 36 37 38 34 35 81 82 83 5 6 46 47 48 44 45 91 92 93 11 12 56 57 58 54 55 101 102 103 19 20 66 67 68 64 65 111 112 113 29 30 76 77 78 74 75 121 122 123 39 40 86 87 88 84 85 131 132 133 49 50 96 97 98 94 95 141 142 143 59 60 106 107 108 104 105 151 152 153 69 70 116 117 118 114 115 159 160 161 79 80 126 127 128 124 125 165 166 7 89 90 136 137 138 134 135 169 13 14 99 100 146 147 148 144 145 21 22 109 110 155 156 154 1 31 119 120 162 3 4 129 130 8 139 
24 139 33 34 148 149 42 43 44 156 157 158 51 52 53 54 162 163 164 5 16 61 62 63 64 130 167 168 10 11 25 71 72 73 74 140 170 17 18 19 35 81 82 83 84 150 26 27 28 29 45 91 92 93 94 2 36 37 38 39 55 101 102 103 104 6 46 47 48 49 65 111 112 113 114 12 56 57 58 59 75 121 122 123 124 20 66 67 68 69 85 131 132 133 134 30 76 77 78 79 95 141 142 143 144 40 86 87 88 89 105 151 152 153 154 50 96 97 98 99 115 159 160 161 3 60 106 107 108 109 125 165 166 7 8 70 116 117 118 119 135 169 13 14 15 80 126 127 128 129 145 21 22 23 90 136 137 138 1 31 32 100 146 147 4 41 110 155 9 120 
25 120 34 35 129 130 43 44 45 138 139 140 52 53 54 55 147 148 149 150 61 62 63 64 65 155 156 157 158 2 71 72 73 74 75 162 163 164 5 6 81 82 83 84 85 167 168 10 11 12 91 92 93 94 95 170 17 18 19 20 101 102 103 104 105 26 27 28 29 30 111 112 113 114 115 36 37 38 39 40 121 122 123 124 125 46 47 48 49 50 131 132 133 134 135 56 57 58 59 60 141 142 143 144 145 66 67 68 69 70 151 152 153 154 1 76 77 78 79 80 159 160 161 3 4 86 87 88 89 90 165 166 7 8 9 96 97 98 99 100 169 13 14 15 16 106 107 108 109 110 21 22 23 24 116 117 118 119 31 32 33 126 127 128 41 42 136 137 51 146 
26 21 2 36 1 31 5 6 46 3 4 41 10 11 12 56 7 8 9 51 17 18 19 20 66 13 14 15 16 61 27 28 29 30 76 22 23 24 25 71 37 38 39 40 86 32 33 34 35 81 47 48 49 50 96 42 43 44 45 91 57 58 59 60 106 52 53 54 55 101 67 68 69 70 116 62 63 64 65 111 77 78 79 80 126 72 73 74 75 121 87 88 89 90 136 82 83 84 85 131 97 98 99 100 146 92 93 94 95 141 107 108 109 110 155 102 103 104 105 151 117 118 119 120 162 112 113 114 115 159 127 128 129 130 167 122 123 124 125 165 137 138 139 140 170 132 133 134 135 169 147 148 149 150 142 143 144 145 156 157 158 152 153 154 163 164 160 161 168 166 
27 166 36 37 169 13 6 46 47 145 21 22 11 12 56 57 154 1 31 32 18 19 20 66 67 161 3 4 41 42 28 29 30 76 77 7 8 9 51 52 38 39 40 86 87 14 15 16 61 62 48 49 50 96 97 23 24 25 71 72 58 59 60 106 107 33 34 35 81 82 68 69 70 116 117 43 44 45 91 92 78 79 80 126 127 53 54 55 101 102 88 89 90 136 137 63 64 65 111 112 98 99 100 146 147 73 74 75 121 122 108 109 110 155 156 83 84 85 131 132 118 119 120 162 163 93 94 95 141 142 128 129 130 167 168 103 104 105 151 152 138 139 140 170 17 113 114 115 159 160 148 149 150 26 123 124 125 165 157 158 2 133 134 135 164 5 143 144 10 153 
28 153 37 38 160 161 46 47 48 165 166 7 12 56 57 58 135 169 13 14 19 20 66 67 68 144 145 21 22 23 29 30 76 77 78 154 1 31 32 33 39 40 86 87 88 3 4 41 42 43 49 50 96 97 98 8 9 51 52 53 59 60 106 107 108 15 16 61 62 63 69 70 116 117 118 24 25 71 72 73 79 80 126 127 128 34 35 81 82 83 89 90 136 137 138 44 45 91 92 93 99 100 146 147 148 54 55 101 102 103 109 110 155 156 157 64 65 111 112 113 119 120 162 163 164 74 75 121 122 123 129 130 167 168 10 84 85 131 132 133 139 140 170 17 18 94 95 141 142 143 149 150 26 27 104 105 151 152 158 2 36 114 115 159 5 6 124 125 11 134 
29 134 38 39 143 144 47 48 49 152 153 154 56 57 58 59 159 160 161 3 20 66 67 68 69 125 165 166 7 8 30 76 77 78 79 135 169 13 14 15 40 86 87 88 89 145 21 22 23 24 50 96 97 98 99 1 31 32 33 34 60 106 107 108 109 4 41 42 43 44 70 116 117 118 119 9 51 52 53 54 80 126 127 128 129 16 61 62 63 64 90 136 137 138 139 25 71 72 73 74 100 146 147 148 149 35 81 82 83 84 110 155 156 157 158 45 91 92 93 94 120 162 163 164 5 55 101 102 103 104 130 167 168 10 11 65 111 112 113 114 140 170 17 18 19 75 121 122 123 124 150 26 27 28 85 131 132 133 2 36 37 95 141 142 6 46 105 151 12 115 
30 115 39 40 124 125 48 49 50 133 134 135 57 58 59 60 142 143 144 145 66 67 68 69 70 151 152 153 154 1 76 77 78 79 80 159 160 161 3 4 86 87 88 89 90 165 166 7 8 9 96 97 98 99 100 169 13 14 15 16 106 107 108 109 110 21 22 23 24 25 116 117 118 119 120 31 32 33 34 35 126 127 128 129 130 41 42 43 44 45 136 137 138 139 140 51 52 53 54 55 146 147 148 149 150 61 62 63 64 65 155 156 157 158 2 71 72 73 74 75 162 163 164 5 6 81 82 83 84 85 167 168 10 11 12 91 92 93 94 95 170 17 18 19 20 101 102 103 104 105 26 27 28 29 111 112 113 114 36 37 38 121 122 123 46 47 131 132 56 141 
31 170 4 41 150 26 8 9 51 158 2 36 14 15 16 61 164 5 6 46 22 23 24 25 71 168 10 11 12 56 32 33 34 35 81 17 18 19 20 66 42 43 44 45 91 27 28 29 30 76 52 53 54 55 101 37 38 39 40 86 62 63 64 65 111 47 48 49 50 96 72 73 74 75 121 57 58 59 60 106 82 83 84 85 131 67 68 69 70 116 92 93 94 95 141 77 78 79 80 126 102 103 104 105 151 87 88 89 90 136 112 113 114 115 159 97 98 99 100 146 122 123 124 125 165 107 108 109 110 155 132 133 134 135 169 117 118 119 120 162 142 143 144 145 21 127 128 129 130 167 152 153 154 1 137 138 139 140 160 161 3 147 148 149 166 7 156 157 13 163 
32 163 41 42 167 168 9 51 52 140 170 17 15 16 61 62 149 150 26 27 23 24 25 71 72 157 158 2 36 37 33 34 35 81 82 164 5 6 46 47 43 44 45 91 92 10 11 12 56 57 53 54 55 101 102 18 19 20 66 67 63 64 65 111 112 28 29 30 76 77 73 74 75 121 122 38 39 40 86 87 83 84 85 131 132 48 49 50 96 97 93 94 95 141 142 58 59 60 106 107 103 104 105 151 152 68 69 70 116 117 113 114 115 159 160 78 79 80 126 127 123 124 125 165 166 88 89 90 136 137 133 134 135 169 13 98 99 100 146 147 143 144 145 21 22 108 109 110 155 156 153 154 1 31 118 119 120 162 161 3 4 128 129 130 7 8 138 139 14 148 
33 148 42 43 156 157 51 52 53 162 163 164 16 61 62 63 130 167 168 10 24 25 71 72 73 139 140 170 17 18 34 35 81 82 83 149 150 26 27 28 44 45 91 92 93 158 2 36 37 38 54 55 101 102 103 5 6 46 47 48 64 65 111 112 113 11 12 56 57 58 74 75 121 122 123 19 20 66 67 68 84 85 131 132 133 29 30 76 77 78 94 95 141 142 143 39 40 86 87 88 104 105 151 152 153 49 50 96 97 98 114 115 159 160 161 59 60 106 107 108 124 125 165 166 7 69 70 116 117 118 134 135 169 13 14 79 80 126 127 128 144 145 21 22 23 89 90 136 137 138 154 1 31 32 99 100 146 147 3 4 41 109 110 155 8 9 119 120 15 129 
34 129 43 44 138 139 52 53 54 147 148 149 61 62 63 64 155 156 157 158 25 71 72 73 74 120 162 163 164 5 35 81 82 83 84 130 167 168 10 11 45 91 92 93 94 140 170 17 18 19 55 101 102 103 104 150 26 27 28 29 65 111 112 113 114 2 36 37 38 39 75 121 122 123 124 6 46 47 48 49 85 131 132 133 134 12 56 57 58 59 95 141 142 143 144 20 66 67 68 69 105 151 152 153 154 30 76 77 78 79 115 159 160 161 3 40 86 87 88 89 125 165 166 7 8 50 96 97 98 99 135 169 13 14 15 60 106 107 108 109 145 21 22 23 24 70 116 117 118 119 1 31 32 33 80 126 127 128 4 41 42 90 136 137 9 51 100 146 16 110 
35 110 44 45 119 120 53 54 55 128 129 130 62 63 64 65 137 138 139 140 71 72 73 74 75 146 147 148 149 150 81 82 83 84 85 155 156 157 158 2 91 92 93 94 95 162 163 164 5 6 101 102 103 104 105 167 168 10 11 12 111 112 113 114 115 170 17 18 19 20 121 122 123 124 125 26 27 28 29 30 131 132 133 134 135 36 37 38 39 40 141 142 143 144 145 46 47 48 49 50 151 152 153 154 1 56 57 58 59 60 159 160 161 3 4 66 67 68 69 70 165 166 7 8 9 76 77 78 79 80 169 13 14 15 16 86 87 88 89 90 21 22 23 24 25 96 97 98 99 100 31 32 33 34 106 107 108 109 41 42 43 116 117 118 51 52 126 127 61 136 
36 169 6 46 145 21 11 12 56 154 1 31 18 19 20 66 161 3 4 41 27 28 29 30 76 166 7 8 9 51 37 38 39 40 86 13 14 15 16 61 47 48 49 50 96 22 23 24 25 71 57 58 59 60 106 32 33 34 35 81 67 68 69 70 116 42 43 44 45 91 77 78 79 80 126 52 53 54 55 101 87 88 89 90 136 62 63 64 65 111 97 98 99 100 146 72 73 74 75 121 107 108 109 110 155 82 83 84 85 131 117 118 119 120 162 92 93 94 95 141 127 128 129 130 167 102 103 104 105 151 137 138 139 140 170 112 113 114 115 159 147 148 149 150 26 122 123 124 125 165 156 157 158 2 132 133 134 135 163 164 5 142 143 144 168 10 152 153 17 160 
37 160 46 47 165 166 12 56 57 135 169 13 19 20 66 67 144 145 21 22 28 29 30 76 77 153 154 1 31 32 38 39 40 86 87 161 3 4 41 42 48 49 50 96 97 7 8 9 51 52 58 59 60 106 107 14 15 16 61 62 68 69 70 116 117 23 24 25 71 72 78 79 80 126 127 33 34 35 81 82 88 89 90 136 137 43 44 45 91 92 98 99 100 146 147 53 54 55 101 102 108 109 110 155 156 63 64 65 111 112 118 119 120 162 163 73 74 75 121 122 128 129 130 167 168 83 84 85 131 132 138 139 140 170 17 93 94 95 141 142 148 149 150 26 27 103 104 105 151 152 157 158 2 36 113 114 115 159 164 5 6 123 124 125 10 11 133 134 18 143 
38 143 47 48 152 153 56 57 58 159 160 161 20 66 67 68 125 165 166 7 29 30 76 77 78 134 135 169 13 14 39 40 86 87 88 144 145 21 22 23 49 50 96 97 98 154 1 31 32 33 59 60 106 107 108 3 4 41 42 43 69 70 116 117 118 8 9 51 52 53 79 80 126 127 128 15 16 61 62 63 89 90 136 137 138 24 25 71 72 73 99 100 146 147 148 34 35 81 82 83 109 110 155 156 157 44 45 91 92 93 119 120 162 163 164 54 55 101 102 103 129 130 167 168 10 64 65 111 112 113 139 140 170 17 18 74 75 121 122 123 149 150 26 27 28 84 85 131 132 133 158 2 36 37 94 95 141 142 5 6 46 104 105 151 11 12 114 115 19 124 
39 124 48 49 133 134 57 58 59 142 143 144 66 67 68 69 151 152 153 154 30 76 77 78 79 115 159 160 161 3 40 86 87 88 89 125 165 166 7 8 50 96 97 98 99 135 169 13 14 15 60 106 107 108 109 145 21 22 23 24 70 116 117 118 119 1 31 32 33 34 80 126 127 128 129 4 41 42 43 44 90 136 137 138 139 9 51 52 53 54 100 146 147 148 149 16 61 62 63 64 110 155 156 157 158 25 71 72 73 74 120 162 163 164 5 35 81 82 83 84 130 167 168 10 11 45 91 92 93 94 140 170 17 18 19 55 101 102 103 104 150 26 27 28 29 65 111 112 113 114 2 36 37 38 75 121 122 123 6 46 47 85 131 132 12 56 95 141 20 105 
40 105 49 50 114 115 58 59 60 123 124 125 67 68 69 70 132 133 134 135 76 77 78 79 80 141 142 143 144 145 86 87 88 89 90 151 152 153 154 1 96 97 98 99 100 159 160 161 3 4 106 107 108 109 110 165 166 7 8 9 116 117 118 119 120 169 13 14 15 16 126 127 128 129 130 21 22 23 24 25 136 137 138 139 140 31 32 33 34 35 146 147 148 149 150 41 42 43 44 45 155 156 157 158 2 51 52 53 54 55 162 163 164 5 6 61 62 63 64 65 167 168 10 11 12 71 72 73 74 75 170 17 18 19 20 81 82 83 84 85 26 27 28 29 30 91 92 93 94 95 36 37 38 39 101 102 103 104 46 47 48 111 112 113 56 57 121 122 66 131 
41 167 9 51 140 170 15 16 61 149 150 26 23 24 25 71 157 158 2 36 32 33 34 35 81 163 164 5 6 46 42 43 44 45 91 168 10 11 12 56 52 53 54 55 101 17 18 19 20 66 62 63 64 65 111 27 28 29 30 76 72 73 74 75 121 37 38 39 40 86 82 83 84 85 131 47 48 49 50 96 92 93 94 95 141 57 58 59 60 106 102 103 104 105 151 67 68 69 70 116 112 113 114 115 159 77 78 79 80 126 122 123 124 125 165 87 88 89 90 136 132 133 134 135 169 97 98 99 100 146 142 143 144 145 21 107 108 109 110 155 152 153 154 1 31 117 118 119 120 162 160 161 3 4 127 128 129 130 166 7 8 137 138 139 13 14 147 148 22 156 
42 156 51 52 162 163 16 61 62 130 167 168 24 25 71 72 139 140 170 17 33 34 35 81 82 148 149 150 26 27 43 44 45 91 92 157 158 2 36 37 53 54 55 101 102 164 5 6 46 47 63 64 65 111 112 10 11 12 56 57 73 74 75 121 122 18 19 20 66 67 83 84 85 131 132 28 29 30 76 77 93 94 95 141 142 38 39 40 86 87 103 104 105 151 152 48 49 50 96 97 113 114 115 159 160 58 59 60 106 107 123 124 125 165 166 68 69 70 116 117 133 134 135 169 13 78 79 80 126 127 143 144 145 21 22 88 89 90 136 137 153 154 1 31 32 98 99 100 146 147 161 3 4 41 108 109 110 155 7 8 9 118 119 120 14 15 128 129 23 138 
43 138 52 53 147 148 61 62 63 155 156 157 25 71 72 73 120 162 163 164 34 35 81 82 83 129 130 167 168 10 44 45 91 92 93 139 140 170 17 18 54 55 101 102 103 149 150 26 27 28 64 65 111 112 113 158 2 36 37 38 74 75 121 122 123 5 6 46 47 48 84 85 131 132 133 11 12 56 57 58 94 95 141 142 143 19 20 66 67 68 104 105 151 152 153 29 30 76 77 78 114 115 159 160 161 39 40 86 87 88 124 125 165 166 7 49 50 96 97 98 134 135 169 13 14 59 60 106 107 108 144 145 21 22 23 69 70 116 117 118 154 1 31 32 33 79 80 126 127 128 3 4 41 42 89 90 136 137 8 9 51 99 100 146 15 16 109 110 24 119 
44 119 53 54 128 129 62 63 64 137 138 139 71 72 73 74 146 147 148 149 35 81 82 83 84 110 155 156 157 158 45 91 92 93 94 120 162 163 164 5 55 101 102 103 104 130 167 168 10 11 65 111 112 113 114 140 170 17 18 19 75 121 122 123 124 150 26 27 28 29 85 131 132 133 134 2 36 37 38 39 95 141 142 143 144 6 46 47 48 49 105 151 152 153 154 12 56 57 58 59 115 159 160 161 3 20 66 67 68 69 125 165 166 7 8 30 76 77 78 79 135 169 13 14 15 40 86 87 88 89 145 21 22 23 24 50 96 97 98 99 1 31 32 33 34 60 106 107 108 109 4 41 42 43 70 116 117 118 9 51 52 80 126 127 16 61 90 136 25 100 
45 100 54 55 109 110 63 64 65 118 119 120 72 73 74 75 127 128 129 130 81 82 83 84 85 136 137 138 139 140 91 92 93 94 95 146 147 148 149 150 101 102 103 104 105 155 156 157 158 2 111 112 113 114 115 162 163 164 5 6 121 122 123 124 125 167 168 10 11 12 131 132 133 134 135 170 17 18 19 20 141 142 143 144 145 26 27 28 29 30 151 152 153 154 1 36 37 38 39 40 159 160 161 3 4 46 47 48 49 50 165 166 7 8 9 56 57 58 59 60 169 13 14 15 16 66 67 68 69 70 21 22 23 24 25 76 77 78 79 80 31 32 33 34 35 86 87 88 89 90 41 42 43 44 96 97 98 99 51 52 53 106 107 108 61 62 116 117 71 126 
46 165 12 56 135 169 19 20 66 144 145 21 28 29 30 76 153 154 1 31 37 38 39 40 86 160 161 3 4 41 47 48 49 50 96 166 7 8 9 51 57 58 59 60 106 13 14 15 16 61 67 68 69 70 116 22 23 24 25 71 77 78 79 80 126 32 33 34 35 81 87 88 89 90 136 42 43 44 45 91 97 98 99 100 146 52 53 54 55 101 107 108 109 110 155 62 63 64 65 111 117 118 119 120 162 72 73 74 75 121 127 128 129 130 167 82 83 84 85 131 137 138 139 140 170 92 93 94 95 141 147 148 149 150 26 102 103 104 105 151 156 157 158 2 36 112 113 114 115 159 163 164 5 6 122 123 124 125 168 10 11 132 133 134 17 18 142 143 27 152 
47 152 56 57 159 160 20 66 67 125 165 166 29 30 76 77 134 135 169 13 38 39 40 86 87 143 144 145 21 22 48 49 50 96 97 153 154 1 31 32 58 59 60 106 107 161 3 4 41 42 68 69 70 116 117 7 8 9 51 52 78 79 80 126 127 14 15 16 61 62 88 89 90 136 137 23 24 25 71 72 98 99 100 146 147 33 34 35 81 82 108 109 110 155 156 43 44 45 91 92 118 119 120 162 163 53 54 55 101 102 128 129 130 167 168 63 64 65 111 112 138 139 140 170 17 73 74 75 121 122 148 149 150 26 27 83 84 85 131 132 157 158 2 36 37 93 94 95 141 142 164 5 6 46 103 104 105 151 10 11 12 113 114 115 18 19 123 124 28 133 
48 133 57 58 142 143 66 67 68 151 152 153 30 76 77 78 115 159 160 161 39 40 86 87 88 124 125 165 166 7 49 50 96 97 98 134 135 169 13 14 59 60 106 107 108 144 145 21 22 23 69 70 116 117 118 154 1 31 32 33 79 80 126 127 128 3 4 41 42 43 89 90 136 137 138 8 9 51 52 53 99 100 146 147 148 15 16 61 62 63 109 110 155 156 157 24 25 71 72 73 119 120 162 163 164 34 35 81 82 83 129 130 167 168 10 44 45 91 92 93 139 140 170 17 18 54 55 101 102 103 149 150 26 27 28 64 65 111 112 113 158 2 36 37 38 74 75 121 122 123 5 6 46 47 84 85 131 132 11 12 56 94 95 141 19 20 104 105 29 114 
49 114 58 59 123 124 67 68 69 132 133 134 76 77 78 79 141 142 143 144 40 86 87 88 89 105 151 152 153 154 50 96 97 98 99 115 159 160 161 3 60 106 107 108 109 125 165 166 7 8 70 116 117 118 119 135 169 13 14 15 80 126 127 128 129 145 21 22 23 24 90 136 137 138 139 1 31 32 33 34 100 146 147 148 149 4 41 42 43 44 110 155 156 157 158 9 51 52 53 54 120 162 163 164 5 16 61 62 63 64 130 167 168 10 11 25 71 72 73 74 140 170 17 18 19 35 81 82 83 84 150 26 27 28 29 45 91 92 93 94 2 36 37 38 39 55 101 102 103 104 6 46 47 48 65 111 112 113 12 56 57 75 121 122 20 66 85 131 30 95 
50 95 59 60 104 105 68 69 70 113 114 115 77 78 79 80 122 123 124 125 86 87 88 89 90 131 132 133 134 135 96 97 98 99 100 141 142 143 144 145 106 107 108 109 110 151 152 153 154 1 116 117 118 119 120 159 160 161 3 4 126 127 128 129 130 165 166 7 8 9 136 137 138 139 140 169 13 14 15 16 146 147 148 149 150 21 22 23 24 25 155 156 157 158 2 31 32 33 34 35 162 163 164 5 6 41 42 43 44 45 167 168 10 11 12 51 52 53 54 55 170 17 18 19 20 61 62 63 64 65 26 27 28 29 30 71 72 73 74 75 36 37 38 39 40 81 82 83 84 85 46 47 48 49 91 92 93 94 56 57 58 101 102 103 66 67 111 112 76 121 
51 162 16 61 130 167 24 25 71 139 140 170 33 34 35 81 148 149 150 26 42 43 44 45 91 156 157 158 2 36 52 53 54 55 101 163 164 5 6 46 62 63 64 65 111 168 10 11 12 56 72 73 74 75 121 17 18 19 20 66 82 83 84 85 131 27 28 29 30 76 92 93 94 95 141 37 38 39 40 86 102 103 104 105 151 47 48 49 50 96 112 113 114 115 159 57 58 59 60 106 122 123 124 125 165 67 68 69 70 116 132 133 134 135 169 77 78 79 80 126 142 143 144 145 21 87 88 89 90 136 152 153 154 1 31 97 98 99 100 146 160 161 3 4 41 107 108 109 110 155 166 7 8 9 117 118 119 120 13 14 15 127 128 129 22 23 137 138 32 147 
52 147 61 62 155 156 25 71 72 120 162 163 34 35 81 82 129 130 167 168 43 44 45 91 92 138 139 140 170 17 53 54 55 101 102 148 149 150 26 27 63 64 65 111 112 157 158 2 36 37 73 74 75 121 122 164 5 6 46 47 83 84 85 131 132 10 11 12 56 57 93 94 95 141 142 18 19 20 66 67 103 104 105 151 152 28 29 30 76 77 113 114 115 159 160 38 39 40 86 87 123 124 125 165 166 48 49 50 96 97 133 134 135 169 13 58 59 60 106 107 143 144 145 21 22 68 69 70 116 117 153 154 1 31 32 78 79 80 126 127 161 3 4 41 42 88 89 90 136 137 7 8 9 51 98 99 100 146 14 15 16 108 109 110 23 24 118 119 33 128 
53 128 62 63 137 138 71 72 73 146 147 148 35 81 82 83 110 155 156 157 44 45 91 92 93 119 120 162 163 164 54 55 101 102 103 129 130 167 168 10 64 65 111 112 113 139 140 170 17 18 74 75 121 122 123 149 150 26 27 28 84 85 131 132 133 158 2 36 37 38 94 95 141 142 143 5 6 46 47 48 104 105 151 152 153 11 12 56 57 58 114 115 159 160 161 19 20 66 67 68 124 125 165 166 7 29 30 76 77 78 134 135 169 13 14 39 40 86 87 88 144 145 21 22 23 49 50 96 97 98 154 1 31 32 33 59 60 106 107 108 3 4 41 42 43 69 70 116 117 118 8 9 51 52 79 80 126 127 15 16 61 89 90 136 24 25 99 100 34 109 
54 109 63 64 118 119 72 73 74 127 128 129 81 82 83 84 136 137 138 139 45 91 92 93 94 100 146 147 148 149 55 101 102 103 104 110 155 156 157 158 65 111 112 113 114 120 162 163 164 5 75 121 122 123 124 130 167 168 10 11 85 131 132 133 134 140 170 17 18 19 95 141 142 143 144 150 26 27 28 29 105 151 152 153 154 2 36 37 38 39 115 159 160 161 3 6 46 47 48 49 125 165 166 7 8 12 56 57 58 59 135 169 13 14 15 20 66 67 68 69 145 21 22 23 24 30 76 77 78 79 1 31 32 33 34 40 86 87 88 89 4 41 42 43 44 50 96 97 98 99 9 51 52 53 60 106 107 108 16 61 62 70 116 117 25 71 80 126 35 90 
55 90 64 65 99 100 73 74 75 108 109 110 82 83 84 85 117 118 119 120 91 92 93 94 95 126 127 128 129 130 101 102 103 104 105 136 137 138 139 140 111 112 113 114 115 146 147 148 149 150 121 122 123 124 125 155 156 157 158 2 131 132 133 134 135 162 163 164 5 6 141 142 143 144 145 167 168 10 11 12 151 152 153 154 1 170 17 18 19 20 159 160 161 3 4 26 27 28 29 30 165 166 7 8 9 36 37 38 39 40 169 13 14 15 16 46 47 48 49 50 21 22 23 24 25 56 57 58 59 60 31 32 33 34 35 66 67 68 69 70 41 42 43 44 45 76 77 78 79 80 51 52 53 54 86 87 88 89 61 62 63 96 97 98 71 72 106 107 81 116 
56 159 20 66 125 165 29 30 76 134 135 169 38 39 40 86 143 144 145 21 47 48 49 50 96 152 153 154 1 31 57 58 59 60 106 160 161 3 4 41 67 68 69 70 116 166 7 8 9 51 77 78 79 80 126 13 14 15 16 61 87 88 89 90 136 22 23 24 25 71 97 98 99 100 146 32 33 34 35 81 107 108 109 110 155 42 43 44 45 91 117 118 119 120 162 52 53 54 55 101 127 128 129 130 167 62 63 64 65 111 137 138 139 140 170 72 73 74 75 121 147 148 149 150 26 82 83 84 85 131 156 157 158 2 36 92 93 94 95 141 163 164 5 6 46 102 103 104 105 151 168 10 11 12 112 113 114 115 17 18 19 122 123 124 27 28 132 133 37 142 
57 142 66 67 151 152 30 76 77 115 159 160 39 40 86 87 124 125 165 166 48 49 50 96 97 133 134 135 169 13 58 59 60 106 107 143 144 145 21 22 68 69 70 116 117 153 154 1 31 32 78 79 80 126 127 161 3 4 41 42 88 89 90 136 137 7 8 9 51 52 98 99 100 146 147 14 15 16 61 62 108 109 110 155 156 23 24 25 71 72 118 119 120 162 163 33 34 35 81 82 128 129 130 167 168 43 44 45 91 92 138 139 140 170 17 53 54 55 101 102 148 149 150 26 27 63 64 65 111 112 157 158 2 36 37 73 74 75 121 122 164 5 6 46 47 83 84 85 131 132 10 11 12 56 93 94 95 141 18 19 20 103 104 105 28 29 113 114 38 123 
58 123 67 68 132 133 76 77 78 141 142 143 40 86 87 88 105 151 152 153 49 50 96 97 98 114 115 159 160 161 59 60 106 107 108 124 125 165 166 7 69 70 116 117 118 134 135 169 13 14 79 80 126 127 128 144 145 21 22 23 89 90 136 137 138 154 1 31 32 33 99 100 146 147 148 3 4 41 42 43 109 110 155 156 157 8 9 51 52 53 119 120 162 163 164 15 16 61 62 63 129 130 167 168 10 24 25 71 72 73 139 140 170 17 18 34 35 81 82 83 149 150 26 27 28 44 45 91 92 93 158 2 36 37 38 54 55 101 102 103 5 6 46 47 48 64 65 111 112 113 11 12 56 57 74 75 121 122 19 20 66 84 85 131 29 30 94 95 39 104 
59 104 68 69 113 114 77 78 79 122 123 124 86 87 88 89 131 132 133 134 50 96 97 98 99 95 141 142 143 144 60 106 107 108 109 105 151 152 153 154 70 116 117 118 119 115 159 160 161 3 80 126 127 128 129 125 165 166 7 8 90 136 137 138 139 135 169 13 14 15 100 146 147 148 149 145 21 22 23 24 110 155 156 157 158 1 31 32 33 34 120 162 163 164 5 4 41 42 43 44 130 167 168 10 11 9 51 52 53 54 140 170 17 18 19 16 61 62 63 64 150 26 27 28 29 25 71 72 73 74 2 36 37 38 39 35 81 82 83 84 6 46 47 48 49 45 91 92 93 94 12 56 57 58 55 101 102 103 20 66 67 65 111 112 30 76 75 121 40 85 
60 85 69 70 94 95 78 79 80 103 104 105 87 88 89 90 112 113 114 115 96 97 98 99 100 121 122 123 124 125 106 107 108 109 110 131 132 133 134 135 116 117 118 119 120 141 142 143 144 145 126 127 128 129 130 151 152 153 154 1 136 137 138 139 140 159 160 161 3 4 146 147 148 149 150 165 166 7 8 9 155 156 157 158 2 169 13 14 15 16 162 163 164 5 6 21 22 23 24 25 167 168 10 11 12 31 32 33 34 35 170 17 18 19 20 41 42 43 44 45 26 27 28 29 30 51 52 53 54 55 36 37 38 39 40 61 62 63 64 65 46 47 48 49 50 71 72 73 74 75 56 57 58 59 81 82 83 84 66 67 68 91 92 93 76 77 101 102 86 111 
61 155 25 71 120 162 34 35 81 129 130 167 43 44 45 91 138 139 140 170 52 53 54 55 101 147 148 149 150 26 62 63 64 65 111 156 157 158 2 36 72 73 74 75 121 163 164 5 6 46 82 83 84 85 131 168 10 11 12 56 92 93 94 95 141 17 18 19 20 66 102 103 104 105 151 27 28 29 30 76 112 113 114 115 159 37 38 39 40 86 122 123 124 125 165 47 48 49 50 96 132 133 134 135 169 57 58 59 60 106 142 143 144 145 21 67 68 69 70 116 152 153 154 1 31 77 78 79 80 126 160 161 3 4 41 87 88 89 90 136 166 7 8 9 51 97 98 99 100 146 13 14 15 16 107 108 109 110 22 23 24 117 118 119 32 33 127 128 42 137 
62 137 71 72 146 147 35 81 82 110 155 156 44 45 91 92 119 120 162 163 53 54 55 101 102 128 129 130 167 168 63 64 65 111 112 138 139 140 170 17 73 74 75 121 122 148 149 150 26 27 83 84 85 131 132 157 158 2 36 37 93 94 95 141 142 164 5 6 46 47 103 104 105 151 152 10 11 12 56 57 113 114 115 159 160 18 19 20 66 67 123 124 125 165 166 28 29 30 76 77 133 134 135 169 13 38 39 40 86 87 143 144 145 21 22 48 49 50 96 97 153 154 1 31 32 58 59 60 106 107 161 3 4 41 42 68 69 70 116 117 7 8 9 51 52 78 79 80 126 127 14 15 16 61 88 89 90 136 23 24 25 98 99 100 33 34 108 109 43 118 
63 118 72 73 127 128 81 82 83 136 137 138 45 91 92 93 100 146 147 148 54 55 101 102 103 109 110 155 156 157 64 65 111 112 113 119 120 162 163 164 74 75 121 122 123 129 130 167 168 10 84 85 131 132 133 139 140 170 17 18 94 95 141 142 143 149 150 26 27 28 104 105 151 152 153 158 2 36 37 38 114 115 159 160 161 5 6 46 47 48 124 125 165 166 7 11 12 56 57 58 134 135 169 13 14 19 20 66 67 68 144 145 21 22 23 29 30 76 77 78 154 1 31 32 33 39 40 86 87 88 3 4 41 42 43 49 50 96 97 98 8 9 51 52 53 59 60 106 107 108 15 16 61 62 69 70 116 117 24 25 71 79 80 126 34 35 89 90 44 99 
64 99 73 74 108 109 82 83 84 117 118 119 91 92 93 94 126 127 128 129 55 101 102 103 104 90 136 137 138 139 65 111 112 113 114 100 146 147 148 149 75 121 122 123 124 110 155 156 157 158 85 131 132 133 134 120 162 163 164 5 95 141 142 143 144 130 167 168 10 11 105 151 152 153 154 140 170 17 18 19 115 159 160 161 3 150 26 27 28 29 125 165 166 7 8 2 36 37 38 39 135 169 13 14 15 6 46 47 48 49 145 21 22 23 24 12 56 57 58 59 1 31 32 33 34 20 66 67 68 69 4 41 42 43 44 30 76 77 78 79 9 51 52 53 54 40 86 87 88 89 16 61 62 63 50 96 97 98 25 71 72 60 106 107 35 81 70 116 45 80 
65 80 74 75 89 90 83 84 85 98 99 100 92 93 94 95 107 108 109 110 101 102 103 104 105 116 117 118 119 120 111 112 113 114 115 126 127 128 129 130 121 122 123 124 125 136 137 138 139 140 131 132 133 134 135 146 147 148 149 150 141 142 143 144 145 155 156 157 158 2 151 152 153 154 1 162 163 164 5 6 159 160 161 3 4 167 168 10 11 12 165 166 7 8 9 170 17 18 19 20 169 13 14 15 16 26 27 28 29 30 21 22 23 24 25 36 37 38 39 40 31 32 33 34 35 46 47 48 49 50 41 42 43 44 45 56 57 58 59 60 51 52 53 54 55 66 67 68 69 70 61 62 63 64 76 77 78 79 71 72 73 86 87 88 81 82 96 97 91 106 
66 151 30 76 115 159 39 40 86 124 125 165 48 49 50 96 133 134 135 169 57 58 59 60 106 142 143 144 145 21 67 68 69 70 116 152 153 154 1 31 77 78 79 80 126 160 161 3 4 41 87 88 89 90 136 166 7 8 9 51 97 98 99 100 146 13 14 15 16 61 107 108 109 110 155 22 23 24 25 71 117 118 119 120 162 32 33 34 35 81 127 128 129 130 167 42 43 44 45 91 137 138 139 140 170 52 53 54 55 101 147 148 149 150 26 62 63 64 65 111 156 157 158 2 36 72 73 74 75 121 163 164 5 6 46 82 83 84 85 131 168 10 11 12 56 92 93 94 95 141 17 18 19 20 102 103 104 105 27 28 29 112 113 114 37 38 122 123 47 132 
67 132 76 77 141 142 40 86 87 105 151 152 49 50 96 97 114 115 159 160 58 59 60 106 107 123 124 125 165 166 68 69 70 116 117 133 134 135 169 13 78 79 80 126 127 143 144 145 21 22 88 89 90 136 137 153 154 1 31 32 98 99 100 146 147 161 3 4 41 42 108 109 110 155 156 7 8 9 51 52 118 119 120 162 163 14 15 16 61 62 128 129 130 167 168 23 24 25 71 72 138 139 140 170 17 33 34 35 81 82 148 149 150 26 27 43 44 45 91 92 157 158 2 36 37 53 54 55 101 102 164 5 6 46 47 63 64 65 111 112 10 11 12 56 57 73 74 75 121 122 18 19 20 66 83 84 85 131 28 29 30 93 94 95 38 39 103 104 48 113 
68 113 77 78 122 123 86 87 88 131 132 133 50 96 97 98 95 141 142 143 59 60 106 107 108 104 105 151 152 153 69 70 116 117 118 114 115 159 160 161 79 80 126 127 128 124 125 165 166 7 89 90 136 137 138 134 135 169 13 14 99 100 146 147 148 144 145 21 22 23 109 110 155 156 157 154 1 31 32 33 119 120 162 163 164 3 4 41 42 43 129 130 167 168 10 8 9 51 52 53 139 140 170 17 18 15 16 61 62 63 149 150 26 27 28 24 25 71 72 73 158 2 36 37 38 34 35 81 82 83 5 6 46 47 48 44 45 91 92 93 11 12 56 57 58 54 55 101 102 103 19 20 66 67 64 65 111 112 29 30 76 74 75 121 39 40 84 85 49 94 
69 94 78 79 103 104 87 88 89 112 113 114 96 97 98 99 121 122 123 124 60 106 107 108 109 85 131 132 133 134 70 116 117 118 119 95 141 142 143 144 80 126 127 128 129 105 151 152 153 154 90 136 137 138 139 115 159 160 161 3 100 146 147 148 149 125 165 166 7 8 110 155 156 157 158 135 169 13 14 15 120 162 163 164 5 145 21 22 23 24 130 167 168 10 11 1 31 32 33 34 140 170 17 18 19 4 41 42 43 44 150 26 27 28 29 9 51 52 53 54 2 36 37 38 39 16 61 62 63 64 6 46 47 48 49 25 71 72 73 74 12 56 57 58 59 35 81 82 83 84 20 66 67 68 45 91 92 93 30 76 77 55 101 102 40 86 65 111 50 75 
70 75 79 80 84 85 88 89 90 93 94 95 97 98 99 100 102 103 104 105 106 107 108 109 110 111 112 113 114 115 116 117 118 119 120 121 122 123 124 125 126 127 128 129 130 131 132 133 134 135 136 137 138 139 140 141 142 143 144 145 146 147 148 149 150 151 152 153 154 1 155 156 157 158 2 159 160 161 3 4 162 163 164 5 6 165 166 7 8 9 167 168 10 11 12 169 13 14 15 16 170 17 18 19 20 21 22 23 24 25 26 27 28 29 30 31 32 33 34 35 36 37 38 39 40 41 42 43 44 45 46 47 48 49 50 51 52 53 54 55 56 57 58 59 60 61 62 63 64 65 66 67 68 69 71 72 73 74 76 77 78 81 82 83 86 87 91 92 96 101 
71 146 35 81 110 155 44 45 91 119 120 162 53 54 55 101 128 129 130 167 62 63 64 65 111 137 138 139 140 170 72 73 74 75 121 147 148 149 150 26 82 83 84 85 131 156 157 158 2 36 92 93 94 95 141 163 164 5 6 46 102 103 104 105 151 168 10 11 12 56 112 113 114 115 159 17 18 19 20 66 122 123 124 125 165 27 28 29 30 76 132 133 134 135 169 37 38 39 40 86 142 143 144 145 21 47 48 49 50 96 152 153 154 1 31 57 58 59 60 106 160 161 3 4 41 67 68 69 70 116 166 7 8 9 51 77 78 79 80 126 13 14 15 16 61 87 88 89 90 136 22 23 24 25 97 98 99 100 32 33 34 107 108 109 42 43 117 118 52 127 
72 127 81 82 136 137 45 91 92 100 146 147 54 55 101 102 109 110 155 156 63 64 65 111 112 118 119 120 162 163 73 74 75 121 122 128 129 130 167 168 83 84 85 131 132 138 139 140 170 17 93 94 95 141 142 148 149 150 26 27 103 104 105 151 152 157 158 2 36 37 113 114 115 159 160 164 5 6 46 47 123 124 125 165 166 10 11 12 56 57 133 134 135 169 13 18 19 20 66 67 143 144 145 21 22 28 29 30 76 77 153 154 1 31 32 38 39 40 86 87 161 3 4 41 42 48 49 50 96 97 7 8 9 51 52 58 59 60 106 107 14 15 16 61 62 68 69 70 116 117 23 24 25 71 78 79 80 126 33 34 35 88 89 90 43 44 98 99 53 108 
73 108 82 83 117 118 91 92 93 126 127 128 55 101 102 103 90 136 137 138 64 65 111 112 113 99 100 146 147 148 74 75 121 122 123 109 110 155 156 157 84 85 131 132 133 119 120 162 163 164 94 95 141 142 143 129 130 167 168 10 104 105 151 152 153 139 140 170 17 18 114 115 159 160 161 149 150 26 27 28 124 125 165 166 7 158 2 36 37 38 134 135 169 13 14 5 6 46 47 48 144 145 21 22 23 11 12 56 57 58 154 1 31 32 33 19 20 66 67 68 3 4 41 42 43 29 30 76 77 78 8 9 51 52 53 39 40 86 87 88 15 16 61 62 63 49 50 96 97 98 24 25 71 72 59 60 106 107 34 35 81 69 70 116 44 45 79 80 54 89 
74 89 83 84 98 99 92 93 94 107 108 109 101 102 103 104 116 117 118 119 65 111 112 113 114 80 126 127 128 129 75 121 122 123 124 90 136 137 138 139 85 131 132 133 134 100 146 147 148 149 95 141 142 143 144 110 155 156 157 158 105 151 152 153 154 120 162 163 164 5 115 159 160 161 3 130 167 168 10 11 125 165 166 7 8 140 170 17 18 19 135 169 13 14 15 150 26 27 28 29 145 21 22 23 24 2 36 37 38 39 1 31 32 33 34 6 46 47 48 49 4 41 42 43 44 12 56 57 58 59 9 51 52 53 54 20 66 67 68 69 16 61 62 63 64 30 76 77 78 79 25 71 72 73 40 86 87 88 35 81 82 50 96 97 45 91 60 106 55 70 
75 70 84 85 79 80 93 94 95 88 89 90 102 103 104 105 97 98 99 100 111 112 113 114 115 106 107 108 109 110 121 122 123 124 125 116 117 118 119 120 131 132 133 134 135 126 127 128 129 130 141 142 143 144 145 136 137 138 139 140 151 152 153 154 1 146 147 148 149 150 159 160 161 3 4 155 156 157 158 2 165 166 7 8 9 162 163 164 5 6 169 13 14 15 16 167 168 10 11 12 21 22 23 24 25 170 17 18 19 20 31 32 33 34 35 26 27 28 29 30 41 42 43 44 45 36 37 38 39 40 51 52 53 54 55 46 47 48 49 50 61 62 63 64 65 56 57 58 59 60 71 72 73 74 66 67 68 69 81 82 83 76 77 78 91 92 86 87 101 96 
76 141 40 86 105 151 49 50 96 114 115 159 58 59 60 106 123 124 125 165 67 68 69 70 116 132 133 134 135 169 77 78 79 80 126 142 143 144 145 21 87 88 89 90 136 152 153 154 1 31 97 98 99 100 146 160 161 3 4 41 107 108 109 110 155 166 7 8 9 51 117 118 119 120 162 13 14 15 16 61 127 128 129 130 167 22 23 24 25 71 137 138 139 140 170 32 33 34 35 81 147 148 149 150 26 42 43 44 45 91 156 157 158 2 36 52 53 54 55 101 163 164 5 6 46 62 63 64 65 111 168 10 11 12 56 72 73 74 75 121 17 18 19 20 66 82 83 84 85 131 27 28 29 30 92 93 94 95 37 38 39 102 103 104 47 48 112 113 57 122 
77 122 86 87 131 132 50 96 97 95 141 142 59 60 106 107 104 105 151 152 68 69 70 116 117 113 114 115 159 160 78 79 80 126 127 123 124 125 165 166 88 89 90 136 137 133 134 135 169 13 98 99 100 146 147 143 144 145 21 22 108 109 110 155 156 153 154 1 31 32 118 119 120 162 163 161 3 4 41 42 128 129 130 167 168 7 8 9 51 52 138 139 140 170 17 14 15 16 61 62 148 149 150 26 27 23 24 25 71 72 157 158 2 36 37 33 34 35 81 82 164 5 6 46 47 43 44 45 91 92 10 11 12 56 57 53 54 55 101 102 18 19 20 66 67 63 64 65 111 112 28 29 30 76 73 74 75 121 38 39 40 83 84 85 48 49 93 94 58 103 
78 103 87 88 112 113 96 97 98 121 122 123 60 106 107 108 85 131 132 133 69 70 116 117 118 94 95 141 142 143 79 80 126 127 128 104 105 151 152 153 89 90 136 137 138 114 115 159 160 161 99 100 146 147 148 124 125 165 166 7 109 110 155 156 157 134 135 169 13 14 119 120 162 163 164 144 145 21 22 23 129 130 167 168 10 154 1 31 32 33 139 140 170 17 18 3 4 41 42 43 149 150 26 27 28 8 9 51 52 53 158 2 36 37 38 15 16 61 62 63 5 6 46 47 48 24 25 71 72 73 11 12 56 57 58 34 35 81 82 83 19 20 66 67 68 44 45 91 92 93 29 30 76 77 54 55 101 102 39 40 86 64 65 111 49 50 74 75 59 84 
79 84 88 89 93 94 97 98 99 102 103 104 106 107 108 109 111 112 113 114 70 116 117 118 119 75 121 122 123 124 80 126 127 128 129 85 131 132 133 134 90 136 137 138 139 95 141 142 143 144 100 146 147 148 149 105 151 152 153 154 110 155 156 157 158 115 159 160 161 3 120 162 163 164 5 125 165 166 7 8 130 167 168 10 11 135 169 13 14 15 140 170 17 18 19 145 21 22 23 24 150 26 27 28 29 1 31 32 33 34 2 36 37 38 39 4 41 42 43 44 6 46 47 48 49 9 51 52 53 54 12 56 57 58 59 16 61 62 63 64 20 66 67 68 69 25 71 72 73 74 30 76 77 78 35 81 82 83 40 86 87 45 91 92 50 96 55 101 60 65 
80 65 89 90 74 75 98 99 100 83 84 85 107 108 109 110 92 93 94 95 116 117 118 119 120 101 102 103 104 105 126 127 128 129 130 111 112 113 114 115 136 137 138 139 140 121 122 123 124 125 146 147 148 149 150 131 132 133 134 135 155 156 157 158 2 141 142 143 144 145 162 163 164 5 6 151 152 153 154 1 167 168 10 11 12 159 160 161 3 4 170 17 18 19 20 165 166 7 8 9 26 27 28 29 30 169 13 14 15 16 36 37 38 39 40 21 22 23 24 25 46 47 48 49 50 31 32 33 34 35 56 57 58 59 60 41 42 43 44 45 66 67 68 69 70 51 52 53 54 55 76 77 78 79 61 62 63 64 86 87 88 71 72 73 96 97 81 82 106 91 
81 136 45 91 100 146 54 55 101 109 110 155 63 64 65 111 118 119 120 162 72 73 74 75 121 127 128 129 130 167 82 83 84 85 131 137 138 139 140 170 92 93 94 95 141 147 148 149 150 26 102 103 104 105 151 156 157 158 2 36 112 113 114 115 159 163 164 5 6 46 122 123 124 125 165 168 10 11 12 56 132 133 134 135 169 17 18 19 20 66 142 143 144 145 21 27 28 29 30 76 152 153 154 1 31 37 38 39 40 86 160 161 3 4 41 47 48 49 50 96 166 7 8 9 51 57 58 59 60 106 13 14 15 16 61 67 68 69 70 116 22 23 24 25 71 77 78 79 80 126 32 33 34 35 87 88 89 90 42 43 44 97 98 99 52 53 107 108 62 117 
82 117 91 92 126 127 55 101 102 90 136 137 64 65 111 112 99 100 146 147 73 74 75 121 122 108 109 110 155 156 83 84 85 131 132 118 119 120 162 163 93 94 95 141 142 128 129 130 167 168 103 104 105 151 152 138 139 140 170 17 113 114 115 159 160 148 149 150 26 27 123 124 125 165 166 157 158 2 36 37 133 134 135 169 13 164 5 6 46 47 143 144 145 21 22 10 11 12 56 57 153 154 1 31 32 18 19 20 66 67 161 3 4 41 42 28 29 30 76 77 7 8 9 51 52 38 39 40 86 87 14 15 16 61 62 48 49 50 96 97 23 24 25 71 72 58 59 60 106 107 33 34 35 81 68 69 70 116 43 44 45 78 79 80 53 54 88 89 63 98 
83 98 92 93 107 108 101 102 103 116 117 118 65 111 112 113 80 126 127 128 74 75 121 122 123 89 90 136 137 138 84 85 131 132 133 99 100 146 147 148 94 95 141 142 143 109 110 155 156 157 104 105 151 152 153 119 120 162 163 164 114 115 159 160 161 129 130 167 168 10 124 125 165 166 7 139 140 170 17 18 134 135 169 13 14 149 150 26 27 28 144 145 21 22 23 158 2 36 37 38 154 1 31 32 33 5 6 46 47 48 3 4 41 42 43 11 12 56 57 58 8 9 51 52 53 19 20 66 67 68 15 16 61 62 63 29 30 76 77 78 24 25 71 72 73 39 40 86 87 88 34 35 81 82 49 50 96 97 44 45 91 59 60 106 54 55 69 70 64 79 
84 79 93 94 88 89 102 103 104 97 98 99 111 112 113 114 106 107 108 109 75 121 122 123 124 70 116 117 118 119 85 131 132 133 134 80 126 127 128 129 95 141 142 143 144 90 136 137 138 139 105 151 152 153 154 100 146 147 148 149 115 159 160 161 3 110 155 156 157 158 125 165 166 7 8 120 162 163 164 5 135 169 13 14 15 130 167 168 10 11 145 21 22 23 24 140 170 17 18 19 1 31 32 33 34 150 26 27 28 29 4 41 42 43 44 2 36 37 38 39 9 51 52 53 54 6 46 47 48 49 16 61 62 63 64 12 56 57 58 59 25 71 72 73 74 20 66 67 68 69 35 81 82 83 30 76 77 78 45 91 92 40 86 87 55 101 50 96 65 60 
85 60 94 95 69 70 103 104 105 78 79 80 112 113 114 115 87 88 89 90 121 122 123 124 125 96 97 98 99 100 131 132 133 134 135 106 107 108 109 110 141 142 143 144 145 116 117 118 119 120 151 152 153 154 1 126 127 128 129 130 159 160 161 3 4 136 137 138 139 140 165 166 7 8 9 146 147 148 149 150 169 13 14 15 16 155 156 157 158 2 21 22 23 24 25 162 163 164 5 6 31 32 33 34 35 167 168 10 11 12 41 42 43 44 45 170 17 18 19 20 51 52 53 54 55 26 27 28 29 30 61 62 63 64 65 36 37 38 39 40 71 72 73 74 75 46 47 48 49 50 81 82 83 84 56 57 58 59 91 92 93 66 67 68 101 102 76 77 111 86 
86 131 50 96 95 141 59 60 106 104 105 151 68 69 70 116 113 114 115 159 77 78 79 80 126 122 123 124 125 165 87 88 89 90 136 132 133 134 135 169 97 98 99 100 146 142 143 144 145 21 107 108 109 110 155 152 153 154 1 31 117 118 119 120 162 160 161 3 4 41 127 128 129 130 167 166 7 8 9 51 137 138 139 140 170 13 14 15 16 61 147 148 149 150 26 22 23 24 25 71 156 157 158 2 36 32 33 34 35 81 163 164 5 6 46 42 43 44 45 91 168 10 11 12 56 52 53 54 55 101 17 18 19 20 66 62 63 64 65 111 27 28 29 30 76 72 73 74 75 121 37 38 39 40 82 83 84 85 47 48 49 92 93 94 57 58 102 103 67 112 
87 112 96 97 121 122 60 106 107 85 131 132 69 70 116 117 94 95 141 142 78 79 80 126 127 103 104 105 151 152 88 89 90 136 137 113 114 115 159 160 98 99 100 146 147 123 124 125 165 166 108 109 110 155 156 133 134 135 169 13 118 119 120 162 163 143 144 145 21 22 128 129 130 167 168 153 154 1 31 32 138 139 140 170 17 161 3 4 41 42 148 149 150 26 27 7 8 9 51 52 157 158 2 36 37 14 15 16 61 62 164 5 6 46 47 23 24 25 71 72 10 11 12 56 57 33 34 35 81 82 18 19 20 66 67 43 44 45 91 92 28 29 30 76 77 53 54 55 101 102 38 39 40 86 63 64 65 111 48 49 50 73 74 75 58 59 83 84 68 93 
88 93 97 98 102 103 106 107 108 111 112 113 70 116 117 118 75 121 122 123 79 80 126 127 128 84 85 131 132 133 89 90 136 137 138 94 95 141 142 143 99 100 146 147 148 104 105 151 152 153 109 110 155 156 157 114 115 159 160 161 119 120 162 163 164 124 125 165 166 7 129 130 167 168 10 134 135 169 13 14 139 140 170 17 18 144 145 21 22 23 149 150 26 27 28 154 1 31 32 33 158 2 36 37 38 3 4 41 42 43 5 6 46 47 48 8 9 51 52 53 11 12 56 57 58 15 16 61 62 63 19 20 66 67 68 24 25 71 72 73 29 30 76 77 78 34 35 81 82 83 39 40 86 87 44 45 91 92 49 50 96 54 55 101 59 60 64 65 69 74 
89 74 98 99 83 84 107 108 109 92 93 94 116 117 118 119 101 102 103 104 80 126 127 128 129 65 111 112 113 114 90 136 137 138 139 75 121 122 123 124 100 146 147 148 149 85 131 132 133 134 110 155 156 157 158 95 141 142 143 144 120 162 163 164 5 105 151 152 153 154 130 167 168 10 11 115 159 160 161 3 140 170 17 18 19 125 165 166 7 8 150 26 27 28 29 135 169 13 14 15 2 36 37 38 39 145 21 22 23 24 6 46 47 48 49 1 31 32 33 34 12 56 57 58 59 4 41 42 43 44 20 66 67 68 69 9 51 52 53 54 30 76 77 78 79 16 61 62 63 64 40 86 87 88 25 71 72 73 50 96 97 35 81 82 60 106 45 91 70 55 
90 55 99 100 64 65 108 109 110 73 74 75 117 118 119 120 82 83 84 85 126 127 128 129 130 91 92 93 94 95 136 137 138 139 140 101 102 103 104 105 146 147 148 149 150 111 112 113 114 115 155 156 157 158 2 121 122 123 124 125 162 163 164 5 6 131 132 133 134 135 167 168 10 11 12 141 142 143 144 145 170 17 18 19 20 151 152 153 154 1 26 27 28 29 30 159 160 161 3 4 36 37 38 39 40 165 166 7 8 9 46 47 48 49 50 169 13 14 15 16 56 57 58 59 60 21 22 23 24 25 66 67 68 69 70 31 32 33 34 35 76 77 78 79 80 41 42 43 44 45 86 87 88 89 51 52 53 54 96 97 98 61 62 63 106 107 71 72 116 81 
91 126 55 101 90 136 64 65 111 99 100 146 73 74 75 121 108 109 110 155 82 83 84 85 131 117 118 119 120 162 92 93 94 95 141 127 128 129 130 167 102 103 104 105 151 137 138 139 140 170 112 113 114 115 159 147 148 149 150 26 122 123 124 125 165 156 157 158 2 36 132 133 134 135 169 163 164 5 6 46 142 143 144 145 21 168 10 11 12 56 152 153 154 1 31 17 18 19 20 66 160 161 3 4 41 27 28 29 30 76 166 7 8 9 51 37 38 39 40 86 13 14 15 16 61 47 48 49 50 96 22 23 24 25 71 57 58 59 60 106 32 33 34 35 81 67 68 69 70 116 42 43 44 45 77 78 79 80 52 53 54 87 88 89 62 63 97 98 72 107 
92 107 101 102 116 117 65 111 112 80 126 127 74 75 121 122 89 90 136 137 83 84 85 131 132 98 99 100 146 147 93 94 95 141 142 108 109 110 155 156 103 104 105 151 152 118 119 120 162 163 113 114 115 159 160 128 129 130 167 168 123 124 125 165 166 138 139 140 170 17 133 134 135 169 13 148 149 150 26 27 143 144 145 21 22 157 158 2 36 37 153 154 1 31 32 164 5 6 46 47 161 3 4 41 42 10 11 12 56 57 7 8 9 51 52 18 19 20 66 67 14 15 16 61 62 28 29 30 76 77 23 24 25 71 72 38 39 40 86 87 33 34 35 81 82 48 49 50 96 97 43 44 45 91 58 59 60 106 53 54 55 68 69 70 63 64 78 79 73 88 
93 88 102 103 97 98 111 112 113 106 107 108 75 121 122 123 70 116 117 118 84 85 131 132 133 79 80 126 127 128 94 95 141 142 143 89 90 136 137 138 104 105 151 152 153 99 100 146 147 148 114 115 159 160 161 109 110 155 156 157 124 125 165 166 7 119 120 162 163 164 134 135 169 13 14 129 130 167 168 10 144 145 21 22 23 139 140 170 17 18 154 1 31 32 33 149 150 26 27 28 3 4 41 42 43 158 2 36 37 38 8 9 51 52 53 5 6 46 47 48 15 16 61 62 63 11 12 56 57 58 24 25 71 72 73 19 20 66 67 68 34 35 81 82 83 29 30 76 77 78 44 45 91 92 39 40 86 87 54 55 101 49 50 96 64 65 59 60 74 69 
94 69 103 104 78 79 112 113 114 87 88 89 121 122 123 124 96 97 98 99 85 131 132 133 134 60 106 107 108 109 95 141 142 143 144 70 116 117 118 119 105 151 152 153 154 80 126 127 128 129 115 159 160 161 3 90 136 137 138 139 125 165 166 7 8 100 146 147 148 149 135 169 13 14 15 110 155 156 157 158 145 21 22 23 24 120 162 163 164 5 1 31 32 33 34 130 167 168 10 11 4 41 42 43 44 140 170 17 18 19 9 51 52 53 54 150 26 27 28 29 16 61 62 63 64 2 36 37 38 39 25 71 72 73 74 6 46 47 48 49 35 81 82 83 84 12 56 57 58 59 45 91 92 93 20 66 67 68 55 101 102 30 76 77 65 111 40 86 75 50 
95 50 104 105 59 60 113 114 115 68 69 70 122 123 124 125 77 78 79 80 131 132 133 134 135 86 87 88 89 90 141 142 143 144 145 96 97 98 99 100 151 152 153 154 1 106 107 108 109 110 159 160 161 3 4 116 117 118 119 120 165 166 7 8 9 126 127 128 129 130 169 13 14 15 16 136 137 138 139 140 21 22 23 24 25 146 147 148 149 150 31 32 33 34 35 155 156 157 158 2 41 42 43 44 45 162 163 164 5 6 51 52 53 54 55 167 168 10 11 12 61 62 63 64 65 170 17 18 19 20 71 72 73 74 75 26 27 28 29 30 81 82 83 84 85 36 37 38 39 40 91 92 93 94 46 47 48 49 101 102 103 56 57 58 111 112 66 67 121 76 
96 121 60 106 85 131 69 70 116 94 95 141 78 79 80 126 103 104 105 151 87 88 89 90 136 112 113 114 115 159 97 98 99 100 146 122 123 124 125 165 107 108 109 110 155 132 133 134 135 169 117 118 119 120 162 142 143 144 145 21 127 128 129 130 167 152 153 154 1 31 137 138 139 140 170 160 161 3 4 41 147 148 149 150 26 166 7 8 9 51 156 157 158 2 36 13 14 15 16 61 163 164 5 6 46 22 23 24 25 71 168 10 11 12 56 32 33 34 35 81 17 18 19 20 66 42 43 44 45 91 27 28 29 30 76 52 53 54 55 101 37 38 39 40 86 62 63 64 65 111 47 48 49 50 72 73 74 75 57 58 59 82 83 84 67 68 92 93 77 102 
97 102 106 107 111 112 70 116 117 75 121 122 79 80 126 127 84 85 131 132 88 89 90 136 137 93 94 95 141 142 98 99 100 146 147 103 104 105 151 152 108 109 110 155 156 113 114 115 159 160 118 119 120 162 163 123 124 125 165 166 128 129 130 167 168 133 134 135 169 13 138 139 140 170 17 143 144 145 21 22 148 149 150 26 27 153 154 1 31 32 157 158 2 36 37 161 3 4 41 42 164 5 6 46 47 7 8 9 51 52 10 11 12 56 57 14 15 16 61 62 18 19 20 66 67 23 24 25 71 72 28 29 30 76 77 33 34 35 81 82 38 39 40 86 87 43 44 45 91 92 48 49 50 96 53 54 55 101 58 59 60 63 64 65 68 69 73 74 78 83 
98 83 107 108 92 93 116 117 118 101 102 103 80 126 127 128 65 111 112 113 89 90 136 137 138 74 75 121 122 123 99 100 146 147 148 84 85 131 132 133 109 110 155 156 157 94 95 141 142 143 119 120 162 163 164 104 105 151 152 153 129 130 167 168 10 114 115 159 160 161 139 140 170 17 18 124 125 165 166 7 149 150 26 27 28 134 135 169 13 14 158 2 36 37 38 144 145 21 22 23 5 6 46 47 48 154 1 31 32 33 11 12 56 57 58 3 4 41 42 43 19 20 66 67 68 8 9 51 52 53 29 30 76 77 78 15 16 61 62 63 39 40 86 87 88 24 25 71 72 73 49 50 96 97 34 35 81 82 59 60 106 44 45 91 69 70 54 55 79 64 
99 64 108 109 73 74 117 118 119 82 83 84 126 127 128 129 91 92 93 94 90 136 137 138 139 55 101 102 103 104 100 146 147 148 149 65 111 112 113 114 110 155 156 157 158 75 121 122 123 124 120 162 163 164 5 85 131 132 133 134 130 167 168 10 11 95 141 142 143 144 140 170 17 18 19 105 151 152 153 154 150 26 27 28 29 115 159 160 161 3 2 36 37 38 39 125 165 166 7 8 6 46 47 48 49 135 169 13 14 15 12 56 57 58 59 145 21 22 23 24 20 66 67 68 69 1 31 32 33 34 30 76 77 78 79 4 41 42 43 44 40 86 87 88 89 9 51 52 53 54 50 96 97 98 16 61 62 63 60 106 107 25 71 72 70 116 35 81 80 45 
100 45 109 110 54 55 118 119 120 63 64 65 127 128 129 130 72 73 74 75 136 137 138 139 140 81 82 83 84 85 146 147 148 149 150 91 92 93 94 95 155 156 157 158 2 101 102 103 104 105 162 163 164 5 6 111 112 113 114 115 167 168 10 11 12 121 122 123 124 125 170 17 18 19 20 131 132 133 134 135 26 27 28 29 30 141 142 143 144 145 36 37 38 39 40 151 152 153 154 1 46 47 48 49 50 159 160 161 3 4 56 57 58 59 60 165 166 7 8 9 66 67 68 69 70 169 13 14 15 16 76 77 78 79 80 21 22 23 24 25 86 87 88 89 90 31 32 33 34 35 96 97 98 99 41 42 43 44 106 107 108 51 52 53 116 117 61 62 126 71 
101 116 65 111 80 126 74 75 121 89 90 136 83 84 85 131 98 99 100 146 92 93 94 95 141 107 108 109 110 155 102 103 104 105 151 117 118 119 120 162 112 113 114 115 159 127 128 129 130 167 122 123 124 125 165 137 138 139 140 170 132 133 134 135 169 147 148 149 150 26 142 143 144 145 21 156 157 158 2 36 152 153 154 1 31 163 164 5 6 46 160 161 3 4 41 168 10 11 12 56 166 7 8 9 51 17 18 19 20 66 13 14 15 16 61 27 28 29 30 76 22 23 24 25 71 37 38 39 40 86 32 33 34 35 81 47 48 49 50 96 42 43 44 45 91 57 58 59 60 106 52 53 54 55 67 68 69 70 62 63 64 77 78 79 72 73 87 88 82 97 
102 97 111 112 106 107 75 121 122 70 116 117 84 85 131 132 79 80 126 127 93 94 95 141 142 88 89 90 136 137 103 104 105 151 152 98 99 100 146 147 113 114 115 159 160 108 109 110 155 156 123 124 125 165 166 118 119 120 162 163 133 134 135 169 13 128 129 130 167 168 143 144 145 21 22 138 139 140 170 17 153 154 1 31 32 148 149 150 26 27 161 3 4 41 42 157 158 2 36 37 7 8 9 51 52 164 5 6 46 47 14 15 16 61 62 10 11 12 56 57 23 24 25 71 72 18 19 20 66 67 33 34 35 81 82 28 29 30 76 77 43 44 45 91 92 38 39 40 86 87 53 54 55 101 48 49 50 96 63 64 65 58 59 60 73 74 68 69 83 78 
103 78 112 113 87 88 121 122 123 96 97 98 85 131 132 133 60 106 107 108 94 95 141 142 143 69 70 116 117 118 104 105 151 152 153 79 80 126 127 128 114 115 159 160 161 89 90 136 137 138 124 125 165 166 7 99 100 146 147 148 134 135 169 13 14 109 110 155 156 157 144 145 21 22 23 119 120 162 163 164 154 1 31 32 33 129 130 167 168 10 3 4 41 42 43 139 140 170 17 18 8 9 51 52 53 149 150 26 27 28 15 16 61 62 63 158 2 36 37 38 24 25 71 72 73 5 6 46 47 48 34 35 81 82 83 11 12 56 57 58 44 45 91 92 93 19 20 66 67 68 54 55 101 102 29 30 76 77 64 65 111 39 40 86 74 75 49 50 84 59 
104 59 113 114 68 69 122 123 124 77 78 79 131 132 133 134 86 87 88 89 95 141 142 143 144 50 96 97 98 99 105 151 152 153 154 60 106 107 108 109 115 159 160 161 3 70 116 117 118 119 125 165 166 7 8 80 126 127 128 129 135 169 13 14 15 90 136 137 138 139 145 21 22 23 24 100 146 147 148 149 1 31 32 33 34 110 155 156 157 158 4 41 42 43 44 120 162 163 164 5 9 51 52 53 54 130 167 168 10 11 16 61 62 63 64 140 170 17 18 19 25 71 72 73 74 150 26 27 28 29 35 81 82 83 84 2 36 37 38 39 45 91 92 93 94 6 46 47 48 49 55 101 102 103 12 56 57 58 65 111 112 20 66 67 75 121 30 76 85 40 
105 40 114 115 49 50 123 124 125 58 59 60 132 133 134 135 67 68 69 70 141 142 143 144 145 76 77 78 79 80 151 152 153 154 1 86 87 88 89 90 159 160 161 3 4 96 97 98 99 100 165 166 7 8 9 106 107 108 109 110 169 13 14 15 16 116 117 118 119 120 21 22 23 24 25 126 127 128 129 130 31 32 33 34 35 136 137 138 139 140 41 42 43 44 45 146 147 148 149 150 51 52 53 54 55 155 156 157 158 2 61 62 63 64 65 162 163 164 5 6 71 72 73 74 75 167 168 10 11 12 81 82 83 84 85 170 17 18 19 20 91 92 93 94 95 26 27 28 29 30 101 102 103 104 36 37 38 39 111 112 113 46 47 48 121 122 56 57 131 66 
106 111 70 116 75 121 79 80 126 84 85 131 88 89 90 136 93 94 95 141 97 98 99 100 146 102 103 104 105 151 107 108 109 110 155 112 113 114 115 159 117 118 119 120 162 122 123 124 125 165 127 128 129 130 167 132 133 134 135 169 137 138 139 140 170 142 143 144 145 21 147 148 149 150 26 152 153 154 1 31 156 157 158 2 36 160 161 3 4 41 163 164 5 6 46 166 7 8 9 51 168 10 11 12 56 13 14 15 16 61 17 18 19 20 66 22 23 24 25 71 27 28 29 30 76 32 33 34 35 81 37 38 39 40 86 42 43 44 45 91 47 48 49 50 96 52 53 54 55 101 57 58 59 60 62 63 64 65 67 68 69 72 73 74 77 78 82 83 87 92 
107 92 116 117 101 102 80 126 127 65 111 112 89 90 136 137 74 75 121 122 98 99 100 146 147 83 84 85 131 132 108 109 110 155 156 93 94 95 141 142 118 119 120 162 163 103 104 105 151 152 128 129 130 167 168 113 114 115 159 160 138 139 140 170 17 123 124 125 165 166 148 149 150 26 27 133 134 135 169 13 157 158 2 36 37 143 144 145 21 22 164 5 6 46 47 153 154 1 31 32 10 11 12 56 57 161 3 4 41 42 18 19 20 66 67 7 8 9 51 52 28 29 30 76 77 14 15 16 61 62 38 39 40 86 87 23 24 25 71 72 48 49 50 96 97 33 34 35 81 82 58 59 60 106 43 44 45 91 68 69 70 53 54 55 78 79 63 64 88 73 
108 73 117 118 82 83 126 127 128 91 92 93 90 136 137 138 55 101 102 103 99 100 146 147 148 64 65 111 112 113 109 110 155 156 157 74 75 121 122 123 119 120 162 163 164 84 85 131 132 133 129 130 167 168 10 94 95 141 142 143 139 140 170 17 18 104 105 151 152 153 149 150 26 27 28 114 115 159 160 161 158 2 36 37 38 124 125 165 166 7 5 6 46 47 48 134 135 169 13 14 11 12 56 57 58 144 145 21 22 23 19 20 66 67 68 154 1 31 32 33 29 30 76 77 78 3 4 41 42 43 39 40 86 87 88 8 9 51 52 53 49 50 96 97 98 15 16 61 62 63 59 60 106 107 24 25 71 72 69 70 116 34 35 81 79 80 44 45 89 54 
109 54 118 119 63 64 127 128 129 72 73 74 136 137 138 139 81 82 83 84 100 146 147 148 149 45 91 92 93 94 110 155 156 157 158 55 101 102 103 104 120 162 163 164 5 65 111 112 113 114 130 167 168 10 11 75 121 122 123 124 140 170 17 18 19 85 131 132 133 134 150 26 27 28 29 95 141 142 143 144 2 36 37 38 39 105 151 152 153 154 6 46 47 48 49 115 159 160 161 3 12 56 57 58 59 125 165 166 7 8 20 66 67 68 69 135 169 13 14 15 30 76 77 78 79 145 21 22 23 24 40 86 87 88 89 1 31 32 33 34 50 96 97 98 99 4 41 42 43 44 60 106 107 108 9 51 52 53 70 116 117 16 61 62 80 126 25 71 90 35 
110 35 119 120 44 45 128 129 130 53 54 55 137 138 139 140 62 63 64 65 146 147 148 149 150 71 72 73 74 75 155 156 157 158 2 81 82 83 84 85 162 163 164 5 6 91 92 93 94 95 167 168 10 11 12 101 102 103 104 105 170 17 18 19 20 111 112 113 114 115 26 27 28 29 30 121 122 123 124 125 36 37 38 39 40 131 132 133 134 135 46 47 48 49 50 141 142 143 144 145 56 57 58 59 60 151 152 153 154 1 66 67 68 69 70 159 160 161 3 4 76 77 78 79 80 165 166 7 8 9 86 87 88 89 90 169 13 14 15 16 96 97 98 99 100 21 22 23 24 25 106 107 108 109 31 32 33 34 116 117 118 41 42 43 126 127 51 52 136 61 
111 106 75 121 70 116 84 85 131 79 80 126 93 94 95 141 88 89 90 136 102 103 104 105 151 97 98 99 100 146 112 113 114 115 159 107 108 109 110 155 122 123 124 125 165 117 118 119 120 162 132 133 134 135 169 127 128 129 130 167 142 143 144 145 21 137 138 139 140 170 152 153 154 1 31 147 148 149 150 26 160 161 3 4 41 156 157 158 2 36 166 7 8 9 51 163 164 5 6 46 13 14 15 16 61 168 10 11 12 56 22 23 24 25 71 17 18 19 20 66 32 33 34 35 81 27 28 29 30 76 42 43 44 45 91 37 38 39 40 86 52 53 54 55 101 47 48 49 50 96 62 63 64 65 57 58 59 60 72 73 74 67 68 69 82 83 77 78 92 87 
112 87 121 122 96 97 85 131 132 60 106 107 94 95 141 142 69 70 116 117 103 104 105 151 152 78 79 80 126 127 113 114 115 159 160 88 89 90 136 137 123 124 125 165 166 98 99 100 146 147 133 134 135 169 13 108 109 110 155 156 143 144 145 21 22 118 119 120 162 163 153 154 1 31 32 128 129 130 167 168 161 3 4 41 42 138 139 140 170 17 7 8 9 51 52 148 149 150 26 27 14 15 16 61 62 157 158 2 36 37 23 24 25 71 72 164 5 6 46 47 33 34 35 81 82 10 11 12 56 57 43 44 45 91 92 18 19 20 66 67 53 54 55 101 102 28 29 30 76 77 63 64 65 111 38 39 40 86 73 74 75 48 49 50 83 84 58 59 93 68 
113 68 122 123 77 78 131 132 133 86 87 88 95 141 142 143 50 96 97 98 104 105 151 152 153 59 60 106 107 108 114 115 159 160 161 69 70 116 117 118 124 125 165 166 7 79 80 126 127 128 134 135 169 13 14 89 90 136 137 138 144 145 21 22 23 99 100 146 147 148 154 1 31 32 33 109 110 155 156 157 3 4 41 42 43 119 120 162 163 164 8 9 51 52 53 129 130 167 168 10 15 16 61 62 63 139 140 170 17 18 24 25 71 72 73 149 150 26 27 28 34 35 81 82 83 158 2 36 37 38 44 45 91 92 93 5 6 46 47 48 54 55 101 102 103 11 12 56 57 58 64 65 111 112 19 20 66 67 74 75 121 29 30 76 84 85 39 40 94 49 
114 49 123 124 58 59 132 133 134 67 68 69 141 142 143 144 76 77 78 79 105 151 152 153 154 40 86 87 88 89 115 159 160 161 3 50 96 97 98 99 125 165 166 7 8 60 106 107 108 109 135 169 13 14 15 70 116 117 118 119 145 21 22 23 24 80 126 127 128 129 1 31 32 33 34 90 136 137 138 139 4 41 42 43 44 100 146 147 148 149 9 51 52 53 54 110 155 156 157 158 16 61 62 63 64 120 162 163 164 5 25 71 72 73 74 130 167 168 10 11 35 81 82 83 84 140 170 17 18 19 45 91 92 93 94 150 26 27 28 29 55 101 102 103 104 2 36 37 38 39 65 111 112 113 6 46 47 48 75 121 122 12 56 57 85 131 20 66 95 30 
115 30 124 125 39 40 133 134 135 48 49 50 142 143 144 145 57 58 59 60 151 152 153 154 1 66 67 68 69 70 159 160 161 3 4 76 77 78 79 80 165 166 7 8 9 86 87 88 89 90 169 13 14 15 16 96 97 98 99 100 21 22 23 24 25 106 107 108 109 110 31 32 33 34 35 116 117 118 119 120 41 42 43 44 45 126 127 128 129 130 51 52 53 54 55 136 137 138 139 140 61 62 63 64 65 146 147 148 149 150 71 72 73 74 75 155 156 157 158 2 81 82 83 84 85 162 163 164 5 6 91 92 93 94 95 167 168 10 11 12 101 102 103 104 105 170 17 18 19 20 111 112 113 114 26 27 28 29 121 122 123 36 37 38 131 132 46 47 141 56 
116 101 80 126 65 111 89 90 136 74 75 121 98 99 100 146 83 84 85 131 107 108 109 110 155 92 93 94 95 141 117 118 119 120 162 102 103 104 105 151 127 128 129 130 167 112 113 114 115 159 137 138 139 140 170 122 123 124 125 165 147 148 149 150 26 132 133 134 135 169 156 157 158 2 36 142 143 144 145 21 163 164 5 6 46 152 153 154 1 31 168 10 11 12 56 160 161 3 4 41 17 18 19 20 66 166 7 8 9 51 27 28 29 30 76 13 14 15 16 61 37 38 39 40 86 22 23 24 25 71 47 48 49 50 96 32 33 34 35 81 57 58 59 60 106 42 43 44 45 91 67 68 69 70 52 53 54 55 77 78 79 62 63 64 87 88 72 73 97 82 
117 82 126 127 91 92 90 136 137 55 101 102 99 100 146 147 64 65 111 112 108 109 110 155 156 73 74 75 121 122 118 119 120 162 163 83 84 85 131 132 128 129 130 167 168 93 94 95 141 142 138 139 140 170 17 103 104 105 151 152 148 149 150 26 27 113 114 115 159 160 157 158 2 36 37 123 124 125 165 166 164 5 6 46 47 133 134 135 169 13 10 11 12 56 57 143 144 145 21 22 18 19 20 66 67 153 154 1 31 32 28 29 30 76 77 161 3 4 41 42 38 39 40 86 87 7 8 9 51 52 48 49 50 96 97 14 15 16 61 62 58 59 60 106 107 23 24 25 71 72 68 69 70 116 33 34 35 81 78 79 80 43 44 45 88 89 53 54 98 63 
118 63 127 128 72 73 136 137 138 81 82 83 100 146 147 148 45 91 92 93 109 110 155 156 157 54 55 101 102 103 119 120 162 163 164 64 65 111 112 113 129 130 167 168 10 74 75 121 122 123 139 140 170 17 18 84 85 131 132 133 149 150 26 27 28 94 95 141 142 143 158 2 36 37 38 104 105 151 152 153 5 6 46 47 48 114 115 159 160 161 11 12 56 57 58 124 125 165 166 7 19 20 66 67 68 134 135 169 13 14 29 30 76 77 78 144 145 21 22 23 39 40 86 87 88 154 1 31 32 33 49 50 96 97 98 3 4 41 42 43 59 60 106 107 108 8 9 51 52 53 69 70 116 117 15 16 61 62 79 80 126 24 25 71 89 90 34 35 99 44 
119 44 128 129 53 54 137 138 139 62 63 64 146 147 148 149 71 72 73 74 110 155 156 157 158 35 81 82 83 84 120 162 163 164 5 45 91 92 93 94 130 167 168 10 11 55 101 102 103 104 140 170 17 18 19 65 111 112 113 114 150 26 27 28 29 75 121 122 123 124 2 36 37 38 39 85 131 132 133 134 6 46 47 48 49 95 141 142 143 144 12 56 57 58 59 105 151 152 153 154 20 66 67 68 69 115 159 160 161 3 30 76 77 78 79 125 165 166 7 8 40 86 87 88 89 135 169 13 14 15 50 96 97 98 99 145 21 22 23 24 60 106 107 108 109 1 31 32 33 34 70 116 117 118 4 41 42 43 80 126 127 9 51 52 90 136 16 61 100 25 
120 25 129 130 34 35 138 139 140 43 44 45 147 148 149 150 52 53 54 55 155 156 157 158 2 61 62 63 64 65 162 163 164 5 6 71 72 73 74 75 167 168 10 11 12 81 82 83 84 85 170 17 18 19 20 91 92 93 94 95 26 27 28 29 30 101 102 103 104 105 36 37 38 39 40 111 112 113 114 115 46 47 48 49 50 121 122 123 124 125 56 57 58 59 60 131 132 133 134 135 66 67 68 69 70 141 142 143 144 145 76 77 78 79 80 151 152 153 154 1 86 87 88 89 90 159 160 161 3 4 96 97 98 99 100 165 166 7 8 9 106 107 108 109 110 169 13 14 15 16 116 117 118 119 21 22 23 24 126 127 128 31 32 33 136 137 41 42 146 51 
121 96 85 131 60 106 94 95 141 69 70 116 103 104 105 151 78 79 80 126 112 113 114 115 159 87 88 89 90 136 122 123 124 125 165 97 98 99 100 146 132 133 134 135 169 107 108 109 110 155 142 143 144 145 21 117 118 119 120 162 152 153 154 1 31 127 128 129 130 167 160 161 3 4 41 137 138 139 140 170 166 7 8 9 51 147 148 149 150 26 13 14 15 16 61 156 157 158 2 36 22 23 24 25 71 163 164 5 6 46 32 33 34 35 81 168 10 11 12 56 42 43 44 45 91 17 18 19 20 66 52 53 54 55 101 27 28 29 30 76 62 63 64 65 111 37 38 39 40 86 72 73 74 75 47 48 49 50 82 83 84 57 58 59 92 93 67 68 102 77 
122 77 131 132 86 87 95 141 142 50 96 97 104 105 151 152 59 60 106 107 113 114 115 159 160 68 69 70 116 117 123 124 125 165 166 78 79 80 126 127 133 134 135 169 13 88 89 90 136 137 143 144 145 21 22 98 99 100 146 147 153 154 1 31 32 108 109 110 155 156 161 3 4 41 42 118 119 120 162 163 7 8 9 51 52 128 129 130 167 168 14 15 16 61 62 138 139 140 170 17 23 24 25 71 72 148 149 150 26 27 33 34 35 81 82 157 158 2 36 37 43 44 45 91 92 164 5 6 46 47 53 54 55 101 102 10 11 12 56 57 63 64 65 111 112 18 19 20 66 67 73 74 75 121 28 29 30 76 83 84 85 38 39 40 93 94 48 49 103 58 
123 58 132 133 67 68 141 142 143 76 77 78 105 151 152 153 40 86 87 88 114 115 159 160 161 49 50 96 97 98 124 125 165 166 7 59 60 106 107 108 134 135 169 13 14 69 70 116 117 118 144 145 21 22 23 79 80 126 127 128 154 1 31 32 33 89 90 136 137 138 3 4 41 42 43 99 100 146 147 148 8 9 51 52 53 109 110 155 156 157 15 16 61 62 63 119 120 162 163 164 24 25 71 72 73 129 130 167 168 10 34 35 81 82 83 139 140 170 17 18 44 45 91 92 93 149 150 26 27 28 54 55 101 102 103 158 2 36 37 38 64 65 111 112 113 5 6 46 47 48 74 75 121 122 11 12 56 57 84 85 131 19 20 66 94 95 29 30 104 39 
124 39 133 134 48 49 142 143 144 57 58 59 151 152 153 154 66 67 68 69 115 159 160 161 3 30 76 77 78 79 125 165 166 7 8 40 86 87 88 89 135 169 13 14 15 50 96 97 98 99 145 21 22 23 24 60 106 107 108 109 1 31 32 33 34 70 116 117 118 119 4 41 42 43 44 80 126 127 128 129 9 51 52 53 54 90 136 137 138 139 16 61 62 63 64 100 146 147 148 149 25 71 72 73 74 110 155 156 157 158 35 81 82 83 84 120 162 163 164 5 45 91 92 93 94 130 167 168 10 11 55 101 102 103 104 140 170 17 18 19 65 111 112 113 114 150 26 27 28 29 75 121 122 123 2 36 37 38 85 131 132 6 46 47 95 141 12 56 105 20 
125 20 134 135 29 30 143 144 145 38 39 40 152 153 154 1 47 48 49 50 159 160 161 3 4 56 57 58 59 60 165 166 7 8 9 66 67 68 69 70 169 13 14 15 16 76 77 78 79 80 21 22 23 24 25 86 87 88 89 90 31 32 33 34 35 96 97 98 99 100 41 42 43 44 45 106 107 108 109 110 51 52 53 54 55 116 117 118 119 120 61 62 63 64 65 126 127 128 129 130 71 72 73 74 75 136 137 138 139 140 81 82 83 84 85 146 147 148 149 150 91 92 93 94 95 155 156 157 158 2 101 102 103 104 105 162 163 164 5 6 111 112 113 114 115 167 168 10 11 12 121 122 123 124 170 17 18 19 131 132 133 26 27 28 141 142 36 37 151 46 
126 91 90 136 55 101 99 100 146 64 65 111 108 109 110 155 73 74 75 121 117 118 119 120 162 82 83 84 85 131 127 128 129 130 167 92 93 94 95 141 137 138 139 140 170 102 103 104 105 151 147 148 149 150 26 112 113 114 115 159 156 157 158 2 36 122 123 124 125 165 163 164 5 6 46 132 133 134 135 169 168 10 11 12 56 142 143 144 145 21 17 18 19 20 66 152 153 154 1 31 27 28 29 30 76 160 161 3 4 41 37 38 39 40 86 166 7 8 9 51 47 48 49 50 96 13 14 15 16 61 57 58 59 60 106 22 23 24 25 71 67 68 69 70 116 32 33 34 35 81 77 78 79 80 42 43 44 45 87 88 89 52 53 54 97 98 62 63 107 72 
127 72 136 137 81 82 100 146 147 45 91 92 109 110 155 156 54 55 101 102 118 119 120 162 163 63 64 65 111 112 128 129 130 167 168 73 74 75 121 122 138 139 140 170 17 83 84 85 131 132 148 149 150 26 27 93 94 95 141 142 157 158 2 36 37 103 104 105 151 152 164 5 6 46 47 113 114 115 159 160 10 11 12 56 57 123 124 125 165 166 18 19 20 66 67 133 134 135 169 13 28 29 30 76 77 143 144 145 21 22 38 39 40 86 87 153 154 1 31 32 48 49 50 96 97 161 3 4 41 42 58 59 60 106 107 7 8 9 51 52 68 69 70 116 117 14 15 16 61 62 78 79 80 126 23 24 25 71 88 89 90 33 34 35 98 99 43 44 108 53 
128 53 137 138 62 63 146 147 148 71 72 73 110 155 156 157 35 81 82 83 119 120 162 163 164 44 45 91 92 93 129 130 167 168 10 54 55 101 102 103 139 140 170 17 18 64 65 111 112 113 149 150 26 27 28 74 75 121 122 123 158 2 36 37 38 84 85 131 132 133 5 6 46 47 48 94 95 141 142 143 11 12 56 57 58 104 105 151 152 153 19 20 66 67 68 114 115 159 160 161 29 30 76 77 78 124 125 165 166 7 39 40 86 87 88 134 135 169 13 14 49 50 96 97 98 144 145 21 22 23 59 60 106 107 108 154 1 31 32 33 69 70 116 117 118 3 4 41 42 43 79 80 126 127 8 9 51 52 89 90 136 15 16 61 99 100 24 25 109 34 
129 34 138 139 43 44 147 148 149 52 53 54 155 156 157 158 61 62 63 64 120 162 163 164 5 25 71 72 73 74 130 167 168 10 11 35 81 82 83 84 140 170 17 18 19 45 91 92 93 94 150 26 27 28 29 55 101 102 103 104 2 36 37 38 39 65 111 112 113 114 6 46 47 48 49 75 121 122 123 124 12 56 57 58 59 85 131 132 133 134 20 66 67 68 69 95 141 142 143 144 30 76 77 78 79 105 151 152 153 154 40 86 87 88 89 115 159 160 161 3 50 96 97 98 99 125 165 166 7 8 60 106 107 108 109 135 169 13 14 15 70 116 117 118 119 145 21 22 23 24 80 126 127 128 1 31 32 33 90 136 137 4 41 42 100 146 9 51 110 16 
130 16 139 140 24 25 148 149 150 33 34 35 156 157 158 2 42 43 44 45 162 163 164 5 6 51 52 53 54 55 167 168 10 11 12 61 62 63 64 65 170 17 18 19 20 71 72 73 74 75 26 27 28 29 30 81 82 83 84 85 36 37 38 39 40 91 92 93 94 95 46 47 48 49 50 101 102 103 104 105 56 57 58 59 60 111 112 113 114 115 66 67 68 69 70 121 122 123 124 125 76 77 78 79 80 131 132 133 134 135 86 87 88 89 90 141 142 143 144 145 96 97 98 99 100 151 152 153 154 1 106 107 108 109 110 159 160 161 3 4 116 117 118 119 120 165 166 7 8 9 126 127 128 129 169 13 14 15 136 137 138 21 22 23 146 147 31 32 155 41 
131 86 95 141 50 96 104 105 151 59 60 106 113 114 115 159 68 69 70 116 122 123 124 125 165 77 78 79 80 126 132 133 134 135 169 87 88 89 90 136 142 143 144 145 21 97 98 99 100 146 152 153 154 1 31 107 108 109 110 155 160 161 3 4 41 117 118 119 120 162 166 7 8 9 51 127 128 129 130 167 13 14 15 16 61 137 138 139 140 170 22 23 24 25 71 147 148 149 150 26 32 33 34 35 81 156 157 158 2 36 42 43 44 45 91 163 164 5 6 46 52 53 54 55 101 168 10 11 12 56 62 63 64 65 111 17 18 19 20 66 72 73 74 75 121 27 28 29 30 76 82 83 84 85 37 38 39 40 92 93 94 47 48 49 102 103 57 58 112 67 
132 67 141 142 76 77 105 151 152 40 86 87 114 115 159 160 49 50 96 97 123 124 125 165 166 58 59 60 106 107 133 134 135 169 13 68 69 70 116 117 143 144 145 21 22 78 79 80 126 127 153 154 1 31 32 88 89 90 136 137 161 3 4 41 42 98 99 100 146 147 7 8 9 51 52 108 109 110 155 156 14 15 16 61 62 118 119 120 162 163 23 24 25 71 72 128 129 130 167 168 33 34 35 81 82 138 139 140 170 17 43 44 45 91 92 148 149 150 26 27 53 54 55 101 102 157 158 2 36 37 63 64 65 111 112 164 5 6 46 47 73 74 75 121 122 10 11 12 56 57 83 84 85 131 18 19 20 66 93 94 95 28 29 30 103 104 38 39 113 48 
133 48 142 143 57 58 151 152 153 66 67 68 115 159 160 161 30 76 77 78 124 125 165 166 7 39 40 86 87 88 134 135 169 13 14 49 50 96 97 98 144 145 21 22 23 59 60 106 107 108 154 1 31 32 33 69 70 116 117 118 3 4 41 42 43 79 80 126 127 128 8 9 51 52 53 89 90 136 137 138 15 16 61 62 63 99 100 146 147 148 24 25 71 72 73 109 110 155 156 157 34 35 81 82 83 119 120 162 163 164 44 45 91 92 93 129 130 167 168 10 54 55 101 102 103 139 140 170 17 18 64 65 111 112 113 149 150 26 27 28 74 75 121 122 123 158 2 36 37 38 84 85 131 132 5 6 46 47 94 95 141 11 12 56 104 105 19 20 114 29 
134 29 143 144 38 39 152 153 154 47 48 49 159 160 161 3 56 57 58 59 125 165 166 7 8 20 66 67 68 69 135 169 13 14 15 30 76 77 78 79 145 21 22 23 24 40 86 87 88 89 1 31 32 33 34 50 96 97 98 99 4 41 42 43 44 60 106 107 108 109 9 51 52 53 54 70 116 117 118 119 16 61 62 63 64 80 126 127 128 129 25 71 72 73 74 90 136 137 138 139 35 81 82 83 84 100 146 147 148 149 45 91 92 93 94 110 155 156 157 158 55 101 102 103 104 120 162 163 164 5 65 111 112 113 114 130 167 168 10 11 75 121 122 123 124 140 170 17 18 19 85 131 132 133 150 26 27 28 95 141 142 2 36 37 105 151 6 46 115 12 
135 12 144 145 19 20 153 154 1 28 29 30 160 161 3 4 37 38 39 40 165 166 7 8 9 46 47 48 49 50 169 13 14 15 16 56 57 58 59 60 21 22 23 24 25 66 67 68 69 70 31 32 33 34 35 76 77 78 79 80 41 42 43 44 45 86 87 88 89 90 51 52 53 54 55 96 97 98 99 100 61 62 63 64 65 106 107 108 109 110 71 72 73 74 75 116 117 118 119 120 81 82 83 84 85 126 127 128 129 130 91 92 93 94 95 136 137 138 139 140 101 102 103 104 105 146 147 148 149 150 111 112 113 114 115 155 156 157 158 2 121 122 123 124 125 162 163 164 5 6 131 132 133 134 167 168 10 11 141 142 143 170 17 18 151 152 26 27 159 36 
136 81 100 146 45 91 109 110 155 54 55 101 118 119 120 162 63 64 65 111 127 128 129 130 167 72 73 74 75 121 137 138 139 140 170 82 83 84 85 131 147 148 149 150 26 92 93 94 95 141 156 157 158 2 36 102 103 104 105 151 163 164 5 6 46 112 113 114 115 159 168 10 11 12 56 122 123 124 125 165 17 18 19 20 66 132 133 134 135 169 27 28 29 30 76 142 143 144 145 21 37 38 39 40 86 152 153 154 1 31 47 48 49 50 96 160 161 3 4 41 57 58 59 60 106 166 7 8 9 51 67 68 69 70 116 13 14 15 16 61 77 78 79 80 126 22 23 24 25 71 87 88 89 90 32 33 34 35 97 98 99 42 43 44 107 108 52 53 117 62 
137 62 146 147 71 72 110 155 156 35 81 82 119 120 162 163 44 45 91 92 128 129 130 167 168 53 54 55 101 102 138 139 140 170 17 63 64 65 111 112 148 149 150 26 27 73 74 75 121 122 157 158 2 36 37 83 84 85 131 132 164 5 6 46 47 93 94 95 141 142 10 11 12 56 57 103 104 105 151 152 18 19 20 66 67 113 114 115 159 160 28 29 30 76 77 123 124 125 165 166 38 39 40 86 87 133 134 135 169 13 48 49 50 96 97 143 144 145 21 22 58 59 60 106 107 153 154 1 31 32 68 69 70 116 117 161 3 4 41 42 78 79 80 126 127 7 8 9 51 52 88 89 90 136 14 15 16 61 98 99 100 23 24 25 108 109 33 34 118 43 
138 43 147 148 52 53 155 156 157 61 62 63 120 162 163 164 25 71 72 73 129 130 167 168 10 34 35 81 82 83 139 140 170 17 18 44 45 91 92 93 149 150 26 27 28 54 55 101 102 103 158 2 36 37 38 64 65 111 112 113 5 6 46 47 48 74 75 121 122 123 11 12 56 57 58 84 85 131 132 133 19 20 66 67 68 94 95 141 142 143 29 30 76 77 78 104 105 151 152 153 39 40 86 87 88 114 115 159 160 161 49 50 96 97 98 124 125 165 166 7 59 60 106 107 108 134 135 169 13 14 69 70 116 117 118 144 145 21 22 23 79 80 126 127 128 154 1 31 32 33 89 90 136 137 3 4 41 42 99 100 146 8 9 51 109 110 15 16 119 24 
139 24 148 149 33 34 156 157 158 42 43 44 162 163 164 5 51 52 53 54 130 167 168 10 11 16 61 62 63 64 140 170 17 18 19 25 71 72 73 74 150 26 27 28 29 35 81 82 83 84 2 36 37 38 39 45 91 92 93 94 6 46 47 48 49 55 101 102 103 104 12 56 57 58 59 65 111 112 113 114 20 66 67 68 69 75 121 122 123 124 30 76 77 78 79 85 131 132 133 134 40 86 87 88 89 95 141 142 143 144 50 96 97 98 99 105 151 152 153 154 60 106 107 108 109 115 159 160 161 3 70 116 117 118 119 125 165 166 7 8 80 126 127 128 129 135 169 13 14 15 90 136 137 138 145 21 22 23 100 146 147 1 31 32 110 155 4 41 120 9 
140 9 149 150 15 16 157 158 2 23 24 25 163 164 5 6 32 33 34 35 167 168 10 11 12 41 42 43 44 45 170 17 18 19 20 51 52 53 54 55 26 27 28 29 30 61 62 63 64 65 36 37 38 39 40 71 72 73 74 75 46 47 48 49 50 81 82 83 84 85 56 57 58 59 60 91 92 93 94 95 66 67 68 69 70 101 102 103 104 105 76 77 78 79 80 111 112 113 114 115 86 87 88 89 90 121 122 123 124 125 96 97 98 99 100 131 132 133 134 135 106 107 108 109 110 141 142 143 144 145 116 117 118 119 120 151 152 153 154 1 126 127 128 129 130 159 160 161 3 4 136 137 138 139 165 166 7 8 146 147 148 169 13 14 155 156 21 22 162 31 
141 76 105 151 40 86 114 115 159 49 50 96 123 124 125 165 58 59 60 106 132 133 134 135 169 67 68 69 70 116 142 143 144 145 21 77 78 79 80 126 152 153 154 1 31 87 88 89 90 136 160 161 3 4 41 97 98 99 100 146 166 7 8 9 51 107 108 109 110 155 13 14 15 16 61 117 118 119 120 162 22 23 24 25 71 127 128 129 130 167 32 33 34 35 81 137 138 139 140 170 42 43 44 45 91 147 148 149 150 26 52 53 54 55 101 156 157 158 2 36 62 63 64 65 111 163 164 5 6 46 72 73 74 75 121 168 10 11 12 56 82 83 84 85 131 17 18 19 20 66 92 93 94 95 27 28 29 30 102 103 104 37 38 39 112 113 47 48 122 57 
142 57 151 152 66 67 115 159 160 30 76 77 124 125 165 166 39 40 86 87 133 134 135 169 13 48 49 50 96 97 143 144 145 21 22 58 59 60 106 107 153 154 1 31 32 68 69 70 116 117 161 3 4 41 42 78 79 80 126 127 7 8 9 51 52 88 89 90 136 137 14 15 16 61 62 98 99 100 146 147 23 24 25 71 72 108 109 110 155 156 33 34 35 81 82 118 119 120 162 163 43 44 45 91 92 128 129 130 167 168 53 54 55 101 102 138 139 140 170 17 63 64 65 111 112 148 149 150 26 27 73 74 75 121 122 157 158 2 36 37 83 84 85 131 132 164 5 6 46 47 93 94 95 141 10 11 12 56 103 104 105 18 19 20 113 114 28 29 123 38 
143 38 152 153 47 48 159 160 161 56 57 58 125 165 166 7 20 66 67 68 134 135 169 13 14 29 30 76 77 78 144 145 21 22 23 39 40 86 87 88 154 1 31 32 33 49 50 96 97 98 3 4 41 42 43 59 60 106 107 108 8 9 51 52 53 69 70 116 117 118 15 16 61 62 63 79 80 126 127 128 24 25 71 72 73 89 90 136 137 138 34 35 81 82 83 99 100 146 147 148 44 45 91 92 93 109 110 155 156 157 54 55 101 102 103 119 120 162 163 164 64 65 111 112 113 129 130 167 168 10 74 75 121 122 123 139 140 170 17 18 84 85 131 132 133 149 150 26 27 28 94 95 141 142 158 2 36 37 104 105 151 5 6 46 114 115 11 12 124 19 
144 19 153 154 28 29 160 161 3 37 38 39 165 166 7 8 46 47 48 49 135 169 13 14 15 12 56 57 58 59 145 21 22 23 24 20 66 67 68 69 1 31 32 33 34 30 76 77 78 79 4 41 42 43 44 40 86 87 88 89 9 51 52 53 54 50 96 97 98 99 16 61 62 63 64 60 106 107 108 109 25 71 72 73 74 70 116 117 118 119 35 81 82 83 84 80 126 127 128 129 45 91 92 93 94 90 136 137 138 139 55 101 102 103 104 100 146 147 148 149 65 111 112 113 114 110 155 156 157 158 75 121 122 123 124 120 162 163 164 5 85 131 132 133 134 130 167 168 10 11 95 141 142 143 140 170 17 18 105 151 152 150 26 27 115 159 2 36 125 6 
145 6 154 1 11 12 161 3 4 18 19 20 166 7 8 9 27 28 29 30 169 13 14 15 16 36 37 38 39 40 21 22 23 24 25 46 47 48 49 50 31 32 33 34 35 56 57 58 59 60 41 42 43 44 45 66 67 68 69 70 51 52 53 54 55 76 77 78 79 80 61 62 63 64 65 86 87 88 89 90 71 72 73 74 75 96 97 98 99 100 81 82 83 84 85 106 107 108 109 110 91 92 93 94 95 116 117 118 119 120 101 102 103 104 105 126 127 128 129 130 111 112 113 114 115 136 137 138 139 140 121 122 123 124 125 146 147 148 149 150 131 132 133 134 135 155 156 157 158 2 141 142 143 144 162 163 164 5 151 152 153 167 168 10 159 160 170 17 165 26 
146 71 110 155 35 81 119 120 162 44 45 91 128 129 130 167 53 54 55 101 137 138 139 140 170 62 63 64 65 111 147 148 149 150 26 72 73 74 75 121 156 157 158 2 36 82 83 84 85 131 163 164 5 6 46 92 93 94 95 141 168 10 11 12 56 102 103 104 105 151 17 18 19 20 66 112 113 114 115 159 27 28 29 30 76 122 123 124 125 165 37 38 39 40 86 132 133 134 135 169 47 48 49 50 96 142 143 144 145 21 57 58 59 60 106 152 153 154 1 31 67 68 69 70 116 160 161 3 4 41 77 78 79 80 126 166 7 8 9 51 87 88 89 90 136 13 14 15 16 61 97 98 99 100 22 23 24 25 107 108 109 32 33 34 117 118 42 43 127 52 
147 52 155 156 61 62 120 162 163 25 71 72 129 130 167 168 34 35 81 82 138 139 140 170 17 43 44 45 91 92 148 149 150 26 27 53 54 55 101 102 157 158 2 36 37 63 64 65 111 112 164 5 6 46 47 73 74 75 121 122 10 11 12 56 57 83 84 85 131 132 18 19 20 66 67 93 94 95 141 142 28 29 30 76 77 103 104 105 151 152 38 39 40 86 87 113 114 115 159 160 48 49 50 96 97 123 124 125 165 166 58 59 60 106 107 133 134 135 169 13 68 69 70 116 117 143 144 145 21 22 78 79 80 126 127 153 154 1 31 32 88 89 90 136 137 161 3 4 41 42 98 99 100 146 7 8 9 51 108 109 110 14 15 16 118 119 23 24 128 33 
148 33 156 157 42 43 162 163 164 51 52 53 130 167 168 10 16 61 62 63 139 140 170 17 18 24 25 71 72 73 149 150 26 27 28 34 35 81 82 83 158 2 36 37 38 44 45 91 92 93 5 6 46 47 48 54 55 101 102 103 11 12 56 57 58 64 65 111 112 113 19 20 66 67 68 74 75 121 122 123 29 30 76 77 78 84 85 131 132 133 39 40 86 87 88 94 95 141 142 143 49 50 96 97 98 104 105 151 152 153 59 60 106 107 108 114 115 159 160 161 69 70 116 117 118 124 125 165 166 7 79 80 126 127 128 134 135 169 13 14 89 90 136 137 138 144 145 21 22 23 99 100 146 147 154 1 31 32 109 110 155 3 4 41 119 120 8 9 129 15 
149 15 157 158 23 24 163 164 5 32 33 34 167 168 10 11 41 42 43 44 140 170 17 18 19 9 51 52 53 54 150 26 27 28 29 16 61 62 63 64 2 36 37 38 39 25 71 72 73 74 6 46 47 48 49 35 81 82 83 84 12 56 57 58 59 45 91 92 93 94 20 66 67 68 69 55 101 102 103 104 30 76 77 78 79 65 111 112 113 114 40 86 87 88 89 75 121 122 123 124 50 96 97 98 99 85 131 132 133 134 60 106 107 108 109 95 141 142 143 144 70 116 117 118 119 105 151 152 153 154 80 126 127 128 129 115 159 160 161 3 90 136 137 138 139 125 165 166 7 8 100 146 147 148 135 169 13 14 110 155 156 145 21 22 120 162 1 31 130 4 
150 4 158 2 8 9 164 5 6 14 15 16 168 10 11 12 22 23 24 25 170 17 18 19 20 31 32 33 34 35 26 27 28 29 30 41 42 43 44 45 36 37 38 39 40 51 52 53 54 55 46 47 48 49 50 61 62 63 64 65 56 57 58 59 60 71 72 73 74 75 66 67 68 69 70 81 82 83 84 85 76 77 78 79 80 91 92 93 94 95 86 87 88 89 90 101 102 103 104 105 96 97 98 99 100 111 112 113 114 115 106 107 108 109 110 121 122 123 124 125 116 117 118 119 120 131 132 133 134 135 126 127 128 129 130 141 142 143 144 145 136 137 138 139 140 151 152 153 154 1 146 147 148 149 159 160 161 3 155 156 157 165 166 7 162 163 169 13 167 21 
151 66 115 159 30 76 124 125 165 39 40 86 133 134 135 169 48 49 50 96 142 143 144 145 21 57 58 59 60 106 152 153 154 1 31 67 68 69 70 116 160 161 3 4 41 77 78 79 80 126 166 7 8 9 51 87 88 89 90 136 13 14 15 16 61 97 98 99 100 146 22 23 24 25 71 107 108 109 110 155 32 33 34 35 81 117 118 119 120 162 42 43 44 45 91 127 128 129 130 167 52 53 54 55 101 137 138 139 140 170 62 63 64 65 111 147 148 149 150 26 72 73 74 75 121 156 157 158 2 36 82 83 84 85 131 163 164 5 6 46 92 93 94 95 141 168 10 11 12 56 102 103 104 105 17 18 19 20 112 113 114 27 28 29 122 123 37 38 132 47 
152 47 159 160 56 57 125 165 166 20 66 67 134 135 169 13 29 30 76 77 143 144 145 21 22 38 39 40 86 87 153 154 1 31 32 48 49 50 96 97 161 3 4 41 42 58 59 60 106 107 7 8 9 51 52 68 69 70 116 117 14 15 16 61 62 78 79 80 126 127 23 24 25 71 72 88 89 90 136 137 33 34 35 81 82 98 99 100 146 147 43 44 45 91 92 108 109 110 155 156 53 54 55 101 102 118 119 120 162 163 63 64 65 111 112 128 129 130 167 168 73 74 75 121 122 138 139 140 170 17 83 84 85 131 132 148 149 150 26 27 93 94 95 141 142 157 158 2 36 37 103 104 105 151 164 5 6 46 113 114 115 10 11 12 123 124 18 19 133 28 
153 28 160 161 37 38 165 166 7 46 47 48 135 169 13 14 12 56 57 58 144 145 21 22 23 19 20 66 67 68 154 1 31 32 33 29 30 76 77 78 3 4 41 42 43 39 40 86 87 88 8 9 51 52 53 49 50 96 97 98 15 16 61 62 63 59 60 106 107 108 24 25 71 72 73 69 70 116 117 118 34 35 81 82 83 79 80 126 127 128 44 45 91 92 93 89 90 136 137 138 54 55 101 102 103 99 100 146 147 148 64 65 111 112 113 109 110 155 156 157 74 75 121 122 123 119 120 162 163 164 84 85 131 132 133 129 130 167 168 10 94 95 141 142 143 139 140 170 17 18 104 105 151 152 149 150 26 27 114 115 159 158 2 36 124 125 5 6 134 11 
154 11 161 3 18 19 166 7 8 27 28 29 169 13 14 15 36 37 38 39 145 21 22 23 24 6 46 47 48 49 1 31 32 33 34 12 56 57 58 59 4 41 42 43 44 20 66 67 68 69 9 51 52 53 54 30 76 77 78 79 16 61 62 63 64 40 86 87 88 89 25 71 72 73 74 50 96 97 98 99 35 81 82 83 84 60 106 107 108 109 45 91 92 93 94 70 116 117 118 119 55 101 102 103 104 80 126 127 128 129 65 111 112 113 114 90 136 137 138 139 75 121 122 123 124 100 146 147 148 149 85 131 132 133 134 110 155 156 157 158 95 141 142 143 144 120 162 163 164 5 105 151 152 153 130 167 168 10 115 159 160 140 170 17 125 165 150 26 135 2 
155 61 120 162 25 71 129 130 167 34 35 81 138 139 140 170 43 44 45 91 147 148 149 150 26 52 53 54 55 101 156 157 158 2 36 62 63 64 65 111 163 164 5 6 46 72 73 74 75 121 168 10 11 12 56 82 83 84 85 131 17 18 19 20 66 92 93 94 95 141 27 28 29 30 76 102 103 104 105 151 37 38 39 40 86 112 113 114 115 159 47 48 49 50 96 122 123 124 125 165 57 58 59 60 106 132 133 134 135 169 67 68 69 70 116 142 143 144 145 21 77 78 79 80 126 152 153 154 1 31 87 88 89 90 136 160 161 3 4 41 97 98 99 100 146 166 7 8 9 51 107 108 109 110 13 14 15 16 117 118 119 22 23 24 127 128 32 33 137 42 
156 42 162 163 51 52 130 167 168 16 61 62 139 140 170 17 24 25 71 72 148 149 150 26 27 33 34 35 81 82 157 158 2 36 37 43 44 45 91 92 164 5 6 46 47 53 54 55 101 102 10 11 12 56 57 63 64 65 111 112 18 19 20 66 67 73 74 75 121 122 28 29 30 76 77 83 84 85 131 132 38 39 40 86 87 93 94 95 141 142 48 49 50 96 97 103 104 105 151 152 58 59 60 106 107 113 114 115 159 160 68 69 70 116 117 123 124 125 165 166 78 79 80 126 127 133 134 135 169 13 88 89 90 136 137 143 144 145 21 22 98 99 100 146 147 153 154 1 31 32 108 109 110 155 161 3 4 41 118 119 120 7 8 9 128 129 14 15 138 23 
157 23 163 164 32 33 167 168 10 41 42 43 140 170 17 18 9 51 52 53 149 150 26 27 28 15 16 61 62 63 158 2 36 37 38 24 25 71 72 73 5 6 46 47 48 34 35 81 82 83 11 12 56 57 58 44 45 91 92 93 19 20 66 67 68 54 55 101 102 103 29 30 76 77 78 64 65 111 112 113 39 40 86 87 88 74 75 121 122 123 49 50 96 97 98 84 85 131 132 133 59 60 106 107 108 94 95 141 142 143 69 70 116 117 118 104 105 151 152 153 79 80 126 127 128 114 115 159 160 161 89 90 136 137 138 124 125 165 166 7 99 100 146 147 148 134 135 169 13 14 109 110 155 156 144 145 21 22 119 120 162 154 1 31 129 130 3 4 139 8 
158 8 164 5 14 15 168 10 11 22 23 24 170 17 18 19 31 32 33 34 150 26 27 28 29 4 41 42 43 44 2 36 37 38 39 9 51 52 53 54 6 46 47 48 49 16 61 62 63 64 12 56 57 58 59 25 71 72 73 74 20 66 67 68 69 35 81 82 83 84 30 76 77 78 79 45 91 92 93 94 40 86 87 88 89 55 101 102 103 104 50 96 97 98 99 65 111 112 113 114 60 106 107 108 109 75 121 122 123 124 70 116 117 118 119 85 131 132 133 134 80 126 127 128 129 95 141 142 143 144 90 136 137 138 139 105 151 152 153 154 100 146 147 148 149 115 159 160 161 3 110 155 156 157 125 165 166 7 120 162 163 135 169 13 130 167 145 21 140 1 
159 56 125 165 20 66 134 135 169 29 30 76 143 144 145 21 38 39 40 86 152 153 154 1 31 47 48 49 50 96 160 161 3 4 41 57 58 59 60 106 166 7 8 9 51 67 68 69 70 116 13 14 15 16 61 77 78 79 80 126 22 23 24 25 71 87 88 89 90 136 32 33 34 35 81 97 98 99 100 146 42 43 44 45 91 107 108 109 110 155 52 53 54 55 101 117 118 119 120 162 62 63 64 65 111 127 128 129 130 167 72 73 74 75 121 137 138 139 140 170 82 83 84 85 131 147 148 149 150 26 92 93 94 95 141 156 157 158 2 36 102 103 104 105 151 163 164 5 6 46 112 113 114 115 168 10 11 12 122 123 124 17 18 19 132 133 27 28 142 37 
160 37 165 166 46 47 135 169 13 12 56 57 144 145 21 22 19 20 66 67 153 154 1 31 32 28 29 30 76 77 161 3 4 41 42 38 39 40 86 87 7 8 9 51 52 48 49 50 96 97 14 15 16 61 62 58 59 60 106 107 23 24 25 71 72 68 69 70 116 117 33 34 35 81 82 78 79 80 126 127 43 44 45 91 92 88 89 90 136 137 53 54 55 101 102 98 99 100 146 147 63 64 65 111 112 108 109 110 155 156 73 74 75 121 122 118 119 120 162 163 83 84 85 131 132 128 129 130 167 168 93 94 95 141 142 138 139 140 170 17 103 104 105 151 152 148 149 150 26 27 113 114 115 159 157 158 2 36 123 124 125 164 5 6 133 134 10 11 143 18 
161 18 166 7 27 28 169 13 14 36 37 38 145 21 22 23 6 46 47 48 154 1 31 32 33 11 12 56 57 58 3 4 41 42 43 19 20 66 67 68 8 9 51 52 53 29 30 76 77 78 15 16 61 62 63 39 40 86 87 88 24 25 71 72 73 49 50 96 97 98 34 35 81 82 83 59 60 106 107 108 44 45 91 92 93 69 70 116 117 118 54 55 101 102 103 79 80 126 127 128 64 65 111 112 113 89 90 136 137 138 74 75 121 122 123 99 100 146 147 148 84 85 131 132 133 109 110 155 156 157 94 95 141 142 143 119 120 162 163 164 104 105 151 152 153 129 130 167 168 10 114 115 159 160 139 140 170 17 124 125 165 149 150 26 134 135 158 2 144 5 
162 51 130 167 16 61 139 140 170 24 25 71 148 149 150 26 33 34 35 81 156 157 158 2 36 42 43 44 45 91 163 164 5 6 46 52 53 54 55 101 168 10 11 12 56 62 63 64 65 111 17 18 19 20 66 72 73 74 75 121 27 28 29 30 76 82 83 84 85 131 37 38 39 40 86 92 93 94 95 141 47 48 49 50 96 102 103 104 105 151 57 58 59 60 106 112 113 114 115 159 67 68 69 70 116 122 123 124 125 165 77 78 79 80 126 132 133 134 135 169 87 88 89 90 136 142 143 144 145 21 97 98 99 100 146 152 153 154 1 31 107 108 109 110 155 160 161 3 4 41 117 118 119 120 166 7 8 9 127 128 129 13 14 15 137 138 22 23 147 32 
163 32 167 168 41 42 140 170 17 9 51 52 149 150 26 27 15 16 61 62 157 158 2 36 37 23 24 25 71 72 164 5 6 46 47 33 34 35 81 82 10 11 12 56 57 43 44 45 91 92 18 19 20 66 67 53 54 55 101 102 28 29 30 76 77 63 64 65 111 112 38 39 40 86 87 73 74 75 121 122 48 49 50 96 97 83 84 85 131 132 58 59 60 106 107 93 94 95 141 142 68 69 70 116 117 103 104 105 151 152 78 79 80 126 127 113 114 115 159 160 88 89 90 136 137 123 124 125 165 166 98 99 100 146 147 133 134 135 169 13 108 109 110 155 156 143 144 145 21 22 118 119 120 162 153 154 1 31 128 129 130 161 3 4 138 139 7 8 148 14 
164 14 168 10 22 23 170 17 18 31 32 33 150 26 27 28 4 41 42 43 158 2 36 37 38 8 9 51 52 53 5 6 46 47 48 15 16 61 62 63 11 12 56 57 58 24 25 71 72 73 19 20 66 67 68 34 35 81 82 83 29 30 76 77 78 44 45 91 92 93 39 40 86 87 88 54 55 101 102 103 49 50 96 97 98 64 65 111 112 113 59 60 106 107 108 74 75 121 122 123 69 70 116 117 118 84 85 131 132 133 79 80 126 127 128 94 95 141 142 143 89 90 136 137 138 104 105 151 152 153 99 100 146 147 148 114 115 159 160 161 109 110 155 156 157 124 125 165 166 7 119 120 162 163 134 135 169 13 129 130 167 144 145 21 139 140 154 1 149 3 
165 46 135 169 12 56 144 145 21 19 20 66 153 154 1 31 28 29 30 76 160 161 3 4 41 37 38 39 40 86 166 7 8 9 51 47 48 49 50 96 13 14 15 16 61 57 58 59 60 106 22 23 24 25 71 67 68 69 70 116 32 33 34 35 81 77 78 79 80 126 42 43 44 45 91 87 88 89 90 136 52 53 54 55 101 97 98 99 100 146 62 63 64 65 111 107 108 109 110 155 72 73 74 75 121 117 118 119 120 162 82 83 84 85 131 127 128 129 130 167 92 93 94 95 141 137 138 139 140 170 102 103 104 105 151 147 148 149 150 26 112 113 114 115 159 156 157 158 2 36 122 123 124 125 163 164 5 6 132 133 134 168 10 11 142 143 17 18 152 27 
166 27 169 13 36 37 145 21 22 6 46 47 154 1 31 32 11 12 56 57 161 3 4 41 42 18 19 20 66 67 7 8 9 51 52 28 29 30 76 77 14 15 16 61 62 38 39 40 86 87 23 24 25 71 72 48 49 50 96 97 33 34 35 81 82 58 59 60 106 107 43 44 45 91 92 68 69 70 116 117 53 54 55 101 102 78 79 80 126 127 63 64 65 111 112 88 89 90 136 137 73 74 75 121 122 98 99 100 146 147 83 84 85 131 132 108 109 110 155 156 93 94 95 141 142 118 119 120 162 163 103 104 105 151 152 128 129 130 167 168 113 114 115 159 160 138 139 140 170 17 123 124 125 165 148 149 150 26 133 134 135 157 158 2 143 144 164 5 153 10 
167 41 140 170 9 51 149 150 26 15 16 61 157 158 2 36 23 24 25 71 163 164 5 6 46 32 33 34 35 81 168 10 11 12 56 42 43 44 45 91 17 18 19 20 66 52 53 54 55 101 27 28 29 30 76 62 63 64 65 111 37 38 39 40 86 72 73 74 75 121 47 48 49 50 96 82 83 84 85 131 57 58 59 60 106 92 93 94 95 141 67 68 69 70 116 102 103 104 105 151 77 78 79 80 126 112 113 114 115 159 87 88 89 90 136 122 123 124 125 165 97 98 99 100 146 132 133 134 135 169 107 108 109 110 155 142 143 144 145 21 117 118 119 120 162 152 153 154 1 31 127 128 129 130 160 161 3 4 137 138 139 166 7 8 147 148 13 14 156 22 
168 22 170 17 31 32 150 26 27 4 41 42 158 2 36 37 8 9 51 52 164 5 6 46 47 14 15 16 61 62 10 11 12 56 57 23 24 25 71 72 18 19 20 66 67 33 34 35 81 82 28 29 30 76 77 43 44 45 91 92 38 39 40 86 87 53 54 55 101 102 48 49 50 96 97 63 64 65 111 112 58 59 60 106 107 73 74 75 121 122 68 69 70 116 117 83 84 85 131 132 78 79 80 126 127 93 94 95 141 142 88 89 90 136 137 103 104 105 151 152 98 99 100 146 147 113 114 115 159 160 108 109 110 155 156 123 124 125 165 166 118 119 120 162 163 133 134 135 169 13 128 129 130 167 143 144 145 21 138 139 140 153 154 1 148 149 161 3 157 7 
169 36 145 21 6 46 154 1 31 11 12 56 161 3 4 41 18 19 20 66 166 7 8 9 51 27 28 29 30 76 13 14 15 16 61 37 38 39 40 86 22 23 24 25 71 47 48 49 50 96 32 33 34 35 81 57 58 59 60 106 42 43 44 45 91 67 68 69 70 116 52 53 54 55 101 77 78 79 80 126 62 63 64 65 111 87 88 89 90 136 72 73 74 75 121 97 98 99 100 146 82 83 84 85 131 107 108 109 110 155 92 93 94 95 141 117 118 119 120 162 102 103 104 105 151 127 128 129 130 167 112 113 114 115 159 137 138 139 140 170 122 123 124 125 165 147 148 149 150 26 132 133 134 135 156 157 158 2 142 143 144 163 164 5 152 153 168 10 160 17 
170 31 150 26 4 41 158 2 36 8 9 51 164 5 6 46 14 15 16 61 168 10 11 12 56 22 23 24 25 71 17 18 19 20 66 32 33 34 35 81 27 28 29 30 76 42 43 44 45 91 37 38 39 40 86 52 53 54 55 101 47 48 49 50 96 62 63 64 65 111 57 58 59 60 106 72 73 74 75 121 67 68 69 70 116 82 83 84 85 131 77 78 79 80 126 92 93 94 95 141 87 88 89 90 136 102 103 104 105 151 97 98 99 100 146 112 113 114 115 159 107 108 109 110 155 122 123 124 125 165 117 118 119 120 162 132 133 134 135 169 127 128 129 130 167 142 143 144 145 21 137 138 139 140 152 153 154 1 147 148 149 160 161 3 156 157 166 7 163 13 
