96 88
1 2 3 4 5 6 7 8 9 10 11 12 13 14 15 16 17 18 19 20 21 22 23 24 25 26 27 28 29 30 31 32 33 34 35 36 37 38 39 40 41 42 43 44 45 46 47 48 49 50 51 52 53 54 55 56 57 58 59 60 61 62 63 64 65 66 67 68 69 70 71 72 73 74 75 76 77 78 79 80 81 82 83 84 85 86 87 88 89 90 91 92 93 94 95 96 
2 1 8 9 10 11 12 3 4 5 6 7 24 25 26 27 28 29 30 31 32 33 34 13 14 15 16 17 18 19 20 21 22 23 49 50 51 52 53 54 55 56 57 58 59 60 61 62 35 36 37 38 39 40 41 42 43 44 45 46 47 48 74 75 76 77 78 79 80 81 82 83 84 63 64 65 66 67 68 69 70 71 72 73 90 91 92 93 94 85 86 87 88 89 96 95 
3 26 1 13 14 15 16 11 50 52 8 54 4 5 6 7 35 36 37 38 39 40 41 29 31 2 33 74 24 76 25 78 27 80 17 18 19 20 21 22 23 63 64 65 66 67 68 69 56 9 58 10 60 12 62 49 90 51 92 53 93 55 42 43 44 45 46 47 48 85 86 87 88 28 81 30 83 32 84 34 75 96 77 79 70 71 72 73 95 57 94 59 61 91 89 82 
4 9 36 5 17 18 19 50 10 28 29 30 38 63 13 65 1 20 21 42 43 44 45 52 74 24 76 2 31 32 56 57 58 59 15 14 67 35 85 37 87 6 7 46 47 70 71 72 26 25 78 49 90 51 92 11 12 60 61 81 82 83 3 40 39 88 64 95 66 22 23 73 89 8 54 53 93 75 96 77 33 34 84 94 16 69 68 86 48 27 80 79 91 62 41 55 
5 10 14 17 1 20 21 25 28 2 31 32 35 3 38 39 4 42 43 6 7 46 47 49 8 52 53 9 56 57 11 12 60 61 13 63 64 15 16 67 68 18 19 70 71 22 23 73 24 74 75 26 27 78 79 29 30 81 82 33 34 84 36 37 85 86 40 41 88 44 45 89 48 50 51 90 91 54 55 93 58 59 94 62 65 66 95 69 72 76 77 96 80 83 87 92 
6 11 15 18 20 1 22 26 29 31 2 33 36 38 3 40 42 4 44 5 46 7 48 50 52 8 54 56 9 58 10 60 12 62 63 13 65 14 67 16 69 17 70 19 72 21 73 23 74 24 76 25 78 27 80 28 81 30 83 32 84 34 35 85 37 87 39 88 41 43 89 45 47 49 90 51 92 53 93 55 57 94 59 61 64 95 66 68 71 75 96 77 79 82 86 91 
7 34 16 19 21 22 23 55 59 61 62 2 37 39 40 41 43 44 45 46 47 48 1 77 79 80 8 82 83 9 84 10 11 12 64 65 66 67 68 69 3 70 71 72 4 73 5 6 91 92 24 93 25 26 27 94 28 29 30 31 32 33 85 86 87 13 88 14 15 89 17 18 20 96 49 50 51 52 53 54 56 57 58 60 95 35 36 38 42 74 75 76 78 81 63 90 
8 15 2 24 25 26 27 6 36 38 3 40 9 10 11 12 49 50 51 52 53 54 55 18 20 1 22 63 13 65 14 67 16 69 28 29 30 31 32 33 34 74 75 76 77 78 79 80 42 4 44 5 46 7 48 35 85 37 87 39 88 41 56 57 58 59 60 61 62 90 91 92 93 17 70 19 72 21 73 23 64 95 66 68 81 82 83 84 96 43 89 45 47 86 94 71 
9 4 50 10 28 29 30 36 5 17 18 19 52 74 24 76 2 31 32 56 57 58 59 38 63 13 65 1 20 21 42 43 44 45 26 25 78 49 90 51 92 11 12 60 61 81 82 83 15 14 67 35 85 37 87 6 7 46 47 70 71 72 8 54 53 93 75 96 77 33 34 84 94 3 40 39 88 64 95 66 22 23 73 89 27 80 79 91 62 16 69 68 86 48 55 41 
10 5 25 28 2 31 32 14 17 1 20 21 49 8 52 53 9 56 57 11 12 60 61 35 3 38 39 4 42 43 6 7 46 47 24 74 75 26 27 78 79 29 30 81 82 33 34 84 13 63 64 15 16 67 68 18 19 70 71 22 23 73 50 51 90 91 54 55 93 58 59 94 62 36 37 85 86 40 41 88 44 45 89 48 76 77 96 80 83 65 66 95 69 72 92 87 
11 6 26 29 31 2 33 15 18 20 1 22 50 52 8 54 56 9 58 10 60 12 62 36 38 3 40 42 4 44 5 46 7 48 74 24 76 25 78 27 80 28 81 30 83 32 84 34 63 13 65 14 67 16 69 17 70 19 72 21 73 23 49 90 51 92 53 93 55 57 94 59 61 35 85 37 87 39 88 41 43 89 45 47 75 96 77 79 82 64 95 66 68 71 91 86 
12 23 27 30 32 33 34 41 45 47 48 1 51 53 54 55 57 58 59 60 61 62 2 66 68 69 3 71 72 4 73 5 6 7 75 76 77 78 79 80 8 81 82 83 9 84 10 11 86 87 13 88 14 15 16 89 17 18 19 20 21 22 90 91 92 24 93 25 26 94 28 29 31 95 35 36 37 38 39 40 42 43 44 46 96 49 50 52 56 63 64 65 67 70 74 85 
13 50 18 14 35 36 37 9 52 74 24 76 20 42 4 44 3 38 39 63 64 65 66 10 28 29 30 26 25 78 49 90 51 92 6 5 46 17 70 19 72 15 16 67 68 85 86 87 2 31 32 56 57 58 59 8 54 53 93 75 96 77 1 22 21 73 43 89 45 40 41 88 95 11 12 60 61 81 82 83 27 80 79 91 7 48 47 71 69 33 34 84 94 55 23 62 
14 52 5 35 3 38 39 31 74 26 25 78 17 1 20 21 13 63 64 15 16 67 68 56 11 10 60 50 49 90 8 54 53 93 4 42 43 6 7 46 47 36 37 85 86 40 41 88 29 28 81 2 33 32 84 24 76 75 96 27 80 79 18 19 70 71 22 23 73 65 66 95 69 9 58 57 94 12 62 61 51 92 91 55 44 45 89 48 87 30 83 82 34 77 72 59 
15 8 6 36 38 3 40 2 24 25 26 27 18 20 1 22 63 13 65 14 67 16 69 9 10 11 12 49 50 51 52 53 54 55 42 4 44 5 46 7 48 35 85 37 87 39 88 41 28 29 30 31 32 33 34 74 75 76 77 78 79 80 17 70 19 72 21 73 23 64 95 66 68 56 57 58 59 60 61 62 90 91 92 93 43 89 45 47 86 81 82 83 84 96 71 94 
16 80 7 37 39 40 41 62 92 93 55 26 19 21 22 23 64 65 66 67 68 69 3 83 84 34 11 96 77 50 79 52 8 54 43 44 45 46 47 48 1 85 86 87 13 88 14 15 94 59 29 61 31 2 33 91 74 24 76 25 78 27 70 71 72 4 73 5 6 95 35 36 38 82 56 9 58 10 60 12 49 90 51 53 89 17 18 20 63 28 81 30 32 75 42 57 
17 28 63 1 4 42 43 74 2 9 56 57 15 36 35 85 5 6 7 18 19 70 71 26 50 49 90 10 11 12 29 30 81 82 38 3 40 13 65 64 95 20 21 22 23 44 45 89 52 8 54 24 76 75 96 31 32 33 34 58 59 94 14 67 16 69 37 87 86 46 47 48 72 25 78 27 80 51 92 91 60 61 62 83 39 88 41 66 73 53 93 55 77 84 68 79 
18 29 13 20 42 4 44 24 31 56 9 58 14 35 36 37 6 5 46 17 70 19 72 25 49 50 51 11 10 60 28 81 30 83 3 38 39 63 64 65 66 1 22 21 73 43 89 45 8 52 53 74 75 76 77 2 33 32 84 57 94 59 15 16 67 68 85 86 87 7 48 47 71 26 27 78 79 90 91 92 12 62 61 82 40 41 88 95 23 54 55 93 96 34 69 80 
19 59 65 21 43 44 45 92 61 82 83 9 67 85 37 87 7 46 47 70 71 72 4 93 96 77 50 34 84 10 94 28 29 30 40 39 88 64 95 66 36 22 23 73 5 89 17 18 80 79 52 91 74 24 76 62 2 31 32 56 57 58 16 69 68 38 86 63 13 48 1 20 42 55 26 25 78 49 90 51 11 12 60 81 41 15 14 35 6 8 54 53 75 33 3 27 
20 31 38 42 6 5 46 52 56 11 10 60 63 15 14 67 18 17 70 1 22 21 73 74 26 25 78 29 28 81 2 33 32 84 36 35 85 3 40 39 88 4 44 43 89 7 48 47 50 49 90 8 54 53 93 9 58 57 94 12 62 61 13 65 64 95 16 69 68 19 72 71 23 24 76 75 96 27 80 79 30 83 82 34 37 87 86 41 45 51 92 91 55 59 66 77 
21 61 39 43 7 46 47 79 82 34 84 10 64 16 67 68 19 70 71 22 23 73 5 91 55 93 25 59 94 28 62 2 31 32 37 85 86 40 41 88 14 44 45 89 17 48 1 20 77 96 49 80 8 52 53 83 9 56 57 11 12 60 65 66 95 35 69 3 38 72 4 42 6 92 24 74 75 26 27 78 29 30 81 33 87 13 63 15 18 50 51 90 54 58 36 76 
22 62 40 44 46 7 48 80 83 84 34 11 65 67 16 69 70 19 72 21 73 23 6 92 93 55 26 94 59 29 61 31 2 33 85 37 87 39 88 41 15 43 89 45 18 47 20 1 96 77 50 79 52 8 54 82 56 9 58 10 60 12 64 95 66 36 68 38 3 71 42 4 5 91 74 24 76 25 78 27 28 81 30 32 86 63 13 14 17 49 90 51 53 57 35 75 
23 12 41 45 47 48 1 27 30 32 33 34 66 68 69 3 71 72 4 73 5 6 7 51 53 54 55 57 58 59 60 61 62 2 86 87 13 88 14 15 16 89 17 18 19 20 21 22 75 76 77 78 79 80 8 81 82 83 9 84 10 11 95 35 36 37 38 39 40 42 43 44 46 90 91 92 24 93 25 26 94 28 29 31 63 64 65 67 70 96 49 50 52 56 85 74 
24 36 29 25 49 50 51 4 38 63 13 65 31 56 9 58 8 52 53 74 75 76 77 5 17 18 19 15 14 67 35 85 37 87 11 10 60 28 81 30 83 26 27 78 79 90 91 92 1 20 21 42 43 44 45 3 40 39 88 64 95 66 2 33 32 84 57 94 59 54 55 93 96 6 7 46 47 70 71 72 16 69 68 86 12 62 61 82 80 22 23 73 89 41 34 48 
25 38 10 49 8 52 53 20 63 15 14 67 28 2 31 32 24 74 75 26 27 78 79 42 6 5 46 36 35 85 3 40 39 88 9 56 57 11 12 60 61 50 51 90 91 54 55 93 18 17 70 1 22 21 73 13 65 64 95 16 69 68 29 30 81 82 33 34 84 76 77 96 80 4 44 43 89 7 48 47 37 87 86 41 58 59 94 62 92 19 72 71 23 66 83 45 
26 3 11 50 52 8 54 1 13 14 15 16 29 31 2 33 74 24 76 25 78 27 80 4 5 6 7 35 36 37 38 39 40 41 56 9 58 10 60 12 62 49 90 51 92 53 93 55 17 18 19 20 21 22 23 63 64 65 66 67 68 69 28 81 30 83 32 84 34 75 96 77 79 42 43 44 45 46 47 48 85 86 87 88 57 94 59 61 91 70 71 72 73 95 82 89 
27 69 12 51 53 54 55 48 87 88 41 15 30 32 33 34 75 76 77 78 79 80 8 72 73 23 6 95 66 36 68 38 3 40 57 58 59 60 61 62 2 90 91 92 24 93 25 26 89 45 18 47 20 1 22 86 63 13 65 14 67 16 81 82 83 9 84 10 11 96 49 50 52 71 42 4 44 5 46 7 35 85 37 39 94 28 29 31 74 17 70 19 21 64 56 43 
28 17 74 2 9 56 57 63 1 4 42 43 26 50 49 90 10 11 12 29 30 81 82 15 36 35 85 5 6 7 18 19 70 71 52 8 54 24 76 75 96 31 32 33 34 58 59 94 38 3 40 13 65 64 95 20 21 22 23 44 45 89 25 78 27 80 51 92 91 60 61 62 83 14 67 16 69 37 87 86 46 47 48 72 53 93 55 77 84 39 88 41 66 73 79 68 
29 18 24 31 56 9 58 13 20 42 4 44 25 49 50 51 11 10 60 28 81 30 83 14 35 36 37 6 5 46 17 70 19 72 8 52 53 74 75 76 77 2 33 32 84 57 94 59 3 38 39 63 64 65 66 1 22 21 73 43 89 45 26 27 78 79 90 91 92 12 62 61 82 15 16 67 68 85 86 87 7 48 47 71 54 55 93 96 34 40 41 88 95 23 80 69 
30 45 76 32 57 58 59 87 47 71 72 4 78 90 51 92 12 60 61 81 82 83 9 88 95 66 36 23 73 5 89 17 18 19 54 53 93 75 96 77 50 33 34 84 10 94 28 29 69 68 38 86 63 13 65 48 1 20 21 42 43 44 27 80 79 52 91 74 24 62 2 31 56 41 15 14 67 35 85 37 6 7 46 70 55 26 25 49 11 3 40 39 64 22 8 16 
31 20 52 56 11 10 60 38 42 6 5 46 74 26 25 78 29 28 81 2 33 32 84 63 15 14 67 18 17 70 1 22 21 73 50 49 90 8 54 53 93 9 58 57 94 12 62 61 36 35 85 3 40 39 88 4 44 43 89 7 48 47 24 76 75 96 27 80 79 30 83 82 34 13 65 64 95 16 69 68 19 72 71 23 51 92 91 55 59 37 87 86 41 45 77 66 
32 47 53 57 12 60 61 68 71 23 73 5 75 27 78 79 30 81 82 33 34 84 10 86 41 88 14 45 89 17 48 1 20 21 51 90 91 54 55 93 25 58 59 94 28 62 2 31 66 95 35 69 3 38 39 72 4 42 43 6 7 46 76 77 96 49 80 8 52 83 9 56 11 87 13 63 64 15 16 67 18 19 70 22 92 24 74 26 29 36 37 85 40 44 50 65 
33 48 54 58 60 12 62 69 72 73 23 6 76 78 27 80 81 30 83 32 84 34 11 87 88 41 15 89 45 18 47 20 1 22 90 51 92 53 93 55 26 57 94 59 29 61 31 2 95 66 36 68 38 3 40 71 42 4 44 5 46 7 75 96 77 50 79 52 8 82 56 9 10 86 63 13 65 14 67 16 17 70 19 21 91 74 24 25 28 35 85 37 39 43 49 64 
34 7 55 59 61 62 2 16 19 21 22 23 77 79 80 8 82 83 9 84 10 11 12 37 39 40 41 43 44 45 46 47 48 1 91 92 24 93 25 26 27 94 28 29 30 31 32 33 64 65 66 67 68 69 3 70 71 72 4 73 5 6 96 49 50 51 52 53 54 56 57 58 60 85 86 87 13 88 14 15 89 17 18 20 74 75 76 78 81 95 35 36 38 42 90 63 
35 74 42 3 13 63 64 28 26 50 49 90 6 18 17 70 14 15 16 36 37 85 86 2 9 56 57 52 8 54 24 76 75 96 20 1 22 4 44 43 89 38 39 40 41 65 66 95 10 11 12 29 30 81 82 25 78 27 80 51 92 91 5 46 7 48 19 72 71 67 68 69 87 31 32 33 34 58 59 94 53 93 55 77 21 73 23 45 88 60 61 62 83 79 47 84 
36 24 4 38 63 13 65 29 25 49 50 51 5 17 18 19 15 14 67 35 85 37 87 31 56 9 58 8 52 53 74 75 76 77 1 20 21 42 43 44 45 3 40 39 88 64 95 66 11 10 60 28 81 30 83 26 27 78 79 90 91 92 6 7 46 47 70 71 72 16 69 68 86 2 33 32 84 57 94 59 54 55 93 96 22 23 73 89 41 12 62 61 82 80 48 34 
37 92 44 39 64 65 66 59 93 96 77 50 46 70 19 72 16 67 68 85 86 87 13 61 82 83 9 80 79 52 91 74 24 76 22 21 73 43 89 45 18 40 41 88 14 95 35 36 34 84 10 94 28 29 30 55 26 25 78 49 90 51 7 48 47 20 71 42 4 69 3 38 63 62 2 31 32 56 57 58 8 54 53 75 23 6 5 17 15 11 12 60 81 27 1 33 
38 25 20 63 15 14 67 10 49 8 52 53 42 6 5 46 36 35 85 3 40 39 88 28 2 31 32 24 74 75 26 27 78 79 18 17 70 1 22 21 73 13 65 64 95 16 69 68 9 56 57 11 12 60 61 50 51 90 91 54 55 93 4 44 43 89 7 48 47 37 87 86 41 29 30 81 82 33 34 84 76 77 96 80 19 72 71 23 66 58 59 94 62 92 45 83 
39 93 21 64 16 67 68 84 96 80 79 52 43 7 46 47 37 85 86 40 41 88 14 94 62 61 31 92 91 74 55 26 25 78 19 70 71 22 23 73 5 65 66 95 35 69 3 38 83 82 56 34 11 10 60 77 50 49 90 8 54 53 44 45 89 17 48 1 20 87 13 63 15 59 29 28 81 2 33 32 24 76 75 27 72 4 42 6 36 9 58 57 12 51 18 30 
40 55 22 65 67 16 69 34 77 79 80 8 44 46 7 48 85 37 87 39 88 41 15 59 61 62 2 91 92 24 93 25 26 27 70 19 72 21 73 23 6 64 95 66 36 68 38 3 82 83 9 84 10 11 12 96 49 50 51 52 53 54 43 89 45 18 47 20 1 86 63 13 14 94 28 29 30 31 32 33 74 75 76 78 71 42 4 5 35 56 57 58 60 90 17 81 
41 54 23 66 68 69 3 33 76 78 27 80 45 47 48 1 86 87 13 88 14 15 16 58 60 12 62 90 51 92 53 93 55 26 71 72 4 73 5 6 7 95 35 36 37 38 39 40 81 30 83 32 84 34 11 75 96 77 50 79 52 8 89 17 18 19 20 21 22 63 64 65 67 57 94 59 29 61 31 2 91 74 24 25 42 43 44 46 85 82 56 9 10 49 70 28 
42 56 35 6 18 17 70 49 11 29 28 81 3 13 63 64 20 1 22 4 44 43 89 8 24 74 75 31 2 33 9 58 57 94 14 15 16 36 37 85 86 5 46 7 48 19 72 71 25 26 27 50 51 90 91 10 60 12 62 30 83 82 38 39 40 41 65 66 95 21 73 23 45 52 53 54 55 76 77 96 32 84 34 59 67 68 69 87 47 78 79 80 92 61 88 93 
43 82 85 7 19 70 71 96 34 59 94 28 40 65 64 95 21 22 23 44 45 89 17 80 92 91 74 61 62 2 83 9 56 57 67 16 69 37 87 86 63 46 47 48 1 72 4 42 93 55 26 77 50 49 90 84 10 11 12 29 30 81 39 88 41 15 66 36 35 73 5 6 18 79 52 8 54 24 76 75 31 32 33 58 68 38 3 13 20 25 78 27 51 60 14 53 
44 83 37 46 70 19 72 77 84 94 59 29 39 64 65 66 22 21 73 43 89 45 18 79 91 92 24 62 61 31 82 56 9 58 16 67 68 85 86 87 13 7 48 47 20 71 42 4 55 93 25 96 49 50 51 34 11 10 60 28 81 30 40 41 88 14 95 35 36 23 6 5 17 80 8 52 53 74 75 76 2 33 32 57 69 3 38 63 1 26 27 78 90 12 15 54 
45 30 87 47 71 72 4 76 32 57 58 59 88 95 66 36 23 73 5 89 17 18 19 78 90 51 92 12 60 61 81 82 83 9 69 68 38 86 63 13 65 48 1 20 21 42 43 44 54 53 93 75 96 77 50 33 34 84 10 94 28 29 41 15 14 67 35 85 37 6 7 46 70 27 80 79 52 91 74 24 62 2 31 56 3 40 39 64 22 55 26 25 49 11 16 8 
46 84 67 70 22 21 73 93 94 62 61 31 85 40 39 88 44 43 89 7 48 47 20 96 80 79 52 83 82 56 34 11 10 60 65 64 95 16 69 68 38 19 72 71 42 23 6 5 92 91 74 55 26 25 78 59 29 28 81 2 33 32 37 87 86 63 41 15 14 45 18 17 1 77 50 49 90 8 54 53 9 58 57 12 66 36 35 3 4 24 76 75 27 30 13 51 
47 32 68 71 23 73 5 53 57 12 60 61 86 41 88 14 45 89 17 48 1 20 21 75 27 78 79 30 81 82 33 34 84 10 66 95 35 69 3 38 39 72 4 42 43 6 7 46 51 90 91 54 55 93 25 58 59 94 28 62 2 31 87 13 63 64 15 16 67 18 19 70 22 76 77 96 49 80 8 52 83 9 56 11 36 37 85 40 44 92 24 74 26 29 65 50 
48 33 69 72 73 23 6 54 58 60 12 62 87 88 41 15 89 45 18 47 20 1 22 76 78 27 80 81 30 83 32 84 34 11 95 66 36 68 38 3 40 71 42 4 44 5 46 7 90 51 92 53 93 55 26 57 94 59 29 61 31 2 86 63 13 65 14 67 16 17 70 19 21 75 96 77 50 79 52 8 82 56 9 10 35 85 37 39 43 91 74 24 25 28 64 49 
49 63 56 8 24 74 75 17 15 36 35 85 11 29 28 81 25 26 27 50 51 90 91 1 4 42 43 38 3 40 13 65 64 95 31 2 33 9 58 57 94 52 53 54 55 76 77 96 5 6 7 18 19 70 71 14 67 16 69 37 87 86 10 60 12 62 30 83 82 78 79 80 92 20 21 22 23 44 45 89 39 88 41 66 32 84 34 59 93 46 47 48 72 68 61 73 
50 13 9 52 74 24 76 18 14 35 36 37 10 28 29 30 26 25 78 49 90 51 92 20 42 4 44 3 38 39 63 64 65 66 2 31 32 56 57 58 59 8 54 53 93 75 96 77 6 5 46 17 70 19 72 15 16 67 68 85 86 87 11 12 60 61 81 82 83 27 80 79 91 1 22 21 73 43 89 45 40 41 88 95 33 34 84 94 55 7 48 47 71 69 62 23 
51 87 58 53 75 76 77 45 88 95 66 36 60 81 30 83 27 78 79 90 91 92 24 47 71 72 4 69 68 38 86 63 13 65 33 32 84 57 94 59 29 54 55 93 25 96 49 50 23 73 5 89 17 18 19 41 15 14 67 35 85 37 12 62 61 31 82 56 9 80 8 52 74 48 1 20 21 42 43 44 3 40 39 64 34 11 10 28 26 6 7 46 70 16 2 22 
52 14 31 74 26 25 78 5 35 3 38 39 56 11 10 60 50 49 90 8 54 53 93 17 1 20 21 13 63 64 15 16 67 68 29 28 81 2 33 32 84 24 76 75 96 27 80 79 4 42 43 6 7 46 47 36 37 85 86 40 41 88 9 58 57 94 12 62 61 51 92 91 55 18 19 70 71 22 23 73 65 66 95 69 30 83 82 34 77 44 45 89 48 87 59 72 
53 88 32 75 27 78 79 73 95 69 68 38 57 12 60 61 51 90 91 54 55 93 25 89 48 47 20 87 86 63 41 15 14 67 30 81 82 33 34 84 10 76 77 96 49 80 8 52 72 71 42 23 6 5 46 66 36 35 85 3 40 39 58 59 94 28 62 2 31 92 24 74 26 45 18 17 70 1 22 21 13 65 64 16 83 9 56 11 50 4 44 43 7 37 29 19 
54 41 33 76 78 27 80 23 66 68 69 3 58 60 12 62 90 51 92 53 93 55 26 45 47 48 1 86 87 13 88 14 15 16 81 30 83 32 84 34 11 75 96 77 50 79 52 8 71 72 4 73 5 6 7 95 35 36 37 38 39 40 57 94 59 29 61 31 2 91 74 24 25 89 17 18 19 20 21 22 63 64 65 67 82 56 9 10 49 42 43 44 46 85 28 70 
55 40 34 77 79 80 8 22 65 67 16 69 59 61 62 2 91 92 24 93 25 26 27 44 46 7 48 85 37 87 39 88 41 15 82 83 9 84 10 11 12 96 49 50 51 52 53 54 70 19 72 21 73 23 6 64 95 66 36 68 38 3 94 28 29 30 31 32 33 74 75 76 78 43 89 45 18 47 20 1 86 63 13 14 56 57 58 60 90 71 42 4 5 35 81 17 
56 42 49 11 29 28 81 35 6 18 17 70 8 24 74 75 31 2 33 9 58 57 94 3 13 63 64 20 1 22 4 44 43 89 25 26 27 50 51 90 91 10 60 12 62 30 83 82 14 15 16 36 37 85 86 5 46 7 48 19 72 71 52 53 54 55 76 77 96 32 84 34 59 38 39 40 41 65 66 95 21 73 23 45 78 79 80 92 61 67 68 69 87 47 93 88 
57 71 90 12 30 81 82 95 23 45 89 17 54 76 75 96 32 33 34 58 59 94 28 69 87 86 63 47 48 1 72 4 42 43 78 27 80 51 92 91 74 60 61 62 2 83 9 56 88 41 15 66 36 35 85 73 5 6 7 18 19 70 53 93 55 26 77 50 49 84 10 11 29 68 38 3 40 13 65 64 20 21 22 44 79 52 8 24 31 14 67 16 37 46 25 39 
58 72 51 60 81 30 83 66 73 89 45 18 53 75 76 77 33 32 84 57 94 59 29 68 86 87 13 48 47 20 71 42 4 44 27 78 79 90 91 92 24 12 62 61 31 82 56 9 41 88 14 95 35 36 37 23 6 5 46 17 70 19 54 55 93 25 96 49 50 34 11 10 28 69 3 38 39 63 64 65 1 22 21 43 80 8 52 74 2 15 16 67 85 7 26 40 
59 19 92 61 82 83 9 65 21 43 44 45 93 96 77 50 34 84 10 94 28 29 30 67 85 37 87 7 46 47 70 71 72 4 80 79 52 91 74 24 76 62 2 31 32 56 57 58 40 39 88 64 95 66 36 22 23 73 5 89 17 18 55 26 25 78 49 90 51 11 12 60 81 16 69 68 38 86 63 13 48 1 20 42 8 54 53 75 33 41 15 14 35 6 27 3 
60 73 78 81 33 32 84 88 89 48 47 20 90 54 53 93 58 57 94 12 62 61 31 95 69 68 38 72 71 42 23 6 5 46 76 75 96 27 80 79 52 30 83 82 56 34 11 10 87 86 63 41 15 14 67 45 18 17 70 1 22 21 51 92 91 74 55 26 25 59 29 28 2 66 36 35 85 3 40 39 4 44 43 7 77 50 49 8 9 13 65 64 16 19 24 37 
61 21 79 82 34 84 10 39 43 7 46 47 91 55 93 25 59 94 28 62 2 31 32 64 16 67 68 19 70 71 22 23 73 5 77 96 49 80 8 52 53 83 9 56 57 11 12 60 37 85 86 40 41 88 14 44 45 89 17 48 1 20 92 24 74 75 26 27 78 29 30 81 33 65 66 95 35 69 3 38 72 4 42 6 50 51 90 54 58 87 13 63 15 18 76 36 
62 22 80 83 84 34 11 40 44 46 7 48 92 93 55 26 94 59 29 61 31 2 33 65 67 16 69 70 19 72 21 73 23 6 96 77 50 79 52 8 54 82 56 9 58 10 60 12 85 37 87 39 88 41 15 43 89 45 18 47 20 1 91 74 24 76 25 78 27 28 81 30 32 64 95 66 36 68 38 3 71 42 4 5 49 90 51 53 57 86 63 13 14 17 75 35 
63 49 17 15 36 35 85 56 8 24 74 75 1 4 42 43 38 3 40 13 65 64 95 11 29 28 81 25 26 27 50 51 90 91 5 6 7 18 19 70 71 14 67 16 69 37 87 86 31 2 33 9 58 57 94 52 53 54 55 76 77 96 20 21 22 23 44 45 89 39 88 41 66 10 60 12 62 30 83 82 78 79 80 92 46 47 48 72 68 32 84 34 59 93 73 61 
64 96 70 16 37 85 86 82 80 92 91 74 22 44 43 89 39 40 41 65 66 95 35 34 59 94 28 93 55 26 77 50 49 90 46 7 48 19 72 71 42 67 68 69 3 87 13 63 61 62 2 83 9 56 57 79 52 8 54 24 76 75 21 73 23 6 45 18 17 88 14 15 36 84 10 11 12 29 30 81 25 78 27 51 47 20 1 4 38 31 32 33 58 53 5 60 
65 77 19 67 85 37 87 83 79 91 92 24 21 43 44 45 40 39 88 64 95 66 36 84 94 59 29 55 93 25 96 49 50 51 7 46 47 70 71 72 4 16 69 68 38 86 63 13 62 61 31 82 56 9 58 80 8 52 53 74 75 76 22 23 73 5 89 17 18 41 15 14 35 34 11 10 60 28 81 30 26 27 78 90 48 1 20 42 3 2 33 32 57 54 6 12 
66 76 72 68 86 87 13 30 78 90 51 92 73 89 45 18 41 88 14 95 35 36 37 32 57 58 59 54 53 93 75 96 77 50 48 47 20 71 42 4 44 69 3 38 39 63 64 65 12 60 61 81 82 83 9 27 80 79 52 91 74 24 23 6 5 46 17 70 19 15 16 67 85 33 34 84 10 94 28 29 55 26 25 49 1 22 21 43 40 62 2 31 56 8 7 11 
67 79 46 85 40 39 88 61 91 55 93 25 70 22 21 73 65 64 95 16 69 68 38 82 34 84 10 77 96 49 80 8 52 53 44 43 89 7 48 47 20 37 87 86 63 41 15 14 59 94 28 62 2 31 32 92 24 74 75 26 27 78 19 72 71 42 23 6 5 66 36 35 3 83 9 56 57 11 12 60 50 51 90 54 45 18 17 1 13 29 30 81 33 76 4 58 
68 78 47 86 41 88 14 60 90 54 53 93 71 23 73 5 66 95 35 69 3 38 39 81 33 32 84 76 75 96 27 80 79 52 45 89 17 48 1 20 21 87 13 63 64 15 16 67 58 57 94 12 62 61 31 51 92 91 74 55 26 25 72 4 42 43 6 7 46 36 37 85 40 30 83 82 56 34 11 10 77 50 49 8 18 19 70 22 65 59 29 28 2 24 44 9 
69 27 48 87 88 41 15 12 51 53 54 55 72 73 23 6 95 66 36 68 38 3 40 30 32 33 34 75 76 77 78 79 80 8 89 45 18 47 20 1 22 86 63 13 65 14 67 16 57 58 59 60 61 62 2 90 91 92 24 93 25 26 71 42 4 44 5 46 7 35 85 37 39 81 82 83 9 84 10 11 96 49 50 52 17 70 19 21 64 94 28 29 31 74 43 56 
70 94 64 22 44 43 89 91 62 83 82 56 16 37 85 86 46 7 48 19 72 71 42 55 77 96 49 84 34 11 59 29 28 81 39 40 41 65 66 95 35 21 73 23 6 45 18 17 79 80 8 92 24 74 75 61 31 2 33 9 58 57 67 68 69 3 87 13 63 47 20 1 4 93 25 26 27 50 51 90 10 60 12 30 88 14 15 36 5 52 53 54 76 32 38 78 
71 57 95 23 45 89 17 90 12 30 81 82 69 87 86 63 47 48 1 72 4 42 43 54 76 75 96 32 33 34 58 59 94 28 88 41 15 66 36 35 85 73 5 6 7 18 19 70 78 27 80 51 92 91 74 60 61 62 2 83 9 56 68 38 3 40 13 65 64 20 21 22 44 53 93 55 26 77 50 49 84 10 11 29 14 67 16 37 46 79 52 8 24 31 39 25 
72 58 66 73 89 45 18 51 60 81 30 83 68 86 87 13 48 47 20 71 42 4 44 53 75 76 77 33 32 84 57 94 59 29 41 88 14 95 35 36 37 23 6 5 46 17 70 19 27 78 79 90 91 92 24 12 62 61 31 82 56 9 69 3 38 39 63 64 65 1 22 21 43 54 55 93 25 96 49 50 34 11 10 28 15 16 67 85 7 80 8 52 74 2 40 26 
73 60 88 89 48 47 20 78 81 33 32 84 95 69 68 38 72 71 42 23 6 5 46 90 54 53 93 58 57 94 12 62 61 31 87 86 63 41 15 14 67 45 18 17 70 1 22 21 76 75 96 27 80 79 52 30 83 82 56 34 11 10 66 36 35 85 3 40 39 4 44 43 7 51 92 91 74 55 26 25 59 29 28 2 13 65 64 16 19 77 50 49 8 9 37 24 
74 35 28 26 50 49 90 42 3 13 63 64 2 9 56 57 52 8 54 24 76 75 96 6 18 17 70 14 15 16 36 37 85 86 10 11 12 29 30 81 82 25 78 27 80 51 92 91 20 1 22 4 44 43 89 38 39 40 41 65 66 95 31 32 33 34 58 59 94 53 93 55 77 5 46 7 48 19 72 71 67 68 69 87 60 61 62 83 79 21 73 23 45 88 84 47 
75 95 81 27 51 90 91 71 69 87 86 63 33 58 57 94 53 54 55 76 77 96 49 23 45 89 17 88 41 15 66 36 35 85 60 12 62 30 83 82 56 78 79 80 8 92 24 74 47 48 1 72 4 42 43 68 38 3 40 13 65 64 32 84 34 11 59 29 28 93 25 26 50 73 5 6 7 18 19 70 14 67 16 37 61 31 2 9 52 20 21 22 44 39 10 46 
76 66 30 78 90 51 92 72 68 86 87 13 32 57 58 59 54 53 93 75 96 77 50 73 89 45 18 41 88 14 95 35 36 37 12 60 61 81 82 83 9 27 80 79 52 91 74 24 48 47 20 71 42 4 44 69 3 38 39 63 64 65 33 34 84 10 94 28 29 55 26 25 49 23 6 5 46 17 70 19 15 16 67 85 62 2 31 56 8 1 22 21 43 40 11 7 
77 65 83 79 91 92 24 19 67 85 37 87 84 94 59 29 55 93 25 96 49 50 51 21 43 44 45 40 39 88 64 95 66 36 62 61 31 82 56 9 58 80 8 52 53 74 75 76 7 46 47 70 71 72 4 16 69 68 38 86 63 13 34 11 10 60 28 81 30 26 27 78 90 22 23 73 5 89 17 18 41 15 14 35 2 33 32 57 54 48 1 20 42 3 12 6 
78 68 60 90 54 53 93 47 86 41 88 14 81 33 32 84 76 75 96 27 80 79 52 71 23 73 5 66 95 35 69 3 38 39 58 57 94 12 62 61 31 51 92 91 74 55 26 25 45 89 17 48 1 20 21 87 13 63 64 15 16 67 30 83 82 56 34 11 10 77 50 49 8 72 4 42 43 6 7 46 36 37 85 40 59 29 28 2 24 18 19 70 22 65 9 44 
79 67 61 91 55 93 25 46 85 40 39 88 82 34 84 10 77 96 49 80 8 52 53 70 22 21 73 65 64 95 16 69 68 38 59 94 28 62 2 31 32 92 24 74 75 26 27 78 44 43 89 7 48 47 20 37 87 86 63 41 15 14 83 9 56 57 11 12 60 50 51 90 54 19 72 71 42 23 6 5 66 36 35 3 29 30 81 33 76 45 18 17 1 13 58 4 
80 16 62 92 93 55 26 7 37 39 40 41 83 84 34 11 96 77 50 79 52 8 54 19 21 22 23 64 65 66 67 68 69 3 94 59 29 61 31 2 33 91 74 24 76 25 78 27 43 44 45 46 47 48 1 85 86 87 13 88 14 15 82 56 9 58 10 60 12 49 90 51 53 70 71 72 4 73 5 6 95 35 36 38 28 81 30 32 75 89 17 18 20 63 57 42 
81 89 75 33 58 57 94 86 48 72 71 42 27 51 90 91 60 12 62 30 83 82 56 41 66 95 35 73 23 6 45 18 17 70 53 54 55 76 77 96 49 32 84 34 11 59 29 28 68 69 3 87 13 63 64 47 20 1 22 4 44 43 78 79 80 8 92 24 74 61 31 2 9 88 14 15 16 36 37 85 5 46 7 19 93 25 26 50 10 38 39 40 65 21 52 67 
82 43 96 34 59 94 28 85 7 19 70 71 80 92 91 74 61 62 2 83 9 56 57 40 65 64 95 21 22 23 44 45 89 17 93 55 26 77 50 49 90 84 10 11 12 29 30 81 67 16 69 37 87 86 63 46 47 48 1 72 4 42 79 52 8 54 24 76 75 31 32 33 58 39 88 41 15 66 36 35 73 5 6 18 25 78 27 51 60 68 38 3 13 20 53 14 
83 44 77 84 94 59 29 37 46 70 19 72 79 91 92 24 62 61 31 82 56 9 58 39 64 65 66 22 21 73 43 89 45 18 55 93 25 96 49 50 51 34 11 10 60 28 81 30 16 67 68 85 86 87 13 7 48 47 20 71 42 4 80 8 52 53 74 75 76 2 33 32 57 40 41 88 14 95 35 36 23 6 5 17 26 27 78 90 12 69 3 38 63 1 54 15 
84 46 93 94 62 61 31 67 70 22 21 73 96 80 79 52 83 82 56 34 11 10 60 85 40 39 88 44 43 89 7 48 47 20 92 91 74 55 26 25 78 59 29 28 81 2 33 32 65 64 95 16 69 68 38 19 72 71 42 23 6 5 77 50 49 90 8 54 53 9 58 57 12 37 87 86 63 41 15 14 45 18 17 1 24 76 75 27 30 66 36 35 3 4 51 13 
85 91 43 40 65 64 95 94 55 77 96 49 7 19 70 71 67 16 69 37 87 86 63 62 83 82 56 79 80 8 92 24 74 75 21 22 23 44 45 89 17 39 88 41 15 66 36 35 84 34 11 59 29 28 81 93 25 26 27 50 51 90 46 47 48 1 72 4 42 68 38 3 13 61 31 2 33 9 58 57 52 53 54 76 73 5 6 18 14 10 60 12 30 78 20 32 
86 90 89 41 66 95 35 57 54 76 75 96 48 72 71 42 68 69 3 87 13 63 64 12 30 81 82 78 27 80 51 92 91 74 73 23 6 45 18 17 70 88 14 15 16 36 37 85 32 33 34 58 59 94 28 53 93 55 26 77 50 49 47 20 1 22 4 44 43 38 39 40 65 60 61 62 2 83 9 56 79 52 8 24 5 46 7 19 67 84 10 11 29 25 21 31 
87 51 45 88 95 66 36 58 53 75 76 77 47 71 72 4 69 68 38 86 63 13 65 60 81 30 83 27 78 79 90 91 92 24 23 73 5 89 17 18 19 41 15 14 67 35 85 37 33 32 84 57 94 59 29 54 55 93 25 96 49 50 48 1 20 21 42 43 44 3 40 39 64 12 62 61 31 82 56 9 80 8 52 74 6 7 46 70 16 34 11 10 28 26 22 2 
88 53 73 95 69 68 38 32 75 27 78 79 89 48 47 20 87 86 63 41 15 14 67 57 12 60 61 51 90 91 54 55 93 25 72 71 42 23 6 5 46 66 36 35 85 3 40 39 30 81 82 33 34 84 10 76 77 96 49 80 8 52 45 18 17 70 1 22 21 13 65 64 16 58 59 94 28 62 2 31 92 24 74 26 4 44 43 7 37 83 9 56 11 50 19 29 
89 81 86 48 72 71 42 75 33 58 57 94 41 66 95 35 73 23 6 45 18 17 70 27 51 90 91 60 12 62 30 83 82 56 68 69 3 87 13 63 64 47 20 1 22 4 44 43 53 54 55 76 77 96 49 32 84 34 11 59 29 28 88 14 15 16 36 37 85 5 46 7 19 78 79 80 8 92 24 74 61 31 2 9 38 39 40 65 21 93 25 26 50 10 67 52 
90 86 57 54 76 75 96 89 41 66 95 35 12 30 81 82 78 27 80 51 92 91 74 48 72 71 42 68 69 3 87 13 63 64 32 33 34 58 59 94 28 53 93 55 26 77 50 49 73 23 6 45 18 17 70 88 14 15 16 36 37 85 60 61 62 2 83 9 56 79 52 8 24 47 20 1 22 4 44 43 38 39 40 65 84 10 11 29 25 5 46 7 19 67 31 21 
91 85 94 55 77 96 49 43 40 65 64 95 62 83 82 56 79 80 8 92 24 74 75 7 19 70 71 67 16 69 37 87 86 63 84 34 11 59 29 28 81 93 25 26 27 50 51 90 21 22 23 44 45 89 17 39 88 41 15 66 36 35 61 31 2 33 9 58 57 52 53 54 76 46 47 48 1 72 4 42 68 38 3 13 10 60 12 30 78 73 5 6 18 14 32 20 
92 37 59 93 96 77 50 44 39 64 65 66 61 82 83 9 80 79 52 91 74 24 76 46 70 19 72 16 67 68 85 86 87 13 34 84 10 94 28 29 30 55 26 25 78 49 90 51 22 21 73 43 89 45 18 40 41 88 14 95 35 36 62 2 31 32 56 57 58 8 54 53 75 7 48 47 20 71 42 4 69 3 38 63 11 12 60 81 27 23 6 5 17 15 33 1 
93 39 84 96 80 79 52 21 64 16 67 68 94 62 61 31 92 91 74 55 26 25 78 43 7 46 47 37 85 86 40 41 88 14 83 82 56 34 11 10 60 77 50 49 90 8 54 53 19 70 71 22 23 73 5 65 66 95 35 69 3 38 59 29 28 81 2 33 32 24 76 75 27 44 45 89 17 48 1 20 87 13 63 15 9 58 57 12 51 72 4 42 6 36 30 18 
94 70 91 62 83 82 56 64 22 44 43 89 55 77 96 49 84 34 11 59 29 28 81 16 37 85 86 46 7 48 19 72 71 42 79 80 8 92 24 74 75 61 31 2 33 9 58 57 39 40 41 65 66 95 35 21 73 23 6 45 18 17 93 25 26 27 50 51 90 10 60 12 30 67 68 69 3 87 13 63 47 20 1 4 52 53 54 76 32 88 14 15 36 5 78 38 
95 75 71 69 87 86 63 81 27 51 90 91 23 45 89 17 88 41 15 66 36 35 85 33 58 57 94 53 54 55 76 77 96 49 47 48 1 72 4 42 43 68 38 3 40 13 65 64 60 12 62 30 83 82 56 78 79 80 8 92 24 74 73 5 6 7 18 19 70 14 67 16 37 32 84 34 11 59 29 28 93 25 26 50 20 21 22 44 39 61 31 2 9 52 46 10 
96 64 82 80 92 91 74 70 16 37 85 86 34 59 94 28 93 55 26 77 50 49 90 22 44 43 89 39 40 41 65 66 95 35 61 62 2 83 9 56 57 79 52 8 54 24 76 75 46 7 48 19 72 71 42 67 68 69 3 87 13 63 84 10 11 12 29 30 81 25 78 27 51 21 73 23 6 45 18 17 88 14 15 36 31 32 33 58 53 47 20 1 4 38 60 5 
