160 89
1 2 3 4 5 6 7 8 9 10 11 12 13 14 15 16 17 18 19 20 21 22 23 24 25 26 27 28 29 30 31 32 33 34 35 36 37 38 39 40 41 42 43 44 45 46 47 48 49 50 51 52 53 54 55 56 57 58 59 60 61 62 63 64 65 66 67 68 69 70 71 72 73 74 75 76 77 78 79 80 81 82 83 84 85 86 87 88 89 90 91 92 93 94 95 96 97 98 99 100 101 102 103 104 105 106 107 108 109 110 111 112 113 114 115 116 117 118 119 120 121 122 123 124 125 126 127 128 129 130 131 132 133 134 135 136 137 138 139 140 141 142 143 144 145 146 147 148 149 150 151 152 153 154 155 156 157 158 159 160 
2 6 8 9 10 11 12 15 18 20 1 22 24 25 26 27 28 29 30 31 32 33 34 36 38 3 40 42 4 44 5 46 7 48 50 51 52 53 54 55 56 57 58 59 60 61 62 63 64 65 13 67 14 69 16 71 17 73 19 75 21 77 23 79 81 82 83 84 85 86 87 88 89 90 91 92 93 94 95 96 35 97 37 99 39 101 41 103 43 105 45 107 47 109 49 111 112 113 114 115 116 117 118 119 120 121 122 123 124 125 126 66 127 68 129 70 131 72 133 74 134 76 136 78 137 80 138 139 140 141 142 143 144 145 146 147 148 98 149 100 151 102 152 104 106 153 108 110 154 155 156 157 158 128 159 130 132 135 160 150 
3 26 6 13 14 15 16 2 51 53 8 55 18 20 1 22 35 36 37 38 39 40 41 9 10 11 12 81 24 83 25 85 27 87 42 4 44 5 46 7 48 65 66 67 68 69 70 71 72 28 29 30 31 32 33 34 50 112 52 114 54 116 56 118 17 73 19 75 21 77 23 79 97 98 99 100 101 102 103 104 57 58 59 60 61 62 63 64 82 138 84 140 86 142 88 144 43 105 45 107 47 109 49 111 127 128 129 130 131 132 133 89 90 91 92 93 94 95 96 113 154 115 156 117 157 119 74 134 76 136 78 137 80 149 150 151 152 120 121 122 123 124 125 126 139 160 141 143 106 153 108 110 159 145 146 147 148 155 135 158 
4 9 13 5 17 18 19 24 10 28 29 30 14 35 36 37 1 20 21 42 43 44 45 25 50 51 52 2 31 32 57 58 59 60 3 38 39 65 66 67 68 6 7 46 47 73 74 75 76 8 53 54 81 82 83 84 11 12 61 62 89 90 91 92 15 16 69 70 97 98 99 100 22 23 77 78 105 106 107 108 26 27 85 86 112 113 114 115 33 34 93 94 120 121 122 123 40 41 101 102 127 128 129 130 48 49 109 110 134 135 136 55 56 116 117 138 139 140 141 63 64 124 125 145 146 147 71 72 131 132 149 150 151 79 80 137 153 87 88 142 143 154 155 156 95 96 148 158 103 104 152 159 111 118 119 157 160 126 133 144 
5 10 14 17 1 20 21 25 28 2 31 32 35 3 38 39 4 42 43 6 7 46 47 50 8 53 54 9 57 58 11 12 61 62 13 65 66 15 16 69 70 18 19 73 74 22 23 77 78 24 81 82 26 27 85 86 29 30 89 90 33 34 93 94 36 37 97 98 40 41 101 102 44 45 105 106 48 49 109 110 51 52 112 113 55 56 116 117 59 60 120 121 63 64 124 125 67 68 127 128 71 72 131 132 75 76 134 135 79 80 137 83 84 138 139 87 88 142 143 91 92 145 146 95 96 148 99 100 149 150 103 104 152 107 108 153 111 114 115 154 155 118 119 157 122 123 158 126 129 130 159 133 136 140 141 160 144 147 151 156 
6 11 15 18 20 1 22 26 29 31 2 33 36 38 3 40 42 4 44 5 46 7 48 51 53 8 55 57 9 59 10 61 12 63 65 13 67 14 69 16 71 17 73 19 75 21 77 23 79 81 24 83 25 85 27 87 28 89 30 91 32 93 34 95 35 97 37 99 39 101 41 103 43 105 45 107 47 109 49 111 50 112 52 114 54 116 56 118 58 120 60 122 62 124 64 126 66 127 68 129 70 131 72 133 74 134 76 136 78 137 80 82 138 84 140 86 142 88 144 90 145 92 147 94 148 96 98 149 100 151 102 152 104 106 153 108 110 113 154 115 156 117 157 119 121 158 123 125 128 159 130 132 135 139 160 141 143 146 150 155 
7 96 16 19 21 22 23 119 123 125 126 2 37 39 40 41 43 44 45 46 47 48 49 141 143 144 8 146 147 9 148 10 11 12 66 67 68 69 70 71 72 73 74 75 76 77 78 79 80 155 156 24 157 25 26 27 158 28 29 30 31 32 33 34 97 98 99 100 101 102 103 104 105 106 107 108 109 110 111 1 160 50 51 52 53 54 55 56 57 58 59 60 61 62 63 64 127 128 129 130 131 132 133 3 134 135 136 4 137 5 6 81 82 83 84 85 86 87 88 89 90 91 92 93 94 95 149 150 151 13 152 14 15 153 17 18 20 112 113 114 115 116 117 118 120 121 122 124 159 35 36 38 42 138 139 140 142 145 65 154 
8 3 11 24 25 26 27 6 13 14 15 16 29 31 2 33 50 51 52 53 54 55 56 18 20 1 22 35 36 37 38 39 40 41 57 9 59 10 61 12 63 81 82 83 84 85 86 87 88 42 4 44 5 46 7 48 65 66 67 68 69 70 71 72 28 89 30 91 32 93 34 95 112 113 114 115 116 117 118 119 17 73 19 75 21 77 23 79 97 98 99 100 101 102 103 104 58 120 60 122 62 124 64 126 138 139 140 141 142 143 144 43 105 45 107 47 109 49 111 127 128 129 130 131 132 133 90 145 92 147 94 148 96 154 155 156 157 74 134 76 136 78 137 80 149 150 151 152 121 158 123 125 160 106 153 108 110 159 146 135 
9 18 24 10 28 29 30 36 20 42 4 44 25 50 51 52 2 31 32 57 58 59 60 38 65 13 67 6 5 46 17 73 19 75 8 53 54 81 82 83 84 11 12 61 62 89 90 91 92 15 14 69 35 97 37 99 1 22 21 77 43 105 45 107 26 27 85 86 112 113 114 115 33 34 93 94 120 121 122 123 3 40 39 101 66 127 68 129 7 48 47 109 74 134 76 136 55 56 116 117 138 139 140 141 63 64 124 125 145 146 147 16 71 70 131 98 149 100 151 23 79 78 137 106 153 108 87 88 142 143 154 155 156 95 96 148 158 41 103 102 152 128 159 130 49 111 110 135 118 119 157 160 126 72 133 132 150 80 144 104 
10 20 25 28 2 31 32 38 42 6 5 46 50 8 53 54 9 57 58 11 12 61 62 65 15 14 69 18 17 73 1 22 21 77 24 81 82 26 27 85 86 29 30 89 90 33 34 93 94 36 35 97 3 40 39 101 4 44 43 105 7 48 47 109 51 52 112 113 55 56 116 117 59 60 120 121 63 64 124 125 13 67 66 127 16 71 70 131 19 75 74 134 23 79 78 137 83 84 138 139 87 88 142 143 91 92 145 146 95 96 148 37 99 98 149 41 103 102 152 45 107 106 153 49 111 110 114 115 154 155 118 119 157 122 123 158 126 68 129 128 159 72 133 132 76 136 135 80 140 141 160 144 147 100 151 150 104 108 156 130 
11 1 26 29 31 2 33 3 4 5 6 7 51 53 8 55 57 9 59 10 61 12 63 13 14 15 16 17 18 19 20 21 22 23 81 24 83 25 85 27 87 28 89 30 91 32 93 34 95 35 36 37 38 39 40 41 42 43 44 45 46 47 48 49 50 112 52 114 54 116 56 118 58 120 60 122 62 124 64 126 65 66 67 68 69 70 71 72 73 74 75 76 77 78 79 80 82 138 84 140 86 142 88 144 90 145 92 147 94 148 96 97 98 99 100 101 102 103 104 105 106 107 108 109 110 111 113 154 115 156 117 157 119 121 158 123 125 127 128 129 130 131 132 133 134 135 136 137 139 160 141 143 146 149 150 151 152 153 155 159 
12 111 27 30 32 33 34 133 136 137 80 6 52 54 55 56 58 59 60 61 62 63 64 151 152 104 15 153 108 18 110 20 1 22 82 83 84 85 86 87 88 89 90 91 92 93 94 95 96 159 130 36 132 38 3 40 135 42 4 44 5 46 7 48 112 113 114 115 116 117 118 119 120 121 122 123 124 125 126 2 150 65 13 67 14 69 16 71 17 73 19 75 21 77 23 79 138 139 140 141 142 143 144 8 145 146 147 9 148 10 11 35 97 37 99 39 101 41 103 43 105 45 107 47 109 49 154 155 156 24 157 25 26 158 28 29 31 66 127 68 129 70 131 72 74 134 76 78 160 50 51 53 57 98 149 100 102 106 81 128 
13 51 18 14 35 36 37 9 53 81 24 83 20 42 4 44 3 38 39 65 66 67 68 10 28 29 30 26 25 85 50 112 52 114 6 5 46 17 73 19 75 15 16 69 70 97 98 99 100 2 31 32 57 58 59 60 8 55 54 116 82 138 84 140 1 22 21 77 43 105 45 107 40 41 101 102 127 128 129 130 11 12 61 62 89 90 91 92 27 87 86 142 113 154 115 156 7 48 47 109 74 134 76 136 71 72 131 132 149 150 151 33 34 93 94 120 121 122 123 56 118 117 157 139 160 141 23 79 78 137 106 153 108 103 104 152 159 63 64 124 125 145 146 147 88 144 143 155 49 111 110 135 133 95 96 148 158 119 80 126 
14 53 20 35 3 38 39 10 81 26 25 85 42 6 5 46 13 65 66 15 16 69 70 28 2 31 32 51 50 112 8 55 54 116 18 17 73 1 22 21 77 36 37 97 98 40 41 101 102 9 57 58 11 12 61 62 24 83 82 138 27 87 86 142 4 44 43 105 7 48 47 109 67 68 127 128 71 72 131 132 29 30 89 90 33 34 93 94 52 114 113 154 56 118 117 157 19 75 74 134 23 79 78 137 99 100 149 150 103 104 152 59 60 120 121 63 64 124 125 84 140 139 160 88 144 143 45 107 106 153 49 111 110 129 130 159 133 91 92 145 146 95 96 148 115 156 155 119 76 136 135 80 151 122 123 158 126 141 108 147 
15 8 1 36 38 3 40 11 24 25 26 27 4 5 6 7 65 13 67 14 69 16 71 29 31 2 33 50 51 52 53 54 55 56 17 18 19 20 21 22 23 35 97 37 99 39 101 41 103 57 9 59 10 61 12 63 81 82 83 84 85 86 87 88 42 43 44 45 46 47 48 49 66 127 68 129 70 131 72 133 28 89 30 91 32 93 34 95 112 113 114 115 116 117 118 119 73 74 75 76 77 78 79 80 98 149 100 151 102 152 104 58 120 60 122 62 124 64 126 138 139 140 141 142 143 144 105 106 107 108 109 110 111 128 159 130 132 90 145 92 147 94 148 96 154 155 156 157 134 135 136 137 150 121 158 123 125 160 153 146 
16 144 22 37 39 40 41 96 156 157 119 26 44 46 7 48 66 67 68 69 70 71 72 123 125 126 2 160 141 51 143 53 8 55 73 19 75 21 77 23 79 97 98 99 100 101 102 103 104 146 147 9 148 10 11 12 155 81 24 83 25 85 27 87 43 105 45 107 47 109 49 111 127 128 129 130 131 132 133 3 158 28 29 30 31 32 33 34 50 112 52 114 54 116 56 118 74 134 76 136 78 137 80 6 149 150 151 13 152 14 15 57 58 59 60 61 62 63 64 82 138 84 140 86 142 88 106 153 108 18 110 20 1 159 35 36 38 89 90 91 92 93 94 95 113 154 115 117 135 42 4 5 65 120 121 122 124 139 17 145 
17 28 35 1 4 42 43 50 2 9 57 58 3 13 65 66 5 6 7 18 19 73 74 8 24 81 82 10 11 12 29 30 89 90 14 15 16 36 37 97 98 20 21 22 23 44 45 105 106 25 26 27 51 52 112 113 31 32 33 34 59 60 120 121 38 39 40 41 67 68 127 128 46 47 48 49 75 76 134 135 53 54 55 56 83 84 138 139 61 62 63 64 91 92 145 146 69 70 71 72 99 100 149 150 77 78 79 80 107 108 153 85 86 87 88 114 115 154 155 93 94 95 96 122 123 158 101 102 103 104 129 130 159 109 110 111 136 116 117 118 119 140 141 160 124 125 126 147 131 132 133 151 137 142 143 144 156 148 152 157 
18 29 36 20 42 4 44 51 31 57 9 59 38 65 13 67 6 5 46 17 73 19 75 53 81 24 83 11 10 61 28 89 30 91 15 14 69 35 97 37 99 1 22 21 77 43 105 45 107 26 25 85 50 112 52 114 2 33 32 93 58 120 60 122 3 40 39 101 66 127 68 129 7 48 47 109 74 134 76 136 8 55 54 116 82 138 84 140 12 63 62 124 90 145 92 147 16 71 70 131 98 149 100 151 23 79 78 137 106 153 108 27 87 86 142 113 154 115 156 34 95 94 148 121 158 123 41 103 102 152 128 159 130 49 111 110 135 56 118 117 157 139 160 141 64 126 125 146 72 133 132 150 80 88 144 143 155 96 104 119 
19 123 37 21 43 44 45 141 125 146 147 9 39 66 67 68 7 46 47 73 74 75 76 143 155 156 24 96 148 10 158 28 29 30 16 69 70 97 98 99 100 22 23 77 78 105 106 107 108 119 157 25 160 50 51 52 126 2 31 32 57 58 59 60 40 41 101 102 127 128 129 130 48 49 109 110 134 135 136 4 144 8 53 54 81 82 83 84 11 12 61 62 89 90 91 92 71 72 131 132 149 150 151 13 79 80 137 5 153 17 18 26 27 85 86 112 113 114 115 33 34 93 94 120 121 122 103 104 152 14 159 35 36 111 1 20 42 55 56 116 117 138 139 140 63 64 124 145 133 3 38 65 6 87 88 142 154 95 15 118 
20 31 38 42 6 5 46 53 57 11 10 61 65 15 14 69 18 17 73 1 22 21 77 81 26 25 85 29 28 89 2 33 32 93 36 35 97 3 40 39 101 4 44 43 105 7 48 47 109 51 50 112 8 55 54 116 9 59 58 120 12 63 62 124 13 67 66 127 16 71 70 131 19 75 74 134 23 79 78 137 24 83 82 138 27 87 86 142 30 91 90 145 34 95 94 148 37 99 98 149 41 103 102 152 45 107 106 153 49 111 110 52 114 113 154 56 118 117 157 60 122 121 158 64 126 125 68 129 128 159 72 133 132 76 136 135 80 84 140 139 160 88 144 143 92 147 146 96 100 151 150 104 108 115 156 155 119 123 130 141 
21 125 39 43 7 46 47 143 146 96 148 10 66 16 69 70 19 73 74 22 23 77 78 155 119 157 25 123 158 28 126 2 31 32 37 97 98 40 41 101 102 44 45 105 106 48 49 109 110 141 160 50 144 8 53 54 147 9 57 58 11 12 61 62 67 68 127 128 71 72 131 132 75 76 134 135 79 80 137 5 156 24 81 82 26 27 85 86 29 30 89 90 33 34 93 94 99 100 149 150 103 104 152 14 107 108 153 17 111 1 20 51 52 112 113 55 56 116 117 59 60 120 121 63 64 124 129 130 159 35 133 3 38 136 4 42 6 83 84 138 139 87 88 142 91 92 145 95 151 13 65 15 18 114 115 154 118 122 36 140 
22 126 40 44 46 7 48 144 147 148 96 11 67 69 16 71 73 19 75 21 77 23 79 156 157 119 26 158 123 29 125 31 2 33 97 37 99 39 101 41 103 43 105 45 107 47 109 49 111 160 141 51 143 53 8 55 146 57 9 59 10 61 12 63 66 127 68 129 70 131 72 133 74 134 76 136 78 137 80 6 155 81 24 83 25 85 27 87 28 89 30 91 32 93 34 95 98 149 100 151 102 152 104 15 106 153 108 18 110 20 1 50 112 52 114 54 116 56 118 58 120 60 122 62 124 64 128 159 130 36 132 38 3 135 42 4 5 82 138 84 140 86 142 88 90 145 92 94 150 65 13 14 17 113 154 115 117 121 35 139 
23 64 41 45 47 48 49 88 92 94 95 96 68 70 71 72 74 75 76 77 78 79 80 115 117 118 119 121 122 123 124 125 126 2 98 99 100 101 102 103 104 105 106 107 108 109 110 111 1 139 140 141 142 143 144 8 145 146 147 9 148 10 11 12 127 128 129 130 131 132 133 3 134 135 136 4 137 5 6 7 154 155 156 24 157 25 26 27 158 28 29 30 31 32 33 34 149 150 151 13 152 14 15 16 153 17 18 19 20 21 22 160 50 51 52 53 54 55 56 57 58 59 60 61 62 63 159 35 36 37 38 39 40 42 43 44 46 81 82 83 84 85 86 87 89 90 91 93 65 66 67 69 73 112 113 114 116 120 97 138 
24 13 29 25 50 51 52 18 14 35 36 37 31 57 9 59 8 53 54 81 82 83 84 20 42 4 44 3 38 39 65 66 67 68 11 10 61 28 89 30 91 26 27 85 86 112 113 114 115 6 5 46 17 73 19 75 15 16 69 70 97 98 99 100 2 33 32 93 58 120 60 122 55 56 116 117 138 139 140 141 1 22 21 77 43 105 45 107 40 41 101 102 127 128 129 130 12 63 62 124 90 145 92 147 87 88 142 143 154 155 156 7 48 47 109 74 134 76 136 71 72 131 132 149 150 151 34 95 94 148 121 158 123 118 119 157 160 23 79 78 137 106 153 108 103 104 152 159 64 126 125 146 144 49 111 110 135 133 96 80 
25 14 31 50 8 53 54 20 35 3 38 39 57 11 10 61 24 81 82 26 27 85 86 42 6 5 46 13 65 66 15 16 69 70 29 28 89 2 33 32 93 51 52 112 113 55 56 116 117 18 17 73 1 22 21 77 36 37 97 98 40 41 101 102 9 59 58 120 12 63 62 124 83 84 138 139 87 88 142 143 4 44 43 105 7 48 47 109 67 68 127 128 71 72 131 132 30 91 90 145 34 95 94 148 114 115 154 155 118 119 157 19 75 74 134 23 79 78 137 99 100 149 150 103 104 152 60 122 121 158 64 126 125 140 141 160 144 45 107 106 153 49 111 110 129 130 159 133 92 147 146 96 156 76 136 135 80 151 123 108 
26 15 2 51 53 8 55 1 36 38 3 40 9 10 11 12 81 24 83 25 85 27 87 4 5 6 7 65 13 67 14 69 16 71 28 29 30 31 32 33 34 50 112 52 114 54 116 56 118 17 18 19 20 21 22 23 35 97 37 99 39 101 41 103 57 58 59 60 61 62 63 64 82 138 84 140 86 142 88 144 42 43 44 45 46 47 48 49 66 127 68 129 70 131 72 133 89 90 91 92 93 94 95 96 113 154 115 156 117 157 119 73 74 75 76 77 78 79 80 98 149 100 151 102 152 104 120 121 122 123 124 125 126 139 160 141 143 105 106 107 108 109 110 111 128 159 130 132 145 146 147 148 155 134 135 136 137 150 158 153 
27 104 33 52 54 55 56 111 130 132 133 3 59 61 12 63 82 83 84 85 86 87 88 136 137 80 6 150 151 13 152 14 15 16 89 30 91 32 93 34 95 112 113 114 115 116 117 118 119 153 108 18 110 20 1 22 159 35 36 37 38 39 40 41 58 120 60 122 62 124 64 126 138 139 140 141 142 143 144 8 135 42 4 44 5 46 7 48 65 66 67 68 69 70 71 72 90 145 92 147 94 148 96 11 154 155 156 24 157 25 26 17 73 19 75 21 77 23 79 97 98 99 100 101 102 103 121 158 123 29 125 31 2 160 50 51 53 43 105 45 107 47 109 49 127 128 129 131 146 57 9 10 81 74 134 76 78 149 28 106 
28 42 50 2 9 57 58 65 6 18 17 73 8 24 81 82 10 11 12 29 30 89 90 15 36 35 97 20 1 22 4 44 43 105 25 26 27 51 52 112 113 31 32 33 34 59 60 120 121 38 3 40 13 67 66 127 5 46 7 48 19 75 74 134 53 54 55 56 83 84 138 139 61 62 63 64 91 92 145 146 14 69 16 71 37 99 98 149 21 77 23 79 45 107 106 153 85 86 87 88 114 115 154 155 93 94 95 96 122 123 158 39 101 41 103 68 129 128 159 47 109 49 111 76 136 135 116 117 118 119 140 141 160 124 125 126 147 70 131 72 133 100 151 150 78 137 80 108 142 143 144 156 148 102 152 104 130 110 157 132 
29 4 51 31 57 9 59 13 5 17 18 19 53 81 24 83 11 10 61 28 89 30 91 14 35 36 37 1 20 21 42 43 44 45 26 25 85 50 112 52 114 2 33 32 93 58 120 60 122 3 38 39 65 66 67 68 6 7 46 47 73 74 75 76 8 55 54 116 82 138 84 140 12 63 62 124 90 145 92 147 15 16 69 70 97 98 99 100 22 23 77 78 105 106 107 108 27 87 86 142 113 154 115 156 34 95 94 148 121 158 123 40 41 101 102 127 128 129 130 48 49 109 110 134 135 136 56 118 117 157 139 160 141 64 126 125 146 71 72 131 132 149 150 151 79 80 137 153 88 144 143 155 96 103 104 152 159 111 119 133 
30 136 52 32 58 59 60 151 137 153 108 18 54 82 83 84 12 61 62 89 90 91 92 152 159 130 36 111 110 20 135 42 4 44 27 85 86 112 113 114 115 33 34 93 94 120 121 122 123 133 132 38 150 65 13 67 80 6 5 46 17 73 19 75 55 56 116 117 138 139 140 141 63 64 124 125 145 146 147 9 104 15 14 69 35 97 37 99 1 22 21 77 43 105 45 107 87 88 142 143 154 155 156 24 95 96 148 10 158 28 29 3 40 39 101 66 127 68 129 7 48 47 109 74 134 76 118 119 157 25 160 50 51 126 2 31 57 16 71 70 131 98 149 100 23 79 78 106 144 8 53 81 11 41 103 102 128 49 26 72 
31 5 53 57 11 10 61 14 17 1 20 21 81 26 25 85 29 28 89 2 33 32 93 35 3 38 39 4 42 43 6 7 46 47 51 50 112 8 55 54 116 9 59 58 120 12 63 62 124 13 65 66 15 16 69 70 18 19 73 74 22 23 77 78 24 83 82 138 27 87 86 142 30 91 90 145 34 95 94 148 36 37 97 98 40 41 101 102 44 45 105 106 48 49 109 110 52 114 113 154 56 118 117 157 60 122 121 158 64 126 125 67 68 127 128 71 72 131 132 75 76 134 135 79 80 137 84 140 139 160 88 144 143 92 147 146 96 99 100 149 150 103 104 152 107 108 153 111 115 156 155 119 123 129 130 159 133 136 141 151 
32 137 54 58 12 61 62 152 153 111 110 20 82 27 85 86 30 89 90 33 34 93 94 159 133 132 38 136 135 42 80 6 5 46 52 112 113 55 56 116 117 59 60 120 121 63 64 124 125 151 150 65 104 15 14 69 108 18 17 73 1 22 21 77 83 84 138 139 87 88 142 143 91 92 145 146 95 96 148 10 130 36 35 97 3 40 39 101 4 44 43 105 7 48 47 109 114 115 154 155 118 119 157 25 122 123 158 28 126 2 31 13 67 66 127 16 71 70 131 19 75 74 134 23 79 78 140 141 160 50 144 8 53 147 9 57 11 37 99 98 149 41 103 102 45 107 106 49 156 24 81 26 29 68 129 128 72 76 51 100 
33 80 55 59 61 12 63 104 108 110 111 1 83 85 27 87 89 30 91 32 93 34 95 130 132 133 3 135 136 4 137 5 6 7 112 52 114 54 116 56 118 58 120 60 122 62 124 64 126 150 151 13 152 14 15 16 153 17 18 19 20 21 22 23 82 138 84 140 86 142 88 144 90 145 92 147 94 148 96 11 159 35 36 37 38 39 40 41 42 43 44 45 46 47 48 49 113 154 115 156 117 157 119 26 121 158 123 29 125 31 2 65 66 67 68 69 70 71 72 73 74 75 76 77 78 79 139 160 141 51 143 53 8 146 57 9 10 97 98 99 100 101 102 103 105 106 107 109 155 81 24 25 28 127 128 129 131 134 50 149 
34 79 56 60 62 63 64 103 107 109 49 111 84 86 87 88 90 91 92 93 94 95 96 129 131 72 133 134 76 136 78 137 80 6 113 114 115 116 117 118 119 120 121 122 123 124 125 126 2 149 100 151 102 152 104 15 106 153 108 18 110 20 1 22 138 139 140 141 142 143 144 8 145 146 147 9 148 10 11 12 128 159 130 36 132 38 3 40 135 42 4 44 5 46 7 48 154 155 156 24 157 25 26 27 158 28 29 30 31 32 33 150 65 13 67 14 69 16 71 17 73 19 75 21 77 23 160 50 51 52 53 54 55 57 58 59 61 35 97 37 99 39 101 41 43 105 45 47 81 82 83 85 89 66 127 68 70 74 112 98 
35 81 42 3 13 65 66 28 26 51 50 112 6 18 17 73 14 15 16 36 37 97 98 2 9 57 58 53 8 55 24 83 82 138 20 1 22 4 44 43 105 38 39 40 41 67 68 127 128 10 11 12 29 30 89 90 25 85 27 87 52 114 113 154 5 46 7 48 19 75 74 134 69 70 71 72 99 100 149 150 31 32 33 34 59 60 120 121 54 116 56 118 84 140 139 160 21 77 23 79 45 107 106 153 101 102 103 104 129 130 159 61 62 63 64 91 92 145 146 86 142 88 144 115 156 155 47 109 49 111 76 136 135 131 132 133 151 93 94 95 96 122 123 158 117 157 119 141 78 137 80 108 152 124 125 126 147 143 110 148 
36 24 4 38 65 13 67 29 25 50 51 52 5 17 18 19 15 14 69 35 97 37 99 31 57 9 59 8 53 54 81 82 83 84 1 20 21 42 43 44 45 3 40 39 101 66 127 68 129 11 10 61 28 89 30 91 26 27 85 86 112 113 114 115 6 7 46 47 73 74 75 76 16 71 70 131 98 149 100 151 2 33 32 93 58 120 60 122 55 56 116 117 138 139 140 141 22 23 77 78 105 106 107 108 41 103 102 152 128 159 130 12 63 62 124 90 145 92 147 87 88 142 143 154 155 156 48 49 109 110 134 135 136 72 133 132 150 34 95 94 148 121 158 123 118 119 157 160 79 80 137 153 104 64 126 125 146 144 111 96 
37 156 44 39 66 67 68 123 157 160 141 51 46 73 19 75 16 69 70 97 98 99 100 125 146 147 9 144 143 53 155 81 24 83 22 21 77 43 105 45 107 40 41 101 102 127 128 129 130 96 148 10 158 28 29 30 119 26 25 85 50 112 52 114 7 48 47 109 74 134 76 136 71 72 131 132 149 150 151 13 126 2 31 32 57 58 59 60 8 55 54 116 82 138 84 140 23 79 78 137 106 153 108 18 103 104 152 14 159 35 36 11 12 61 62 89 90 91 92 27 87 86 142 113 154 115 49 111 110 20 135 42 4 133 3 38 65 33 34 93 94 120 121 122 56 118 117 139 80 6 5 17 15 63 64 124 145 88 1 95 
38 25 5 65 15 14 69 31 50 8 53 54 17 1 20 21 36 35 97 3 40 39 101 57 11 10 61 24 81 82 26 27 85 86 4 42 43 6 7 46 47 13 67 66 127 16 71 70 131 29 28 89 2 33 32 93 51 52 112 113 55 56 116 117 18 19 73 74 22 23 77 78 37 99 98 149 41 103 102 152 9 59 58 120 12 63 62 124 83 84 138 139 87 88 142 143 44 45 105 106 48 49 109 110 68 129 128 159 72 133 132 30 91 90 145 34 95 94 148 114 115 154 155 118 119 157 75 76 134 135 79 80 137 100 151 150 104 60 122 121 158 64 126 125 140 141 160 144 107 108 153 111 130 92 147 146 96 156 136 123 
39 157 46 66 16 69 70 125 160 144 143 53 73 22 21 77 37 97 98 40 41 101 102 146 96 148 10 156 155 81 119 26 25 85 44 43 105 7 48 47 109 67 68 127 128 71 72 131 132 123 158 28 126 2 31 32 141 51 50 112 8 55 54 116 19 75 74 134 23 79 78 137 99 100 149 150 103 104 152 14 147 9 57 58 11 12 61 62 24 83 82 138 27 87 86 142 45 107 106 153 49 111 110 20 129 130 159 35 133 3 38 29 30 89 90 33 34 93 94 52 114 113 154 56 118 117 76 136 135 42 80 6 5 151 13 65 15 59 60 120 121 63 64 124 84 140 139 88 108 18 17 1 36 91 92 145 95 115 4 122 
40 119 7 67 69 16 71 126 141 143 144 8 19 21 22 23 97 37 99 39 101 41 103 147 148 96 11 155 156 24 157 25 26 27 43 44 45 46 47 48 49 66 127 68 129 70 131 72 133 158 123 29 125 31 2 33 160 50 51 52 53 54 55 56 73 74 75 76 77 78 79 80 98 149 100 151 102 152 104 15 146 57 9 59 10 61 12 63 81 82 83 84 85 86 87 88 105 106 107 108 109 110 111 1 128 159 130 36 132 38 3 28 89 30 91 32 93 34 95 112 113 114 115 116 117 118 134 135 136 4 137 5 6 150 65 13 14 58 120 60 122 62 124 64 138 139 140 142 153 17 18 20 35 90 145 92 94 154 42 121 
41 118 48 68 70 71 72 64 140 142 88 144 75 77 23 79 98 99 100 101 102 103 104 92 94 95 96 154 115 156 117 157 119 26 105 45 107 47 109 49 111 127 128 129 130 131 132 133 3 121 122 123 124 125 126 2 139 160 141 51 143 53 8 55 74 134 76 136 78 137 80 6 149 150 151 13 152 14 15 16 145 146 147 9 148 10 11 12 155 81 24 83 25 85 27 87 106 153 108 18 110 20 1 22 159 35 36 37 38 39 40 158 28 29 30 31 32 33 34 50 112 52 114 54 116 56 135 42 4 44 5 46 7 65 66 67 69 57 58 59 60 61 62 63 82 138 84 86 17 73 19 21 97 89 90 91 93 113 43 120 
42 57 65 6 18 17 73 81 11 29 28 89 15 36 35 97 20 1 22 4 44 43 105 26 51 50 112 31 2 33 9 59 58 120 38 3 40 13 67 66 127 5 46 7 48 19 75 74 134 53 8 55 24 83 82 138 10 61 12 63 30 91 90 145 14 69 16 71 37 99 98 149 21 77 23 79 45 107 106 153 25 85 27 87 52 114 113 154 32 93 34 95 60 122 121 158 39 101 41 103 68 129 128 159 47 109 49 111 76 136 135 54 116 56 118 84 140 139 160 62 124 64 126 92 147 146 70 131 72 133 100 151 150 78 137 80 108 86 142 88 144 115 156 155 94 148 96 123 102 152 104 130 110 117 157 119 141 125 132 143 
43 146 66 7 19 73 74 155 96 123 158 28 16 37 97 98 21 22 23 44 45 105 106 119 141 160 50 125 126 2 147 9 57 58 39 40 41 67 68 127 128 46 47 48 49 75 76 134 135 143 144 8 156 24 81 82 148 10 11 12 29 30 89 90 69 70 71 72 99 100 149 150 77 78 79 80 107 108 153 17 157 25 26 27 51 52 112 113 31 32 33 34 59 60 120 121 101 102 103 104 129 130 159 35 109 110 111 1 136 4 42 53 54 55 56 83 84 138 139 61 62 63 64 91 92 145 131 132 133 3 151 13 65 137 5 6 18 85 86 87 88 114 115 154 93 94 95 122 152 14 15 36 20 116 117 118 140 124 38 142 
44 147 67 46 73 19 75 156 148 158 123 29 69 97 37 99 22 21 77 43 105 45 107 157 160 141 51 126 125 31 146 57 9 59 40 39 101 66 127 68 129 7 48 47 109 74 134 76 136 144 143 53 155 81 24 83 96 11 10 61 28 89 30 91 16 71 70 131 98 149 100 151 23 79 78 137 106 153 108 18 119 26 25 85 50 112 52 114 2 33 32 93 58 120 60 122 41 103 102 152 128 159 130 36 49 111 110 20 135 42 4 8 55 54 116 82 138 84 140 12 63 62 124 90 145 92 72 133 132 38 150 65 13 80 6 5 17 27 87 86 142 113 154 115 34 95 94 121 104 15 14 35 1 56 118 117 139 64 3 88 
45 92 68 47 74 75 76 115 94 121 122 123 70 98 99 100 23 77 78 105 106 107 108 117 139 140 141 64 124 125 145 146 147 9 41 101 102 127 128 129 130 48 49 109 110 134 135 136 4 88 142 143 154 155 156 24 95 96 148 10 158 28 29 30 71 72 131 132 149 150 151 13 79 80 137 5 153 17 18 19 118 119 157 25 160 50 51 52 126 2 31 32 57 58 59 60 103 104 152 14 159 35 36 37 111 1 20 21 42 43 44 144 8 53 54 81 82 83 84 11 12 61 62 89 90 91 133 3 38 39 65 66 67 6 7 46 73 26 27 85 86 112 113 114 33 34 93 120 15 16 69 97 22 55 56 116 138 63 40 87 
46 148 69 73 22 21 77 157 158 126 125 31 97 40 39 101 44 43 105 7 48 47 109 160 144 143 53 147 146 57 96 11 10 61 67 66 127 16 71 70 131 19 75 74 134 23 79 78 137 156 155 81 119 26 25 85 123 29 28 89 2 33 32 93 37 99 98 149 41 103 102 152 45 107 106 153 49 111 110 20 141 51 50 112 8 55 54 116 9 59 58 120 12 63 62 124 68 129 128 159 72 133 132 38 76 136 135 42 80 6 5 24 83 82 138 27 87 86 142 30 91 90 145 34 95 94 100 151 150 65 104 15 14 108 18 17 1 52 114 113 154 56 118 117 60 122 121 64 130 36 35 3 4 84 140 139 88 92 13 115 
47 94 70 74 23 77 78 117 121 64 124 125 98 41 101 102 45 105 106 48 49 109 110 139 88 142 143 92 145 146 95 96 148 10 68 127 128 71 72 131 132 75 76 134 135 79 80 137 5 115 154 155 118 119 157 25 122 123 158 28 126 2 31 32 99 100 149 150 103 104 152 14 107 108 153 17 111 1 20 21 140 141 160 50 144 8 53 54 147 9 57 58 11 12 61 62 129 130 159 35 133 3 38 39 136 4 42 43 6 7 46 156 24 81 82 26 27 85 86 29 30 89 90 33 34 93 151 13 65 66 15 16 69 18 19 73 22 51 52 112 113 55 56 116 59 60 120 63 36 37 97 40 44 83 84 138 87 91 67 114 
48 95 71 75 77 23 79 118 122 124 64 126 99 101 41 103 105 45 107 47 109 49 111 140 142 88 144 145 92 147 94 148 96 11 127 68 129 70 131 72 133 74 134 76 136 78 137 80 6 154 115 156 117 157 119 26 121 158 123 29 125 31 2 33 98 149 100 151 102 152 104 15 106 153 108 18 110 20 1 22 139 160 141 51 143 53 8 55 146 57 9 59 10 61 12 63 128 159 130 36 132 38 3 40 135 42 4 44 5 46 7 155 81 24 83 25 85 27 87 28 89 30 91 32 93 34 150 65 13 67 14 69 16 17 73 19 21 50 112 52 114 54 116 56 58 120 60 62 35 97 37 39 43 82 138 84 86 90 66 113 
49 34 72 76 78 79 80 56 60 62 63 64 100 102 103 104 106 107 108 109 110 111 1 84 86 87 88 90 91 92 93 94 95 96 128 129 130 131 132 133 3 134 135 136 4 137 5 6 7 113 114 115 116 117 118 119 120 121 122 123 124 125 126 2 149 150 151 13 152 14 15 16 153 17 18 19 20 21 22 23 138 139 140 141 142 143 144 8 145 146 147 9 148 10 11 12 159 35 36 37 38 39 40 41 42 43 44 45 46 47 48 154 155 156 24 157 25 26 27 158 28 29 30 31 32 33 65 66 67 68 69 70 71 73 74 75 77 160 50 51 52 53 54 55 57 58 59 61 97 98 99 101 105 81 82 83 85 89 127 112 
50 35 57 8 24 81 82 42 3 13 65 66 11 29 28 89 25 26 27 51 52 112 113 6 18 17 73 14 15 16 36 37 97 98 31 2 33 9 59 58 120 53 54 55 56 83 84 138 139 20 1 22 4 44 43 105 38 39 40 41 67 68 127 128 10 61 12 63 30 91 90 145 85 86 87 88 114 115 154 155 5 46 7 48 19 75 74 134 69 70 71 72 99 100 149 150 32 93 34 95 60 122 121 158 116 117 118 119 140 141 160 21 77 23 79 45 107 106 153 101 102 103 104 129 130 159 62 124 64 126 92 147 146 142 143 144 156 47 109 49 111 76 136 135 131 132 133 151 94 148 96 123 157 78 137 80 108 152 125 110 
51 36 9 53 81 24 83 4 38 65 13 67 10 28 29 30 26 25 85 50 112 52 114 5 17 18 19 15 14 69 35 97 37 99 2 31 32 57 58 59 60 8 55 54 116 82 138 84 140 1 20 21 42 43 44 45 3 40 39 101 66 127 68 129 11 12 61 62 89 90 91 92 27 87 86 142 113 154 115 156 6 7 46 47 73 74 75 76 16 71 70 131 98 149 100 151 33 34 93 94 120 121 122 123 56 118 117 157 139 160 141 22 23 77 78 105 106 107 108 41 103 102 152 128 159 130 63 64 124 125 145 146 147 88 144 143 155 48 49 109 110 134 135 136 72 133 132 150 95 96 148 158 119 79 80 137 153 104 126 111 
52 130 59 54 82 83 84 136 132 150 151 13 61 89 30 91 27 85 86 112 113 114 115 137 153 108 18 104 152 14 159 35 36 37 33 32 93 58 120 60 122 55 56 116 117 138 139 140 141 111 110 20 135 42 4 44 133 3 38 39 65 66 67 68 12 63 62 124 90 145 92 147 87 88 142 143 154 155 156 24 80 6 5 46 17 73 19 75 15 16 69 70 97 98 99 100 34 95 94 148 121 158 123 29 118 119 157 25 160 50 51 1 22 21 77 43 105 45 107 40 41 101 102 127 128 129 64 126 125 31 146 57 9 144 8 53 81 7 48 47 109 74 134 76 71 72 131 149 96 11 10 28 26 23 79 78 106 103 2 49 
53 38 10 81 26 25 85 5 65 15 14 69 28 2 31 32 51 50 112 8 55 54 116 17 1 20 21 36 35 97 3 40 39 101 9 57 58 11 12 61 62 24 83 82 138 27 87 86 142 4 42 43 6 7 46 47 13 67 66 127 16 71 70 131 29 30 89 90 33 34 93 94 52 114 113 154 56 118 117 157 18 19 73 74 22 23 77 78 37 99 98 149 41 103 102 152 59 60 120 121 63 64 124 125 84 140 139 160 88 144 143 44 45 105 106 48 49 109 110 68 129 128 159 72 133 132 91 92 145 146 95 96 148 115 156 155 119 75 76 134 135 79 80 137 100 151 150 104 122 123 158 126 141 107 108 153 111 130 147 136 
54 132 61 82 27 85 86 137 150 104 152 14 89 33 32 93 52 112 113 55 56 116 117 153 111 110 20 130 159 35 133 3 38 39 59 58 120 12 63 62 124 83 84 138 139 87 88 142 143 136 135 42 80 6 5 46 151 13 65 66 15 16 69 70 30 91 90 145 34 95 94 148 114 115 154 155 118 119 157 25 108 18 17 73 1 22 21 77 36 37 97 98 40 41 101 102 60 122 121 158 64 126 125 31 140 141 160 50 144 8 53 4 44 43 105 7 48 47 109 67 68 127 128 71 72 131 92 147 146 57 96 11 10 156 24 81 26 19 75 74 134 23 79 78 99 100 149 103 123 29 28 2 51 45 107 106 49 129 9 76 
55 133 12 83 85 27 87 80 151 152 104 15 30 32 33 34 112 52 114 54 116 56 118 108 110 111 1 159 130 36 132 38 3 40 58 59 60 61 62 63 64 82 138 84 140 86 142 88 144 135 136 4 137 5 6 7 150 65 13 67 14 69 16 71 89 90 91 92 93 94 95 96 113 154 115 156 117 157 119 26 153 17 18 19 20 21 22 23 35 97 37 99 39 101 41 103 120 121 122 123 124 125 126 2 139 160 141 51 143 53 8 42 43 44 45 46 47 48 49 66 127 68 129 70 131 72 145 146 147 9 148 10 11 155 81 24 25 73 74 75 76 77 78 79 98 149 100 102 158 28 29 31 50 105 106 107 109 128 57 134 
56 72 63 84 86 87 88 79 100 102 103 104 91 93 34 95 113 114 115 116 117 118 119 107 109 49 111 128 129 130 131 132 133 3 120 60 122 62 124 64 126 138 139 140 141 142 143 144 8 134 76 136 78 137 80 6 149 150 151 13 152 14 15 16 90 145 92 147 94 148 96 11 154 155 156 24 157 25 26 27 106 153 108 18 110 20 1 22 159 35 36 37 38 39 40 41 121 158 123 29 125 31 2 33 160 50 51 52 53 54 55 135 42 4 44 5 46 7 48 65 66 67 68 69 70 71 146 57 9 59 10 61 12 81 82 83 85 17 73 19 75 21 77 23 97 98 99 101 28 89 30 32 112 43 105 45 47 127 58 74 
57 17 81 11 29 28 89 35 1 4 42 43 26 51 50 112 31 2 33 9 59 58 120 3 13 65 66 5 6 7 18 19 73 74 53 8 55 24 83 82 138 10 61 12 63 30 91 90 145 14 15 16 36 37 97 98 20 21 22 23 44 45 105 106 25 85 27 87 52 114 113 154 32 93 34 95 60 122 121 158 38 39 40 41 67 68 127 128 46 47 48 49 75 76 134 135 54 116 56 118 84 140 139 160 62 124 64 126 92 147 146 69 70 71 72 99 100 149 150 77 78 79 80 107 108 153 86 142 88 144 115 156 155 94 148 96 123 101 102 103 104 129 130 159 109 110 111 136 117 157 119 141 125 131 132 133 151 137 143 152 
58 153 82 12 30 89 90 159 111 136 135 42 27 52 112 113 32 33 34 59 60 120 121 133 151 150 65 137 80 6 108 18 17 73 54 55 56 83 84 138 139 61 62 63 64 91 92 145 146 152 104 15 130 36 35 97 110 20 1 22 4 44 43 105 85 86 87 88 114 115 154 155 93 94 95 96 122 123 158 28 132 38 3 40 13 67 66 127 5 46 7 48 19 75 74 134 116 117 118 119 140 141 160 50 124 125 126 2 147 9 57 14 69 16 71 37 99 98 149 21 77 23 79 45 107 106 142 143 144 8 156 24 81 148 10 11 29 39 101 41 103 68 129 128 47 109 49 76 157 25 26 51 31 70 131 72 100 78 53 102 
59 108 83 61 89 30 91 130 110 135 136 4 85 112 52 114 33 32 93 58 120 60 122 132 150 151 13 80 137 5 153 17 18 19 55 54 116 82 138 84 140 12 63 62 124 90 145 92 147 104 152 14 159 35 36 37 111 1 20 21 42 43 44 45 27 87 86 142 113 154 115 156 34 95 94 148 121 158 123 29 133 3 38 39 65 66 67 68 6 7 46 47 73 74 75 76 56 118 117 157 139 160 141 51 64 126 125 31 146 57 9 15 16 69 70 97 98 99 100 22 23 77 78 105 106 107 88 144 143 53 155 81 24 96 11 10 28 40 41 101 102 127 128 129 48 49 109 134 119 26 25 50 2 71 72 131 149 79 8 103 
60 107 84 62 90 91 92 129 109 134 76 136 86 113 114 115 34 93 94 120 121 122 123 131 149 100 151 79 78 137 106 153 108 18 56 116 117 138 139 140 141 63 64 124 125 145 146 147 9 103 102 152 128 159 130 36 49 111 110 20 135 42 4 44 87 88 142 143 154 155 156 24 95 96 148 10 158 28 29 30 72 133 132 38 150 65 13 67 80 6 5 46 17 73 19 75 118 119 157 25 160 50 51 52 126 2 31 32 57 58 59 104 15 14 69 35 97 37 99 1 22 21 77 43 105 45 144 8 53 54 81 82 83 11 12 61 89 3 40 39 101 66 127 68 7 48 47 74 26 27 85 112 33 16 71 70 98 23 55 41 
61 110 85 89 33 32 93 132 135 80 137 5 112 55 54 116 59 58 120 12 63 62 124 150 104 152 14 108 153 17 111 1 20 21 83 82 138 27 87 86 142 30 91 90 145 34 95 94 148 130 159 35 133 3 38 39 136 4 42 43 6 7 46 47 52 114 113 154 56 118 117 157 60 122 121 158 64 126 125 31 151 13 65 66 15 16 69 70 18 19 73 74 22 23 77 78 84 140 139 160 88 144 143 53 92 147 146 57 96 11 10 36 37 97 98 40 41 101 102 44 45 105 106 48 49 109 115 156 155 81 119 26 25 123 29 28 2 67 68 127 128 71 72 131 75 76 134 79 141 51 50 8 9 99 100 149 103 107 24 129 
62 109 86 90 34 93 94 131 134 79 78 137 113 56 116 117 60 120 121 63 64 124 125 149 103 102 152 107 106 153 49 111 110 20 84 138 139 87 88 142 143 91 92 145 146 95 96 148 10 129 128 159 72 133 132 38 76 136 135 42 80 6 5 46 114 115 154 155 118 119 157 25 122 123 158 28 126 2 31 32 100 151 150 65 104 15 14 69 108 18 17 73 1 22 21 77 140 141 160 50 144 8 53 54 147 9 57 58 11 12 61 130 36 35 97 3 40 39 101 4 44 43 105 7 48 47 156 24 81 82 26 27 85 29 30 89 33 13 67 66 127 16 71 70 19 75 74 23 51 52 112 55 59 37 99 98 41 45 83 68 
63 49 87 91 93 34 95 72 76 78 79 80 114 116 56 118 120 60 122 62 124 64 126 100 102 103 104 106 107 108 109 110 111 1 138 84 140 86 142 88 144 90 145 92 147 94 148 96 11 128 129 130 131 132 133 3 134 135 136 4 137 5 6 7 113 154 115 156 117 157 119 26 121 158 123 29 125 31 2 33 149 150 151 13 152 14 15 16 153 17 18 19 20 21 22 23 139 160 141 51 143 53 8 55 146 57 9 59 10 61 12 159 35 36 37 38 39 40 41 42 43 44 45 46 47 48 155 81 24 83 25 85 27 28 89 30 32 65 66 67 68 69 70 71 73 74 75 77 50 112 52 54 58 97 98 99 101 105 82 127 
64 48 88 92 94 95 96 71 75 77 23 79 115 117 118 119 121 122 123 124 125 126 2 99 101 41 103 105 45 107 47 109 49 111 139 140 141 142 143 144 8 145 146 147 9 148 10 11 12 127 68 129 70 131 72 133 74 134 76 136 78 137 80 6 154 155 156 24 157 25 26 27 158 28 29 30 31 32 33 34 98 149 100 151 102 152 104 15 106 153 108 18 110 20 1 22 160 50 51 52 53 54 55 56 57 58 59 60 61 62 63 128 159 130 36 132 38 3 40 135 42 4 44 5 46 7 81 82 83 84 85 86 87 89 90 91 93 150 65 13 67 14 69 16 17 73 19 21 112 113 114 116 120 35 97 37 39 43 138 66 
65 50 17 15 36 35 97 57 8 24 81 82 1 4 42 43 38 3 40 13 67 66 127 11 29 28 89 25 26 27 51 52 112 113 5 6 7 18 19 73 74 14 69 16 71 37 99 98 149 31 2 33 9 59 58 120 53 54 55 56 83 84 138 139 20 21 22 23 44 45 105 106 39 101 41 103 68 129 128 159 10 61 12 63 30 91 90 145 85 86 87 88 114 115 154 155 46 47 48 49 75 76 134 135 70 131 72 133 100 151 150 32 93 34 95 60 122 121 158 116 117 118 119 140 141 160 77 78 79 80 107 108 153 102 152 104 130 62 124 64 126 92 147 146 142 143 144 156 109 110 111 136 132 94 148 96 123 157 137 125 
66 160 73 16 37 97 98 146 144 156 155 81 22 44 43 105 39 40 41 67 68 127 128 96 123 158 28 157 119 26 141 51 50 112 46 7 48 19 75 74 134 69 70 71 72 99 100 149 150 125 126 2 147 9 57 58 143 53 8 55 24 83 82 138 21 77 23 79 45 107 106 153 101 102 103 104 129 130 159 35 148 10 11 12 29 30 89 90 25 85 27 87 52 114 113 154 47 109 49 111 76 136 135 42 131 132 133 3 151 13 65 31 32 33 34 59 60 120 121 54 116 56 118 84 140 139 78 137 80 6 108 18 17 152 14 15 36 61 62 63 64 91 92 145 86 142 88 115 110 20 1 4 38 93 94 95 122 117 5 124 
67 141 19 69 97 37 99 147 143 155 156 24 21 43 44 45 40 39 101 66 127 68 129 148 158 123 29 119 157 25 160 50 51 52 7 46 47 73 74 75 76 16 71 70 131 98 149 100 151 126 125 31 146 57 9 59 144 8 53 54 81 82 83 84 22 23 77 78 105 106 107 108 41 103 102 152 128 159 130 36 96 11 10 61 28 89 30 91 26 27 85 86 112 113 114 115 48 49 109 110 134 135 136 4 72 133 132 38 150 65 13 2 33 32 93 58 120 60 122 55 56 116 117 138 139 140 79 80 137 5 153 17 18 104 15 14 35 12 63 62 124 90 145 92 87 88 142 154 111 1 20 42 3 34 95 94 121 118 6 64 
68 140 75 70 98 99 100 92 142 154 115 156 77 105 45 107 41 101 102 127 128 129 130 94 121 122 123 118 117 157 139 160 141 51 48 47 109 74 134 76 136 71 72 131 132 149 150 151 13 64 124 125 145 146 147 9 88 144 143 53 155 81 24 83 23 79 78 137 106 153 108 18 103 104 152 14 159 35 36 37 95 96 148 10 158 28 29 30 119 26 25 85 50 112 52 114 49 111 110 20 135 42 4 44 133 3 38 39 65 66 67 126 2 31 32 57 58 59 60 8 55 54 116 82 138 84 80 6 5 46 17 73 19 15 16 69 97 11 12 61 62 89 90 91 27 87 86 113 1 22 21 43 40 33 34 93 120 56 7 63 
69 143 21 97 40 39 101 148 155 119 157 25 43 7 46 47 67 66 127 16 71 70 131 158 126 125 31 141 160 50 144 8 53 54 19 73 74 22 23 77 78 37 99 98 149 41 103 102 152 147 146 57 96 11 10 61 156 24 81 82 26 27 85 86 44 45 105 106 48 49 109 110 68 129 128 159 72 133 132 38 123 29 28 89 2 33 32 93 51 52 112 113 55 56 116 117 75 76 134 135 79 80 137 5 100 151 150 65 104 15 14 9 59 58 120 12 63 62 124 83 84 138 139 87 88 142 107 108 153 17 111 1 20 130 36 35 3 30 91 90 145 34 95 94 114 115 154 118 136 4 42 6 13 60 122 121 64 140 18 92 
70 142 77 98 41 101 102 94 154 118 117 157 105 48 47 109 68 127 128 71 72 131 132 121 64 124 125 140 139 160 88 144 143 53 75 74 134 23 79 78 137 99 100 149 150 103 104 152 14 92 145 146 95 96 148 10 115 156 155 81 119 26 25 85 45 107 106 153 49 111 110 20 129 130 159 35 133 3 38 39 122 123 158 28 126 2 31 32 141 51 50 112 8 55 54 116 76 136 135 42 80 6 5 46 151 13 65 66 15 16 69 147 9 57 58 11 12 61 62 24 83 82 138 27 87 86 108 18 17 73 1 22 21 36 37 97 40 29 30 89 90 33 34 93 52 114 113 56 4 44 43 7 67 59 60 120 63 84 19 91 
71 88 23 99 101 41 103 95 115 117 118 119 45 47 48 49 127 68 129 70 131 72 133 122 124 64 126 139 140 141 142 143 144 8 74 75 76 77 78 79 80 98 149 100 151 102 152 104 15 145 92 147 94 148 96 11 154 155 156 24 157 25 26 27 105 106 107 108 109 110 111 1 128 159 130 36 132 38 3 40 121 158 123 29 125 31 2 33 160 50 51 52 53 54 55 56 134 135 136 4 137 5 6 7 150 65 13 67 14 69 16 146 57 9 59 10 61 12 63 81 82 83 84 85 86 87 153 17 18 19 20 21 22 35 97 37 39 28 89 30 91 32 93 34 112 113 114 116 42 43 44 46 66 58 120 60 62 138 73 90 
72 87 79 100 102 103 104 34 114 116 56 118 107 109 49 111 128 129 130 131 132 133 3 60 62 63 64 138 84 140 86 142 88 144 134 76 136 78 137 80 6 149 150 151 13 152 14 15 16 90 91 92 93 94 95 96 113 154 115 156 117 157 119 26 106 153 108 18 110 20 1 22 159 35 36 37 38 39 40 41 120 121 122 123 124 125 126 2 139 160 141 51 143 53 8 55 135 42 4 44 5 46 7 48 65 66 67 68 69 70 71 145 146 147 9 148 10 11 12 155 81 24 83 25 85 27 17 73 19 75 21 77 23 97 98 99 101 158 28 29 30 31 32 33 50 112 52 54 43 105 45 47 127 57 58 59 61 82 74 89 
73 158 97 22 44 43 105 160 126 147 146 57 40 67 66 127 46 7 48 19 75 74 134 144 156 155 81 148 96 11 123 29 28 89 69 16 71 37 99 98 149 21 77 23 79 45 107 106 153 157 119 26 141 51 50 112 125 31 2 33 9 59 58 120 39 101 41 103 68 129 128 159 47 109 49 111 76 136 135 42 143 53 8 55 24 83 82 138 10 61 12 63 30 91 90 145 70 131 72 133 100 151 150 65 78 137 80 6 108 18 17 25 85 27 87 52 114 113 154 32 93 34 95 60 122 121 102 152 104 15 130 36 35 110 20 1 4 54 116 56 118 84 140 139 62 124 64 92 132 38 3 13 5 86 142 88 115 94 14 117 
74 121 98 23 45 105 106 139 64 92 145 146 41 68 127 128 47 48 49 75 76 134 135 88 115 154 155 94 95 96 122 123 158 28 70 71 72 99 100 149 150 77 78 79 80 107 108 153 17 117 118 119 140 141 160 50 124 125 126 2 147 9 57 58 101 102 103 104 129 130 159 35 109 110 111 1 136 4 42 43 142 143 144 8 156 24 81 82 148 10 11 12 29 30 89 90 131 132 133 3 151 13 65 66 137 5 6 7 18 19 73 157 25 26 27 51 52 112 113 31 32 33 34 59 60 120 152 14 15 16 36 37 97 20 21 22 44 53 54 55 56 83 84 138 61 62 63 91 38 39 40 67 46 85 86 87 114 93 69 116 
75 122 99 77 105 45 107 140 124 145 92 147 101 127 68 129 48 47 109 74 134 76 136 142 154 115 156 95 94 148 121 158 123 29 71 70 131 98 149 100 151 23 79 78 137 106 153 108 18 118 117 157 139 160 141 51 64 126 125 31 146 57 9 59 41 103 102 152 128 159 130 36 49 111 110 20 135 42 4 44 88 144 143 53 155 81 24 83 96 11 10 61 28 89 30 91 72 133 132 38 150 65 13 67 80 6 5 46 17 73 19 119 26 25 85 50 112 52 114 2 33 32 93 58 120 60 104 15 14 69 35 97 37 1 22 21 43 8 55 54 116 82 138 84 12 63 62 90 3 40 39 66 7 27 87 86 113 34 16 56 
76 60 100 78 106 107 108 84 62 90 91 92 102 128 129 130 49 109 110 134 135 136 4 86 113 114 115 34 93 94 120 121 122 123 72 131 132 149 150 151 13 79 80 137 5 153 17 18 19 56 116 117 138 139 140 141 63 64 124 125 145 146 147 9 103 104 152 14 159 35 36 37 111 1 20 21 42 43 44 45 87 88 142 143 154 155 156 24 95 96 148 10 158 28 29 30 133 3 38 39 65 66 67 68 6 7 46 47 73 74 75 118 119 157 25 160 50 51 52 126 2 31 32 57 58 59 15 16 69 70 97 98 99 22 23 77 105 144 8 53 54 81 82 83 11 12 61 89 40 41 101 127 48 26 27 85 112 33 71 55 
77 124 101 105 48 47 109 142 145 95 94 148 127 71 70 131 75 74 134 23 79 78 137 154 118 117 157 122 121 158 64 126 125 31 99 98 149 41 103 102 152 45 107 106 153 49 111 110 20 140 139 160 88 144 143 53 92 147 146 57 96 11 10 61 68 129 128 159 72 133 132 38 76 136 135 42 80 6 5 46 115 156 155 81 119 26 25 85 123 29 28 89 2 33 32 93 100 151 150 65 104 15 14 69 108 18 17 73 1 22 21 141 51 50 112 8 55 54 116 9 59 58 120 12 63 62 130 36 35 97 3 40 39 4 44 43 7 24 83 82 138 27 87 86 30 91 90 34 13 67 66 16 19 52 114 113 56 60 37 84 
78 62 102 106 49 109 110 86 90 34 93 94 128 72 131 132 76 134 135 79 80 137 5 113 56 116 117 60 120 121 63 64 124 125 100 149 150 103 104 152 14 107 108 153 17 111 1 20 21 84 138 139 87 88 142 143 91 92 145 146 95 96 148 10 129 130 159 35 133 3 38 39 136 4 42 43 6 7 46 47 114 115 154 155 118 119 157 25 122 123 158 28 126 2 31 32 151 13 65 66 15 16 69 70 18 19 73 74 22 23 77 140 141 160 50 144 8 53 54 147 9 57 58 11 12 61 36 37 97 98 40 41 101 44 45 105 48 156 24 81 82 26 27 85 29 30 89 33 67 68 127 71 75 51 52 112 55 59 99 83 
79 63 103 107 109 49 111 87 91 93 34 95 129 131 72 133 134 76 136 78 137 80 6 114 116 56 118 120 60 122 62 124 64 126 149 100 151 102 152 104 15 106 153 108 18 110 20 1 22 138 84 140 86 142 88 144 90 145 92 147 94 148 96 11 128 159 130 36 132 38 3 40 135 42 4 44 5 46 7 48 113 154 115 156 117 157 119 26 121 158 123 29 125 31 2 33 150 65 13 67 14 69 16 71 17 73 19 75 21 77 23 139 160 141 51 143 53 8 55 146 57 9 59 10 61 12 35 97 37 99 39 101 41 43 105 45 47 155 81 24 83 25 85 27 28 89 30 32 66 127 68 70 74 50 112 52 54 58 98 82 
80 12 104 108 110 111 1 27 30 32 33 34 130 132 133 3 135 136 4 137 5 6 7 52 54 55 56 58 59 60 61 62 63 64 150 151 13 152 14 15 16 153 17 18 19 20 21 22 23 82 83 84 85 86 87 88 89 90 91 92 93 94 95 96 159 35 36 37 38 39 40 41 42 43 44 45 46 47 48 49 112 113 114 115 116 117 118 119 120 121 122 123 124 125 126 2 65 66 67 68 69 70 71 72 73 74 75 76 77 78 79 138 139 140 141 142 143 144 8 145 146 147 9 148 10 11 97 98 99 100 101 102 103 105 106 107 109 154 155 156 24 157 25 26 158 28 29 31 127 128 129 131 134 160 50 51 53 57 149 81 
81 65 28 26 51 50 112 17 15 36 35 97 2 9 57 58 53 8 55 24 83 82 138 1 4 42 43 38 3 40 13 67 66 127 10 11 12 29 30 89 90 25 85 27 87 52 114 113 154 5 6 7 18 19 73 74 14 69 16 71 37 99 98 149 31 32 33 34 59 60 120 121 54 116 56 118 84 140 139 160 20 21 22 23 44 45 105 106 39 101 41 103 68 129 128 159 61 62 63 64 91 92 145 146 86 142 88 144 115 156 155 46 47 48 49 75 76 134 135 70 131 72 133 100 151 150 93 94 95 96 122 123 158 117 157 119 141 77 78 79 80 107 108 153 102 152 104 130 124 125 126 147 143 109 110 111 136 132 148 137 
82 150 89 27 52 112 113 153 104 130 159 35 33 59 58 120 54 55 56 83 84 138 139 111 136 135 42 132 133 3 151 13 65 66 61 12 63 30 91 90 145 85 86 87 88 114 115 154 155 137 80 6 108 18 17 73 152 14 15 16 36 37 97 98 32 93 34 95 60 122 121 158 116 117 118 119 140 141 160 50 110 20 1 22 4 44 43 105 38 39 40 41 67 68 127 128 62 124 64 126 92 147 146 57 142 143 144 8 156 24 81 5 46 7 48 19 75 74 134 69 70 71 72 99 100 149 94 148 96 11 123 29 28 157 25 26 51 21 77 23 79 45 107 106 101 102 103 129 125 31 2 9 53 47 109 49 76 131 10 78 
83 151 30 85 112 52 114 108 152 159 130 36 32 58 59 60 55 54 116 82 138 84 140 110 135 136 4 133 132 38 150 65 13 67 12 61 62 89 90 91 92 27 87 86 142 113 154 115 156 80 137 5 153 17 18 19 104 15 14 69 35 97 37 99 33 34 93 94 120 121 122 123 56 118 117 157 139 160 141 51 111 1 20 21 42 43 44 45 3 40 39 101 66 127 68 129 63 64 124 125 145 146 147 9 88 144 143 53 155 81 24 6 7 46 47 73 74 75 76 16 71 70 131 98 149 100 95 96 148 10 158 28 29 119 26 25 50 22 23 77 78 105 106 107 41 103 102 128 126 2 31 57 8 48 49 109 134 72 11 79 
84 100 91 86 113 114 115 107 102 128 129 130 93 120 60 122 56 116 117 138 139 140 141 109 134 76 136 72 131 132 149 150 151 13 63 62 124 90 145 92 147 87 88 142 143 154 155 156 24 79 78 137 106 153 108 18 103 104 152 14 159 35 36 37 34 95 94 148 121 158 123 29 118 119 157 25 160 50 51 52 49 111 110 20 135 42 4 44 133 3 38 39 65 66 67 68 64 126 125 31 146 57 9 59 144 8 53 54 81 82 83 80 6 5 46 17 73 19 75 15 16 69 70 97 98 99 96 11 10 61 28 89 30 26 27 85 112 1 22 21 77 43 105 45 40 41 101 127 2 33 32 58 55 7 48 47 74 71 12 23 
85 152 32 112 55 54 116 110 159 133 132 38 58 12 61 62 83 82 138 27 87 86 142 135 80 137 5 151 150 65 104 15 14 69 30 89 90 33 34 93 94 52 114 113 154 56 118 117 157 108 153 17 111 1 20 21 130 36 35 97 3 40 39 101 59 60 120 121 63 64 124 125 84 140 139 160 88 144 143 53 136 4 42 43 6 7 46 47 13 67 66 127 16 71 70 131 91 92 145 146 95 96 148 10 115 156 155 81 119 26 25 18 19 73 74 22 23 77 78 37 99 98 149 41 103 102 122 123 158 28 126 2 31 141 51 50 8 44 45 105 106 48 49 109 68 129 128 72 147 9 57 11 24 75 76 134 79 100 29 107 
86 102 93 113 56 116 117 109 128 72 131 132 120 63 62 124 84 138 139 87 88 142 143 134 79 78 137 100 149 150 103 104 152 14 91 90 145 34 95 94 148 114 115 154 155 118 119 157 25 107 106 153 49 111 110 20 129 130 159 35 133 3 38 39 60 122 121 158 64 126 125 31 140 141 160 50 144 8 53 54 76 136 135 42 80 6 5 46 151 13 65 66 15 16 69 70 92 147 146 57 96 11 10 61 156 24 81 82 26 27 85 108 18 17 73 1 22 21 77 36 37 97 98 40 41 101 123 29 28 89 2 33 32 51 52 112 55 4 44 43 105 7 48 47 67 68 127 71 9 59 58 12 83 19 75 74 23 99 30 45 
87 103 34 114 116 56 118 49 129 131 72 133 60 62 63 64 138 84 140 86 142 88 144 76 78 79 80 149 100 151 102 152 104 15 90 91 92 93 94 95 96 113 154 115 156 117 157 119 26 106 107 108 109 110 111 1 128 159 130 36 132 38 3 40 120 121 122 123 124 125 126 2 139 160 141 51 143 53 8 55 134 135 136 4 137 5 6 7 150 65 13 67 14 69 16 71 145 146 147 9 148 10 11 12 155 81 24 83 25 85 27 153 17 18 19 20 21 22 23 35 97 37 99 39 101 41 158 28 29 30 31 32 33 50 112 52 54 42 43 44 45 46 47 48 66 127 68 70 57 58 59 61 82 73 74 75 77 98 89 105 
88 41 95 115 117 118 119 48 68 70 71 72 122 124 64 126 139 140 141 142 143 144 8 75 77 23 79 98 99 100 101 102 103 104 145 92 147 94 148 96 11 154 155 156 24 157 25 26 27 105 45 107 47 109 49 111 127 128 129 130 131 132 133 3 121 158 123 29 125 31 2 33 160 50 51 52 53 54 55 56 74 134 76 136 78 137 80 6 149 150 151 13 152 14 15 16 146 57 9 59 10 61 12 63 81 82 83 84 85 86 87 106 153 108 18 110 20 1 22 159 35 36 37 38 39 40 28 89 30 91 32 93 34 112 113 114 116 135 42 4 44 5 46 7 65 66 67 69 58 120 60 62 138 17 73 19 21 97 90 43 
89 135 112 33 59 58 120 150 80 108 153 17 55 83 82 138 61 12 63 30 91 90 145 104 130 159 35 110 111 1 136 4 42 43 85 27 87 52 114 113 154 32 93 34 95 60 122 121 158 132 133 3 151 13 65 66 137 5 6 7 18 19 73 74 54 116 56 118 84 140 139 160 62 124 64 126 92 147 146 57 152 14 15 16 36 37 97 98 20 21 22 23 44 45 105 106 86 142 88 144 115 156 155 81 94 148 96 11 123 29 28 38 39 40 41 67 68 127 128 46 47 48 49 75 76 134 117 157 119 26 141 51 50 125 31 2 9 69 70 71 72 99 100 149 77 78 79 107 143 53 8 24 10 101 102 103 129 109 25 131 
90 134 113 34 60 120 121 149 79 107 106 153 56 84 138 139 62 63 64 91 92 145 146 103 129 128 159 109 49 111 76 136 135 42 86 87 88 114 115 154 155 93 94 95 96 122 123 158 28 131 72 133 100 151 150 65 78 137 80 6 108 18 17 73 116 117 118 119 140 141 160 50 124 125 126 2 147 9 57 58 102 152 104 15 130 36 35 97 110 20 1 22 4 44 43 105 142 143 144 8 156 24 81 82 148 10 11 12 29 30 89 132 38 3 40 13 67 66 127 5 46 7 48 19 75 74 157 25 26 27 51 52 112 31 32 33 59 14 69 16 71 37 99 98 21 77 23 45 53 54 55 83 61 39 101 41 68 47 85 70 
91 76 114 93 120 60 122 100 78 106 107 108 116 138 84 140 63 62 124 90 145 92 147 102 128 129 130 49 109 110 134 135 136 4 87 86 142 113 154 115 156 34 95 94 148 121 158 123 29 72 131 132 149 150 151 13 79 80 137 5 153 17 18 19 56 118 117 157 139 160 141 51 64 126 125 31 146 57 9 59 103 104 152 14 159 35 36 37 111 1 20 21 42 43 44 45 88 144 143 53 155 81 24 83 96 11 10 61 28 89 30 133 3 38 39 65 66 67 68 6 7 46 47 73 74 75 119 26 25 85 50 112 52 2 33 32 58 15 16 69 70 97 98 99 22 23 77 105 8 55 54 82 12 40 41 101 127 48 27 71 
92 75 115 94 121 122 123 99 77 105 45 107 117 139 140 141 64 124 125 145 146 147 9 101 127 68 129 48 47 109 74 134 76 136 88 142 143 154 155 156 24 95 96 148 10 158 28 29 30 71 70 131 98 149 100 151 23 79 78 137 106 153 108 18 118 119 157 25 160 50 51 52 126 2 31 32 57 58 59 60 41 103 102 152 128 159 130 36 49 111 110 20 135 42 4 44 144 8 53 54 81 82 83 84 11 12 61 62 89 90 91 72 133 132 38 150 65 13 67 80 6 5 46 17 73 19 26 27 85 86 112 113 114 33 34 93 120 104 15 14 69 35 97 37 1 22 21 43 55 56 116 138 63 3 40 39 66 7 87 16 
93 78 116 120 63 62 124 102 106 49 109 110 138 87 86 142 91 90 145 34 95 94 148 128 72 131 132 76 134 135 79 80 137 5 114 113 154 56 118 117 157 60 122 121 158 64 126 125 31 100 149 150 103 104 152 14 107 108 153 17 111 1 20 21 84 140 139 160 88 144 143 53 92 147 146 57 96 11 10 61 129 130 159 35 133 3 38 39 136 4 42 43 6 7 46 47 115 156 155 81 119 26 25 85 123 29 28 89 2 33 32 151 13 65 66 15 16 69 70 18 19 73 74 22 23 77 141 51 50 112 8 55 54 9 59 58 12 36 37 97 98 40 41 101 44 45 105 48 24 83 82 27 30 67 68 127 71 75 52 99 
94 77 117 121 64 124 125 101 105 48 47 109 139 88 142 143 92 145 146 95 96 148 10 127 71 70 131 75 74 134 23 79 78 137 115 154 155 118 119 157 25 122 123 158 28 126 2 31 32 99 98 149 41 103 102 152 45 107 106 153 49 111 110 20 140 141 160 50 144 8 53 54 147 9 57 58 11 12 61 62 68 129 128 159 72 133 132 38 76 136 135 42 80 6 5 46 156 24 81 82 26 27 85 86 29 30 89 90 33 34 93 100 151 150 65 104 15 14 69 108 18 17 73 1 22 21 51 52 112 113 55 56 116 59 60 120 63 130 36 35 97 3 40 39 4 44 43 7 83 84 138 87 91 13 67 66 16 19 114 37 
95 23 118 122 124 64 126 41 45 47 48 49 140 142 88 144 145 92 147 94 148 96 11 68 70 71 72 74 75 76 77 78 79 80 154 115 156 117 157 119 26 121 158 123 29 125 31 2 33 98 99 100 101 102 103 104 105 106 107 108 109 110 111 1 139 160 141 51 143 53 8 55 146 57 9 59 10 61 12 63 127 128 129 130 131 132 133 3 134 135 136 4 137 5 6 7 155 81 24 83 25 85 27 87 28 89 30 91 32 93 34 149 150 151 13 152 14 15 16 153 17 18 19 20 21 22 50 112 52 114 54 116 56 58 120 60 62 159 35 36 37 38 39 40 42 43 44 46 82 138 84 86 90 65 66 67 69 73 113 97 
96 22 119 123 125 126 2 40 44 46 7 48 141 143 144 8 146 147 9 148 10 11 12 67 69 16 71 73 19 75 21 77 23 79 155 156 24 157 25 26 27 158 28 29 30 31 32 33 34 97 37 99 39 101 41 103 43 105 45 107 47 109 49 111 160 50 51 52 53 54 55 56 57 58 59 60 61 62 63 64 66 127 68 129 70 131 72 133 74 134 76 136 78 137 80 6 81 82 83 84 85 86 87 88 89 90 91 92 93 94 95 98 149 100 151 102 152 104 15 106 153 108 18 110 20 1 112 113 114 115 116 117 118 120 121 122 124 128 159 130 36 132 38 3 135 42 4 5 138 139 140 142 145 150 65 13 14 17 154 35 
97 155 43 40 67 66 127 158 119 141 160 50 7 19 73 74 69 16 71 37 99 98 149 126 147 146 57 143 144 8 156 24 81 82 21 22 23 44 45 105 106 39 101 41 103 68 129 128 159 148 96 11 123 29 28 89 157 25 26 27 51 52 112 113 46 47 48 49 75 76 134 135 70 131 72 133 100 151 150 65 125 31 2 33 9 59 58 120 53 54 55 56 83 84 138 139 77 78 79 80 107 108 153 17 102 152 104 15 130 36 35 10 61 12 63 30 91 90 145 85 86 87 88 114 115 154 109 110 111 1 136 4 42 132 38 3 13 32 93 34 95 60 122 121 116 117 118 140 137 5 6 18 14 62 124 64 92 142 20 94 
98 154 105 41 68 127 128 121 118 140 139 160 48 75 74 134 70 71 72 99 100 149 150 64 92 145 146 142 88 144 115 156 155 81 77 23 79 45 107 106 153 101 102 103 104 129 130 159 35 94 95 96 122 123 158 28 117 157 119 26 141 51 50 112 47 109 49 111 76 136 135 42 131 132 133 3 151 13 65 66 124 125 126 2 147 9 57 58 143 53 8 55 24 83 82 138 78 137 80 6 108 18 17 73 152 14 15 16 36 37 97 148 10 11 12 29 30 89 90 25 85 27 87 52 114 113 110 20 1 22 4 44 43 38 39 40 67 31 32 33 34 59 60 120 54 116 56 84 5 46 7 19 69 61 62 63 91 86 21 93 
99 115 45 101 127 68 129 122 117 139 140 141 47 74 75 76 71 70 131 98 149 100 151 124 145 92 147 88 142 143 154 155 156 24 23 77 78 105 106 107 108 41 103 102 152 128 159 130 36 95 94 148 121 158 123 29 118 119 157 25 160 50 51 52 48 49 109 110 134 135 136 4 72 133 132 38 150 65 13 67 64 126 125 31 146 57 9 59 144 8 53 54 81 82 83 84 79 80 137 5 153 17 18 19 104 15 14 69 35 97 37 96 11 10 61 28 89 30 91 26 27 85 86 112 113 114 111 1 20 21 42 43 44 3 40 39 66 2 33 32 93 58 120 60 55 56 116 138 6 7 46 73 16 12 63 62 90 87 22 34 
100 114 107 102 128 129 130 60 116 138 84 140 109 134 76 136 72 131 132 149 150 151 13 62 90 91 92 87 86 142 113 154 115 156 79 78 137 106 153 108 18 103 104 152 14 159 35 36 37 34 93 94 120 121 122 123 56 118 117 157 139 160 141 51 49 111 110 20 135 42 4 44 133 3 38 39 65 66 67 68 63 64 124 125 145 146 147 9 88 144 143 53 155 81 24 83 80 6 5 46 17 73 19 75 15 16 69 70 97 98 99 95 96 148 10 158 28 29 30 119 26 25 85 50 112 52 1 22 21 77 43 105 45 40 41 101 127 126 2 31 32 57 58 59 8 55 54 82 7 48 47 74 71 11 12 61 89 27 23 33 
101 117 47 127 71 70 131 124 139 88 142 143 74 23 77 78 99 98 149 41 103 102 152 145 95 94 148 115 154 155 118 119 157 25 45 105 106 48 49 109 110 68 129 128 159 72 133 132 38 122 121 158 64 126 125 31 140 141 160 50 144 8 53 54 75 76 134 135 79 80 137 5 100 151 150 65 104 15 14 69 92 147 146 57 96 11 10 61 156 24 81 82 26 27 85 86 107 108 153 17 111 1 20 21 130 36 35 97 3 40 39 123 29 28 89 2 33 32 93 51 52 112 113 55 56 116 136 4 42 43 6 7 46 13 67 66 16 9 59 58 120 12 63 62 83 84 138 87 18 19 73 22 37 30 91 90 34 114 44 60 
102 116 109 128 72 131 132 62 138 87 86 142 134 79 78 137 100 149 150 103 104 152 14 90 34 93 94 114 113 154 56 118 117 157 107 106 153 49 111 110 20 129 130 159 35 133 3 38 39 60 120 121 63 64 124 125 84 140 139 160 88 144 143 53 76 136 135 42 80 6 5 46 151 13 65 66 15 16 69 70 91 92 145 146 95 96 148 10 115 156 155 81 119 26 25 85 108 18 17 73 1 22 21 77 36 37 97 98 40 41 101 122 123 158 28 126 2 31 32 141 51 50 112 8 55 54 4 44 43 105 7 48 47 67 68 127 71 147 9 57 58 11 12 61 24 83 82 27 19 75 74 23 99 29 30 89 33 52 45 59 
103 56 49 129 131 72 133 63 84 86 87 88 76 78 79 80 149 100 151 102 152 104 15 91 93 34 95 113 114 115 116 117 118 119 106 107 108 109 110 111 1 128 159 130 36 132 38 3 40 120 60 122 62 124 64 126 138 139 140 141 142 143 144 8 134 135 136 4 137 5 6 7 150 65 13 67 14 69 16 71 90 145 92 147 94 148 96 11 154 155 156 24 157 25 26 27 153 17 18 19 20 21 22 23 35 97 37 99 39 101 41 121 158 123 29 125 31 2 33 160 50 51 52 53 54 55 42 43 44 45 46 47 48 66 127 68 70 146 57 9 59 10 61 12 81 82 83 85 73 74 75 77 98 28 89 30 32 112 105 58 
104 55 111 130 132 133 3 12 83 85 27 87 136 137 80 6 150 151 13 152 14 15 16 30 32 33 34 112 52 114 54 116 56 118 153 108 18 110 20 1 22 159 35 36 37 38 39 40 41 58 59 60 61 62 63 64 82 138 84 140 86 142 88 144 135 42 4 44 5 46 7 48 65 66 67 68 69 70 71 72 89 90 91 92 93 94 95 96 113 154 115 156 117 157 119 26 17 73 19 75 21 77 23 79 97 98 99 100 101 102 103 120 121 122 123 124 125 126 2 139 160 141 51 143 53 8 43 105 45 107 47 109 49 127 128 129 131 145 146 147 9 148 10 11 155 81 24 25 74 134 76 78 149 158 28 29 31 50 106 57 
105 145 127 48 75 74 134 154 95 122 121 158 71 99 98 149 77 23 79 45 107 106 153 118 140 139 160 124 64 126 92 147 146 57 101 41 103 68 129 128 159 47 109 49 111 76 136 135 42 142 88 144 115 156 155 81 94 148 96 11 123 29 28 89 70 131 72 133 100 151 150 65 78 137 80 6 108 18 17 73 117 157 119 26 141 51 50 112 125 31 2 33 9 59 58 120 102 152 104 15 130 36 35 97 110 20 1 22 4 44 43 143 53 8 55 24 83 82 138 10 61 12 63 30 91 90 132 38 3 40 13 67 66 5 46 7 19 25 85 27 87 52 114 113 32 93 34 60 14 69 16 37 21 54 116 56 84 62 39 86 
106 90 128 49 76 134 135 113 34 60 120 121 72 100 149 150 78 79 80 107 108 153 17 56 84 138 139 62 63 64 91 92 145 146 102 103 104 129 130 159 35 109 110 111 1 136 4 42 43 86 87 88 114 115 154 155 93 94 95 96 122 123 158 28 131 132 133 3 151 13 65 66 137 5 6 7 18 19 73 74 116 117 118 119 140 141 160 50 124 125 126 2 147 9 57 58 152 14 15 16 36 37 97 98 20 21 22 23 44 45 105 142 143 144 8 156 24 81 82 148 10 11 12 29 30 89 38 39 40 41 67 68 127 46 47 48 75 157 25 26 27 51 52 112 31 32 33 59 69 70 71 99 77 53 54 55 83 61 101 85 
107 91 129 109 134 76 136 114 93 120 60 122 131 149 100 151 79 78 137 106 153 108 18 116 138 84 140 63 62 124 90 145 92 147 103 102 152 128 159 130 36 49 111 110 20 135 42 4 44 87 86 142 113 154 115 156 34 95 94 148 121 158 123 29 72 133 132 38 150 65 13 67 80 6 5 46 17 73 19 75 56 118 117 157 139 160 141 51 64 126 125 31 146 57 9 59 104 15 14 69 35 97 37 99 1 22 21 77 43 105 45 88 144 143 53 155 81 24 83 96 11 10 61 28 89 30 3 40 39 101 66 127 68 7 48 47 74 119 26 25 85 50 112 52 2 33 32 58 16 71 70 98 23 8 55 54 82 12 41 27 
108 30 130 110 135 136 4 52 32 58 59 60 132 150 151 13 80 137 5 153 17 18 19 54 82 83 84 12 61 62 89 90 91 92 104 152 14 159 35 36 37 111 1 20 21 42 43 44 45 27 85 86 112 113 114 115 33 34 93 94 120 121 122 123 133 3 38 39 65 66 67 68 6 7 46 47 73 74 75 76 55 56 116 117 138 139 140 141 63 64 124 125 145 146 147 9 15 16 69 70 97 98 99 100 22 23 77 78 105 106 107 87 88 142 143 154 155 156 24 95 96 148 10 158 28 29 40 41 101 102 127 128 129 48 49 109 134 118 119 157 25 160 50 51 126 2 31 57 71 72 131 149 79 144 8 53 81 11 103 26 
109 93 131 134 79 78 137 116 120 63 62 124 149 103 102 152 107 106 153 49 111 110 20 138 87 86 142 91 90 145 34 95 94 148 129 128 159 72 133 132 38 76 136 135 42 80 6 5 46 114 113 154 56 118 117 157 60 122 121 158 64 126 125 31 100 151 150 65 104 15 14 69 108 18 17 73 1 22 21 77 84 140 139 160 88 144 143 53 92 147 146 57 96 11 10 61 130 36 35 97 3 40 39 101 4 44 43 105 7 48 47 115 156 155 81 119 26 25 85 123 29 28 89 2 33 32 13 67 66 127 16 71 70 19 75 74 23 141 51 50 112 8 55 54 9 59 58 12 37 99 98 41 45 24 83 82 27 30 68 52 
110 32 132 135 80 137 5 54 58 12 61 62 150 104 152 14 108 153 17 111 1 20 21 82 27 85 86 30 89 90 33 34 93 94 130 159 35 133 3 38 39 136 4 42 43 6 7 46 47 52 112 113 55 56 116 117 59 60 120 121 63 64 124 125 151 13 65 66 15 16 69 70 18 19 73 74 22 23 77 78 83 84 138 139 87 88 142 143 91 92 145 146 95 96 148 10 36 37 97 98 40 41 101 102 44 45 105 106 48 49 109 114 115 154 155 118 119 157 25 122 123 158 28 126 2 31 67 68 127 128 71 72 131 75 76 134 79 140 141 160 50 144 8 53 147 9 57 11 99 100 149 103 107 156 24 81 26 29 129 51 
111 33 133 136 137 80 6 55 59 61 12 63 151 152 104 15 153 108 18 110 20 1 22 83 85 27 87 89 30 91 32 93 34 95 159 130 36 132 38 3 40 135 42 4 44 5 46 7 48 112 52 114 54 116 56 118 58 120 60 122 62 124 64 126 150 65 13 67 14 69 16 71 17 73 19 75 21 77 23 79 82 138 84 140 86 142 88 144 90 145 92 147 94 148 96 11 35 97 37 99 39 101 41 103 43 105 45 107 47 109 49 113 154 115 156 117 157 119 26 121 158 123 29 125 31 2 66 127 68 129 70 131 72 74 134 76 78 139 160 141 51 143 53 8 146 57 9 10 98 149 100 102 106 155 81 24 25 28 128 50 
112 159 58 55 83 82 138 135 133 151 150 65 12 30 89 90 85 27 87 52 114 113 154 80 108 153 17 152 104 15 130 36 35 97 32 33 34 59 60 120 121 54 116 56 118 84 140 139 160 110 111 1 136 4 42 43 132 38 3 40 13 67 66 127 61 62 63 64 91 92 145 146 86 142 88 144 115 156 155 81 137 5 6 7 18 19 73 74 14 69 16 71 37 99 98 149 93 94 95 96 122 123 158 28 117 157 119 26 141 51 50 20 21 22 23 44 45 105 106 39 101 41 103 68 129 128 124 125 126 2 147 9 57 143 53 8 24 46 47 48 49 75 76 134 70 131 72 100 148 10 11 29 25 77 78 79 107 102 31 109 
113 128 120 56 84 138 139 134 72 100 149 150 63 91 90 145 86 87 88 114 115 154 155 79 107 106 153 102 103 104 129 130 159 35 93 34 95 60 122 121 158 116 117 118 119 140 141 160 50 109 49 111 76 136 135 42 131 132 133 3 151 13 65 66 62 124 64 126 92 147 146 57 142 143 144 8 156 24 81 82 78 137 80 6 108 18 17 73 152 14 15 16 36 37 97 98 94 148 96 11 123 29 28 89 157 25 26 27 51 52 112 110 20 1 22 4 44 43 105 38 39 40 41 67 68 127 125 31 2 33 9 59 58 53 54 55 83 5 46 7 48 19 75 74 69 70 71 99 10 61 12 30 85 21 77 23 45 101 32 47 
114 129 60 116 138 84 140 76 131 149 100 151 62 90 91 92 87 86 142 113 154 115 156 78 106 107 108 103 102 152 128 159 130 36 34 93 94 120 121 122 123 56 118 117 157 139 160 141 51 49 109 110 134 135 136 4 72 133 132 38 150 65 13 67 63 64 124 125 145 146 147 9 88 144 143 53 155 81 24 83 79 80 137 5 153 17 18 19 104 15 14 69 35 97 37 99 95 96 148 10 158 28 29 30 119 26 25 85 50 112 52 111 1 20 21 42 43 44 45 3 40 39 101 66 127 68 126 2 31 32 57 58 59 8 55 54 82 6 7 46 47 73 74 75 16 71 70 98 11 12 61 89 27 22 23 77 105 41 33 48 
115 68 122 117 139 140 141 75 70 98 99 100 124 145 92 147 88 142 143 154 155 156 24 77 105 45 107 41 101 102 127 128 129 130 95 94 148 121 158 123 29 118 119 157 25 160 50 51 52 48 47 109 74 134 76 136 71 72 131 132 149 150 151 13 64 126 125 31 146 57 9 59 144 8 53 54 81 82 83 84 23 79 78 137 106 153 108 18 103 104 152 14 159 35 36 37 96 11 10 61 28 89 30 91 26 27 85 86 112 113 114 49 111 110 20 135 42 4 44 133 3 38 39 65 66 67 2 33 32 93 58 120 60 55 56 116 138 80 6 5 46 17 73 19 15 16 69 97 12 63 62 90 87 1 22 21 43 40 34 7 
116 131 62 138 87 86 142 78 149 103 102 152 90 34 93 94 114 113 154 56 118 117 157 106 49 109 110 129 128 159 72 133 132 38 60 120 121 63 64 124 125 84 140 139 160 88 144 143 53 76 134 135 79 80 137 5 100 151 150 65 104 15 14 69 91 92 145 146 95 96 148 10 115 156 155 81 119 26 25 85 107 108 153 17 111 1 20 21 130 36 35 97 3 40 39 101 122 123 158 28 126 2 31 32 141 51 50 112 8 55 54 136 4 42 43 6 7 46 47 13 67 66 127 16 71 70 147 9 57 58 11 12 61 24 83 82 27 18 19 73 74 22 23 77 37 99 98 41 29 30 89 33 52 44 45 105 48 68 59 75 
117 70 124 139 88 142 143 77 98 41 101 102 145 95 94 148 115 154 155 118 119 157 25 105 48 47 109 68 127 128 71 72 131 132 122 121 158 64 126 125 31 140 141 160 50 144 8 53 54 75 74 134 23 79 78 137 99 100 149 150 103 104 152 14 92 147 146 57 96 11 10 61 156 24 81 82 26 27 85 86 45 107 106 153 49 111 110 20 129 130 159 35 133 3 38 39 123 29 28 89 2 33 32 93 51 52 112 113 55 56 116 76 136 135 42 80 6 5 46 151 13 65 66 15 16 69 9 59 58 120 12 63 62 83 84 138 87 108 18 17 73 1 22 21 36 37 97 40 30 91 90 34 114 4 44 43 7 67 60 19 
118 71 64 140 142 88 144 23 99 101 41 103 92 94 95 96 154 115 156 117 157 119 26 45 47 48 49 127 68 129 70 131 72 133 121 122 123 124 125 126 2 139 160 141 51 143 53 8 55 74 75 76 77 78 79 80 98 149 100 151 102 152 104 15 145 146 147 9 148 10 11 12 155 81 24 83 25 85 27 87 105 106 107 108 109 110 111 1 128 159 130 36 132 38 3 40 158 28 29 30 31 32 33 34 50 112 52 114 54 116 56 134 135 136 4 137 5 6 7 150 65 13 67 14 69 16 57 58 59 60 61 62 63 82 138 84 86 153 17 18 19 20 21 22 35 97 37 39 89 90 91 93 113 42 43 44 46 66 120 73 
119 16 126 141 143 144 8 22 37 39 40 41 147 148 96 11 155 156 24 157 25 26 27 44 46 7 48 66 67 68 69 70 71 72 158 123 29 125 31 2 33 160 50 51 52 53 54 55 56 73 19 75 21 77 23 79 97 98 99 100 101 102 103 104 146 57 9 59 10 61 12 63 81 82 83 84 85 86 87 88 43 105 45 107 47 109 49 111 127 128 129 130 131 132 133 3 28 89 30 91 32 93 34 95 112 113 114 115 116 117 118 74 134 76 136 78 137 80 6 149 150 151 13 152 14 15 58 120 60 122 62 124 64 138 139 140 142 106 153 108 18 110 20 1 159 35 36 38 90 145 92 94 154 135 42 4 5 65 121 17 
120 106 138 63 91 90 145 128 49 76 134 135 87 114 113 154 93 34 95 60 122 121 158 72 100 149 150 78 79 80 107 108 153 17 116 56 118 84 140 139 160 62 124 64 126 92 147 146 57 102 103 104 129 130 159 35 109 110 111 1 136 4 42 43 86 142 88 144 115 156 155 81 94 148 96 11 123 29 28 89 131 132 133 3 151 13 65 66 137 5 6 7 18 19 73 74 117 157 119 26 141 51 50 112 125 31 2 33 9 59 58 152 14 15 16 36 37 97 98 20 21 22 23 44 45 105 143 53 8 55 24 83 82 10 61 12 30 38 39 40 41 67 68 127 46 47 48 75 25 85 27 52 32 69 70 71 99 77 54 101 
121 105 139 64 92 145 146 127 48 75 74 134 88 115 154 155 94 95 96 122 123 158 28 71 99 98 149 77 23 79 45 107 106 153 117 118 119 140 141 160 50 124 125 126 2 147 9 57 58 101 41 103 68 129 128 159 47 109 49 111 76 136 135 42 142 143 144 8 156 24 81 82 148 10 11 12 29 30 89 90 70 131 72 133 100 151 150 65 78 137 80 6 108 18 17 73 157 25 26 27 51 52 112 113 31 32 33 34 59 60 120 102 152 104 15 130 36 35 97 110 20 1 22 4 44 43 53 54 55 56 83 84 138 61 62 63 91 132 38 3 40 13 67 66 5 46 7 19 85 86 87 114 93 14 69 16 37 21 116 39 
122 45 140 124 145 92 147 68 47 74 75 76 142 154 115 156 95 94 148 121 158 123 29 70 98 99 100 23 77 78 105 106 107 108 118 117 157 139 160 141 51 64 126 125 31 146 57 9 59 41 101 102 127 128 129 130 48 49 109 110 134 135 136 4 88 144 143 53 155 81 24 83 96 11 10 61 28 89 30 91 71 72 131 132 149 150 151 13 79 80 137 5 153 17 18 19 119 26 25 85 50 112 52 114 2 33 32 93 58 120 60 103 104 152 14 159 35 36 37 111 1 20 21 42 43 44 8 55 54 116 82 138 84 12 63 62 90 133 3 38 39 65 66 67 6 7 46 73 27 87 86 113 34 15 16 69 97 22 56 40 
123 44 141 125 146 147 9 67 46 73 19 75 143 155 156 24 96 148 10 158 28 29 30 69 97 37 99 22 21 77 43 105 45 107 119 157 25 160 50 51 52 126 2 31 32 57 58 59 60 40 39 101 66 127 68 129 7 48 47 109 74 134 76 136 144 8 53 54 81 82 83 84 11 12 61 62 89 90 91 92 16 71 70 131 98 149 100 151 23 79 78 137 106 153 108 18 26 27 85 86 112 113 114 115 33 34 93 94 120 121 122 41 103 102 152 128 159 130 36 49 111 110 20 135 42 4 55 56 116 117 138 139 140 63 64 124 145 72 133 132 38 150 65 13 80 6 5 17 87 88 142 154 95 104 15 14 35 1 118 3 
124 47 142 145 95 94 148 70 74 23 77 78 154 118 117 157 122 121 158 64 126 125 31 98 41 101 102 45 105 106 48 49 109 110 140 139 160 88 144 143 53 92 147 146 57 96 11 10 61 68 127 128 71 72 131 132 75 76 134 135 79 80 137 5 115 156 155 81 119 26 25 85 123 29 28 89 2 33 32 93 99 100 149 150 103 104 152 14 107 108 153 17 111 1 20 21 141 51 50 112 8 55 54 116 9 59 58 120 12 63 62 129 130 159 35 133 3 38 39 136 4 42 43 6 7 46 24 83 82 138 27 87 86 30 91 90 34 151 13 65 66 15 16 69 18 19 73 22 52 114 113 56 60 36 37 97 40 44 84 67 
125 46 143 146 96 148 10 69 73 22 21 77 155 119 157 25 123 158 28 126 2 31 32 97 40 39 101 44 43 105 7 48 47 109 141 160 50 144 8 53 54 147 9 57 58 11 12 61 62 67 66 127 16 71 70 131 19 75 74 134 23 79 78 137 156 24 81 82 26 27 85 86 29 30 89 90 33 34 93 94 37 99 98 149 41 103 102 152 45 107 106 153 49 111 110 20 51 52 112 113 55 56 116 117 59 60 120 121 63 64 124 68 129 128 159 72 133 132 38 76 136 135 42 80 6 5 83 84 138 139 87 88 142 91 92 145 95 100 151 150 65 104 15 14 108 18 17 1 114 115 154 118 122 130 36 35 3 4 140 13 
126 7 144 147 148 96 11 16 19 21 22 23 156 157 119 26 158 123 29 125 31 2 33 37 39 40 41 43 44 45 46 47 48 49 160 141 51 143 53 8 55 146 57 9 59 10 61 12 63 66 67 68 69 70 71 72 73 74 75 76 77 78 79 80 155 81 24 83 25 85 27 87 28 89 30 91 32 93 34 95 97 98 99 100 101 102 103 104 105 106 107 108 109 110 111 1 50 112 52 114 54 116 56 118 58 120 60 122 62 124 64 127 128 129 130 131 132 133 3 134 135 136 4 137 5 6 82 138 84 140 86 142 88 90 145 92 94 149 150 151 13 152 14 15 153 17 18 20 113 154 115 117 121 159 35 36 38 42 139 65 
127 139 74 71 99 98 149 145 88 115 154 155 23 45 105 106 101 41 103 68 129 128 159 95 122 121 158 117 118 119 140 141 160 50 47 48 49 75 76 134 135 70 131 72 133 100 151 150 65 124 64 126 92 147 146 57 142 143 144 8 156 24 81 82 77 78 79 80 107 108 153 17 102 152 104 15 130 36 35 97 94 148 96 11 123 29 28 89 157 25 26 27 51 52 112 113 109 110 111 1 136 4 42 43 132 38 3 40 13 67 66 125 31 2 33 9 59 58 120 53 54 55 56 83 84 138 137 5 6 7 18 19 73 14 69 16 37 10 61 12 63 30 91 90 85 86 87 114 20 21 22 44 39 32 93 34 60 116 46 62 
128 138 134 72 100 149 150 90 87 114 113 154 79 107 106 153 102 103 104 129 130 159 35 34 60 120 121 116 56 118 84 140 139 160 109 49 111 76 136 135 42 131 132 133 3 151 13 65 66 62 63 64 91 92 145 146 86 142 88 144 115 156 155 81 78 137 80 6 108 18 17 73 152 14 15 16 36 37 97 98 93 94 95 96 122 123 158 28 117 157 119 26 141 51 50 112 110 20 1 22 4 44 43 105 38 39 40 41 67 68 127 124 125 126 2 147 9 57 58 143 53 8 55 24 83 82 5 46 7 48 19 75 74 69 70 71 99 148 10 11 12 29 30 89 25 85 27 52 21 77 23 45 101 31 32 33 59 54 47 61 
129 84 76 131 149 100 151 91 86 113 114 115 78 106 107 108 103 102 152 128 159 130 36 93 120 60 122 56 116 117 138 139 140 141 49 109 110 134 135 136 4 72 133 132 38 150 65 13 67 63 62 124 90 145 92 147 87 88 142 143 154 155 156 24 79 80 137 5 153 17 18 19 104 15 14 69 35 97 37 99 34 95 94 148 121 158 123 29 118 119 157 25 160 50 51 52 111 1 20 21 42 43 44 45 3 40 39 101 66 127 68 64 126 125 31 146 57 9 59 144 8 53 54 81 82 83 6 7 46 47 73 74 75 16 71 70 98 96 11 10 61 28 89 30 26 27 85 112 22 23 77 105 41 2 33 32 58 55 48 12 
130 83 136 132 150 151 13 30 85 112 52 114 137 153 108 18 104 152 14 159 35 36 37 32 58 59 60 55 54 116 82 138 84 140 111 110 20 135 42 4 44 133 3 38 39 65 66 67 68 12 61 62 89 90 91 92 27 87 86 142 113 154 115 156 80 6 5 46 17 73 19 75 15 16 69 70 97 98 99 100 33 34 93 94 120 121 122 123 56 118 117 157 139 160 141 51 1 22 21 77 43 105 45 107 40 41 101 102 127 128 129 63 64 124 125 145 146 147 9 88 144 143 53 155 81 24 7 48 47 109 74 134 76 71 72 131 149 95 96 148 10 158 28 29 119 26 25 50 23 79 78 106 103 126 2 31 57 8 49 11 
131 86 78 149 103 102 152 93 113 56 116 117 106 49 109 110 129 128 159 72 133 132 38 120 63 62 124 84 138 139 87 88 142 143 76 134 135 79 80 137 5 100 151 150 65 104 15 14 69 91 90 145 34 95 94 148 114 115 154 155 118 119 157 25 107 108 153 17 111 1 20 21 130 36 35 97 3 40 39 101 60 122 121 158 64 126 125 31 140 141 160 50 144 8 53 54 136 4 42 43 6 7 46 47 13 67 66 127 16 71 70 92 147 146 57 96 11 10 61 156 24 81 82 26 27 85 18 19 73 74 22 23 77 37 99 98 41 123 29 28 89 2 33 32 51 52 112 55 44 45 105 48 68 9 59 58 12 83 75 30 
132 85 137 150 104 152 14 32 112 55 54 116 153 111 110 20 130 159 35 133 3 38 39 58 12 61 62 83 82 138 27 87 86 142 136 135 42 80 6 5 46 151 13 65 66 15 16 69 70 30 89 90 33 34 93 94 52 114 113 154 56 118 117 157 108 18 17 73 1 22 21 77 36 37 97 98 40 41 101 102 59 60 120 121 63 64 124 125 84 140 139 160 88 144 143 53 4 44 43 105 7 48 47 109 67 68 127 128 71 72 131 91 92 145 146 95 96 148 10 115 156 155 81 119 26 25 19 75 74 134 23 79 78 99 100 149 103 122 123 158 28 126 2 31 141 51 50 8 45 107 106 49 129 147 9 57 11 24 76 29 
133 27 80 151 152 104 15 33 52 54 55 56 108 110 111 1 159 130 36 132 38 3 40 59 61 12 63 82 83 84 85 86 87 88 135 136 4 137 5 6 7 150 65 13 67 14 69 16 71 89 30 91 32 93 34 95 112 113 114 115 116 117 118 119 153 17 18 19 20 21 22 23 35 97 37 99 39 101 41 103 58 120 60 122 62 124 64 126 138 139 140 141 142 143 144 8 42 43 44 45 46 47 48 49 66 127 68 129 70 131 72 90 145 92 147 94 148 96 11 154 155 156 24 157 25 26 73 74 75 76 77 78 79 98 149 100 102 121 158 123 29 125 31 2 160 50 51 53 105 106 107 109 128 146 57 9 10 81 134 28 
134 120 149 79 107 106 153 138 63 91 90 145 103 129 128 159 109 49 111 76 136 135 42 87 114 113 154 93 34 95 60 122 121 158 131 72 133 100 151 150 65 78 137 80 6 108 18 17 73 116 56 118 84 140 139 160 62 124 64 126 92 147 146 57 102 152 104 15 130 36 35 97 110 20 1 22 4 44 43 105 86 142 88 144 115 156 155 81 94 148 96 11 123 29 28 89 132 38 3 40 13 67 66 127 5 46 7 48 19 75 74 117 157 119 26 141 51 50 112 125 31 2 33 9 59 58 14 69 16 71 37 99 98 21 77 23 45 143 53 8 55 24 83 82 10 61 12 30 39 101 41 68 47 25 85 27 52 32 70 54 
135 58 150 80 108 153 17 82 12 30 89 90 104 130 159 35 110 111 1 136 4 42 43 27 52 112 113 32 33 34 59 60 120 121 132 133 3 151 13 65 66 137 5 6 7 18 19 73 74 54 55 56 83 84 138 139 61 62 63 64 91 92 145 146 152 14 15 16 36 37 97 98 20 21 22 23 44 45 105 106 85 86 87 88 114 115 154 155 93 94 95 96 122 123 158 28 38 39 40 41 67 68 127 128 46 47 48 49 75 76 134 116 117 118 119 140 141 160 50 124 125 126 2 147 9 57 69 70 71 72 99 100 149 77 78 79 107 142 143 144 8 156 24 81 148 10 11 29 101 102 103 129 109 157 25 26 51 31 131 53 
136 59 151 137 153 108 18 83 61 89 30 91 152 159 130 36 111 110 20 135 42 4 44 85 112 52 114 33 32 93 58 120 60 122 133 132 38 150 65 13 67 80 6 5 46 17 73 19 75 55 54 116 82 138 84 140 12 63 62 124 90 145 92 147 104 15 14 69 35 97 37 99 1 22 21 77 43 105 45 107 27 87 86 142 113 154 115 156 34 95 94 148 121 158 123 29 3 40 39 101 66 127 68 129 7 48 47 109 74 134 76 56 118 117 157 139 160 141 51 64 126 125 31 146 57 9 16 71 70 131 98 149 100 23 79 78 106 88 144 143 53 155 81 24 96 11 10 28 41 103 102 128 49 119 26 25 50 2 72 8 
137 61 152 153 111 110 20 85 89 33 32 93 159 133 132 38 136 135 42 80 6 5 46 112 55 54 116 59 58 120 12 63 62 124 151 150 65 104 15 14 69 108 18 17 73 1 22 21 77 83 82 138 27 87 86 142 30 91 90 145 34 95 94 148 130 36 35 97 3 40 39 101 4 44 43 105 7 48 47 109 52 114 113 154 56 118 117 157 60 122 121 158 64 126 125 31 13 67 66 127 16 71 70 131 19 75 74 134 23 79 78 84 140 139 160 88 144 143 53 92 147 146 57 96 11 10 37 99 98 149 41 103 102 45 107 106 49 115 156 155 81 119 26 25 123 29 28 2 68 129 128 72 76 141 51 50 8 9 100 24 
138 149 90 87 114 113 154 106 103 129 128 159 34 60 120 121 116 56 118 84 140 139 160 49 76 134 135 131 72 133 100 151 150 65 62 63 64 91 92 145 146 86 142 88 144 115 156 155 81 78 79 80 107 108 153 17 102 152 104 15 130 36 35 97 93 94 95 96 122 123 158 28 117 157 119 26 141 51 50 112 109 110 111 1 136 4 42 43 132 38 3 40 13 67 66 127 124 125 126 2 147 9 57 58 143 53 8 55 24 83 82 137 5 6 7 18 19 73 74 14 69 16 71 37 99 98 148 10 11 12 29 30 89 25 85 27 52 20 21 22 23 44 45 105 39 101 41 68 31 32 33 59 54 46 47 48 75 70 61 77 
139 98 145 88 115 154 155 105 41 68 127 128 95 122 121 158 117 118 119 140 141 160 50 48 75 74 134 70 71 72 99 100 149 150 124 64 126 92 147 146 57 142 143 144 8 156 24 81 82 77 23 79 45 107 106 153 101 102 103 104 129 130 159 35 94 148 96 11 123 29 28 89 157 25 26 27 51 52 112 113 47 109 49 111 76 136 135 42 131 132 133 3 151 13 65 66 125 31 2 33 9 59 58 120 53 54 55 56 83 84 138 78 137 80 6 108 18 17 73 152 14 15 16 36 37 97 10 61 12 63 30 91 90 85 86 87 114 110 20 1 22 4 44 43 38 39 40 67 32 93 34 60 116 5 46 7 19 69 62 21 
140 99 92 142 154 115 156 45 101 127 68 129 94 121 122 123 118 117 157 139 160 141 51 47 74 75 76 71 70 131 98 149 100 151 64 124 125 145 146 147 9 88 144 143 53 155 81 24 83 23 77 78 105 106 107 108 41 103 102 152 128 159 130 36 95 96 148 10 158 28 29 30 119 26 25 85 50 112 52 114 48 49 109 110 134 135 136 4 72 133 132 38 150 65 13 67 126 2 31 32 57 58 59 60 8 55 54 116 82 138 84 79 80 137 5 153 17 18 19 104 15 14 69 35 97 37 11 12 61 62 89 90 91 27 87 86 113 111 1 20 21 42 43 44 3 40 39 66 33 34 93 120 56 6 7 46 73 16 63 22 
141 37 147 143 155 156 24 44 39 66 67 68 148 158 123 29 119 157 25 160 50 51 52 46 73 19 75 16 69 70 97 98 99 100 126 125 31 146 57 9 59 144 8 53 54 81 82 83 84 22 21 77 43 105 45 107 40 41 101 102 127 128 129 130 96 11 10 61 28 89 30 91 26 27 85 86 112 113 114 115 7 48 47 109 74 134 76 136 71 72 131 132 149 150 151 13 2 33 32 93 58 120 60 122 55 56 116 117 138 139 140 23 79 78 137 106 153 108 18 103 104 152 14 159 35 36 12 63 62 124 90 145 92 87 88 142 154 49 111 110 20 135 42 4 133 3 38 65 34 95 94 121 118 80 6 5 17 15 64 1 
142 101 94 154 118 117 157 47 127 71 70 131 121 64 124 125 140 139 160 88 144 143 53 74 23 77 78 99 98 149 41 103 102 152 92 145 146 95 96 148 10 115 156 155 81 119 26 25 85 45 105 106 48 49 109 110 68 129 128 159 72 133 132 38 122 123 158 28 126 2 31 32 141 51 50 112 8 55 54 116 75 76 134 135 79 80 137 5 100 151 150 65 104 15 14 69 147 9 57 58 11 12 61 62 24 83 82 138 27 87 86 107 108 153 17 111 1 20 21 130 36 35 97 3 40 39 29 30 89 90 33 34 93 52 114 113 56 136 4 42 43 6 7 46 13 67 66 16 59 60 120 63 84 18 19 73 22 37 91 44 
143 39 148 155 119 157 25 46 66 16 69 70 158 126 125 31 141 160 50 144 8 53 54 73 22 21 77 37 97 98 40 41 101 102 147 146 57 96 11 10 61 156 24 81 82 26 27 85 86 44 43 105 7 48 47 109 67 68 127 128 71 72 131 132 123 29 28 89 2 33 32 93 51 52 112 113 55 56 116 117 19 75 74 134 23 79 78 137 99 100 149 150 103 104 152 14 9 59 58 120 12 63 62 124 83 84 138 139 87 88 142 45 107 106 153 49 111 110 20 129 130 159 35 133 3 38 30 91 90 145 34 95 94 114 115 154 118 76 136 135 42 80 6 5 151 13 65 15 60 122 121 64 140 108 18 17 1 36 92 4 
144 40 96 156 157 119 26 7 67 69 16 71 123 125 126 2 160 141 51 143 53 8 55 19 21 22 23 97 37 99 39 101 41 103 146 147 9 148 10 11 12 155 81 24 83 25 85 27 87 43 44 45 46 47 48 49 66 127 68 129 70 131 72 133 158 28 29 30 31 32 33 34 50 112 52 114 54 116 56 118 73 74 75 76 77 78 79 80 98 149 100 151 102 152 104 15 57 58 59 60 61 62 63 64 82 138 84 140 86 142 88 105 106 107 108 109 110 111 1 128 159 130 36 132 38 3 89 90 91 92 93 94 95 113 154 115 117 134 135 136 4 137 5 6 150 65 13 14 120 121 122 124 139 153 17 18 20 35 145 42 
145 74 154 95 122 121 158 98 23 45 105 106 118 140 139 160 124 64 126 92 147 146 57 41 68 127 128 47 48 49 75 76 134 135 142 88 144 115 156 155 81 94 148 96 11 123 29 28 89 70 71 72 99 100 149 150 77 78 79 80 107 108 153 17 117 157 119 26 141 51 50 112 125 31 2 33 9 59 58 120 101 102 103 104 129 130 159 35 109 110 111 1 136 4 42 43 143 53 8 55 24 83 82 138 10 61 12 63 30 91 90 131 132 133 3 151 13 65 66 137 5 6 7 18 19 73 25 85 27 87 52 114 113 32 93 34 60 152 14 15 16 36 37 97 20 21 22 44 54 116 56 84 62 38 39 40 67 46 86 69 
146 73 155 96 123 158 28 97 22 44 43 105 119 141 160 50 125 126 2 147 9 57 58 40 67 66 127 46 7 48 19 75 74 134 143 144 8 156 24 81 82 148 10 11 12 29 30 89 90 69 16 71 37 99 98 149 21 77 23 79 45 107 106 153 157 25 26 27 51 52 112 113 31 32 33 34 59 60 120 121 39 101 41 103 68 129 128 159 47 109 49 111 76 136 135 42 53 54 55 56 83 84 138 139 61 62 63 64 91 92 145 70 131 72 133 100 151 150 65 78 137 80 6 108 18 17 85 86 87 88 114 115 154 93 94 95 122 102 152 104 15 130 36 35 110 20 1 4 116 117 118 140 124 132 38 3 13 5 142 14 
147 19 156 148 158 123 29 37 21 43 44 45 157 160 141 51 126 125 31 146 57 9 59 39 66 67 68 7 46 47 73 74 75 76 144 143 53 155 81 24 83 96 11 10 61 28 89 30 91 16 69 70 97 98 99 100 22 23 77 78 105 106 107 108 119 26 25 85 50 112 52 114 2 33 32 93 58 120 60 122 40 41 101 102 127 128 129 130 48 49 109 110 134 135 136 4 8 55 54 116 82 138 84 140 12 63 62 124 90 145 92 71 72 131 132 149 150 151 13 79 80 137 5 153 17 18 27 87 86 142 113 154 115 34 95 94 121 103 104 152 14 159 35 36 111 1 20 42 56 118 117 139 64 133 3 38 65 6 88 15 
148 21 157 158 126 125 31 39 43 7 46 47 160 144 143 53 147 146 57 96 11 10 61 66 16 69 70 19 73 74 22 23 77 78 156 155 81 119 26 25 85 123 29 28 89 2 33 32 93 37 97 98 40 41 101 102 44 45 105 106 48 49 109 110 141 51 50 112 8 55 54 116 9 59 58 120 12 63 62 124 67 68 127 128 71 72 131 132 75 76 134 135 79 80 137 5 24 83 82 138 27 87 86 142 30 91 90 145 34 95 94 99 100 149 150 103 104 152 14 107 108 153 17 111 1 20 52 114 113 154 56 118 117 60 122 121 64 129 130 159 35 133 3 38 136 4 42 6 84 140 139 88 92 151 13 65 15 18 115 36 
149 113 106 103 129 128 159 120 56 84 138 139 49 76 134 135 131 72 133 100 151 150 65 63 91 90 145 86 87 88 114 115 154 155 78 79 80 107 108 153 17 102 152 104 15 130 36 35 97 93 34 95 60 122 121 158 116 117 118 119 140 141 160 50 109 110 111 1 136 4 42 43 132 38 3 40 13 67 66 127 62 124 64 126 92 147 146 57 142 143 144 8 156 24 81 82 137 5 6 7 18 19 73 74 14 69 16 71 37 99 98 94 148 96 11 123 29 28 89 157 25 26 27 51 52 112 20 21 22 23 44 45 105 39 101 41 68 125 31 2 33 9 59 58 53 54 55 83 46 47 48 75 70 10 61 12 30 85 77 32 
150 112 153 104 130 159 35 58 55 83 82 138 111 136 135 42 132 133 3 151 13 65 66 12 30 89 90 85 27 87 52 114 113 154 137 80 6 108 18 17 73 152 14 15 16 36 37 97 98 32 33 34 59 60 120 121 54 116 56 118 84 140 139 160 110 20 1 22 4 44 43 105 38 39 40 41 67 68 127 128 61 62 63 64 91 92 145 146 86 142 88 144 115 156 155 81 5 46 7 48 19 75 74 134 69 70 71 72 99 100 149 93 94 95 96 122 123 158 28 117 157 119 26 141 51 50 21 77 23 79 45 107 106 101 102 103 129 124 125 126 2 147 9 57 143 53 8 24 47 109 49 76 131 148 10 11 29 25 78 31 
151 52 108 152 159 130 36 59 54 82 83 84 110 135 136 4 133 132 38 150 65 13 67 61 89 30 91 27 85 86 112 113 114 115 80 137 5 153 17 18 19 104 15 14 69 35 97 37 99 33 32 93 58 120 60 122 55 56 116 117 138 139 140 141 111 1 20 21 42 43 44 45 3 40 39 101 66 127 68 129 12 63 62 124 90 145 92 147 87 88 142 143 154 155 156 24 6 7 46 47 73 74 75 76 16 71 70 131 98 149 100 34 95 94 148 121 158 123 29 118 119 157 25 160 50 51 22 23 77 78 105 106 107 41 103 102 128 64 126 125 31 146 57 9 144 8 53 81 48 49 109 134 72 96 11 10 28 26 79 2 
152 54 110 159 133 132 38 61 82 27 85 86 135 80 137 5 151 150 65 104 15 14 69 89 33 32 93 52 112 113 55 56 116 117 108 153 17 111 1 20 21 130 36 35 97 3 40 39 101 59 58 120 12 63 62 124 83 84 138 139 87 88 142 143 136 4 42 43 6 7 46 47 13 67 66 127 16 71 70 131 30 91 90 145 34 95 94 148 114 115 154 155 118 119 157 25 18 19 73 74 22 23 77 78 37 99 98 149 41 103 102 60 122 121 158 64 126 125 31 140 141 160 50 144 8 53 44 45 105 106 48 49 109 68 129 128 72 92 147 146 57 96 11 10 156 24 81 26 75 76 134 79 100 123 29 28 2 51 107 9 
153 89 159 111 136 135 42 112 33 59 58 120 133 151 150 65 137 80 6 108 18 17 73 55 83 82 138 61 12 63 30 91 90 145 152 104 15 130 36 35 97 110 20 1 22 4 44 43 105 85 27 87 52 114 113 154 32 93 34 95 60 122 121 158 132 38 3 40 13 67 66 127 5 46 7 48 19 75 74 134 54 116 56 118 84 140 139 160 62 124 64 126 92 147 146 57 14 69 16 71 37 99 98 149 21 77 23 79 45 107 106 86 142 88 144 115 156 155 81 94 148 96 11 123 29 28 39 101 41 103 68 129 128 47 109 49 76 117 157 119 26 141 51 50 125 31 2 9 70 131 72 100 78 143 53 8 24 10 102 25 
154 127 121 118 140 139 160 74 71 99 98 149 64 92 145 146 142 88 144 115 156 155 81 23 45 105 106 101 41 103 68 129 128 159 94 95 96 122 123 158 28 117 157 119 26 141 51 50 112 47 48 49 75 76 134 135 70 131 72 133 100 151 150 65 124 125 126 2 147 9 57 58 143 53 8 55 24 83 82 138 77 78 79 80 107 108 153 17 102 152 104 15 130 36 35 97 148 10 11 12 29 30 89 90 25 85 27 87 52 114 113 109 110 111 1 136 4 42 43 132 38 3 40 13 67 66 31 32 33 34 59 60 120 54 116 56 84 137 5 6 7 18 19 73 14 69 16 37 61 62 63 91 86 20 21 22 44 39 93 46 
155 66 158 119 141 160 50 73 16 37 97 98 126 147 146 57 143 144 8 156 24 81 82 22 44 43 105 39 40 41 67 68 127 128 148 96 11 123 29 28 89 157 25 26 27 51 52 112 113 46 7 48 19 75 74 134 69 70 71 72 99 100 149 150 125 31 2 33 9 59 58 120 53 54 55 56 83 84 138 139 21 77 23 79 45 107 106 153 101 102 103 104 129 130 159 35 10 61 12 63 30 91 90 145 85 86 87 88 114 115 154 47 109 49 111 76 136 135 42 131 132 133 3 151 13 65 32 93 34 95 60 122 121 116 117 118 140 78 137 80 6 108 18 17 152 14 15 36 62 124 64 92 142 110 20 1 4 38 94 5 
156 67 123 157 160 141 51 19 69 97 37 99 125 146 147 9 144 143 53 155 81 24 83 21 43 44 45 40 39 101 66 127 68 129 96 148 10 158 28 29 30 119 26 25 85 50 112 52 114 7 46 47 73 74 75 76 16 71 70 131 98 149 100 151 126 2 31 32 57 58 59 60 8 55 54 116 82 138 84 140 22 23 77 78 105 106 107 108 41 103 102 152 128 159 130 36 11 12 61 62 89 90 91 92 27 87 86 142 113 154 115 48 49 109 110 134 135 136 4 72 133 132 38 150 65 13 33 34 93 94 120 121 122 56 118 117 139 79 80 137 5 153 17 18 104 15 14 35 63 64 124 145 88 111 1 20 42 3 95 6 
157 69 125 160 144 143 53 21 97 40 39 101 146 96 148 10 156 155 81 119 26 25 85 43 7 46 47 67 66 127 16 71 70 131 123 158 28 126 2 31 32 141 51 50 112 8 55 54 116 19 73 74 22 23 77 78 37 99 98 149 41 103 102 152 147 9 57 58 11 12 61 62 24 83 82 138 27 87 86 142 44 45 105 106 48 49 109 110 68 129 128 159 72 133 132 38 29 30 89 90 33 34 93 94 52 114 113 154 56 118 117 75 76 134 135 79 80 137 5 100 151 150 65 104 15 14 59 60 120 121 63 64 124 84 140 139 88 107 108 153 17 111 1 20 130 36 35 3 91 92 145 95 115 136 4 42 6 13 122 18 
158 43 160 126 147 146 57 66 7 19 73 74 144 156 155 81 148 96 11 123 29 28 89 16 37 97 98 21 22 23 44 45 105 106 157 119 26 141 51 50 112 125 31 2 33 9 59 58 120 39 40 41 67 68 127 128 46 47 48 49 75 76 134 135 143 53 8 55 24 83 82 138 10 61 12 63 30 91 90 145 69 70 71 72 99 100 149 150 77 78 79 80 107 108 153 17 25 85 27 87 52 114 113 154 32 93 34 95 60 122 121 101 102 103 104 129 130 159 35 109 110 111 1 136 4 42 54 116 56 118 84 140 139 62 124 64 92 131 132 133 3 151 13 65 137 5 6 18 86 142 88 115 94 152 14 15 36 20 117 38 
159 82 135 133 151 150 65 89 27 52 112 113 80 108 153 17 152 104 15 130 36 35 97 33 59 58 120 54 55 56 83 84 138 139 110 111 1 136 4 42 43 132 38 3 40 13 67 66 127 61 12 63 30 91 90 145 85 86 87 88 114 115 154 155 137 5 6 7 18 19 73 74 14 69 16 71 37 99 98 149 32 93 34 95 60 122 121 158 116 117 118 119 140 141 160 50 20 21 22 23 44 45 105 106 39 101 41 103 68 129 128 62 124 64 126 92 147 146 57 142 143 144 8 156 24 81 46 47 48 49 75 76 134 70 131 72 100 94 148 96 11 123 29 28 157 25 26 51 77 78 79 107 102 125 31 2 9 53 109 10 
160 97 146 144 156 155 81 43 40 67 66 127 96 123 158 28 157 119 26 141 51 50 112 7 19 73 74 69 16 71 37 99 98 149 125 126 2 147 9 57 58 143 53 8 55 24 83 82 138 21 22 23 44 45 105 106 39 101 41 103 68 129 128 159 148 10 11 12 29 30 89 90 25 85 27 87 52 114 113 154 46 47 48 49 75 76 134 135 70 131 72 133 100 151 150 65 31 32 33 34 59 60 120 121 54 116 56 118 84 140 139 77 78 79 80 107 108 153 17 102 152 104 15 130 36 35 61 62 63 64 91 92 145 86 142 88 115 109 110 111 1 136 4 42 132 38 3 13 93 94 95 122 117 137 5 6 18 14 124 20 
