144 53
1 2 3 4 5 6 7 8 9 10 11 12 13 14 15 16 17 18 19 20 21 22 23 24 25 26 27 28 29 30 31 32 33 34 35 36 37 38 39 40 41 42 43 44 45 46 47 48 49 50 51 52 53 54 55 56 57 58 59 60 61 62 63 64 65 66 67 68 69 70 71 72 73 74 75 76 77 78 79 80 81 82 83 84 85 86 87 88 89 90 91 92 93 94 95 96 97 98 99 100 101 102 103 104 105 106 107 108 109 110 111 112 113 114 115 116 117 118 119 120 121 122 123 124 125 126 127 128 129 130 131 132 133 134 135 136 137 138 139 140 141 142 143 144 
2 4 8 9 10 11 12 13 5 17 18 19 25 26 27 28 29 30 31 32 33 34 35 36 14 37 38 39 1 20 21 45 46 47 48 49 55 56 57 58 59 60 61 62 63 64 65 66 67 68 69 70 71 72 3 40 41 73 74 75 76 77 6 7 50 51 52 83 84 85 86 87 91 92 93 94 95 96 97 98 99 100 101 102 103 104 105 106 107 108 15 16 78 79 80 109 110 111 112 113 22 23 24 88 89 117 118 119 121 122 123 124 125 126 127 128 129 130 131 132 42 43 44 114 115 133 134 135 53 54 120 137 138 139 140 141 142 81 82 136 143 90 144 116 
3 8 4 13 14 15 16 9 25 26 27 28 5 17 18 19 37 38 39 40 41 42 43 44 10 29 30 31 55 56 57 58 59 60 61 62 1 20 21 45 46 47 48 49 73 74 75 76 77 78 79 80 81 82 2 32 33 63 64 65 66 67 91 92 93 94 95 96 97 98 99 100 6 7 50 51 52 83 84 85 86 87 109 110 111 112 113 114 115 116 11 12 68 69 70 101 102 103 104 105 121 122 123 124 125 126 127 128 22 23 24 88 89 117 118 119 133 134 135 136 34 35 36 106 107 129 130 131 138 139 140 141 53 54 120 137 143 71 72 132 142 144 90 108 
4 9 13 5 17 18 19 25 10 29 30 31 14 37 38 39 1 20 21 45 46 47 48 49 26 55 56 57 2 32 33 63 64 65 66 67 3 40 41 73 74 75 76 77 6 7 50 51 52 83 84 85 86 87 8 58 59 91 92 93 94 95 11 12 68 69 70 101 102 103 104 105 15 16 78 79 80 109 110 111 112 113 22 23 24 88 89 117 118 119 27 28 96 97 98 121 122 123 124 125 34 35 36 106 107 129 130 131 42 43 44 114 115 133 134 135 53 54 120 137 60 61 62 126 127 138 139 140 71 72 132 142 81 82 136 143 90 99 100 141 144 108 116 128 
5 10 14 17 1 20 21 26 29 2 32 33 37 3 40 41 4 45 46 6 7 50 51 52 55 8 58 59 9 63 64 11 12 68 69 70 13 73 74 15 16 78 79 80 18 19 83 84 85 22 23 24 88 89 25 91 92 27 28 96 97 98 30 31 101 102 103 34 35 36 106 107 38 39 109 110 111 42 43 44 114 115 47 48 49 117 118 53 54 120 56 57 121 122 123 60 61 62 126 127 65 66 67 129 130 71 72 132 75 76 77 133 134 81 82 136 86 87 137 90 93 94 95 138 139 99 100 141 104 105 142 108 112 113 143 116 119 124 125 144 128 131 135 140 
6 11 42 18 20 22 23 60 30 32 34 35 75 78 3 81 45 47 48 50 51 1 53 54 93 96 8 99 63 65 66 68 69 2 71 72 109 13 112 14 114 15 16 116 83 84 4 86 87 5 88 89 7 90 121 25 124 26 126 27 28 128 101 102 9 104 105 10 106 107 12 108 37 133 38 39 135 40 41 136 43 44 17 117 118 19 119 21 120 24 55 138 56 57 140 58 59 141 61 62 29 129 130 31 131 33 132 36 73 74 143 76 77 79 80 82 46 137 49 52 91 92 144 94 95 97 98 100 64 142 67 70 110 111 113 115 85 122 123 125 127 103 134 139 
7 36 16 19 21 23 24 62 67 70 72 2 39 41 43 44 46 48 49 51 52 53 54 1 95 98 100 8 103 105 9 107 10 108 11 12 74 76 77 79 80 81 82 3 84 85 86 87 4 88 89 5 90 6 123 125 25 127 26 128 27 28 130 29 131 30 31 132 32 33 34 35 110 111 112 113 13 114 115 14 116 15 117 118 17 119 18 120 20 22 139 55 140 56 57 141 58 59 60 61 142 63 64 65 66 68 69 71 133 134 37 135 38 136 40 42 137 45 47 50 144 91 92 93 94 96 97 99 101 102 104 106 143 73 75 78 83 121 122 124 126 129 109 138 
8 13 9 25 26 27 28 5 14 37 38 39 10 29 30 31 55 56 57 58 59 60 61 62 17 1 20 21 3 40 41 73 74 75 76 77 2 32 33 63 64 65 66 67 91 92 93 94 95 96 97 98 99 100 4 45 46 6 7 50 51 52 15 16 78 79 80 109 110 111 112 113 11 12 68 69 70 101 102 103 104 105 121 122 123 124 125 126 127 128 18 19 83 84 85 22 23 24 88 89 42 43 44 114 115 133 134 135 34 35 36 106 107 129 130 131 138 139 140 141 47 48 49 117 118 53 54 120 81 82 136 143 71 72 132 142 144 86 87 137 90 116 108 119 
9 5 25 10 29 30 31 14 17 1 20 21 26 55 56 57 2 32 33 63 64 65 66 67 37 3 40 41 4 45 46 6 7 50 51 52 8 58 59 91 92 93 94 95 11 12 68 69 70 101 102 103 104 105 13 73 74 15 16 78 79 80 18 19 83 84 85 22 23 24 88 89 27 28 96 97 98 121 122 123 124 125 34 35 36 106 107 129 130 131 38 39 109 110 111 42 43 44 114 115 47 48 49 117 118 53 54 120 60 61 62 126 127 138 139 140 71 72 132 142 75 76 77 133 134 81 82 136 86 87 137 90 99 100 141 144 108 112 113 143 116 119 128 135 
10 17 26 29 2 32 33 37 1 4 45 46 55 8 58 59 9 63 64 11 12 68 69 70 3 13 73 74 5 6 7 18 19 83 84 85 25 91 92 27 28 96 97 98 30 31 101 102 103 34 35 36 106 107 14 15 16 38 39 109 110 111 20 21 22 23 24 47 48 49 117 118 56 57 121 122 123 60 61 62 126 127 65 66 67 129 130 71 72 132 40 41 42 43 44 75 76 77 133 134 50 51 52 53 54 86 87 137 93 94 95 138 139 99 100 141 104 105 142 108 78 79 80 81 82 112 113 143 88 89 90 119 124 125 144 128 131 114 115 116 135 120 140 136 
11 18 60 30 32 34 35 75 20 45 47 48 93 96 8 99 63 65 66 68 69 2 71 72 78 109 13 112 6 50 51 83 84 4 86 87 121 25 124 26 126 27 28 128 101 102 9 104 105 10 106 107 12 108 42 14 114 37 133 38 39 135 22 23 5 88 89 17 117 118 19 119 55 138 56 57 140 58 59 141 61 62 29 129 130 31 131 33 132 36 3 81 40 41 136 73 74 143 76 77 1 53 54 21 120 46 137 49 91 92 144 94 95 97 98 100 64 142 67 70 15 16 116 79 80 110 111 113 7 90 52 85 122 123 125 127 103 43 44 115 134 24 139 82 
12 49 28 31 33 35 36 77 52 85 87 4 57 59 61 62 64 66 67 69 70 71 72 2 80 111 113 13 24 89 5 118 17 119 18 19 92 94 95 97 98 99 100 8 102 103 104 105 9 106 107 10 108 11 44 115 14 134 37 135 38 39 54 1 120 20 21 137 45 46 47 48 122 123 124 125 25 126 127 26 128 27 129 130 29 131 30 132 32 34 82 3 136 40 41 143 73 74 75 76 90 6 7 50 51 83 84 86 138 139 55 140 56 141 58 60 142 63 65 68 116 15 16 78 79 109 110 112 22 23 88 117 144 91 93 96 101 42 43 114 133 53 121 81 
13 25 5 14 37 38 39 10 26 55 56 57 17 1 20 21 3 40 41 73 74 75 76 77 29 2 32 33 8 58 59 91 92 93 94 95 4 45 46 6 7 50 51 52 15 16 78 79 80 109 110 111 112 113 9 63 64 11 12 68 69 70 27 28 96 97 98 121 122 123 124 125 18 19 83 84 85 22 23 24 88 89 42 43 44 114 115 133 134 135 30 31 101 102 103 34 35 36 106 107 60 61 62 126 127 138 139 140 47 48 49 117 118 53 54 120 81 82 136 143 65 66 67 129 130 71 72 132 99 100 141 144 86 87 137 90 116 104 105 142 108 128 119 131 
14 26 17 37 3 40 41 29 55 8 58 59 1 4 45 46 13 73 74 15 16 78 79 80 2 9 63 64 25 91 92 27 28 96 97 98 5 6 7 18 19 83 84 85 38 39 109 110 111 42 43 44 114 115 10 11 12 30 31 101 102 103 56 57 121 122 123 60 61 62 126 127 20 21 22 23 24 47 48 49 117 118 75 76 77 133 134 81 82 136 32 33 34 35 36 65 66 67 129 130 93 94 95 138 139 99 100 141 50 51 52 53 54 86 87 137 112 113 143 116 68 69 70 71 72 104 105 142 124 125 144 128 88 89 90 119 135 106 107 108 131 140 120 132 
15 27 47 38 40 42 43 65 56 58 60 61 50 83 4 86 73 75 76 78 79 3 81 82 68 101 9 104 91 93 94 96 97 8 99 100 22 5 88 17 117 18 19 119 109 110 13 112 113 14 114 115 16 116 34 10 106 29 129 30 31 131 121 122 25 124 125 26 126 127 28 128 1 53 20 21 120 45 46 137 48 49 37 133 134 39 135 41 136 44 2 71 32 33 132 63 64 142 66 67 55 138 139 57 140 59 141 62 6 7 90 51 52 84 85 87 74 143 77 80 11 12 108 69 70 102 103 105 92 144 95 98 23 24 89 118 111 35 36 107 130 123 54 72 
16 62 19 39 41 43 44 67 95 98 100 8 21 46 48 49 74 76 77 79 80 81 82 3 70 103 105 9 123 125 25 127 26 128 27 28 7 51 52 84 85 86 87 4 110 111 112 113 13 114 115 14 116 15 36 107 10 130 29 131 30 31 139 55 140 56 57 141 58 59 60 61 23 24 88 89 5 117 118 17 119 18 133 134 37 135 38 136 40 42 72 2 132 32 33 142 63 64 65 66 144 91 92 93 94 96 97 99 53 54 1 120 20 137 45 47 143 73 75 78 108 11 12 68 69 101 102 104 121 122 124 126 90 6 50 83 109 34 35 106 129 138 22 71 
17 29 37 1 4 45 46 55 2 9 63 64 3 13 73 74 5 6 7 18 19 83 84 85 8 25 91 92 10 11 12 30 31 101 102 103 14 15 16 38 39 109 110 111 20 21 22 23 24 47 48 49 117 118 26 27 28 56 57 121 122 123 32 33 34 35 36 65 66 67 129 130 40 41 42 43 44 75 76 77 133 134 50 51 52 53 54 86 87 137 58 59 60 61 62 93 94 95 138 139 68 69 70 71 72 104 105 142 78 79 80 81 82 112 113 143 88 89 90 119 96 97 98 99 100 124 125 144 106 107 108 131 114 115 116 135 120 126 127 128 140 132 136 141 
18 30 75 20 45 47 48 93 32 63 65 66 78 109 13 112 6 50 51 83 84 4 86 87 96 121 25 124 11 68 69 101 102 9 104 105 42 14 114 37 133 38 39 135 22 23 5 88 89 17 117 118 19 119 60 26 126 55 138 56 57 140 34 35 10 106 107 29 129 130 31 131 3 81 40 41 136 73 74 143 76 77 1 53 54 21 120 46 137 49 8 99 58 59 141 91 92 144 94 95 2 71 72 33 132 64 142 67 15 16 116 79 80 110 111 113 7 90 52 85 27 28 128 97 98 122 123 125 12 108 70 103 43 44 115 134 24 61 62 127 139 36 82 100 
19 67 39 21 46 48 49 95 70 103 105 9 41 74 76 77 7 51 52 84 85 86 87 4 98 123 125 25 36 107 10 130 29 131 30 31 16 79 80 110 111 112 113 13 23 24 88 89 5 117 118 17 119 18 62 127 26 139 55 140 56 57 72 2 132 32 33 142 63 64 65 66 43 44 114 115 14 133 134 37 135 38 53 54 1 120 20 137 45 47 100 8 141 58 59 144 91 92 93 94 108 11 12 68 69 101 102 104 81 82 3 136 40 143 73 75 90 6 50 83 128 27 28 96 97 121 122 124 34 35 106 129 116 15 78 109 22 60 61 126 138 71 42 99 
20 32 78 45 6 50 51 96 63 11 68 69 109 42 14 114 18 83 84 22 23 5 88 89 121 60 26 126 30 101 102 34 35 10 106 107 75 37 133 3 81 40 41 136 47 48 17 117 118 1 53 54 21 120 93 55 138 8 99 58 59 141 65 66 29 129 130 2 71 72 33 132 13 112 73 74 143 15 16 116 79 80 4 86 87 46 137 7 90 52 25 124 91 92 144 27 28 128 97 98 9 104 105 64 142 12 108 70 38 39 135 110 111 43 44 115 19 119 85 24 56 57 140 122 123 61 62 127 31 131 103 36 76 77 134 82 49 94 95 139 100 67 113 125 
21 70 41 46 7 51 52 98 103 36 107 10 74 16 79 80 19 84 85 23 24 88 89 5 123 62 127 26 67 130 29 72 2 132 32 33 39 110 111 43 44 114 115 14 48 49 117 118 17 53 54 1 120 20 95 139 55 100 8 141 58 59 105 9 142 63 64 108 11 12 68 69 76 77 133 134 37 81 82 3 136 40 86 87 4 137 45 90 6 50 125 25 144 91 92 128 27 28 96 97 131 30 31 101 102 34 35 106 112 113 13 143 73 116 15 78 119 18 83 22 140 56 57 121 122 60 61 126 65 66 129 71 135 38 109 42 47 93 94 138 99 104 75 124 
22 34 15 47 50 1 53 27 65 68 2 71 38 40 42 43 83 4 86 5 88 6 7 90 56 58 60 61 101 9 104 10 106 11 12 108 73 75 76 78 79 3 81 82 17 117 18 19 119 20 21 120 23 24 91 93 94 96 97 8 99 100 29 129 30 31 131 32 33 132 35 36 109 110 13 112 113 14 114 115 16 116 45 46 137 48 49 51 52 54 121 122 25 124 125 26 126 127 28 128 63 64 142 66 67 69 70 72 37 133 134 39 135 41 136 44 84 85 87 89 55 138 139 57 140 59 141 62 102 103 105 107 74 143 77 80 118 92 144 95 98 130 111 123 
23 72 81 48 51 53 54 128 105 107 108 11 112 114 16 116 84 86 87 88 89 7 90 6 140 141 62 60 130 131 30 132 32 36 34 35 133 39 135 41 136 43 44 42 117 118 19 119 18 21 120 20 24 22 144 95 93 98 96 100 8 99 142 63 67 65 66 70 68 69 2 71 74 143 76 77 75 79 80 78 82 3 46 137 45 49 47 52 50 1 123 121 125 25 124 127 26 126 27 28 103 101 102 9 104 10 106 12 110 111 109 113 13 115 14 15 85 83 4 5 139 55 138 56 57 58 59 61 29 129 31 33 134 37 38 40 17 91 92 94 97 64 73 122 
24 12 44 49 52 54 1 28 31 33 35 36 77 80 82 3 85 87 4 89 5 90 6 7 57 59 61 62 64 66 67 69 70 71 72 2 111 113 13 115 14 116 15 16 118 17 119 18 19 120 20 21 22 23 92 94 95 97 98 99 100 8 102 103 104 105 9 106 107 10 108 11 134 37 135 38 39 136 40 41 42 43 137 45 46 47 48 50 51 53 122 123 124 125 25 126 127 26 128 27 129 130 29 131 30 132 32 34 143 73 74 75 76 78 79 81 83 84 86 88 138 139 55 140 56 141 58 60 142 63 65 68 109 110 112 114 117 144 91 93 96 101 133 121 
25 14 10 26 55 56 57 17 37 3 40 41 29 2 32 33 8 58 59 91 92 93 94 95 1 4 45 46 13 73 74 15 16 78 79 80 9 63 64 11 12 68 69 70 27 28 96 97 98 121 122 123 124 125 5 6 7 18 19 83 84 85 38 39 109 110 111 42 43 44 114 115 30 31 101 102 103 34 35 36 106 107 60 61 62 126 127 138 139 140 20 21 22 23 24 47 48 49 117 118 75 76 77 133 134 81 82 136 65 66 67 129 130 71 72 132 99 100 141 144 50 51 52 53 54 86 87 137 112 113 143 116 104 105 142 108 128 88 89 90 119 135 131 120 
26 37 29 55 8 58 59 1 3 13 73 74 2 9 63 64 25 91 92 27 28 96 97 98 4 5 6 7 14 15 16 38 39 109 110 111 10 11 12 30 31 101 102 103 56 57 121 122 123 60 61 62 126 127 17 18 19 20 21 22 23 24 40 41 42 43 44 75 76 77 133 134 32 33 34 35 36 65 66 67 129 130 93 94 95 138 139 99 100 141 45 46 47 48 49 50 51 52 53 54 78 79 80 81 82 112 113 143 68 69 70 71 72 104 105 142 124 125 144 128 83 84 85 86 87 88 89 90 114 115 116 135 106 107 108 131 140 117 118 119 120 136 132 137 
27 38 65 56 58 60 61 50 40 73 75 76 68 101 9 104 91 93 94 96 97 8 99 100 83 22 5 88 15 78 79 109 110 13 112 113 34 10 106 29 129 30 31 131 121 122 25 124 125 26 126 127 28 128 47 17 117 1 53 20 21 120 42 43 14 114 115 37 133 134 39 135 2 71 32 33 132 63 64 142 66 67 55 138 139 57 140 59 141 62 4 86 45 46 137 6 7 90 51 52 3 81 82 41 136 74 143 77 11 12 108 69 70 102 103 105 92 144 95 98 18 19 119 84 85 23 24 89 16 116 80 111 35 36 107 130 123 48 49 118 54 44 72 87 
28 77 31 57 59 61 62 52 80 111 113 13 33 64 66 67 92 94 95 97 98 99 100 8 85 24 89 5 44 115 14 134 37 135 38 39 12 69 70 102 103 104 105 9 122 123 124 125 25 126 127 26 128 27 49 118 17 54 1 120 20 21 82 3 136 40 41 143 73 74 75 76 35 36 106 107 10 129 130 29 131 30 138 139 55 140 56 141 58 60 87 4 137 45 46 90 6 7 50 51 116 15 16 78 79 109 110 112 71 72 2 132 32 142 63 65 144 91 93 96 119 18 19 83 84 22 23 88 42 43 114 133 108 11 68 101 121 47 48 117 53 81 34 86 
29 1 55 2 9 63 64 3 4 5 6 7 8 25 91 92 10 11 12 30 31 101 102 103 13 14 15 16 17 18 19 20 21 22 23 24 26 27 28 56 57 121 122 123 32 33 34 35 36 65 66 67 129 130 37 38 39 40 41 42 43 44 45 46 47 48 49 50 51 52 53 54 58 59 60 61 62 93 94 95 138 139 68 69 70 71 72 104 105 142 73 74 75 76 77 78 79 80 81 82 83 84 85 86 87 88 89 90 96 97 98 99 100 124 125 144 106 107 108 131 109 110 111 112 113 114 115 116 117 118 119 120 126 127 128 140 132 133 134 135 136 137 141 143 
30 20 93 32 63 65 66 78 45 6 50 51 96 121 25 124 11 68 69 101 102 9 104 105 109 42 14 114 18 83 84 22 23 5 88 89 60 26 126 55 138 56 57 140 34 35 10 106 107 29 129 130 31 131 75 37 133 3 81 40 41 136 47 48 17 117 118 1 53 54 21 120 8 99 58 59 141 91 92 144 94 95 2 71 72 33 132 64 142 67 13 112 73 74 143 15 16 116 79 80 4 86 87 46 137 7 90 52 27 28 128 97 98 122 123 125 12 108 70 103 38 39 135 110 111 43 44 115 19 119 85 24 61 62 127 139 36 76 77 134 82 49 100 113 
31 52 57 33 64 66 67 80 85 24 89 5 59 92 94 95 12 69 70 102 103 104 105 9 111 44 115 14 49 118 17 54 1 120 20 21 28 97 98 122 123 124 125 25 35 36 106 107 10 129 130 29 131 30 77 134 37 82 3 136 40 41 87 4 137 45 46 90 6 7 50 51 61 62 126 127 26 138 139 55 140 56 71 72 2 132 32 142 63 65 113 13 143 73 74 116 15 16 78 79 119 18 19 83 84 22 23 88 99 100 8 141 58 144 91 93 108 11 68 101 135 38 39 109 110 42 43 114 47 48 117 53 128 27 96 121 34 75 76 133 81 86 60 112 
32 45 96 63 11 68 69 109 6 18 83 84 121 60 26 126 30 101 102 34 35 10 106 107 42 75 37 133 20 22 23 47 48 17 117 118 93 55 138 8 99 58 59 141 65 66 29 129 130 2 71 72 33 132 78 3 81 13 112 73 74 143 50 51 1 53 54 4 86 87 46 137 25 124 91 92 144 27 28 128 97 98 9 104 105 64 142 12 108 70 14 114 15 16 116 38 39 135 110 111 5 88 89 7 90 19 119 85 56 57 140 122 123 61 62 127 31 131 103 36 40 41 136 43 44 76 77 134 21 120 24 49 94 95 139 100 67 79 80 82 113 52 125 115 
33 85 59 64 12 69 70 111 24 49 118 17 92 28 97 98 31 102 103 35 36 106 107 10 44 77 134 37 52 54 1 87 4 137 45 46 57 122 123 61 62 126 127 26 66 67 129 130 29 71 72 2 132 32 80 82 3 113 13 143 73 74 89 5 90 6 7 119 18 19 83 84 94 95 138 139 55 99 100 8 141 58 104 105 9 142 63 108 11 68 115 14 116 15 16 135 38 39 109 110 120 20 21 22 23 47 48 117 124 125 25 144 91 128 27 96 131 30 101 34 136 40 41 42 43 75 76 133 50 51 53 86 140 56 121 60 65 78 79 81 112 88 93 114 
34 47 27 65 68 2 71 38 50 83 4 86 56 58 60 61 101 9 104 10 106 11 12 108 40 73 75 76 22 5 88 17 117 18 19 119 91 93 94 96 97 8 99 100 29 129 30 31 131 32 33 132 35 36 15 78 79 109 110 13 112 113 1 53 20 21 120 45 46 137 48 49 121 122 25 124 125 26 126 127 28 128 63 64 142 66 67 69 70 72 42 43 14 114 115 37 133 134 39 135 6 7 90 51 52 84 85 87 55 138 139 57 140 59 141 62 102 103 105 107 3 81 82 41 136 74 143 77 23 24 89 118 92 144 95 98 130 16 116 80 111 54 123 44 
35 87 99 66 69 71 72 135 89 118 119 18 124 126 28 128 102 104 105 106 107 12 108 11 136 143 77 75 54 120 20 137 45 49 47 48 138 57 140 59 141 61 62 60 129 130 31 131 30 33 132 32 36 34 116 80 78 111 109 113 13 112 90 6 52 50 51 85 83 84 4 86 92 144 94 95 93 97 98 96 100 8 64 142 63 67 65 70 68 2 44 42 115 14 114 134 37 133 38 39 24 22 23 5 88 17 117 19 122 123 121 125 25 127 26 27 103 101 9 10 82 3 81 40 41 73 74 76 1 53 21 46 139 55 56 58 29 15 16 79 110 7 91 43 
36 19 62 67 70 72 2 39 21 46 48 49 95 98 100 8 103 105 9 107 10 108 11 12 41 74 76 77 7 51 52 84 85 86 87 4 123 125 25 127 26 128 27 28 130 29 131 30 31 132 32 33 34 35 16 79 80 110 111 112 113 13 23 24 88 89 5 117 118 17 119 18 139 55 140 56 57 141 58 59 60 61 142 63 64 65 66 68 69 71 43 44 114 115 14 133 134 37 135 38 53 54 1 120 20 137 45 47 144 91 92 93 94 96 97 99 101 102 104 106 81 82 3 136 40 143 73 75 90 6 50 83 121 122 124 126 129 116 15 78 109 22 138 42 
37 55 1 3 13 73 74 2 8 25 91 92 4 5 6 7 14 15 16 38 39 109 110 111 9 10 11 12 26 27 28 56 57 121 122 123 17 18 19 20 21 22 23 24 40 41 42 43 44 75 76 77 133 134 29 30 31 32 33 34 35 36 58 59 60 61 62 93 94 95 138 139 45 46 47 48 49 50 51 52 53 54 78 79 80 81 82 112 113 143 63 64 65 66 67 68 69 70 71 72 96 97 98 99 100 124 125 144 83 84 85 86 87 88 89 90 114 115 116 135 101 102 103 104 105 106 107 108 126 127 128 140 117 118 119 120 136 129 130 131 132 141 137 142 
38 56 50 40 73 75 76 68 58 91 93 94 83 22 5 88 15 78 79 109 110 13 112 113 101 34 10 106 27 96 97 121 122 25 124 125 47 17 117 1 53 20 21 120 42 43 14 114 115 37 133 134 39 135 65 29 129 2 71 32 33 132 60 61 26 126 127 55 138 139 57 140 4 86 45 46 137 6 7 90 51 52 3 81 82 41 136 74 143 77 9 104 63 64 142 11 12 108 69 70 8 99 100 59 141 92 144 95 18 19 119 84 85 23 24 89 16 116 80 111 30 31 131 102 103 35 36 107 28 128 98 123 48 49 118 54 44 66 67 130 72 62 87 105 
39 95 21 41 74 76 77 70 98 123 125 25 46 7 51 52 16 79 80 110 111 112 113 13 103 36 107 10 62 127 26 139 55 140 56 57 19 84 85 23 24 88 89 5 43 44 114 115 14 133 134 37 135 38 67 130 29 72 2 132 32 33 100 8 141 58 59 144 91 92 93 94 48 49 117 118 17 53 54 1 120 20 81 82 3 136 40 143 73 75 105 9 142 63 64 108 11 12 68 69 128 27 28 96 97 121 122 124 86 87 4 137 45 90 6 50 116 15 78 109 131 30 31 101 102 34 35 106 60 61 126 138 119 18 83 22 42 65 66 129 71 99 47 104 
40 58 83 73 15 78 79 101 91 27 96 97 22 47 17 117 38 109 110 42 43 14 114 115 34 65 29 129 56 121 122 60 61 26 126 127 50 1 53 4 86 45 46 137 75 76 37 133 134 3 81 82 41 136 68 2 71 9 104 63 64 142 93 94 55 138 139 8 99 100 59 141 5 88 6 7 90 18 19 119 84 85 13 112 113 74 143 16 116 80 10 106 11 12 108 30 31 131 102 103 25 124 125 92 144 28 128 98 20 21 120 23 24 48 49 118 39 135 111 44 32 33 132 35 36 66 67 130 57 140 123 62 51 52 54 87 77 69 70 72 105 95 89 107 
41 98 46 74 16 79 80 103 123 62 127 26 7 19 84 85 39 110 111 43 44 114 115 14 36 67 130 29 95 139 55 100 8 141 58 59 21 23 24 48 49 117 118 17 76 77 133 134 37 81 82 3 136 40 70 72 2 105 9 142 63 64 125 25 144 91 92 128 27 28 96 97 51 52 53 54 1 86 87 4 137 45 112 113 13 143 73 116 15 78 107 10 108 11 12 131 30 31 101 102 140 56 57 121 122 60 61 126 88 89 5 90 6 119 18 83 135 38 109 42 132 32 33 34 35 65 66 129 93 94 138 99 120 20 22 47 75 68 69 71 104 124 50 106 
42 60 18 75 78 3 81 30 93 96 8 99 20 45 47 48 109 13 112 14 114 15 16 116 32 63 65 66 121 25 124 26 126 27 28 128 6 50 51 83 84 4 86 87 37 133 38 39 135 40 41 136 43 44 11 68 69 101 102 9 104 105 55 138 56 57 140 58 59 141 61 62 22 23 5 88 89 17 117 118 19 119 73 74 143 76 77 79 80 82 34 35 10 106 107 29 129 130 31 131 91 92 144 94 95 97 98 100 1 53 54 21 120 46 137 49 110 111 113 115 2 71 72 33 132 64 142 67 122 123 125 127 7 90 52 85 134 12 108 70 103 139 24 36 
43 100 86 76 79 81 82 131 125 127 128 27 88 117 19 119 110 112 113 114 115 16 116 15 132 142 67 65 139 140 56 141 58 62 60 61 53 21 120 46 137 48 49 47 133 134 39 135 38 41 136 40 44 42 108 70 68 103 101 105 9 104 144 91 95 93 94 98 96 97 8 99 7 90 51 52 50 84 85 83 87 4 74 143 73 77 75 80 78 3 36 34 107 10 106 130 29 129 30 31 123 121 122 25 124 26 126 28 23 24 22 89 5 118 17 18 111 109 13 14 72 2 71 32 33 63 64 66 55 138 57 59 54 1 20 45 37 11 12 69 102 92 6 35 
44 28 49 77 80 82 3 31 57 59 61 62 52 85 87 4 111 113 13 115 14 116 15 16 33 64 66 67 92 94 95 97 98 99 100 8 24 89 5 118 17 119 18 19 134 37 135 38 39 136 40 41 42 43 12 69 70 102 103 104 105 9 122 123 124 125 25 126 127 26 128 27 54 1 120 20 21 137 45 46 47 48 143 73 74 75 76 78 79 81 35 36 106 107 10 129 130 29 131 30 138 139 55 140 56 141 58 60 90 6 7 50 51 83 84 86 109 110 112 114 71 72 2 132 32 142 63 65 144 91 93 96 22 23 88 117 133 108 11 68 101 121 53 34 
45 63 109 6 18 83 84 121 11 30 101 102 42 75 37 133 20 22 23 47 48 17 117 118 60 93 55 138 32 34 35 65 66 29 129 130 78 3 81 13 112 73 74 143 50 51 1 53 54 4 86 87 46 137 96 8 99 25 124 91 92 144 68 69 2 71 72 9 104 105 64 142 14 114 15 16 116 38 39 135 110 111 5 88 89 7 90 19 119 85 26 126 27 28 128 56 57 140 122 123 10 106 107 12 108 31 131 103 40 41 136 43 44 76 77 134 21 120 24 49 58 59 141 61 62 94 95 139 33 132 36 67 79 80 82 113 52 97 98 100 125 70 115 127 
46 103 74 7 19 84 85 123 36 67 130 29 16 39 110 111 21 23 24 48 49 117 118 17 62 95 139 55 70 72 2 105 9 142 63 64 41 43 44 76 77 133 134 37 51 52 53 54 1 86 87 4 137 45 98 100 8 125 25 144 91 92 107 10 108 11 12 131 30 31 101 102 79 80 81 82 3 112 113 13 143 73 88 89 5 90 6 119 18 83 127 26 128 27 28 140 56 57 121 122 132 32 33 34 35 65 66 129 114 115 14 116 15 135 38 109 120 20 22 47 141 58 59 60 61 93 94 138 68 69 71 104 136 40 42 75 50 96 97 99 124 106 78 126 
47 65 38 50 83 4 86 56 68 101 9 104 40 73 75 76 22 5 88 17 117 18 19 119 58 91 93 94 34 10 106 29 129 30 31 131 15 78 79 109 110 13 112 113 1 53 20 21 120 45 46 137 48 49 27 96 97 121 122 25 124 125 2 71 32 33 132 63 64 142 66 67 42 43 14 114 115 37 133 134 39 135 6 7 90 51 52 84 85 87 60 61 26 126 127 55 138 139 57 140 11 12 108 69 70 102 103 105 3 81 82 41 136 74 143 77 23 24 89 118 8 99 100 59 141 92 144 95 35 36 107 130 16 116 80 111 54 28 128 98 123 72 44 62 
48 105 112 51 84 86 87 140 107 130 131 30 114 133 39 135 23 88 89 117 118 19 119 18 141 144 95 93 72 132 32 142 63 67 65 66 81 41 136 74 143 76 77 75 53 54 21 120 20 46 137 45 49 47 128 98 96 123 121 125 25 124 108 11 70 68 69 103 101 102 9 104 16 116 79 80 78 110 111 109 113 13 7 90 6 52 50 85 83 4 62 60 127 26 126 139 55 138 56 57 36 34 35 10 106 29 129 31 43 44 42 115 14 134 37 38 24 22 5 17 100 8 99 58 59 91 92 94 2 71 33 64 82 3 40 73 1 27 28 97 122 12 15 61 
49 31 77 52 85 87 4 57 33 64 66 67 80 111 113 13 24 89 5 118 17 119 18 19 59 92 94 95 12 69 70 102 103 104 105 9 44 115 14 134 37 135 38 39 54 1 120 20 21 137 45 46 47 48 28 97 98 122 123 124 125 25 35 36 106 107 10 129 130 29 131 30 82 3 136 40 41 143 73 74 75 76 90 6 7 50 51 83 84 86 61 62 126 127 26 138 139 55 140 56 71 72 2 132 32 142 63 65 116 15 16 78 79 109 110 112 22 23 88 117 99 100 8 141 58 144 91 93 108 11 68 101 42 43 114 133 53 128 27 96 121 34 81 60 
50 68 40 83 22 5 88 58 101 34 10 106 73 15 78 79 47 17 117 1 53 20 21 120 91 27 96 97 65 29 129 2 71 32 33 132 38 109 110 42 43 14 114 115 4 86 45 46 137 6 7 90 51 52 56 121 122 60 61 26 126 127 9 104 63 64 142 11 12 108 69 70 75 76 37 133 134 3 81 82 41 136 18 19 119 84 85 23 24 89 93 94 55 138 139 8 99 100 59 141 30 31 131 102 103 35 36 107 13 112 113 74 143 16 116 80 48 49 118 54 25 124 125 92 144 28 128 98 66 67 130 72 39 135 111 44 87 57 140 123 62 105 77 95 
51 107 114 84 23 88 89 141 130 72 132 32 133 81 41 136 48 117 118 53 54 21 120 20 144 128 98 96 105 142 63 108 11 70 68 69 112 74 143 16 116 79 80 78 86 87 46 137 45 7 90 6 52 50 140 123 121 62 60 127 26 126 131 30 103 101 102 36 34 35 10 106 39 135 110 111 109 43 44 42 115 14 19 119 18 85 83 24 22 5 95 93 139 55 138 100 8 99 58 59 67 65 66 29 129 2 71 33 76 77 75 134 37 82 3 40 49 47 17 1 125 25 124 91 92 27 28 97 9 104 64 12 113 13 73 15 4 56 57 122 61 31 38 94 
52 33 80 85 24 89 5 59 64 12 69 70 111 44 115 14 49 118 17 54 1 120 20 21 92 28 97 98 31 102 103 35 36 106 107 10 77 134 37 82 3 136 40 41 87 4 137 45 46 90 6 7 50 51 57 122 123 61 62 126 127 26 66 67 129 130 29 71 72 2 132 32 113 13 143 73 74 116 15 16 78 79 119 18 19 83 84 22 23 88 94 95 138 139 55 99 100 8 141 58 104 105 9 142 63 108 11 68 135 38 39 109 110 42 43 114 47 48 117 53 124 125 25 144 91 128 27 96 131 30 101 34 75 76 133 81 86 140 56 121 60 65 112 93 
53 108 43 86 88 7 90 100 131 132 36 34 76 79 81 82 117 19 119 21 120 23 24 22 125 127 128 27 142 67 65 70 68 72 2 71 110 112 113 114 115 16 116 15 46 137 48 49 47 51 52 50 54 1 139 140 56 141 58 62 60 61 103 101 105 9 104 107 10 106 11 12 133 134 39 135 38 41 136 40 44 42 84 85 83 87 4 89 5 6 144 91 95 93 94 98 96 97 8 99 130 29 129 30 31 32 33 35 74 143 73 77 75 80 78 3 118 17 18 20 123 121 122 25 124 26 126 28 63 64 66 69 111 109 13 14 45 55 138 57 59 102 37 92 
54 35 116 87 89 90 6 99 66 69 71 72 135 136 44 42 118 119 18 120 20 24 22 23 124 126 28 128 102 104 105 106 107 12 108 11 143 77 75 80 78 82 3 81 137 45 49 47 48 52 50 51 1 53 138 57 140 59 141 61 62 60 129 130 31 131 30 33 132 32 36 34 111 109 113 13 112 115 14 114 15 16 85 83 84 4 86 5 88 7 92 144 94 95 93 97 98 96 100 8 64 142 63 67 65 70 68 2 134 37 133 38 39 40 41 43 17 117 19 21 122 123 121 125 25 127 26 27 103 101 9 10 73 74 76 79 46 139 55 56 58 29 110 91 
55 3 2 8 25 91 92 4 13 14 15 16 9 10 11 12 26 27 28 56 57 121 122 123 5 17 18 19 37 38 39 40 41 42 43 44 29 30 31 32 33 34 35 36 58 59 60 61 62 93 94 95 138 139 1 20 21 45 46 47 48 49 73 74 75 76 77 78 79 80 81 82 63 64 65 66 67 68 69 70 71 72 96 97 98 99 100 124 125 144 6 7 50 51 52 83 84 85 86 87 109 110 111 112 113 114 115 116 101 102 103 104 105 106 107 108 126 127 128 140 22 23 24 88 89 117 118 119 133 134 135 136 129 130 131 132 141 53 54 120 137 143 142 90 
56 40 68 58 91 93 94 83 73 15 78 79 101 34 10 106 27 96 97 121 122 25 124 125 22 47 17 117 38 109 110 42 43 14 114 115 65 29 129 2 71 32 33 132 60 61 26 126 127 55 138 139 57 140 50 1 53 4 86 45 46 137 75 76 37 133 134 3 81 82 41 136 9 104 63 64 142 11 12 108 69 70 8 99 100 59 141 92 144 95 5 88 6 7 90 18 19 119 84 85 13 112 113 74 143 16 116 80 30 31 131 102 103 35 36 107 28 128 98 123 20 21 120 23 24 48 49 118 39 135 111 44 66 67 130 72 62 51 52 54 87 77 105 89 
57 80 33 59 92 94 95 85 111 44 115 14 64 12 69 70 28 97 98 122 123 124 125 25 24 49 118 17 77 134 37 82 3 136 40 41 31 102 103 35 36 106 107 10 61 62 126 127 26 138 139 55 140 56 52 54 1 87 4 137 45 46 113 13 143 73 74 116 15 16 78 79 66 67 129 130 29 71 72 2 132 32 99 100 8 141 58 144 91 93 89 5 90 6 7 119 18 19 83 84 135 38 39 109 110 42 43 114 104 105 9 142 63 108 11 68 128 27 96 121 120 20 21 22 23 47 48 117 75 76 133 81 131 30 101 34 60 50 51 53 86 112 65 88 
58 73 101 91 27 96 97 22 15 38 109 110 34 65 29 129 56 121 122 60 61 26 126 127 47 50 1 53 40 42 43 75 76 37 133 134 68 2 71 9 104 63 64 142 93 94 55 138 139 8 99 100 59 141 83 4 86 5 88 6 7 90 78 79 3 81 82 13 112 113 74 143 10 106 11 12 108 30 31 131 102 103 25 124 125 92 144 28 128 98 17 117 18 19 119 20 21 120 23 24 14 114 115 16 116 39 135 111 32 33 132 35 36 66 67 130 57 140 123 62 45 46 137 48 49 51 52 54 41 136 44 77 69 70 72 105 95 84 85 87 89 80 107 118 
59 111 64 92 28 97 98 24 44 77 134 37 12 31 102 103 57 122 123 61 62 126 127 26 49 52 54 1 80 82 3 113 13 143 73 74 33 35 36 66 67 129 130 29 94 95 138 139 55 99 100 8 141 58 85 87 4 89 5 90 6 7 115 14 116 15 16 135 38 39 109 110 69 70 71 72 2 104 105 9 142 63 124 125 25 144 91 128 27 96 118 17 119 18 19 120 20 21 22 23 136 40 41 42 43 75 76 133 106 107 10 108 11 131 30 101 140 56 121 60 137 45 46 47 48 50 51 53 78 79 81 112 132 32 34 65 93 83 84 86 88 114 68 117 
60 75 30 93 96 8 99 20 78 109 13 112 32 63 65 66 121 25 124 26 126 27 28 128 45 6 50 51 42 14 114 37 133 38 39 135 11 68 69 101 102 9 104 105 55 138 56 57 140 58 59 141 61 62 18 83 84 22 23 5 88 89 3 81 40 41 136 73 74 143 76 77 34 35 10 106 107 29 129 130 31 131 91 92 144 94 95 97 98 100 47 48 17 117 118 1 53 54 21 120 15 16 116 79 80 110 111 113 2 71 72 33 132 64 142 67 122 123 125 127 4 86 87 46 137 7 90 52 43 44 115 134 12 108 70 103 139 19 119 85 24 82 36 49 
61 113 104 94 97 99 100 120 115 134 135 38 106 129 31 131 122 124 125 126 127 28 128 27 137 90 52 50 82 136 40 143 73 77 75 76 71 33 132 64 142 66 67 65 138 139 57 140 56 59 141 58 62 60 119 85 83 24 22 89 5 88 116 15 80 78 79 111 109 110 13 112 12 108 69 70 68 102 103 101 105 9 92 144 91 95 93 98 96 8 49 47 118 17 117 54 1 53 20 21 44 42 43 14 114 37 133 39 35 36 34 107 10 130 29 30 123 121 25 26 87 4 86 45 46 6 7 51 3 81 41 74 72 2 32 63 55 18 19 84 23 16 11 48 
62 39 67 95 98 100 8 21 41 74 76 77 70 103 105 9 123 125 25 127 26 128 27 28 46 7 51 52 16 79 80 110 111 112 113 13 36 107 10 130 29 131 30 31 139 55 140 56 57 141 58 59 60 61 19 84 85 23 24 88 89 5 43 44 114 115 14 133 134 37 135 38 72 2 132 32 33 142 63 64 65 66 144 91 92 93 94 96 97 99 48 49 117 118 17 53 54 1 120 20 81 82 3 136 40 143 73 75 108 11 12 68 69 101 102 104 121 122 124 126 86 87 4 137 45 90 6 50 116 15 78 109 34 35 106 129 138 119 18 83 22 42 71 47 
63 6 121 11 30 101 102 42 18 20 22 23 60 93 55 138 32 34 35 65 66 29 129 130 75 78 3 81 45 47 48 50 51 1 53 54 96 8 99 25 124 91 92 144 68 69 2 71 72 9 104 105 64 142 109 13 112 14 114 15 16 116 83 84 4 86 87 5 88 89 7 90 26 126 27 28 128 56 57 140 122 123 10 106 107 12 108 31 131 103 37 133 38 39 135 40 41 136 43 44 17 117 118 19 119 21 120 24 58 59 141 61 62 94 95 139 33 132 36 67 73 74 143 76 77 79 80 82 46 137 49 52 97 98 100 125 70 110 111 113 115 85 127 134 
64 24 92 12 31 102 103 44 49 52 54 1 28 57 122 123 33 35 36 66 67 129 130 29 77 80 82 3 85 87 4 89 5 90 6 7 59 61 62 94 95 138 139 55 69 70 71 72 2 104 105 9 142 63 111 113 13 115 14 116 15 16 118 17 119 18 19 120 20 21 22 23 97 98 99 100 8 124 125 25 144 91 106 107 10 108 11 131 30 101 134 37 135 38 39 136 40 41 42 43 137 45 46 47 48 50 51 53 126 127 26 128 27 140 56 121 132 32 34 65 143 73 74 75 76 78 79 81 83 84 86 88 141 58 60 93 68 109 110 112 114 117 96 133 
65 50 56 68 101 9 104 40 83 22 5 88 58 91 93 94 34 10 106 29 129 30 31 131 73 15 78 79 47 17 117 1 53 20 21 120 27 96 97 121 122 25 124 125 2 71 32 33 132 63 64 142 66 67 38 109 110 42 43 14 114 115 4 86 45 46 137 6 7 90 51 52 60 61 26 126 127 55 138 139 57 140 11 12 108 69 70 102 103 105 75 76 37 133 134 3 81 82 41 136 18 19 119 84 85 23 24 89 8 99 100 59 141 92 144 95 35 36 107 130 13 112 113 74 143 16 116 80 48 49 118 54 28 128 98 123 72 39 135 111 44 87 62 77 
66 89 124 69 102 104 105 136 118 54 120 20 126 138 57 140 35 106 107 129 130 31 131 30 143 116 80 78 87 137 45 90 6 52 50 51 99 59 141 92 144 94 95 93 71 72 33 132 32 64 142 63 67 65 135 111 109 44 42 115 14 114 119 18 85 83 84 24 22 23 5 88 28 128 97 98 96 122 123 121 125 25 12 108 11 70 68 103 101 9 77 75 134 37 133 82 3 81 40 41 49 47 48 17 117 1 53 21 61 62 60 127 26 139 55 56 36 34 10 29 113 13 112 73 74 15 16 79 4 86 46 7 100 8 58 91 2 38 39 110 43 19 27 76 
67 21 95 70 103 105 9 41 46 7 51 52 98 123 125 25 36 107 10 130 29 131 30 31 74 16 79 80 19 84 85 23 24 88 89 5 62 127 26 139 55 140 56 57 72 2 132 32 33 142 63 64 65 66 39 110 111 43 44 114 115 14 48 49 117 118 17 53 54 1 120 20 100 8 141 58 59 144 91 92 93 94 108 11 12 68 69 101 102 104 76 77 133 134 37 81 82 3 136 40 86 87 4 137 45 90 6 50 128 27 28 96 97 121 122 124 34 35 106 129 112 113 13 143 73 116 15 78 119 18 83 22 60 61 126 138 71 135 38 109 42 47 99 75 
68 83 58 101 34 10 106 73 22 47 17 117 91 27 96 97 65 29 129 2 71 32 33 132 15 38 109 110 50 1 53 4 86 45 46 137 56 121 122 60 61 26 126 127 9 104 63 64 142 11 12 108 69 70 40 42 43 75 76 37 133 134 5 88 6 7 90 18 19 119 84 85 93 94 55 138 139 8 99 100 59 141 30 31 131 102 103 35 36 107 78 79 3 81 82 13 112 113 74 143 20 21 120 23 24 48 49 118 25 124 125 92 144 28 128 98 66 67 130 72 14 114 115 16 116 39 135 111 51 52 54 87 57 140 123 62 105 41 136 44 77 89 95 80 
69 118 126 102 35 106 107 143 54 87 137 45 138 99 59 141 66 129 130 71 72 33 132 32 116 135 111 109 89 90 6 119 18 85 83 84 124 92 144 28 128 97 98 96 104 105 64 142 63 12 108 11 70 68 136 44 42 77 75 134 37 133 120 20 24 22 23 49 47 48 17 117 57 140 122 123 121 61 62 60 127 26 31 131 30 103 101 36 34 10 80 78 82 3 81 113 13 112 73 74 52 50 51 1 53 4 86 46 94 95 93 139 55 100 8 58 67 65 29 2 115 14 114 15 16 38 39 110 5 88 7 19 125 25 91 27 9 40 41 43 76 21 56 79 
70 46 98 103 36 107 10 74 7 19 84 85 123 62 127 26 67 130 29 72 2 132 32 33 16 39 110 111 21 23 24 48 49 117 118 17 95 139 55 100 8 141 58 59 105 9 142 63 64 108 11 12 68 69 41 43 44 76 77 133 134 37 51 52 53 54 1 86 87 4 137 45 125 25 144 91 92 128 27 28 96 97 131 30 31 101 102 34 35 106 79 80 81 82 3 112 113 13 143 73 88 89 5 90 6 119 18 83 140 56 57 121 122 60 61 126 65 66 129 71 114 115 14 116 15 135 38 109 120 20 22 47 93 94 138 99 104 136 40 42 75 50 124 78 
71 119 61 104 106 12 108 113 120 137 49 47 94 97 99 100 129 31 131 33 132 35 36 34 115 134 135 38 90 52 50 85 83 87 4 86 122 124 125 126 127 28 128 27 64 142 66 67 65 69 70 68 72 2 82 136 40 143 73 77 75 76 24 22 89 5 88 118 17 117 18 19 138 139 57 140 56 59 141 58 62 60 102 103 101 105 9 107 10 11 116 15 80 78 79 111 109 110 13 112 54 1 53 20 21 45 46 48 92 144 91 95 93 98 96 8 130 29 30 32 44 42 43 14 114 37 133 39 6 7 51 84 123 121 25 26 63 3 81 41 74 23 55 16 
72 48 128 105 107 108 11 112 51 84 86 87 140 141 62 60 130 131 30 132 32 36 34 35 114 133 39 135 23 88 89 117 118 19 119 18 144 95 93 98 96 100 8 99 142 63 67 65 66 70 68 69 2 71 81 41 136 74 143 76 77 75 53 54 21 120 20 46 137 45 49 47 123 121 125 25 124 127 26 126 27 28 103 101 102 9 104 10 106 12 16 116 79 80 78 110 111 109 113 13 7 90 6 52 50 85 83 4 139 55 138 56 57 58 59 61 29 129 31 33 43 44 42 115 14 134 37 38 24 22 5 17 91 92 94 97 64 82 3 40 73 1 122 15 
73 91 22 15 38 109 110 34 27 56 121 122 47 50 1 53 40 42 43 75 76 37 133 134 65 68 2 71 58 60 61 93 94 55 138 139 83 4 86 5 88 6 7 90 78 79 3 81 82 13 112 113 74 143 101 9 104 10 106 11 12 108 96 97 8 99 100 25 124 125 92 144 17 117 18 19 119 20 21 120 23 24 14 114 115 16 116 39 135 111 29 129 30 31 131 32 33 132 35 36 26 126 127 28 128 57 140 123 45 46 137 48 49 51 52 54 41 136 44 77 63 64 142 66 67 69 70 72 59 141 62 95 84 85 87 89 80 102 103 105 107 98 118 130 
74 123 7 16 39 110 111 36 62 95 139 55 19 21 23 24 41 43 44 76 77 133 134 37 67 70 72 2 98 100 8 125 25 144 91 92 46 48 49 51 52 53 54 1 79 80 81 82 3 112 113 13 143 73 103 105 9 107 10 108 11 12 127 26 128 27 28 140 56 57 121 122 84 85 86 87 4 88 89 5 90 6 114 115 14 116 15 135 38 109 130 29 131 30 31 132 32 33 34 35 141 58 59 60 61 93 94 138 117 118 17 119 18 120 20 22 136 40 42 75 142 63 64 65 66 68 69 71 96 97 99 124 137 45 47 50 78 101 102 104 106 126 83 129 
75 93 20 78 109 13 112 32 96 121 25 124 45 6 50 51 42 14 114 37 133 38 39 135 63 11 68 69 60 26 126 55 138 56 57 140 18 83 84 22 23 5 88 89 3 81 40 41 136 73 74 143 76 77 30 101 102 34 35 10 106 107 8 99 58 59 141 91 92 144 94 95 47 48 17 117 118 1 53 54 21 120 15 16 116 79 80 110 111 113 65 66 29 129 130 2 71 72 33 132 27 28 128 97 98 122 123 125 4 86 87 46 137 7 90 52 43 44 115 134 9 104 105 64 142 12 108 70 61 62 127 139 19 119 85 24 82 31 131 103 36 100 49 67 
76 125 88 79 110 112 113 132 127 139 140 56 117 53 21 120 43 114 115 133 134 39 135 38 142 108 70 68 100 141 58 144 91 95 93 94 86 46 137 7 90 51 52 50 81 82 41 136 40 74 143 73 77 75 131 103 101 36 34 107 10 106 128 27 98 96 97 123 121 122 25 124 19 119 84 85 83 23 24 22 89 5 16 116 15 80 78 111 109 13 67 65 130 29 129 72 2 71 32 33 62 60 61 26 126 55 138 57 48 49 47 118 17 54 1 20 44 42 14 37 105 9 104 63 64 11 12 69 8 99 59 92 87 4 45 6 3 30 31 102 35 28 18 66 
77 57 52 80 111 113 13 33 59 92 94 95 85 24 89 5 44 115 14 134 37 135 38 39 64 12 69 70 28 97 98 122 123 124 125 25 49 118 17 54 1 120 20 21 82 3 136 40 41 143 73 74 75 76 31 102 103 35 36 106 107 10 61 62 126 127 26 138 139 55 140 56 87 4 137 45 46 90 6 7 50 51 116 15 16 78 79 109 110 112 66 67 129 130 29 71 72 2 132 32 99 100 8 141 58 144 91 93 119 18 19 83 84 22 23 88 42 43 114 133 104 105 9 142 63 108 11 68 128 27 96 121 47 48 117 53 81 131 30 101 34 60 86 65 
78 96 45 109 42 14 114 63 121 60 26 126 6 18 83 84 75 37 133 3 81 40 41 136 11 30 101 102 93 55 138 8 99 58 59 141 20 22 23 47 48 17 117 118 13 112 73 74 143 15 16 116 79 80 32 34 35 65 66 29 129 130 25 124 91 92 144 27 28 128 97 98 50 51 1 53 54 4 86 87 46 137 38 39 135 110 111 43 44 115 68 69 2 71 72 9 104 105 64 142 56 57 140 122 123 61 62 127 5 88 89 7 90 19 119 85 76 77 134 82 10 106 107 12 108 31 131 103 94 95 139 100 21 120 24 49 113 33 132 36 67 125 52 70 
79 127 117 110 43 114 115 142 139 100 141 58 53 86 46 137 76 133 134 81 82 41 136 40 108 131 103 101 125 144 91 128 27 98 96 97 88 7 90 19 119 84 85 83 112 113 74 143 73 16 116 15 80 78 132 36 34 67 65 130 29 129 140 56 123 121 122 62 60 61 26 126 21 120 23 24 22 48 49 47 118 17 39 135 38 111 109 44 42 14 70 68 72 2 71 105 9 104 63 64 95 93 94 55 138 8 99 59 51 52 50 54 1 87 4 45 77 75 37 3 107 10 106 11 12 30 31 102 25 124 92 28 89 5 6 18 13 32 33 35 66 57 20 69 
80 59 85 111 44 115 14 64 92 28 97 98 24 49 118 17 77 134 37 82 3 136 40 41 12 31 102 103 57 122 123 61 62 126 127 26 52 54 1 87 4 137 45 46 113 13 143 73 74 116 15 16 78 79 33 35 36 66 67 129 130 29 94 95 138 139 55 99 100 8 141 58 89 5 90 6 7 119 18 19 83 84 135 38 39 109 110 42 43 114 69 70 71 72 2 104 105 9 142 63 124 125 25 144 91 128 27 96 120 20 21 22 23 47 48 117 75 76 133 81 106 107 10 108 11 131 30 101 140 56 121 60 50 51 53 86 112 132 32 34 65 93 88 68 
81 128 48 112 114 16 116 105 140 141 62 60 51 84 86 87 133 39 135 41 136 43 44 42 107 130 131 30 144 95 93 98 96 100 8 99 23 88 89 117 118 19 119 18 74 143 76 77 75 79 80 78 82 3 72 132 32 142 63 67 65 66 123 121 125 25 124 127 26 126 27 28 53 54 21 120 20 46 137 45 49 47 110 111 109 113 13 115 14 15 108 11 70 68 69 103 101 102 9 104 139 55 138 56 57 58 59 61 7 90 6 52 50 85 83 4 134 37 38 40 36 34 35 10 106 29 129 31 91 92 94 97 24 22 5 17 73 2 71 33 64 122 1 12 
82 61 119 113 115 116 15 104 94 97 99 100 120 137 49 47 134 135 38 136 40 44 42 43 106 129 31 131 122 124 125 126 127 28 128 27 90 52 50 85 83 87 4 86 143 73 77 75 76 80 78 79 3 81 71 33 132 64 142 66 67 65 138 139 57 140 56 59 141 58 62 60 24 22 89 5 88 118 17 117 18 19 111 109 110 13 112 14 114 16 12 108 69 70 68 102 103 101 105 9 92 144 91 95 93 98 96 8 54 1 53 20 21 45 46 48 37 133 39 41 35 36 34 107 10 130 29 30 123 121 25 26 6 7 51 84 74 72 2 32 63 55 23 11 
83 101 73 22 47 17 117 91 34 65 29 129 15 38 109 110 50 1 53 4 86 45 46 137 27 56 121 122 68 2 71 9 104 63 64 142 40 42 43 75 76 37 133 134 5 88 6 7 90 18 19 119 84 85 58 60 61 93 94 55 138 139 10 106 11 12 108 30 31 131 102 103 78 79 3 81 82 13 112 113 74 143 20 21 120 23 24 48 49 118 96 97 8 99 100 25 124 125 92 144 32 33 132 35 36 66 67 130 14 114 115 16 116 39 135 111 51 52 54 87 26 126 127 28 128 57 140 123 69 70 72 105 41 136 44 77 89 59 141 62 95 107 80 98 
84 130 133 23 48 117 118 144 72 105 142 63 81 112 74 143 51 53 54 86 87 46 137 45 128 140 123 121 107 108 11 131 30 103 101 102 114 16 116 39 135 110 111 109 88 89 7 90 6 19 119 18 85 83 141 62 60 95 93 139 55 138 132 32 36 34 35 67 65 66 29 129 41 136 43 44 42 76 77 75 134 37 21 120 20 24 22 49 47 17 98 96 100 8 99 125 25 124 91 92 70 68 69 2 71 9 104 64 79 80 78 82 3 113 13 73 52 50 1 4 127 26 126 27 28 56 57 122 10 106 12 31 115 14 15 38 5 58 59 61 94 33 40 97 
85 64 111 24 49 118 17 92 12 31 102 103 44 77 134 37 52 54 1 87 4 137 45 46 28 57 122 123 33 35 36 66 67 129 130 29 80 82 3 113 13 143 73 74 89 5 90 6 7 119 18 19 83 84 59 61 62 94 95 138 139 55 69 70 71 72 2 104 105 9 142 63 115 14 116 15 16 135 38 39 109 110 120 20 21 22 23 47 48 117 97 98 99 100 8 124 125 25 144 91 106 107 10 108 11 131 30 101 136 40 41 42 43 75 76 133 50 51 53 86 126 127 26 128 27 140 56 121 132 32 34 65 78 79 81 112 88 141 58 60 93 68 114 96 
86 131 76 88 117 19 119 125 132 142 67 65 79 110 112 113 53 21 120 46 137 48 49 47 127 139 140 56 108 70 68 103 101 105 9 104 43 114 115 133 134 39 135 38 7 90 51 52 50 84 85 83 87 4 100 141 58 144 91 95 93 94 36 34 107 10 106 130 29 129 30 31 81 82 41 136 40 74 143 73 77 75 23 24 22 89 5 118 17 18 128 27 98 96 97 123 121 122 25 124 72 2 71 32 33 63 64 66 16 116 15 80 78 111 109 13 54 1 20 45 62 60 61 26 126 55 138 57 11 12 69 102 44 42 14 37 6 8 99 59 92 35 3 28 
87 66 135 89 118 119 18 124 69 102 104 105 136 143 77 75 54 120 20 137 45 49 47 48 126 138 57 140 35 106 107 129 130 31 131 30 116 80 78 111 109 113 13 112 90 6 52 50 51 85 83 84 4 86 99 59 141 92 144 94 95 93 71 72 33 132 32 64 142 63 67 65 44 42 115 14 114 134 37 133 38 39 24 22 23 5 88 17 117 19 28 128 97 98 96 122 123 121 125 25 12 108 11 70 68 103 101 9 82 3 81 40 41 73 74 76 1 53 21 46 61 62 60 127 26 139 55 56 36 34 10 29 15 16 79 110 7 100 8 58 91 2 43 27 
88 132 79 117 53 21 120 127 142 108 70 68 110 43 114 115 86 46 137 7 90 51 52 50 139 100 141 58 131 103 101 36 34 107 10 106 76 133 134 81 82 41 136 40 19 119 84 85 83 23 24 22 89 5 125 144 91 128 27 98 96 97 67 65 130 29 129 72 2 71 32 33 112 113 74 143 73 16 116 15 80 78 48 49 47 118 17 54 1 20 140 56 123 121 122 62 60 61 26 126 105 9 104 63 64 11 12 69 39 135 38 111 109 44 42 14 87 4 45 6 95 93 94 55 138 8 99 59 30 31 102 35 77 75 37 3 18 25 124 92 28 66 13 57 
89 69 136 118 54 120 20 126 102 35 106 107 143 116 80 78 87 137 45 90 6 52 50 51 138 99 59 141 66 129 130 71 72 33 132 32 135 111 109 44 42 115 14 114 119 18 85 83 84 24 22 23 5 88 124 92 144 28 128 97 98 96 104 105 64 142 63 12 108 11 70 68 77 75 134 37 133 82 3 81 40 41 49 47 48 17 117 1 53 21 57 140 122 123 121 61 62 60 127 26 31 131 30 103 101 36 34 10 113 13 112 73 74 15 16 79 4 86 46 7 94 95 93 139 55 100 8 58 67 65 29 2 38 39 110 43 19 125 25 91 27 9 76 56 
90 71 82 119 120 24 22 61 104 106 12 108 113 115 116 15 137 49 47 52 50 54 1 53 94 97 99 100 129 31 131 33 132 35 36 34 134 135 38 136 40 44 42 43 85 83 87 4 86 89 5 88 6 7 122 124 125 126 127 28 128 27 64 142 66 67 65 69 70 68 72 2 143 73 77 75 76 80 78 79 3 81 118 17 117 18 19 20 21 23 138 139 57 140 56 59 141 58 62 60 102 103 101 105 9 107 10 11 111 109 110 13 112 14 114 16 45 46 48 51 92 144 91 95 93 98 96 8 130 29 30 32 37 133 39 41 84 123 121 25 26 63 74 55 
91 15 34 27 56 121 122 47 38 40 42 43 65 68 2 71 58 60 61 93 94 55 138 139 50 83 4 86 73 75 76 78 79 3 81 82 101 9 104 10 106 11 12 108 96 97 8 99 100 25 124 125 92 144 22 5 88 17 117 18 19 119 109 110 13 112 113 14 114 115 16 116 29 129 30 31 131 32 33 132 35 36 26 126 127 28 128 57 140 123 1 53 20 21 120 45 46 137 48 49 37 133 134 39 135 41 136 44 63 64 142 66 67 69 70 72 59 141 62 95 6 7 90 51 52 84 85 87 74 143 77 80 102 103 105 107 98 23 24 89 118 111 130 54 
92 44 12 28 57 122 123 49 77 80 82 3 31 33 35 36 59 61 62 94 95 138 139 55 52 85 87 4 111 113 13 115 14 116 15 16 64 66 67 69 70 71 72 2 97 98 99 100 8 124 125 25 144 91 24 89 5 118 17 119 18 19 134 37 135 38 39 136 40 41 42 43 102 103 104 105 9 106 107 10 108 11 126 127 26 128 27 140 56 121 54 1 120 20 21 137 45 46 47 48 143 73 74 75 76 78 79 81 129 130 29 131 30 132 32 34 141 58 60 93 90 6 7 50 51 83 84 86 109 110 112 114 142 63 65 68 96 22 23 88 117 133 101 53 
93 78 32 96 121 25 124 45 109 42 14 114 63 11 68 69 60 26 126 55 138 56 57 140 6 18 83 84 75 37 133 3 81 40 41 136 30 101 102 34 35 10 106 107 8 99 58 59 141 91 92 144 94 95 20 22 23 47 48 17 117 118 13 112 73 74 143 15 16 116 79 80 65 66 29 129 130 2 71 72 33 132 27 28 128 97 98 122 123 125 50 51 1 53 54 4 86 87 46 137 38 39 135 110 111 43 44 115 9 104 105 64 142 12 108 70 61 62 127 139 5 88 89 7 90 19 119 85 76 77 134 82 31 131 103 36 100 21 120 24 49 113 67 52 
94 115 106 97 122 124 125 137 134 82 136 40 129 71 33 132 61 126 127 138 139 57 140 56 90 119 85 83 113 143 73 116 15 80 78 79 104 64 142 12 108 69 70 68 99 100 59 141 58 92 144 91 95 93 120 24 22 49 47 118 17 117 135 38 111 109 110 44 42 43 14 114 31 131 102 103 101 35 36 34 107 10 28 128 27 98 96 123 121 25 52 50 54 1 53 87 4 86 45 46 77 75 76 37 133 3 81 41 66 67 65 130 29 72 2 32 62 60 26 55 89 5 88 6 7 18 19 84 13 112 74 16 105 9 63 11 8 20 21 23 48 39 30 51 
95 41 70 98 123 125 25 46 74 16 79 80 103 36 107 10 62 127 26 139 55 140 56 57 7 19 84 85 39 110 111 43 44 114 115 14 67 130 29 72 2 132 32 33 100 8 141 58 59 144 91 92 93 94 21 23 24 48 49 117 118 17 76 77 133 134 37 81 82 3 136 40 105 9 142 63 64 108 11 12 68 69 128 27 28 96 97 121 122 124 51 52 53 54 1 86 87 4 137 45 112 113 13 143 73 116 15 78 131 30 31 101 102 34 35 106 60 61 126 138 88 89 5 90 6 119 18 83 135 38 109 42 65 66 129 71 99 120 20 22 47 75 104 50 
96 109 63 121 60 26 126 6 42 75 37 133 11 30 101 102 93 55 138 8 99 58 59 141 18 20 22 23 78 3 81 13 112 73 74 143 32 34 35 65 66 29 129 130 25 124 91 92 144 27 28 128 97 98 45 47 48 50 51 1 53 54 14 114 15 16 116 38 39 135 110 111 68 69 2 71 72 9 104 105 64 142 56 57 140 122 123 61 62 127 83 84 4 86 87 5 88 89 7 90 40 41 136 43 44 76 77 134 10 106 107 12 108 31 131 103 94 95 139 100 17 117 118 19 119 21 120 24 79 80 82 113 33 132 36 67 125 46 137 49 52 115 70 85 
97 134 129 122 61 126 127 90 82 113 143 73 71 104 64 142 94 138 139 99 100 59 141 58 119 120 24 22 115 116 15 135 38 111 109 110 106 12 108 31 131 102 103 101 124 125 92 144 91 28 128 27 98 96 137 49 47 52 50 54 1 53 136 40 44 42 43 77 75 76 37 133 33 132 35 36 34 66 67 65 130 29 57 140 56 123 121 62 60 26 85 83 87 4 86 89 5 88 6 7 80 78 79 3 81 13 112 74 69 70 68 72 2 105 9 63 95 93 55 8 118 17 117 18 19 20 21 23 14 114 16 39 107 10 11 30 25 45 46 48 51 41 32 84 
98 74 103 123 62 127 26 7 16 39 110 111 36 67 130 29 95 139 55 100 8 141 58 59 19 21 23 24 41 43 44 76 77 133 134 37 70 72 2 105 9 142 63 64 125 25 144 91 92 128 27 28 96 97 46 48 49 51 52 53 54 1 79 80 81 82 3 112 113 13 143 73 107 10 108 11 12 131 30 31 101 102 140 56 57 121 122 60 61 126 84 85 86 87 4 88 89 5 90 6 114 115 14 116 15 135 38 109 132 32 33 34 35 65 66 129 93 94 138 99 117 118 17 119 18 120 20 22 136 40 42 75 68 69 71 104 124 137 45 47 50 78 106 83 
99 135 66 124 126 28 128 89 136 143 77 75 69 102 104 105 138 57 140 59 141 61 62 60 118 54 120 20 116 80 78 111 109 113 13 112 35 106 107 129 130 31 131 30 92 144 94 95 93 97 98 96 100 8 87 137 45 90 6 52 50 51 44 42 115 14 114 134 37 133 38 39 71 72 33 132 32 64 142 63 67 65 122 123 121 125 25 127 26 27 119 18 85 83 84 24 22 23 5 88 82 3 81 40 41 73 74 76 12 108 11 70 68 103 101 9 139 55 56 58 49 47 48 17 117 1 53 21 15 16 79 110 36 34 10 29 91 4 86 46 7 43 2 19 
100 76 131 125 127 128 27 88 79 110 112 113 132 142 67 65 139 140 56 141 58 62 60 61 117 53 21 120 43 114 115 133 134 39 135 38 108 70 68 103 101 105 9 104 144 91 95 93 94 98 96 97 8 99 86 46 137 7 90 51 52 50 81 82 41 136 40 74 143 73 77 75 36 34 107 10 106 130 29 129 30 31 123 121 122 25 124 26 126 28 19 119 84 85 83 23 24 22 89 5 16 116 15 80 78 111 109 13 72 2 71 32 33 63 64 66 55 138 57 59 48 49 47 118 17 54 1 20 44 42 14 37 11 12 69 102 92 87 4 45 6 3 35 18 
101 22 91 34 65 29 129 15 47 50 1 53 27 56 121 122 68 2 71 9 104 63 64 142 38 40 42 43 83 4 86 5 88 6 7 90 58 60 61 93 94 55 138 139 10 106 11 12 108 30 31 131 102 103 73 75 76 78 79 3 81 82 17 117 18 19 119 20 21 120 23 24 96 97 8 99 100 25 124 125 92 144 32 33 132 35 36 66 67 130 109 110 13 112 113 14 114 115 16 116 45 46 137 48 49 51 52 54 26 126 127 28 128 57 140 123 69 70 72 105 37 133 134 39 135 41 136 44 84 85 87 89 59 141 62 95 107 74 143 77 80 118 98 111 
102 54 138 35 66 129 130 116 87 89 90 6 99 124 92 144 69 71 72 104 105 64 142 63 135 136 44 42 118 119 18 120 20 24 22 23 126 28 128 57 140 122 123 121 106 107 12 108 11 31 131 30 103 101 143 77 75 80 78 82 3 81 137 45 49 47 48 52 50 51 1 53 59 141 61 62 60 94 95 93 139 55 33 132 32 36 34 67 65 29 111 109 113 13 112 115 14 114 15 16 85 83 84 4 86 5 88 7 97 98 96 100 8 125 25 91 70 68 2 9 134 37 133 38 39 40 41 43 17 117 19 21 127 26 27 56 10 73 74 76 79 46 58 110 
103 7 123 36 67 130 29 16 19 21 23 24 62 95 139 55 70 72 2 105 9 142 63 64 39 41 43 44 46 48 49 51 52 53 54 1 98 100 8 125 25 144 91 92 107 10 108 11 12 131 30 31 101 102 74 76 77 79 80 81 82 3 84 85 86 87 4 88 89 5 90 6 127 26 128 27 28 140 56 57 121 122 132 32 33 34 35 65 66 129 110 111 112 113 13 114 115 14 116 15 117 118 17 119 18 120 20 22 141 58 59 60 61 93 94 138 68 69 71 104 133 134 37 135 38 136 40 42 137 45 47 50 96 97 99 124 106 143 73 75 78 83 126 109 
104 120 94 106 129 31 131 115 137 90 52 50 97 122 124 125 71 33 132 64 142 66 67 65 134 82 136 40 119 85 83 24 22 89 5 88 61 126 127 138 139 57 140 56 12 108 69 70 68 102 103 101 105 9 113 143 73 116 15 80 78 79 49 47 118 17 117 54 1 53 20 21 99 100 59 141 58 92 144 91 95 93 35 36 34 107 10 130 29 30 135 38 111 109 110 44 42 43 14 114 87 4 86 45 46 6 7 51 28 128 27 98 96 123 121 25 72 2 32 63 77 75 76 37 133 3 81 41 18 19 84 23 62 60 26 55 11 13 112 74 16 48 8 39 
105 51 140 107 130 131 30 114 84 23 88 89 141 144 95 93 72 132 32 142 63 67 65 66 133 81 41 136 48 117 118 53 54 21 120 20 128 98 96 123 121 125 25 124 108 11 70 68 69 103 101 102 9 104 112 74 143 16 116 79 80 78 86 87 46 137 45 7 90 6 52 50 62 60 127 26 126 139 55 138 56 57 36 34 35 10 106 29 129 31 39 135 110 111 109 43 44 42 115 14 19 119 18 85 83 24 22 5 100 8 99 58 59 91 92 94 2 71 33 64 76 77 75 134 37 82 3 40 49 47 17 1 27 28 97 122 12 113 13 73 15 4 61 38 
106 137 97 129 71 33 132 134 90 119 85 83 122 61 126 127 104 64 142 12 108 69 70 68 82 113 143 73 120 24 22 49 47 118 17 117 94 138 139 99 100 59 141 58 31 131 102 103 101 35 36 34 107 10 115 116 15 135 38 111 109 110 52 50 54 1 53 87 4 86 45 46 124 125 92 144 91 28 128 27 98 96 66 67 65 130 29 72 2 32 136 40 44 42 43 77 75 76 37 133 89 5 88 6 7 18 19 84 57 140 56 123 121 62 60 26 105 9 63 11 80 78 79 3 81 13 112 74 20 21 23 48 95 93 55 8 30 14 114 16 39 51 25 41 
107 84 141 130 72 132 32 133 23 48 117 118 144 128 98 96 105 142 63 108 11 70 68 69 81 112 74 143 51 53 54 86 87 46 137 45 140 123 121 62 60 127 26 126 131 30 103 101 102 36 34 35 10 106 114 16 116 39 135 110 111 109 88 89 7 90 6 19 119 18 85 83 95 93 139 55 138 100 8 99 58 59 67 65 66 29 129 2 71 33 41 136 43 44 42 76 77 75 134 37 21 120 20 24 22 49 47 17 125 25 124 91 92 27 28 97 9 104 64 12 79 80 78 82 3 113 13 73 52 50 1 4 56 57 122 61 31 115 14 15 38 5 94 40 
108 86 100 131 132 36 34 76 88 117 19 119 125 127 128 27 142 67 65 70 68 72 2 71 79 110 112 113 53 21 120 46 137 48 49 47 139 140 56 141 58 62 60 61 103 101 105 9 104 107 10 106 11 12 43 114 115 133 134 39 135 38 7 90 51 52 50 84 85 83 87 4 144 91 95 93 94 98 96 97 8 99 130 29 129 30 31 32 33 35 81 82 41 136 40 74 143 73 77 75 23 24 22 89 5 118 17 18 123 121 122 25 124 26 126 28 63 64 66 69 16 116 15 80 78 111 109 13 54 1 20 45 55 138 57 59 102 44 42 14 37 6 92 3 
109 121 6 42 75 37 133 11 60 93 55 138 18 20 22 23 78 3 81 13 112 73 74 143 30 32 34 35 96 8 99 25 124 91 92 144 45 47 48 50 51 1 53 54 14 114 15 16 116 38 39 135 110 111 63 65 66 68 69 2 71 72 26 126 27 28 128 56 57 140 122 123 83 84 4 86 87 5 88 89 7 90 40 41 136 43 44 76 77 134 101 102 9 104 105 10 106 107 12 108 58 59 141 61 62 94 95 139 17 117 118 19 119 21 120 24 79 80 82 113 29 129 130 31 131 33 132 36 97 98 100 125 46 137 49 52 115 64 142 67 70 127 85 103 
110 139 53 43 76 133 134 108 100 125 144 91 86 88 7 90 79 81 82 112 113 74 143 73 131 132 36 34 127 128 27 140 56 123 121 122 117 19 119 21 120 23 24 22 114 115 16 116 15 39 135 38 111 109 142 67 65 70 68 72 2 71 141 58 62 60 61 95 93 94 55 138 46 137 48 49 47 51 52 50 54 1 41 136 40 44 42 77 75 37 103 101 105 9 104 107 10 106 11 12 98 96 97 8 99 25 124 92 84 85 83 87 4 89 5 6 80 78 3 13 130 29 129 30 31 32 33 35 26 126 28 57 118 17 18 20 14 63 64 66 69 59 45 102 
111 92 24 44 77 134 37 12 28 57 122 123 49 52 54 1 80 82 3 113 13 143 73 74 31 33 35 36 59 61 62 94 95 138 139 55 85 87 4 89 5 90 6 7 115 14 116 15 16 135 38 39 109 110 64 66 67 69 70 71 72 2 97 98 99 100 8 124 125 25 144 91 118 17 119 18 19 120 20 21 22 23 136 40 41 42 43 75 76 133 102 103 104 105 9 106 107 10 108 11 126 127 26 128 27 140 56 121 137 45 46 47 48 50 51 53 78 79 81 112 129 130 29 131 30 132 32 34 141 58 60 93 83 84 86 88 114 142 63 65 68 96 117 101 
112 140 51 114 133 39 135 107 141 144 95 93 84 23 88 89 81 41 136 74 143 76 77 75 130 72 132 32 128 98 96 123 121 125 25 124 48 117 118 53 54 21 120 20 16 116 79 80 78 110 111 109 113 13 105 142 63 108 11 70 68 69 62 60 127 26 126 139 55 138 56 57 86 87 46 137 45 7 90 6 52 50 43 44 42 115 14 134 37 38 131 30 103 101 102 36 34 35 10 106 100 8 99 58 59 91 92 94 19 119 18 85 83 24 22 5 82 3 40 73 67 65 66 29 129 2 71 33 27 28 97 122 49 47 17 1 15 9 104 64 12 61 4 31 
113 94 120 115 134 135 38 106 97 122 124 125 137 90 52 50 82 136 40 143 73 77 75 76 129 71 33 132 61 126 127 138 139 57 140 56 119 85 83 24 22 89 5 88 116 15 80 78 79 111 109 110 13 112 104 64 142 12 108 69 70 68 99 100 59 141 58 92 144 91 95 93 49 47 118 17 117 54 1 53 20 21 44 42 43 14 114 37 133 39 31 131 102 103 101 35 36 34 107 10 28 128 27 98 96 123 121 25 87 4 86 45 46 6 7 51 3 81 41 74 66 67 65 130 29 72 2 32 62 60 26 55 18 19 84 23 16 105 9 63 11 8 48 30 
114 141 84 133 81 41 136 130 144 128 98 96 23 48 117 118 112 74 143 16 116 79 80 78 72 105 142 63 140 123 121 62 60 127 26 126 51 53 54 86 87 46 137 45 39 135 110 111 109 43 44 42 115 14 107 108 11 131 30 103 101 102 95 93 139 55 138 100 8 99 58 59 88 89 7 90 6 19 119 18 85 83 76 77 75 134 37 82 3 40 132 32 36 34 35 67 65 66 29 129 125 25 124 91 92 27 28 97 21 120 20 24 22 49 47 17 113 13 73 15 70 68 69 2 71 9 104 64 56 57 122 61 52 50 1 4 38 10 106 12 31 94 5 33 
115 97 137 134 82 136 40 129 122 61 126 127 90 119 85 83 113 143 73 116 15 80 78 79 71 104 64 142 94 138 139 99 100 59 141 58 120 24 22 49 47 118 17 117 135 38 111 109 110 44 42 43 14 114 106 12 108 31 131 102 103 101 124 125 92 144 91 28 128 27 98 96 52 50 54 1 53 87 4 86 45 46 77 75 76 37 133 3 81 41 33 132 35 36 34 66 67 65 130 29 57 140 56 123 121 62 60 26 89 5 88 6 7 18 19 84 13 112 74 16 69 70 68 72 2 105 9 63 95 93 55 8 20 21 23 48 39 107 10 11 30 25 51 32 
116 99 87 135 136 44 42 66 124 126 28 128 89 118 119 18 143 77 75 80 78 82 3 81 69 102 104 105 138 57 140 59 141 61 62 60 54 120 20 137 45 49 47 48 111 109 113 13 112 115 14 114 15 16 35 106 107 129 130 31 131 30 92 144 94 95 93 97 98 96 100 8 90 6 52 50 51 85 83 84 4 86 134 37 133 38 39 40 41 43 71 72 33 132 32 64 142 63 67 65 122 123 121 125 25 127 26 27 24 22 23 5 88 17 117 19 73 74 76 79 12 108 11 70 68 103 101 9 139 55 56 58 1 53 21 46 110 36 34 10 29 91 7 2 
117 142 110 53 86 46 137 139 108 131 103 101 43 76 133 134 88 7 90 19 119 84 85 83 100 125 144 91 132 36 34 67 65 130 29 129 79 81 82 112 113 74 143 73 21 120 23 24 22 48 49 47 118 17 127 128 27 140 56 123 121 122 70 68 72 2 71 105 9 104 63 64 114 115 16 116 15 39 135 38 111 109 51 52 50 54 1 87 4 45 141 58 62 60 61 95 93 94 55 138 107 10 106 11 12 30 31 102 41 136 40 44 42 77 75 37 89 5 6 18 98 96 97 8 99 25 124 92 32 33 35 66 80 78 3 13 20 26 126 28 57 69 14 59 
118 102 143 54 87 137 45 138 35 66 129 130 116 135 111 109 89 90 6 119 18 85 83 84 99 124 92 144 69 71 72 104 105 64 142 63 136 44 42 77 75 134 37 133 120 20 24 22 23 49 47 48 17 117 126 28 128 57 140 122 123 121 106 107 12 108 11 31 131 30 103 101 80 78 82 3 81 113 13 112 73 74 52 50 51 1 53 4 86 46 59 141 61 62 60 94 95 93 139 55 33 132 32 36 34 67 65 29 115 14 114 15 16 38 39 110 5 88 7 19 97 98 96 100 8 125 25 91 70 68 2 9 40 41 43 76 21 127 26 27 56 10 79 58 
119 104 113 120 137 49 47 94 106 129 31 131 115 134 135 38 90 52 50 85 83 87 4 86 97 122 124 125 71 33 132 64 142 66 67 65 82 136 40 143 73 77 75 76 24 22 89 5 88 118 17 117 18 19 61 126 127 138 139 57 140 56 12 108 69 70 68 102 103 101 105 9 116 15 80 78 79 111 109 110 13 112 54 1 53 20 21 45 46 48 99 100 59 141 58 92 144 91 95 93 35 36 34 107 10 130 29 30 44 42 43 14 114 37 133 39 6 7 51 84 28 128 27 98 96 123 121 25 72 2 32 63 3 81 41 74 23 62 60 26 55 11 16 8 
120 106 115 137 90 52 50 97 129 71 33 132 134 82 136 40 119 85 83 24 22 89 5 88 122 61 126 127 104 64 142 12 108 69 70 68 113 143 73 116 15 80 78 79 49 47 118 17 117 54 1 53 20 21 94 138 139 99 100 59 141 58 31 131 102 103 101 35 36 34 107 10 135 38 111 109 110 44 42 43 14 114 87 4 86 45 46 6 7 51 124 125 92 144 91 28 128 27 98 96 66 67 65 130 29 72 2 32 77 75 76 37 133 3 81 41 18 19 84 23 57 140 56 123 121 62 60 26 105 9 63 11 13 112 74 16 48 95 93 55 8 30 39 25 
121 42 11 60 93 55 138 18 75 78 3 81 30 32 34 35 96 8 99 25 124 91 92 144 20 45 47 48 109 13 112 14 114 15 16 116 63 65 66 68 69 2 71 72 26 126 27 28 128 56 57 140 122 123 6 50 51 83 84 4 86 87 37 133 38 39 135 40 41 136 43 44 101 102 9 104 105 10 106 107 12 108 58 59 141 61 62 94 95 139 22 23 5 88 89 17 117 118 19 119 73 74 143 76 77 79 80 82 29 129 130 31 131 33 132 36 97 98 100 125 1 53 54 21 120 46 137 49 110 111 113 115 64 142 67 70 127 7 90 52 85 134 103 24 
122 82 71 61 94 138 139 119 113 115 116 15 104 106 12 108 97 99 100 124 125 92 144 91 120 137 49 47 134 135 38 136 40 44 42 43 129 31 131 33 132 35 36 34 126 127 28 128 27 57 140 56 123 121 90 52 50 85 83 87 4 86 143 73 77 75 76 80 78 79 3 81 64 142 66 67 65 69 70 68 72 2 59 141 58 62 60 95 93 55 24 22 89 5 88 118 17 117 18 19 111 109 110 13 112 14 114 16 102 103 101 105 9 107 10 11 98 96 8 25 54 1 53 20 21 45 46 48 37 133 39 41 130 29 30 32 26 6 7 51 84 74 63 23 
123 16 36 62 95 139 55 19 39 41 43 44 67 70 72 2 98 100 8 125 25 144 91 92 21 46 48 49 74 76 77 79 80 81 82 3 103 105 9 107 10 108 11 12 127 26 128 27 28 140 56 57 121 122 7 51 52 84 85 86 87 4 110 111 112 113 13 114 115 14 116 15 130 29 131 30 31 132 32 33 34 35 141 58 59 60 61 93 94 138 23 24 88 89 5 117 118 17 119 18 133 134 37 135 38 136 40 42 142 63 64 65 66 68 69 71 96 97 99 124 53 54 1 120 20 137 45 47 143 73 75 78 101 102 104 106 126 90 6 50 83 109 129 22 
124 136 69 126 138 57 140 118 143 116 80 78 102 35 106 107 99 59 141 92 144 94 95 93 54 87 137 45 135 111 109 44 42 115 14 114 66 129 130 71 72 33 132 32 28 128 97 98 96 122 123 121 125 25 89 90 6 119 18 85 83 84 77 75 134 37 133 82 3 81 40 41 104 105 64 142 63 12 108 11 70 68 61 62 60 127 26 139 55 56 120 20 24 22 23 49 47 48 17 117 113 13 112 73 74 15 16 79 31 131 30 103 101 36 34 10 100 8 58 91 52 50 51 1 53 4 86 46 38 39 110 43 67 65 29 2 27 5 88 7 19 76 9 21 
125 79 132 127 139 140 56 117 110 43 114 115 142 108 70 68 100 141 58 144 91 95 93 94 53 86 46 137 76 133 134 81 82 41 136 40 131 103 101 36 34 107 10 106 128 27 98 96 97 123 121 122 25 124 88 7 90 19 119 84 85 83 112 113 74 143 73 16 116 15 80 78 67 65 130 29 129 72 2 71 32 33 62 60 61 26 126 55 138 57 21 120 23 24 22 48 49 47 118 17 39 135 38 111 109 44 42 14 105 9 104 63 64 11 12 69 8 99 59 92 51 52 50 54 1 87 4 45 77 75 37 3 30 31 102 35 28 89 5 6 18 13 66 20 
126 143 102 138 99 59 141 54 116 135 111 109 35 66 129 130 124 92 144 28 128 97 98 96 87 89 90 6 136 44 42 77 75 134 37 133 69 71 72 104 105 64 142 63 57 140 122 123 121 61 62 60 127 26 118 119 18 120 20 24 22 23 80 78 82 3 81 113 13 112 73 74 106 107 12 108 11 31 131 30 103 101 94 95 93 139 55 100 8 58 137 45 49 47 48 52 50 51 1 53 115 14 114 15 16 38 39 110 33 132 32 36 34 67 65 29 125 25 91 27 85 83 84 4 86 5 88 7 40 41 43 76 70 68 2 9 56 17 117 19 21 79 10 46 
127 110 142 139 100 141 58 53 43 76 133 134 108 131 103 101 125 144 91 128 27 98 96 97 86 88 7 90 79 81 82 112 113 74 143 73 132 36 34 67 65 130 29 129 140 56 123 121 122 62 60 61 26 126 117 19 119 21 120 23 24 22 114 115 16 116 15 39 135 38 111 109 70 68 72 2 71 105 9 104 63 64 95 93 94 55 138 8 99 59 46 137 48 49 47 51 52 50 54 1 41 136 40 44 42 77 75 37 107 10 106 11 12 30 31 102 25 124 92 28 84 85 83 87 4 89 5 6 80 78 3 13 32 33 35 66 57 118 17 18 20 14 69 45 
128 112 105 140 141 62 60 51 114 133 39 135 107 130 131 30 144 95 93 98 96 100 8 99 84 23 88 89 81 41 136 74 143 76 77 75 72 132 32 142 63 67 65 66 123 121 125 25 124 127 26 126 27 28 48 117 118 53 54 21 120 20 16 116 79 80 78 110 111 109 113 13 108 11 70 68 69 103 101 102 9 104 139 55 138 56 57 58 59 61 86 87 46 137 45 7 90 6 52 50 43 44 42 115 14 134 37 38 36 34 35 10 106 29 129 31 91 92 94 97 19 119 18 85 83 24 22 5 82 3 40 73 2 71 33 64 122 49 47 17 1 15 12 4 
129 90 122 71 104 64 142 82 119 120 24 22 61 94 138 139 106 12 108 31 131 102 103 101 113 115 116 15 137 49 47 52 50 54 1 53 97 99 100 124 125 92 144 91 33 132 35 36 34 66 67 65 130 29 134 135 38 136 40 44 42 43 85 83 87 4 86 89 5 88 6 7 126 127 28 128 27 57 140 56 123 121 69 70 68 72 2 105 9 63 143 73 77 75 76 80 78 79 3 81 118 17 117 18 19 20 21 23 59 141 58 62 60 95 93 55 107 10 11 30 111 109 110 13 112 14 114 16 45 46 48 51 98 96 8 25 32 37 133 39 41 84 26 74 
130 23 144 72 105 142 63 81 48 51 53 54 128 140 123 121 107 108 11 131 30 103 101 102 112 114 16 116 84 86 87 88 89 7 90 6 141 62 60 95 93 139 55 138 132 32 36 34 35 67 65 66 29 129 133 39 135 41 136 43 44 42 117 118 19 119 18 21 120 20 24 22 98 96 100 8 99 125 25 124 91 92 70 68 69 2 71 9 104 64 74 143 76 77 75 79 80 78 82 3 46 137 45 49 47 52 50 1 127 26 126 27 28 56 57 122 10 106 12 31 110 111 109 113 13 115 14 15 85 83 4 5 58 59 61 94 33 134 37 38 40 17 97 73 
131 88 125 132 142 67 65 79 117 53 21 120 127 139 140 56 108 70 68 103 101 105 9 104 110 43 114 115 86 46 137 7 90 51 52 50 100 141 58 144 91 95 93 94 36 34 107 10 106 130 29 129 30 31 76 133 134 81 82 41 136 40 19 119 84 85 83 23 24 22 89 5 128 27 98 96 97 123 121 122 25 124 72 2 71 32 33 63 64 66 112 113 74 143 73 16 116 15 80 78 48 49 47 118 17 54 1 20 62 60 61 26 126 55 138 57 11 12 69 102 39 135 38 111 109 44 42 14 87 4 45 6 8 99 59 92 35 77 75 37 3 18 28 13 
132 117 127 142 108 70 68 110 53 86 46 137 139 100 141 58 131 103 101 36 34 107 10 106 43 76 133 134 88 7 90 19 119 84 85 83 125 144 91 128 27 98 96 97 67 65 130 29 129 72 2 71 32 33 79 81 82 112 113 74 143 73 21 120 23 24 22 48 49 47 118 17 140 56 123 121 122 62 60 61 26 126 105 9 104 63 64 11 12 69 114 115 16 116 15 39 135 38 111 109 51 52 50 54 1 87 4 45 95 93 94 55 138 8 99 59 30 31 102 35 41 136 40 44 42 77 75 37 89 5 6 18 25 124 92 28 66 80 78 3 13 20 57 14 
133 144 23 81 112 74 143 72 128 140 123 121 48 51 53 54 114 16 116 39 135 110 111 109 105 107 108 11 141 62 60 95 93 139 55 138 84 86 87 88 89 7 90 6 41 136 43 44 42 76 77 75 134 37 130 131 30 132 32 36 34 35 98 96 100 8 99 125 25 124 91 92 117 118 19 119 18 21 120 20 24 22 79 80 78 82 3 113 13 73 142 63 67 65 66 70 68 69 2 71 127 26 126 27 28 56 57 122 46 137 45 49 47 52 50 1 115 14 15 38 103 101 102 9 104 10 106 12 58 59 61 94 85 83 4 5 40 29 129 31 33 97 17 64 
134 122 90 82 113 143 73 71 61 94 138 139 119 120 24 22 115 116 15 135 38 111 109 110 104 106 12 108 97 99 100 124 125 92 144 91 137 49 47 52 50 54 1 53 136 40 44 42 43 77 75 76 37 133 129 31 131 33 132 35 36 34 126 127 28 128 27 57 140 56 123 121 85 83 87 4 86 89 5 88 6 7 80 78 79 3 81 13 112 74 64 142 66 67 65 69 70 68 72 2 59 141 58 62 60 95 93 55 118 17 117 18 19 20 21 23 14 114 16 39 102 103 101 105 9 107 10 11 98 96 8 25 45 46 48 51 41 130 29 30 32 26 84 63 
135 124 89 136 143 77 75 69 126 138 57 140 118 54 120 20 116 80 78 111 109 113 13 112 102 35 106 107 99 59 141 92 144 94 95 93 87 137 45 90 6 52 50 51 44 42 115 14 114 134 37 133 38 39 66 129 130 71 72 33 132 32 28 128 97 98 96 122 123 121 125 25 119 18 85 83 84 24 22 23 5 88 82 3 81 40 41 73 74 76 104 105 64 142 63 12 108 11 70 68 61 62 60 127 26 139 55 56 49 47 48 17 117 1 53 21 15 16 79 110 31 131 30 103 101 36 34 10 100 8 58 91 4 86 46 7 43 67 65 29 2 27 19 9 
136 126 118 143 116 80 78 102 138 99 59 141 54 87 137 45 135 111 109 44 42 115 14 114 35 66 129 130 124 92 144 28 128 97 98 96 89 90 6 119 18 85 83 84 77 75 134 37 133 82 3 81 40 41 69 71 72 104 105 64 142 63 57 140 122 123 121 61 62 60 127 26 120 20 24 22 23 49 47 48 17 117 113 13 112 73 74 15 16 79 106 107 12 108 11 31 131 30 103 101 94 95 93 139 55 100 8 58 52 50 51 1 53 4 86 46 38 39 110 43 33 132 32 36 34 67 65 29 125 25 91 27 5 88 7 19 76 70 68 2 9 56 21 10 
137 129 134 90 119 85 83 122 71 104 64 142 82 113 143 73 120 24 22 49 47 118 17 117 61 94 138 139 106 12 108 31 131 102 103 101 115 116 15 135 38 111 109 110 52 50 54 1 53 87 4 86 45 46 97 99 100 124 125 92 144 91 33 132 35 36 34 66 67 65 130 29 136 40 44 42 43 77 75 76 37 133 89 5 88 6 7 18 19 84 126 127 28 128 27 57 140 56 123 121 69 70 68 72 2 105 9 63 80 78 79 3 81 13 112 74 20 21 23 48 59 141 58 62 60 95 93 55 107 10 11 30 14 114 16 39 51 98 96 8 25 32 41 26 
138 116 35 99 124 92 144 87 135 136 44 42 66 69 71 72 126 28 128 57 140 122 123 121 89 118 119 18 143 77 75 80 78 82 3 81 102 104 105 106 107 12 108 11 59 141 61 62 60 94 95 93 139 55 54 120 20 137 45 49 47 48 111 109 113 13 112 115 14 114 15 16 129 130 31 131 30 33 132 32 36 34 97 98 96 100 8 125 25 91 90 6 52 50 51 85 83 84 4 86 134 37 133 38 39 40 41 43 64 142 63 67 65 70 68 2 127 26 27 56 24 22 23 5 88 17 117 19 73 74 76 79 103 101 9 10 58 1 53 21 46 110 29 7 
139 43 108 100 125 144 91 86 76 79 81 82 131 132 36 34 127 128 27 140 56 123 121 122 88 117 19 119 110 112 113 114 115 16 116 15 142 67 65 70 68 72 2 71 141 58 62 60 61 95 93 94 55 138 53 21 120 46 137 48 49 47 133 134 39 135 38 41 136 40 44 42 103 101 105 9 104 107 10 106 11 12 98 96 97 8 99 25 124 92 7 90 51 52 50 84 85 83 87 4 74 143 73 77 75 80 78 3 130 29 129 30 31 32 33 35 26 126 28 57 23 24 22 89 5 118 17 18 111 109 13 14 63 64 66 69 59 54 1 20 45 37 102 6 
140 114 107 141 144 95 93 84 133 81 41 136 130 72 132 32 128 98 96 123 121 125 25 124 23 48 117 118 112 74 143 16 116 79 80 78 105 142 63 108 11 70 68 69 62 60 127 26 126 139 55 138 56 57 51 53 54 86 87 46 137 45 39 135 110 111 109 43 44 42 115 14 131 30 103 101 102 36 34 35 10 106 100 8 99 58 59 91 92 94 88 89 7 90 6 19 119 18 85 83 76 77 75 134 37 82 3 40 67 65 66 29 129 2 71 33 27 28 97 122 21 120 20 24 22 49 47 17 113 13 73 15 9 104 64 12 61 52 50 1 4 38 31 5 
141 133 130 144 128 98 96 23 81 112 74 143 72 105 142 63 140 123 121 62 60 127 26 126 48 51 53 54 114 16 116 39 135 110 111 109 107 108 11 131 30 103 101 102 95 93 139 55 138 100 8 99 58 59 84 86 87 88 89 7 90 6 41 136 43 44 42 76 77 75 134 37 132 32 36 34 35 67 65 66 29 129 125 25 124 91 92 27 28 97 117 118 19 119 18 21 120 20 24 22 79 80 78 82 3 113 13 73 70 68 69 2 71 9 104 64 56 57 122 61 46 137 45 49 47 52 50 1 115 14 15 38 10 106 12 31 94 85 83 4 5 40 33 17 
142 53 139 108 131 103 101 43 86 88 7 90 100 125 144 91 132 36 34 67 65 130 29 129 76 79 81 82 117 19 119 21 120 23 24 22 127 128 27 140 56 123 121 122 70 68 72 2 71 105 9 104 63 64 110 112 113 114 115 16 116 15 46 137 48 49 47 51 52 50 54 1 141 58 62 60 61 95 93 94 55 138 107 10 106 11 12 30 31 102 133 134 39 135 38 41 136 40 44 42 84 85 83 87 4 89 5 6 98 96 97 8 99 25 124 92 32 33 35 66 74 143 73 77 75 80 78 3 118 17 18 20 26 126 28 57 69 111 109 13 14 45 59 37 
143 138 54 116 135 111 109 35 99 124 92 144 87 89 90 6 136 44 42 77 75 134 37 133 66 69 71 72 126 28 128 57 140 122 123 121 118 119 18 120 20 24 22 23 80 78 82 3 81 113 13 112 73 74 102 104 105 106 107 12 108 11 59 141 61 62 60 94 95 93 139 55 137 45 49 47 48 52 50 51 1 53 115 14 114 15 16 38 39 110 129 130 31 131 30 33 132 32 36 34 97 98 96 100 8 125 25 91 85 83 84 4 86 5 88 7 40 41 43 76 64 142 63 67 65 70 68 2 127 26 27 56 17 117 19 21 79 103 101 9 10 58 46 29 
144 81 72 128 140 123 121 48 112 114 16 116 105 107 108 11 141 62 60 95 93 139 55 138 51 84 86 87 133 39 135 41 136 43 44 42 130 131 30 132 32 36 34 35 98 96 100 8 99 125 25 124 91 92 23 88 89 117 118 19 119 18 74 143 76 77 75 79 80 78 82 3 142 63 67 65 66 70 68 69 2 71 127 26 126 27 28 56 57 122 53 54 21 120 20 46 137 45 49 47 110 111 109 113 13 115 14 15 103 101 102 9 104 10 106 12 58 59 61 94 7 90 6 52 50 85 83 4 134 37 38 40 29 129 31 33 97 24 22 5 17 73 64 1 
