112 34
1 2 3 4 5 6 7 8 9 10 11 12 13 14 15 16 17 18 19 20 21 22 23 24 25 26 27 28 29 30 31 32 33 34 35 36 37 38 39 40 41 42 43 44 45 46 47 48 49 50 51 52 53 54 55 56 57 58 59 60 61 62 63 64 65 66 67 68 69 70 71 72 73 74 75 76 77 78 79 80 81 82 83 84 85 86 87 88 89 90 91 92 93 94 95 96 97 98 99 100 101 102 103 104 105 106 107 108 109 110 111 112 
2 1 7 8 9 10 3 4 5 6 18 19 20 21 22 23 24 11 12 13 14 15 16 17 33 34 35 36 37 38 39 40 25 26 27 28 29 30 31 32 49 50 51 52 53 54 55 56 41 42 43 44 45 46 47 48 65 66 67 68 69 70 71 72 57 58 59 60 61 62 63 64 81 82 83 84 85 86 87 88 73 74 75 76 77 78 79 80 96 97 98 99 100 101 102 89 90 91 92 93 94 95 107 108 109 110 103 104 105 106 112 111 
3 7 5 11 12 13 9 18 19 20 14 1 16 25 26 27 28 21 2 23 33 34 35 36 4 29 6 31 41 42 43 44 8 37 10 39 49 50 51 52 15 45 17 47 57 58 59 60 22 53 24 55 65 66 67 68 30 61 32 63 73 74 75 76 38 69 40 71 81 82 83 84 46 77 48 79 89 90 91 92 54 85 56 87 96 97 98 99 62 93 64 95 103 104 105 70 100 72 102 107 108 109 78 106 80 111 86 110 88 112 94 101 
4 21 25 5 14 15 18 2 8 37 3 11 41 1 16 29 30 19 33 34 9 10 22 53 12 13 26 57 6 31 45 46 7 35 49 50 23 24 38 69 27 28 42 73 17 47 61 62 20 51 65 66 39 40 54 85 43 44 58 89 32 63 77 78 36 67 81 82 55 56 70 100 59 60 74 103 48 79 93 94 52 83 96 97 71 72 86 110 75 76 90 111 64 95 106 68 98 107 108 87 88 101 91 92 104 80 84 109 112 102 105 99 
5 9 12 14 1 16 19 21 2 23 25 3 27 4 29 6 31 33 7 35 8 37 10 39 11 41 13 43 15 45 17 47 18 49 20 51 22 53 24 55 26 57 28 59 30 61 32 63 34 65 36 67 38 69 40 71 42 73 44 75 46 77 48 79 50 81 52 83 54 85 56 87 58 89 60 91 62 93 64 95 66 96 68 98 70 100 72 102 74 103 76 105 78 106 80 82 107 84 109 86 110 88 90 111 92 94 97 112 99 101 104 108 
6 88 13 15 16 17 99 101 102 2 26 27 28 29 30 31 32 108 109 7 110 8 9 10 41 42 43 44 45 46 47 48 112 18 19 20 21 22 23 24 57 58 59 60 61 62 63 64 33 34 35 36 37 38 39 40 73 74 75 76 77 78 79 80 49 50 51 52 53 54 55 56 89 90 91 92 93 94 95 1 65 66 67 68 69 70 71 72 103 104 105 3 106 4 5 81 82 83 84 85 86 87 111 11 12 14 96 97 98 100 25 107 
7 3 9 18 19 20 5 11 12 13 21 2 23 33 34 35 36 14 1 16 25 26 27 28 8 37 10 39 49 50 51 52 4 29 6 31 41 42 43 44 22 53 24 55 65 66 67 68 15 45 17 47 57 58 59 60 38 69 40 71 81 82 83 84 30 61 32 63 73 74 75 76 54 85 56 87 96 97 98 99 46 77 48 79 89 90 91 92 70 100 72 102 107 108 109 62 93 64 95 103 104 105 86 110 88 112 78 106 80 111 101 94 
8 14 33 9 21 22 11 1 4 29 7 18 49 2 23 37 38 12 25 26 5 6 15 45 19 20 34 65 10 39 53 54 3 27 41 42 16 17 30 61 35 36 50 81 24 55 69 70 13 43 57 58 31 32 46 77 51 52 66 96 40 71 85 86 28 59 73 74 47 48 62 93 67 68 82 107 56 87 100 101 44 75 89 90 63 64 78 106 83 84 97 112 72 102 110 60 91 103 104 79 80 94 98 99 108 88 76 105 111 95 109 92 
9 5 19 21 2 23 12 14 1 16 33 7 35 8 37 10 39 25 3 27 4 29 6 31 18 49 20 51 22 53 24 55 11 41 13 43 15 45 17 47 34 65 36 67 38 69 40 71 26 57 28 59 30 61 32 63 50 81 52 83 54 85 56 87 42 73 44 75 46 77 48 79 66 96 68 98 70 100 72 102 58 89 60 91 62 93 64 95 82 107 84 109 86 110 88 74 103 76 105 78 106 80 97 112 99 101 90 111 92 94 108 104 
10 80 20 22 23 24 92 94 95 1 34 35 36 37 38 39 40 104 105 3 106 4 5 6 49 50 51 52 53 54 55 56 111 11 12 13 14 15 16 17 65 66 67 68 69 70 71 72 25 26 27 28 29 30 31 32 81 82 83 84 85 86 87 88 41 42 43 44 45 46 47 48 96 97 98 99 100 101 102 2 57 58 59 60 61 62 63 64 107 108 109 7 110 8 9 73 74 75 76 77 78 79 112 18 19 21 89 90 91 93 33 103 
11 33 4 12 25 26 21 7 18 49 5 14 15 3 27 41 42 2 8 37 19 20 34 65 1 16 29 30 13 43 57 58 9 10 22 53 35 36 50 81 6 31 45 46 28 59 73 74 23 24 38 69 51 52 66 96 17 47 61 62 44 75 89 90 39 40 54 85 67 68 82 107 32 63 77 78 60 91 103 104 55 56 70 100 83 84 97 112 48 79 93 94 76 105 111 71 72 86 110 98 99 108 64 95 106 92 87 88 101 109 80 102 
12 19 1 25 3 27 2 33 7 35 4 5 6 11 41 13 43 8 9 10 18 49 20 51 14 15 16 17 26 57 28 59 21 22 23 24 34 65 36 67 29 30 31 32 42 73 44 75 37 38 39 40 50 81 52 83 45 46 47 48 58 89 60 91 53 54 55 56 66 96 68 98 61 62 63 64 74 103 76 105 69 70 71 72 82 107 84 109 77 78 79 80 90 111 92 85 86 87 88 97 112 99 93 94 95 104 100 101 102 108 106 110 
13 99 16 26 27 28 102 108 109 7 29 6 31 41 42 43 44 110 88 9 112 18 19 20 15 45 17 47 57 58 59 60 101 21 2 23 33 34 35 36 30 61 32 63 73 74 75 76 8 37 10 39 49 50 51 52 46 77 48 79 89 90 91 92 22 53 24 55 65 66 67 68 62 93 64 95 103 104 105 3 38 69 40 71 81 82 83 84 78 106 80 5 111 11 12 54 85 56 87 96 97 98 94 14 1 25 70 100 72 107 4 86 
14 8 11 1 4 29 33 9 21 22 12 25 26 5 6 15 45 7 18 49 2 23 37 38 3 27 41 42 16 17 30 61 19 20 34 65 10 39 53 54 13 43 57 58 31 32 46 77 35 36 50 81 24 55 69 70 28 59 73 74 47 48 62 93 51 52 66 96 40 71 85 86 44 75 89 90 63 64 78 106 67 68 82 107 56 87 100 101 60 91 103 104 79 80 94 83 84 97 112 72 102 110 76 105 111 95 98 99 108 88 92 109 
15 110 41 16 29 30 108 88 101 21 13 26 57 6 31 45 46 109 112 18 102 2 8 37 27 28 42 73 17 47 61 62 99 19 33 34 9 10 22 53 43 44 58 89 32 63 77 78 7 35 49 50 23 24 38 69 59 60 74 103 48 79 93 94 20 51 65 66 39 40 54 85 75 76 90 111 64 95 106 4 36 67 81 82 55 56 70 100 91 92 104 25 80 5 14 52 83 96 97 71 72 86 105 3 11 1 68 98 107 87 12 84 
16 102 27 29 6 31 109 110 88 9 41 13 43 15 45 17 47 112 99 19 101 21 2 23 26 57 28 59 30 61 32 63 108 33 7 35 8 37 10 39 42 73 44 75 46 77 48 79 18 49 20 51 22 53 24 55 58 89 60 91 62 93 64 95 34 65 36 67 38 69 40 71 74 103 76 105 78 106 80 5 50 81 52 83 54 85 56 87 90 111 92 12 94 14 1 66 96 68 98 70 100 72 104 25 3 4 82 107 84 86 11 97 
17 72 28 30 31 32 84 86 87 88 42 43 44 45 46 47 48 97 98 99 100 101 102 2 57 58 59 60 61 62 63 64 107 108 109 7 110 8 9 10 73 74 75 76 77 78 79 80 112 18 19 20 21 22 23 24 89 90 91 92 93 94 95 1 33 34 35 36 37 38 39 40 103 104 105 3 106 4 5 6 49 50 51 52 53 54 55 56 111 11 12 13 14 15 16 65 66 67 68 69 70 71 25 26 27 29 81 82 83 85 41 96 
18 25 8 19 33 34 14 3 11 41 9 21 22 7 35 49 50 1 4 29 12 13 26 57 2 23 37 38 20 51 65 66 5 6 15 45 27 28 42 73 10 39 53 54 36 67 81 82 16 17 30 61 43 44 58 89 24 55 69 70 52 83 96 97 31 32 46 77 59 60 74 103 40 71 85 86 68 98 107 108 47 48 62 93 75 76 90 111 56 87 100 101 84 109 112 63 64 78 106 91 92 104 72 102 110 99 79 80 94 105 88 95 
19 12 2 33 7 35 1 25 3 27 8 9 10 18 49 20 51 4 5 6 11 41 13 43 21 22 23 24 34 65 36 67 14 15 16 17 26 57 28 59 37 38 39 40 50 81 52 83 29 30 31 32 42 73 44 75 53 54 55 56 66 96 68 98 45 46 47 48 58 89 60 91 69 70 71 72 82 107 84 109 61 62 63 64 74 103 76 105 85 86 87 88 97 112 99 77 78 79 80 90 111 92 100 101 102 108 93 94 95 104 110 106 
20 92 23 34 35 36 95 104 105 3 37 10 39 49 50 51 52 106 80 5 111 11 12 13 22 53 24 55 65 66 67 68 94 14 1 16 25 26 27 28 38 69 40 71 81 82 83 84 4 29 6 31 41 42 43 44 54 85 56 87 96 97 98 99 15 45 17 47 57 58 59 60 70 100 72 102 107 108 109 7 30 61 32 63 73 74 75 76 86 110 88 9 112 18 19 46 77 48 79 89 90 91 101 21 2 33 62 93 64 103 8 78 
21 4 18 2 8 37 25 5 14 15 19 33 34 9 10 22 53 3 11 41 1 16 29 30 7 35 49 50 23 24 38 69 12 13 26 57 6 31 45 46 20 51 65 66 39 40 54 85 27 28 42 73 17 47 61 62 36 67 81 82 55 56 70 100 43 44 58 89 32 63 77 78 52 83 96 97 71 72 86 110 59 60 74 103 48 79 93 94 68 98 107 108 87 88 101 75 76 90 111 64 95 106 84 109 112 102 91 92 104 80 99 105 
22 106 49 23 37 38 104 80 94 14 20 34 65 10 39 53 54 105 111 11 95 1 4 29 35 36 50 81 24 55 69 70 92 12 25 26 5 6 15 45 51 52 66 96 40 71 85 86 3 27 41 42 16 17 30 61 67 68 82 107 56 87 100 101 13 43 57 58 31 32 46 77 83 84 97 112 72 102 110 8 28 59 73 74 47 48 62 93 98 99 108 33 88 9 21 44 75 89 90 63 64 78 109 7 18 2 60 91 103 79 19 76 
23 95 35 37 10 39 105 106 80 5 49 20 51 22 53 24 55 111 92 12 94 14 1 16 34 65 36 67 38 69 40 71 104 25 3 27 4 29 6 31 50 81 52 83 54 85 56 87 11 41 13 43 15 45 17 47 66 96 68 98 70 100 72 102 26 57 28 59 30 61 32 63 82 107 84 109 86 110 88 9 42 73 44 75 46 77 48 79 97 112 99 19 101 21 2 58 89 60 91 62 93 64 108 33 7 8 74 103 76 78 18 90 
24 64 36 38 39 40 76 78 79 80 50 51 52 53 54 55 56 90 91 92 93 94 95 1 65 66 67 68 69 70 71 72 103 104 105 3 106 4 5 6 81 82 83 84 85 86 87 88 111 11 12 13 14 15 16 17 96 97 98 99 100 101 102 2 25 26 27 28 29 30 31 32 107 108 109 7 110 8 9 10 41 42 43 44 45 46 47 48 112 18 19 20 21 22 23 57 58 59 60 61 62 63 33 34 35 37 73 74 75 77 49 89 
25 18 14 3 11 41 8 19 33 34 1 4 29 12 13 26 57 9 21 22 7 35 49 50 5 6 15 45 27 28 42 73 2 23 37 38 20 51 65 66 16 17 30 61 43 44 58 89 10 39 53 54 36 67 81 82 31 32 46 77 59 60 74 103 24 55 69 70 52 83 96 97 47 48 62 93 75 76 90 111 40 71 85 86 68 98 107 108 63 64 78 106 91 92 104 56 87 100 101 84 109 112 79 80 94 105 72 102 110 99 95 88 
26 112 15 27 41 42 110 99 108 33 16 29 30 13 43 57 58 88 101 21 109 7 18 49 6 31 45 46 28 59 73 74 102 2 8 37 19 20 34 65 17 47 61 62 44 75 89 90 9 10 22 53 35 36 50 81 32 63 77 78 60 91 103 104 23 24 38 69 51 52 66 96 48 79 93 94 76 105 111 11 39 40 54 85 67 68 82 107 64 95 106 4 92 12 25 55 56 70 100 83 84 97 80 5 14 3 71 72 86 98 1 87 
27 109 6 41 13 43 88 112 99 19 15 16 17 26 57 28 59 101 102 2 108 33 7 35 29 30 31 32 42 73 44 75 110 8 9 10 18 49 20 51 45 46 47 48 58 89 60 91 21 22 23 24 34 65 36 67 61 62 63 64 74 103 76 105 37 38 39 40 50 81 52 83 77 78 79 80 90 111 92 12 53 54 55 56 66 96 68 98 93 94 95 1 104 25 3 69 70 71 72 82 107 84 106 4 5 11 85 86 87 97 14 100 
28 84 31 42 43 44 87 97 98 99 45 17 47 57 58 59 60 100 72 102 107 108 109 7 30 61 32 63 73 74 75 76 86 110 88 9 112 18 19 20 46 77 48 79 89 90 91 92 101 21 2 23 33 34 35 36 62 93 64 95 103 104 105 3 8 37 10 39 49 50 51 52 78 106 80 5 111 11 12 13 22 53 24 55 65 66 67 68 94 14 1 16 25 26 27 38 69 40 71 81 82 83 4 29 6 41 54 85 56 96 15 70 
29 101 26 6 15 45 112 102 110 8 27 41 42 16 17 30 61 99 108 33 88 9 21 22 13 43 57 58 31 32 46 77 109 7 18 49 2 23 37 38 28 59 73 74 47 48 62 93 19 20 34 65 10 39 53 54 44 75 89 90 63 64 78 106 35 36 50 81 24 55 69 70 60 91 103 104 79 80 94 14 51 52 66 96 40 71 85 86 76 105 111 11 95 1 4 67 68 82 107 56 87 100 92 12 25 5 83 84 97 72 3 98 
30 100 57 31 45 46 97 72 86 110 28 42 73 17 47 61 62 98 107 108 87 88 101 21 43 44 58 89 32 63 77 78 84 109 112 18 102 2 8 37 59 60 74 103 48 79 93 94 99 19 33 34 9 10 22 53 75 76 90 111 64 95 106 4 7 35 49 50 23 24 38 69 91 92 104 25 80 5 14 15 20 51 65 66 39 40 54 85 105 3 11 41 1 16 29 36 67 81 82 55 56 70 12 13 26 6 52 83 96 71 27 68 
31 87 43 45 17 47 98 100 72 102 57 28 59 30 61 32 63 107 84 109 86 110 88 9 42 73 44 75 46 77 48 79 97 112 99 19 101 21 2 23 58 89 60 91 62 93 64 95 108 33 7 35 8 37 10 39 74 103 76 105 78 106 80 5 18 49 20 51 22 53 24 55 90 111 92 12 94 14 1 16 34 65 36 67 38 69 40 71 104 25 3 27 4 29 6 50 81 52 83 54 85 56 11 41 13 15 66 96 68 70 26 82 
32 56 44 46 47 48 68 70 71 72 58 59 60 61 62 63 64 82 83 84 85 86 87 88 73 74 75 76 77 78 79 80 96 97 98 99 100 101 102 2 89 90 91 92 93 94 95 1 107 108 109 7 110 8 9 10 103 104 105 3 106 4 5 6 112 18 19 20 21 22 23 24 111 11 12 13 14 15 16 17 33 34 35 36 37 38 39 40 25 26 27 28 29 30 31 49 50 51 52 53 54 55 41 42 43 45 65 66 67 69 57 81 
33 11 21 7 18 49 4 12 25 26 2 8 37 19 20 34 65 5 14 15 3 27 41 42 9 10 22 53 35 36 50 81 1 16 29 30 13 43 57 58 23 24 38 69 51 52 66 96 6 31 45 46 28 59 73 74 39 40 54 85 67 68 82 107 17 47 61 62 44 75 89 90 55 56 70 100 83 84 97 112 32 63 77 78 60 91 103 104 71 72 86 110 98 99 108 48 79 93 94 76 105 111 87 88 101 109 64 95 106 92 102 80 
34 111 22 35 49 50 106 92 104 25 23 37 38 20 51 65 66 80 94 14 105 3 11 41 10 39 53 54 36 67 81 82 95 1 4 29 12 13 26 57 24 55 69 70 52 83 96 97 5 6 15 45 27 28 42 73 40 71 85 86 68 98 107 108 16 17 30 61 43 44 58 89 56 87 100 101 84 109 112 18 31 32 46 77 59 60 74 103 72 102 110 8 99 19 33 47 48 62 93 75 76 90 88 9 21 7 63 64 78 91 2 79 
35 105 10 49 20 51 80 111 92 12 22 23 24 34 65 36 67 94 95 1 104 25 3 27 37 38 39 40 50 81 52 83 106 4 5 6 11 41 13 43 53 54 55 56 66 96 68 98 14 15 16 17 26 57 28 59 69 70 71 72 82 107 84 109 29 30 31 32 42 73 44 75 85 86 87 88 97 112 99 19 45 46 47 48 58 89 60 91 100 101 102 2 108 33 7 61 62 63 64 74 103 76 110 8 9 18 77 78 79 90 21 93 
36 76 39 50 51 52 79 90 91 92 53 24 55 65 66 67 68 93 64 95 103 104 105 3 38 69 40 71 81 82 83 84 78 106 80 5 111 11 12 13 54 85 56 87 96 97 98 99 94 14 1 16 25 26 27 28 70 100 72 102 107 108 109 7 4 29 6 31 41 42 43 44 86 110 88 9 112 18 19 20 15 45 17 47 57 58 59 60 101 21 2 23 33 34 35 30 61 32 63 73 74 75 8 37 10 49 46 77 48 89 22 62 
37 94 34 10 22 53 111 95 106 4 35 49 50 23 24 38 69 92 104 25 80 5 14 15 20 51 65 66 39 40 54 85 105 3 11 41 1 16 29 30 36 67 81 82 55 56 70 100 12 13 26 57 6 31 45 46 52 83 96 97 71 72 86 110 27 28 42 73 17 47 61 62 68 98 107 108 87 88 101 21 43 44 58 89 32 63 77 78 84 109 112 18 102 2 8 59 60 74 103 48 79 93 99 19 33 9 75 76 90 64 7 91 
38 93 65 39 53 54 90 64 78 106 36 50 81 24 55 69 70 91 103 104 79 80 94 14 51 52 66 96 40 71 85 86 76 105 111 11 95 1 4 29 67 68 82 107 56 87 100 101 92 12 25 26 5 6 15 45 83 84 97 112 72 102 110 8 3 27 41 42 16 17 30 61 98 99 108 33 88 9 21 22 13 43 57 58 31 32 46 77 109 7 18 49 2 23 37 28 59 73 74 47 48 62 19 20 34 10 44 75 89 63 35 60 
39 79 51 53 24 55 91 93 64 95 65 36 67 38 69 40 71 103 76 105 78 106 80 5 50 81 52 83 54 85 56 87 90 111 92 12 94 14 1 16 66 96 68 98 70 100 72 102 104 25 3 27 4 29 6 31 82 107 84 109 86 110 88 9 11 41 13 43 15 45 17 47 97 112 99 19 101 21 2 23 26 57 28 59 30 61 32 63 108 33 7 35 8 37 10 42 73 44 75 46 77 48 18 49 20 22 58 89 60 62 34 74 
40 48 52 54 55 56 60 62 63 64 66 67 68 69 70 71 72 74 75 76 77 78 79 80 81 82 83 84 85 86 87 88 89 90 91 92 93 94 95 1 96 97 98 99 100 101 102 2 103 104 105 3 106 4 5 6 107 108 109 7 110 8 9 10 111 11 12 13 14 15 16 17 112 18 19 20 21 22 23 24 25 26 27 28 29 30 31 32 33 34 35 36 37 38 39 41 42 43 44 45 46 47 49 50 51 53 57 58 59 61 65 73 
41 108 29 13 26 57 101 109 112 18 6 15 45 27 28 42 73 102 110 8 99 19 33 34 16 17 30 61 43 44 58 89 88 9 21 22 7 35 49 50 31 32 46 77 59 60 74 103 2 23 37 38 20 51 65 66 47 48 62 93 75 76 90 111 10 39 53 54 36 67 81 82 63 64 78 106 91 92 104 25 24 55 69 70 52 83 96 97 79 80 94 14 105 3 11 40 71 85 86 68 98 107 95 1 4 12 56 87 100 84 5 72 
42 107 30 43 57 58 100 84 97 112 31 45 46 28 59 73 74 72 86 110 98 99 108 33 17 47 61 62 44 75 89 90 87 88 101 21 109 7 18 49 32 63 77 78 60 91 103 104 102 2 8 37 19 20 34 65 48 79 93 94 76 105 111 11 9 10 22 53 35 36 50 81 64 95 106 4 92 12 25 26 23 24 38 69 51 52 66 96 80 5 14 15 3 27 41 39 40 54 85 67 68 82 1 16 29 13 55 56 70 83 6 71 
43 98 17 57 28 59 72 107 84 109 30 31 32 42 73 44 75 86 87 88 97 112 99 19 45 46 47 48 58 89 60 91 100 101 102 2 108 33 7 35 61 62 63 64 74 103 76 105 110 8 9 10 18 49 20 51 77 78 79 80 90 111 92 12 21 22 23 24 34 65 36 67 93 94 95 1 104 25 3 27 37 38 39 40 50 81 52 83 106 4 5 6 11 41 13 53 54 55 56 66 96 68 14 15 16 26 69 70 71 82 29 85 
44 68 47 58 59 60 71 82 83 84 61 32 63 73 74 75 76 85 56 87 96 97 98 99 46 77 48 79 89 90 91 92 70 100 72 102 107 108 109 7 62 93 64 95 103 104 105 3 86 110 88 9 112 18 19 20 78 106 80 5 111 11 12 13 101 21 2 23 33 34 35 36 94 14 1 16 25 26 27 28 8 37 10 39 49 50 51 52 4 29 6 31 41 42 43 22 53 24 55 65 66 67 15 45 17 57 38 69 40 81 30 54 
45 86 42 17 30 61 107 87 100 101 43 57 58 31 32 46 77 84 97 112 72 102 110 8 28 59 73 74 47 48 62 93 98 99 108 33 88 9 21 22 44 75 89 90 63 64 78 106 109 7 18 49 2 23 37 38 60 91 103 104 79 80 94 14 19 20 34 65 10 39 53 54 76 105 111 11 95 1 4 29 35 36 50 81 24 55 69 70 92 12 25 26 5 6 15 51 52 66 96 40 71 85 3 27 41 16 67 68 82 56 13 83 
46 85 73 47 61 62 82 56 70 100 44 58 89 32 63 77 78 83 96 97 71 72 86 110 59 60 74 103 48 79 93 94 68 98 107 108 87 88 101 21 75 76 90 111 64 95 106 4 84 109 112 18 102 2 8 37 91 92 104 25 80 5 14 15 99 19 33 34 9 10 22 53 105 3 11 41 1 16 29 30 7 35 49 50 23 24 38 69 12 13 26 57 6 31 45 20 51 65 66 39 40 54 27 28 42 17 36 67 81 55 43 52 
47 71 59 61 32 63 83 85 56 87 73 44 75 46 77 48 79 96 68 98 70 100 72 102 58 89 60 91 62 93 64 95 82 107 84 109 86 110 88 9 74 103 76 105 78 106 80 5 97 112 99 19 101 21 2 23 90 111 92 12 94 14 1 16 108 33 7 35 8 37 10 39 104 25 3 27 4 29 6 31 18 49 20 51 22 53 24 55 11 41 13 43 15 45 17 34 65 36 67 38 69 40 26 57 28 30 50 81 52 54 42 66 
48 40 60 62 63 64 52 54 55 56 74 75 76 77 78 79 80 66 67 68 69 70 71 72 89 90 91 92 93 94 95 1 81 82 83 84 85 86 87 88 103 104 105 3 106 4 5 6 96 97 98 99 100 101 102 2 111 11 12 13 14 15 16 17 107 108 109 7 110 8 9 10 25 26 27 28 29 30 31 32 112 18 19 20 21 22 23 24 41 42 43 44 45 46 47 33 34 35 36 37 38 39 57 58 59 61 49 50 51 53 73 65 
49 104 37 20 34 65 94 105 111 11 10 22 53 35 36 50 81 95 106 4 92 12 25 26 23 24 38 69 51 52 66 96 80 5 14 15 3 27 41 42 39 40 54 85 67 68 82 107 1 16 29 30 13 43 57 58 55 56 70 100 83 84 97 112 6 31 45 46 28 59 73 74 71 72 86 110 98 99 108 33 17 47 61 62 44 75 89 90 87 88 101 21 109 7 18 32 63 77 78 60 91 103 102 2 8 19 48 79 93 76 9 64 
50 103 38 51 65 66 93 76 90 111 39 53 54 36 67 81 82 64 78 106 91 92 104 25 24 55 69 70 52 83 96 97 79 80 94 14 105 3 11 41 40 71 85 86 68 98 107 108 95 1 4 29 12 13 26 57 56 87 100 101 84 109 112 18 5 6 15 45 27 28 42 73 72 102 110 8 99 19 33 34 16 17 30 61 43 44 58 89 88 9 21 22 7 35 49 31 32 46 77 59 60 74 2 23 37 20 47 48 62 75 10 63 
51 91 24 65 36 67 64 103 76 105 38 39 40 50 81 52 83 78 79 80 90 111 92 12 53 54 55 56 66 96 68 98 93 94 95 1 104 25 3 27 69 70 71 72 82 107 84 109 106 4 5 6 11 41 13 43 85 86 87 88 97 112 99 19 14 15 16 17 26 57 28 59 100 101 102 2 108 33 7 35 29 30 31 32 42 73 44 75 110 8 9 10 18 49 20 45 46 47 48 58 89 60 21 22 23 34 61 62 63 74 37 77 
52 60 55 66 67 68 63 74 75 76 69 40 71 81 82 83 84 77 48 79 89 90 91 92 54 85 56 87 96 97 98 99 62 93 64 95 103 104 105 3 70 100 72 102 107 108 109 7 78 106 80 5 111 11 12 13 86 110 88 9 112 18 19 20 94 14 1 16 25 26 27 28 101 21 2 23 33 34 35 36 4 29 6 31 41 42 43 44 8 37 10 39 49 50 51 15 45 17 47 57 58 59 22 53 24 65 30 61 32 73 38 46 
53 78 50 24 38 69 103 79 93 94 51 65 66 39 40 54 85 76 90 111 64 95 106 4 36 67 81 82 55 56 70 100 91 92 104 25 80 5 14 15 52 83 96 97 71 72 86 110 105 3 11 41 1 16 29 30 68 98 107 108 87 88 101 21 12 13 26 57 6 31 45 46 84 109 112 18 102 2 8 37 27 28 42 73 17 47 61 62 99 19 33 34 9 10 22 43 44 58 89 32 63 77 7 35 49 23 59 60 74 48 20 75 
54 77 81 55 69 70 74 48 62 93 52 66 96 40 71 85 86 75 89 90 63 64 78 106 67 68 82 107 56 87 100 101 60 91 103 104 79 80 94 14 83 84 97 112 72 102 110 8 76 105 111 11 95 1 4 29 98 99 108 33 88 9 21 22 92 12 25 26 5 6 15 45 109 7 18 49 2 23 37 38 3 27 41 42 16 17 30 61 19 20 34 65 10 39 53 13 43 57 58 31 32 46 35 36 50 24 28 59 73 47 51 44 
55 63 67 69 40 71 75 77 48 79 81 52 83 54 85 56 87 89 60 91 62 93 64 95 66 96 68 98 70 100 72 102 74 103 76 105 78 106 80 5 82 107 84 109 86 110 88 9 90 111 92 12 94 14 1 16 97 112 99 19 101 21 2 23 104 25 3 27 4 29 6 31 108 33 7 35 8 37 10 39 11 41 13 43 15 45 17 47 18 49 20 51 22 53 24 26 57 28 59 30 61 32 34 65 36 38 42 73 44 46 50 58 
56 32 68 70 71 72 44 46 47 48 82 83 84 85 86 87 88 58 59 60 61 62 63 64 96 97 98 99 100 101 102 2 73 74 75 76 77 78 79 80 107 108 109 7 110 8 9 10 89 90 91 92 93 94 95 1 112 18 19 20 21 22 23 24 103 104 105 3 106 4 5 6 33 34 35 36 37 38 39 40 111 11 12 13 14 15 16 17 49 50 51 52 53 54 55 25 26 27 28 29 30 31 65 66 67 69 41 42 43 45 81 57 
57 97 45 28 42 73 86 98 107 108 17 30 61 43 44 58 89 87 100 101 84 109 112 18 31 32 46 77 59 60 74 103 72 102 110 8 99 19 33 34 47 48 62 93 75 76 90 111 88 9 21 22 7 35 49 50 63 64 78 106 91 92 104 25 2 23 37 38 20 51 65 66 79 80 94 14 105 3 11 41 10 39 53 54 36 67 81 82 95 1 4 29 12 13 26 24 55 69 70 52 83 96 5 6 15 27 40 71 85 68 16 56 
58 96 46 59 73 74 85 68 82 107 47 61 62 44 75 89 90 56 70 100 83 84 97 112 32 63 77 78 60 91 103 104 71 72 86 110 98 99 108 33 48 79 93 94 76 105 111 11 87 88 101 21 109 7 18 49 64 95 106 4 92 12 25 26 102 2 8 37 19 20 34 65 80 5 14 15 3 27 41 42 9 10 22 53 35 36 50 81 1 16 29 30 13 43 57 23 24 38 69 51 52 66 6 31 45 28 39 40 54 67 17 55 
59 83 32 73 44 75 56 96 68 98 46 47 48 58 89 60 91 70 71 72 82 107 84 109 61 62 63 64 74 103 76 105 85 86 87 88 97 112 99 19 77 78 79 80 90 111 92 12 100 101 102 2 108 33 7 35 93 94 95 1 104 25 3 27 110 8 9 10 18 49 20 51 106 4 5 6 11 41 13 43 21 22 23 24 34 65 36 67 14 15 16 17 26 57 28 37 38 39 40 50 81 52 29 30 31 42 53 54 55 66 45 69 
60 52 63 74 75 76 55 66 67 68 77 48 79 89 90 91 92 69 40 71 81 82 83 84 62 93 64 95 103 104 105 3 54 85 56 87 96 97 98 99 78 106 80 5 111 11 12 13 70 100 72 102 107 108 109 7 94 14 1 16 25 26 27 28 86 110 88 9 112 18 19 20 4 29 6 31 41 42 43 44 101 21 2 23 33 34 35 36 15 45 17 47 57 58 59 8 37 10 39 49 50 51 30 61 32 73 22 53 24 65 46 38 
61 70 58 32 46 77 96 71 85 86 59 73 74 47 48 62 93 68 82 107 56 87 100 101 44 75 89 90 63 64 78 106 83 84 97 112 72 102 110 8 60 91 103 104 79 80 94 14 98 99 108 33 88 9 21 22 76 105 111 11 95 1 4 29 109 7 18 49 2 23 37 38 92 12 25 26 5 6 15 45 19 20 34 65 10 39 53 54 3 27 41 42 16 17 30 35 36 50 81 24 55 69 13 43 57 31 51 52 66 40 28 67 
62 69 89 63 77 78 66 40 54 85 60 74 103 48 79 93 94 67 81 82 55 56 70 100 75 76 90 111 64 95 106 4 52 83 96 97 71 72 86 110 91 92 104 25 80 5 14 15 68 98 107 108 87 88 101 21 105 3 11 41 1 16 29 30 84 109 112 18 102 2 8 37 12 13 26 57 6 31 45 46 99 19 33 34 9 10 22 53 27 28 42 73 17 47 61 7 35 49 50 23 24 38 43 44 58 32 20 51 65 39 59 36 
63 55 75 77 48 79 67 69 40 71 89 60 91 62 93 64 95 81 52 83 54 85 56 87 74 103 76 105 78 106 80 5 66 96 68 98 70 100 72 102 90 111 92 12 94 14 1 16 82 107 84 109 86 110 88 9 104 25 3 27 4 29 6 31 97 112 99 19 101 21 2 23 11 41 13 43 15 45 17 47 108 33 7 35 8 37 10 39 26 57 28 59 30 61 32 18 49 20 51 22 53 24 42 73 44 46 34 65 36 38 58 50 
64 24 76 78 79 80 36 38 39 40 90 91 92 93 94 95 1 50 51 52 53 54 55 56 103 104 105 3 106 4 5 6 65 66 67 68 69 70 71 72 111 11 12 13 14 15 16 17 81 82 83 84 85 86 87 88 25 26 27 28 29 30 31 32 96 97 98 99 100 101 102 2 41 42 43 44 45 46 47 48 107 108 109 7 110 8 9 10 57 58 59 60 61 62 63 112 18 19 20 21 22 23 73 74 75 77 33 34 35 37 89 49 
65 90 53 36 50 81 78 91 103 104 24 38 69 51 52 66 96 79 93 94 76 105 111 11 39 40 54 85 67 68 82 107 64 95 106 4 92 12 25 26 55 56 70 100 83 84 97 112 80 5 14 15 3 27 41 42 71 72 86 110 98 99 108 33 1 16 29 30 13 43 57 58 87 88 101 21 109 7 18 49 6 31 45 46 28 59 73 74 102 2 8 37 19 20 34 17 47 61 62 44 75 89 9 10 22 35 32 63 77 60 23 48 
66 89 54 67 81 82 77 60 74 103 55 69 70 52 83 96 97 48 62 93 75 76 90 111 40 71 85 86 68 98 107 108 63 64 78 106 91 92 104 25 56 87 100 101 84 109 112 18 79 80 94 14 105 3 11 41 72 102 110 8 99 19 33 34 95 1 4 29 12 13 26 57 88 9 21 22 7 35 49 50 5 6 15 45 27 28 42 73 2 23 37 38 20 51 65 16 17 30 61 43 44 58 10 39 53 36 31 32 46 59 24 47 
67 75 40 81 52 83 48 89 60 91 54 55 56 66 96 68 98 62 63 64 74 103 76 105 69 70 71 72 82 107 84 109 77 78 79 80 90 111 92 12 85 86 87 88 97 112 99 19 93 94 95 1 104 25 3 27 100 101 102 2 108 33 7 35 106 4 5 6 11 41 13 43 110 8 9 10 18 49 20 51 14 15 16 17 26 57 28 59 21 22 23 24 34 65 36 29 30 31 32 42 73 44 37 38 39 50 45 46 47 58 53 61 
68 44 71 82 83 84 47 58 59 60 85 56 87 96 97 98 99 61 32 63 73 74 75 76 70 100 72 102 107 108 109 7 46 77 48 79 89 90 91 92 86 110 88 9 112 18 19 20 62 93 64 95 103 104 105 3 101 21 2 23 33 34 35 36 78 106 80 5 111 11 12 13 8 37 10 39 49 50 51 52 94 14 1 16 25 26 27 28 22 53 24 55 65 66 67 4 29 6 31 41 42 43 38 69 40 81 15 45 17 57 54 30 
69 62 66 40 54 85 89 63 77 78 67 81 82 55 56 70 100 60 74 103 48 79 93 94 52 83 96 97 71 72 86 110 75 76 90 111 64 95 106 4 68 98 107 108 87 88 101 21 91 92 104 25 80 5 14 15 84 109 112 18 102 2 8 37 105 3 11 41 1 16 29 30 99 19 33 34 9 10 22 53 12 13 26 57 6 31 45 46 7 35 49 50 23 24 38 27 28 42 73 17 47 61 20 51 65 39 43 44 58 32 36 59 
70 61 96 71 85 86 58 32 46 77 68 82 107 56 87 100 101 59 73 74 47 48 62 93 83 84 97 112 72 102 110 8 44 75 89 90 63 64 78 106 98 99 108 33 88 9 21 22 60 91 103 104 79 80 94 14 109 7 18 49 2 23 37 38 76 105 111 11 95 1 4 29 19 20 34 65 10 39 53 54 92 12 25 26 5 6 15 45 35 36 50 81 24 55 69 3 27 41 42 16 17 30 51 52 66 40 13 43 57 31 67 28 
71 47 83 85 56 87 59 61 32 63 96 68 98 70 100 72 102 73 44 75 46 77 48 79 82 107 84 109 86 110 88 9 58 89 60 91 62 93 64 95 97 112 99 19 101 21 2 23 74 103 76 105 78 106 80 5 108 33 7 35 8 37 10 39 90 111 92 12 94 14 1 16 18 49 20 51 22 53 24 55 104 25 3 27 4 29 6 31 34 65 36 67 38 69 40 11 41 13 43 15 45 17 50 81 52 54 26 57 28 30 66 42 
72 17 84 86 87 88 28 30 31 32 97 98 99 100 101 102 2 42 43 44 45 46 47 48 107 108 109 7 110 8 9 10 57 58 59 60 61 62 63 64 112 18 19 20 21 22 23 24 73 74 75 76 77 78 79 80 33 34 35 36 37 38 39 40 89 90 91 92 93 94 95 1 49 50 51 52 53 54 55 56 103 104 105 3 106 4 5 6 65 66 67 68 69 70 71 111 11 12 13 14 15 16 81 82 83 85 25 26 27 29 96 41 
73 82 61 44 58 89 70 83 96 97 32 46 77 59 60 74 103 71 85 86 68 98 107 108 47 48 62 93 75 76 90 111 56 87 100 101 84 109 112 18 63 64 78 106 91 92 104 25 72 102 110 8 99 19 33 34 79 80 94 14 105 3 11 41 88 9 21 22 7 35 49 50 95 1 4 29 12 13 26 57 2 23 37 38 20 51 65 66 5 6 15 45 27 28 42 10 39 53 54 36 67 81 16 17 30 43 24 55 69 52 31 40 
74 81 62 75 89 90 69 52 66 96 63 77 78 60 91 103 104 40 54 85 67 68 82 107 48 79 93 94 76 105 111 11 55 56 70 100 83 84 97 112 64 95 106 4 92 12 25 26 71 72 86 110 98 99 108 33 80 5 14 15 3 27 41 42 87 88 101 21 109 7 18 49 1 16 29 30 13 43 57 58 102 2 8 37 19 20 34 65 6 31 45 46 28 59 73 9 10 22 53 35 36 50 17 47 61 44 23 24 38 51 32 39 
75 67 48 89 60 91 40 81 52 83 62 63 64 74 103 76 105 54 55 56 66 96 68 98 77 78 79 80 90 111 92 12 69 70 71 72 82 107 84 109 93 94 95 1 104 25 3 27 85 86 87 88 97 112 99 19 106 4 5 6 11 41 13 43 100 101 102 2 108 33 7 35 14 15 16 17 26 57 28 59 110 8 9 10 18 49 20 51 29 30 31 32 42 73 44 21 22 23 24 34 65 36 45 46 47 58 37 38 39 50 61 53 
76 36 79 90 91 92 39 50 51 52 93 64 95 103 104 105 3 53 24 55 65 66 67 68 78 106 80 5 111 11 12 13 38 69 40 71 81 82 83 84 94 14 1 16 25 26 27 28 54 85 56 87 96 97 98 99 4 29 6 31 41 42 43 44 70 100 72 102 107 108 109 7 15 45 17 47 57 58 59 60 86 110 88 9 112 18 19 20 30 61 32 63 73 74 75 101 21 2 23 33 34 35 46 77 48 89 8 37 10 49 62 22 
77 54 74 48 62 93 81 55 69 70 75 89 90 63 64 78 106 52 66 96 40 71 85 86 60 91 103 104 79 80 94 14 67 68 82 107 56 87 100 101 76 105 111 11 95 1 4 29 83 84 97 112 72 102 110 8 92 12 25 26 5 6 15 45 98 99 108 33 88 9 21 22 3 27 41 42 16 17 30 61 109 7 18 49 2 23 37 38 13 43 57 58 31 32 46 19 20 34 65 10 39 53 28 59 73 47 35 36 50 24 44 51 
78 53 103 79 93 94 50 24 38 69 76 90 111 64 95 106 4 51 65 66 39 40 54 85 91 92 104 25 80 5 14 15 36 67 81 82 55 56 70 100 105 3 11 41 1 16 29 30 52 83 96 97 71 72 86 110 12 13 26 57 6 31 45 46 68 98 107 108 87 88 101 21 27 28 42 73 17 47 61 62 84 109 112 18 102 2 8 37 43 44 58 89 32 63 77 99 19 33 34 9 10 22 59 60 74 48 7 35 49 23 75 20 
79 39 91 93 64 95 51 53 24 55 103 76 105 78 106 80 5 65 36 67 38 69 40 71 90 111 92 12 94 14 1 16 50 81 52 83 54 85 56 87 104 25 3 27 4 29 6 31 66 96 68 98 70 100 72 102 11 41 13 43 15 45 17 47 82 107 84 109 86 110 88 9 26 57 28 59 30 61 32 63 97 112 99 19 101 21 2 23 42 73 44 75 46 77 48 108 33 7 35 8 37 10 58 89 60 62 18 49 20 22 74 34 
80 10 92 94 95 1 20 22 23 24 104 105 3 106 4 5 6 34 35 36 37 38 39 40 111 11 12 13 14 15 16 17 49 50 51 52 53 54 55 56 25 26 27 28 29 30 31 32 65 66 67 68 69 70 71 72 41 42 43 44 45 46 47 48 81 82 83 84 85 86 87 88 57 58 59 60 61 62 63 64 96 97 98 99 100 101 102 2 73 74 75 76 77 78 79 107 108 109 7 110 8 9 89 90 91 93 112 18 19 21 103 33 
81 74 69 52 66 96 62 75 89 90 40 54 85 67 68 82 107 63 77 78 60 91 103 104 55 56 70 100 83 84 97 112 48 79 93 94 76 105 111 11 71 72 86 110 98 99 108 33 64 95 106 4 92 12 25 26 87 88 101 21 109 7 18 49 80 5 14 15 3 27 41 42 102 2 8 37 19 20 34 65 1 16 29 30 13 43 57 58 9 10 22 53 35 36 50 6 31 45 46 28 59 73 23 24 38 51 17 47 61 44 39 32 
82 73 70 83 96 97 61 44 58 89 71 85 86 68 98 107 108 32 46 77 59 60 74 103 56 87 100 101 84 109 112 18 47 48 62 93 75 76 90 111 72 102 110 8 99 19 33 34 63 64 78 106 91 92 104 25 88 9 21 22 7 35 49 50 79 80 94 14 105 3 11 41 2 23 37 38 20 51 65 66 95 1 4 29 12 13 26 57 10 39 53 54 36 67 81 5 6 15 45 27 28 42 24 55 69 52 16 17 30 43 40 31 
83 59 56 96 68 98 32 73 44 75 70 71 72 82 107 84 109 46 47 48 58 89 60 91 85 86 87 88 97 112 99 19 61 62 63 64 74 103 76 105 100 101 102 2 108 33 7 35 77 78 79 80 90 111 92 12 110 8 9 10 18 49 20 51 93 94 95 1 104 25 3 27 21 22 23 24 34 65 36 67 106 4 5 6 11 41 13 43 37 38 39 40 50 81 52 14 15 16 17 26 57 28 53 54 55 66 29 30 31 42 69 45 
84 28 87 97 98 99 31 42 43 44 100 72 102 107 108 109 7 45 17 47 57 58 59 60 86 110 88 9 112 18 19 20 30 61 32 63 73 74 75 76 101 21 2 23 33 34 35 36 46 77 48 79 89 90 91 92 8 37 10 39 49 50 51 52 62 93 64 95 103 104 105 3 22 53 24 55 65 66 67 68 78 106 80 5 111 11 12 13 38 69 40 71 81 82 83 94 14 1 16 25 26 27 54 85 56 96 4 29 6 41 70 15 
85 46 82 56 70 100 73 47 61 62 83 96 97 71 72 86 110 44 58 89 32 63 77 78 68 98 107 108 87 88 101 21 59 60 74 103 48 79 93 94 84 109 112 18 102 2 8 37 75 76 90 111 64 95 106 4 99 19 33 34 9 10 22 53 91 92 104 25 80 5 14 15 7 35 49 50 23 24 38 69 105 3 11 41 1 16 29 30 20 51 65 66 39 40 54 12 13 26 57 6 31 45 36 67 81 55 27 28 42 17 52 43 
86 45 107 87 100 101 42 17 30 61 84 97 112 72 102 110 8 43 57 58 31 32 46 77 98 99 108 33 88 9 21 22 28 59 73 74 47 48 62 93 109 7 18 49 2 23 37 38 44 75 89 90 63 64 78 106 19 20 34 65 10 39 53 54 60 91 103 104 79 80 94 14 35 36 50 81 24 55 69 70 76 105 111 11 95 1 4 29 51 52 66 96 40 71 85 92 12 25 26 5 6 15 67 68 82 56 3 27 41 16 83 13 
87 31 98 100 72 102 43 45 17 47 107 84 109 86 110 88 9 57 28 59 30 61 32 63 97 112 99 19 101 21 2 23 42 73 44 75 46 77 48 79 108 33 7 35 8 37 10 39 58 89 60 91 62 93 64 95 18 49 20 51 22 53 24 55 74 103 76 105 78 106 80 5 34 65 36 67 38 69 40 71 90 111 92 12 94 14 1 16 50 81 52 83 54 85 56 104 25 3 27 4 29 6 66 96 68 70 11 41 13 15 82 26 
88 6 99 101 102 2 13 15 16 17 108 109 7 110 8 9 10 26 27 28 29 30 31 32 112 18 19 20 21 22 23 24 41 42 43 44 45 46 47 48 33 34 35 36 37 38 39 40 57 58 59 60 61 62 63 64 49 50 51 52 53 54 55 56 73 74 75 76 77 78 79 80 65 66 67 68 69 70 71 72 89 90 91 92 93 94 95 1 81 82 83 84 85 86 87 103 104 105 3 106 4 5 96 97 98 100 111 11 12 14 107 25 
89 66 77 60 74 103 54 67 81 82 48 62 93 75 76 90 111 55 69 70 52 83 96 97 63 64 78 106 91 92 104 25 40 71 85 86 68 98 107 108 79 80 94 14 105 3 11 41 56 87 100 101 84 109 112 18 95 1 4 29 12 13 26 57 72 102 110 8 99 19 33 34 5 6 15 45 27 28 42 73 88 9 21 22 7 35 49 50 16 17 30 61 43 44 58 2 23 37 38 20 51 65 31 32 46 59 10 39 53 36 47 24 
90 65 78 91 103 104 53 36 50 81 79 93 94 76 105 111 11 24 38 69 51 52 66 96 64 95 106 4 92 12 25 26 39 40 54 85 67 68 82 107 80 5 14 15 3 27 41 42 55 56 70 100 83 84 97 112 1 16 29 30 13 43 57 58 71 72 86 110 98 99 108 33 6 31 45 46 28 59 73 74 87 88 101 21 109 7 18 49 17 47 61 62 44 75 89 102 2 8 37 19 20 34 32 63 77 60 9 10 22 35 48 23 
91 51 64 103 76 105 24 65 36 67 78 79 80 90 111 92 12 38 39 40 50 81 52 83 93 94 95 1 104 25 3 27 53 54 55 56 66 96 68 98 106 4 5 6 11 41 13 43 69 70 71 72 82 107 84 109 14 15 16 17 26 57 28 59 85 86 87 88 97 112 99 19 29 30 31 32 42 73 44 75 100 101 102 2 108 33 7 35 45 46 47 48 58 89 60 110 8 9 10 18 49 20 61 62 63 74 21 22 23 34 77 37 
92 20 95 104 105 3 23 34 35 36 106 80 5 111 11 12 13 37 10 39 49 50 51 52 94 14 1 16 25 26 27 28 22 53 24 55 65 66 67 68 4 29 6 31 41 42 43 44 38 69 40 71 81 82 83 84 15 45 17 47 57 58 59 60 54 85 56 87 96 97 98 99 30 61 32 63 73 74 75 76 70 100 72 102 107 108 109 7 46 77 48 79 89 90 91 86 110 88 9 112 18 19 62 93 64 103 101 21 2 33 78 8 
93 38 90 64 78 106 65 39 53 54 91 103 104 79 80 94 14 36 50 81 24 55 69 70 76 105 111 11 95 1 4 29 51 52 66 96 40 71 85 86 92 12 25 26 5 6 15 45 67 68 82 107 56 87 100 101 3 27 41 42 16 17 30 61 83 84 97 112 72 102 110 8 13 43 57 58 31 32 46 77 98 99 108 33 88 9 21 22 28 59 73 74 47 48 62 109 7 18 49 2 23 37 44 75 89 63 19 20 34 10 60 35 
94 37 111 95 106 4 34 10 22 53 92 104 25 80 5 14 15 35 49 50 23 24 38 69 105 3 11 41 1 16 29 30 20 51 65 66 39 40 54 85 12 13 26 57 6 31 45 46 36 67 81 82 55 56 70 100 27 28 42 73 17 47 61 62 52 83 96 97 71 72 86 110 43 44 58 89 32 63 77 78 68 98 107 108 87 88 101 21 59 60 74 103 48 79 93 84 109 112 18 102 2 8 75 76 90 64 99 19 33 9 91 7 
95 23 105 106 80 5 35 37 10 39 111 92 12 94 14 1 16 49 20 51 22 53 24 55 104 25 3 27 4 29 6 31 34 65 36 67 38 69 40 71 11 41 13 43 15 45 17 47 50 81 52 83 54 85 56 87 26 57 28 59 30 61 32 63 66 96 68 98 70 100 72 102 42 73 44 75 46 77 48 79 82 107 84 109 86 110 88 9 58 89 60 91 62 93 64 97 112 99 19 101 21 2 74 103 76 78 108 33 7 8 90 18 
96 58 85 68 82 107 46 59 73 74 56 70 100 83 84 97 112 47 61 62 44 75 89 90 71 72 86 110 98 99 108 33 32 63 77 78 60 91 103 104 87 88 101 21 109 7 18 49 48 79 93 94 76 105 111 11 102 2 8 37 19 20 34 65 64 95 106 4 92 12 25 26 9 10 22 53 35 36 50 81 80 5 14 15 3 27 41 42 23 24 38 69 51 52 66 1 16 29 30 13 43 57 39 40 54 67 6 31 45 28 55 17 
97 57 86 98 107 108 45 28 42 73 87 100 101 84 109 112 18 17 30 61 43 44 58 89 72 102 110 8 99 19 33 34 31 32 46 77 59 60 74 103 88 9 21 22 7 35 49 50 47 48 62 93 75 76 90 111 2 23 37 38 20 51 65 66 63 64 78 106 91 92 104 25 10 39 53 54 36 67 81 82 79 80 94 14 105 3 11 41 24 55 69 70 52 83 96 95 1 4 29 12 13 26 40 71 85 68 5 6 15 27 56 16 
98 43 72 107 84 109 17 57 28 59 86 87 88 97 112 99 19 30 31 32 42 73 44 75 100 101 102 2 108 33 7 35 45 46 47 48 58 89 60 91 110 8 9 10 18 49 20 51 61 62 63 64 74 103 76 105 21 22 23 24 34 65 36 67 77 78 79 80 90 111 92 12 37 38 39 40 50 81 52 83 93 94 95 1 104 25 3 27 53 54 55 56 66 96 68 106 4 5 6 11 41 13 69 70 71 82 14 15 16 26 85 29 
99 13 102 108 109 7 16 26 27 28 110 88 9 112 18 19 20 29 6 31 41 42 43 44 101 21 2 23 33 34 35 36 15 45 17 47 57 58 59 60 8 37 10 39 49 50 51 52 30 61 32 63 73 74 75 76 22 53 24 55 65 66 67 68 46 77 48 79 89 90 91 92 38 69 40 71 81 82 83 84 62 93 64 95 103 104 105 3 54 85 56 87 96 97 98 78 106 80 5 111 11 12 70 100 72 107 94 14 1 25 86 4 
100 30 97 72 86 110 57 31 45 46 98 107 108 87 88 101 21 28 42 73 17 47 61 62 84 109 112 18 102 2 8 37 43 44 58 89 32 63 77 78 99 19 33 34 9 10 22 53 59 60 74 103 48 79 93 94 7 35 49 50 23 24 38 69 75 76 90 111 64 95 106 4 20 51 65 66 39 40 54 85 91 92 104 25 80 5 14 15 36 67 81 82 55 56 70 105 3 11 41 1 16 29 52 83 96 71 12 13 26 6 68 27 
101 29 112 102 110 8 26 6 15 45 99 108 33 88 9 21 22 27 41 42 16 17 30 61 109 7 18 49 2 23 37 38 13 43 57 58 31 32 46 77 19 20 34 65 10 39 53 54 28 59 73 74 47 48 62 93 35 36 50 81 24 55 69 70 44 75 89 90 63 64 78 106 51 52 66 96 40 71 85 86 60 91 103 104 79 80 94 14 67 68 82 107 56 87 100 76 105 111 11 95 1 4 83 84 97 72 92 12 25 5 98 3 
102 16 109 110 88 9 27 29 6 31 112 99 19 101 21 2 23 41 13 43 15 45 17 47 108 33 7 35 8 37 10 39 26 57 28 59 30 61 32 63 18 49 20 51 22 53 24 55 42 73 44 75 46 77 48 79 34 65 36 67 38 69 40 71 58 89 60 91 62 93 64 95 50 81 52 83 54 85 56 87 74 103 76 105 78 106 80 5 66 96 68 98 70 100 72 90 111 92 12 94 14 1 82 107 84 86 104 25 3 4 97 11 
103 50 93 76 90 111 38 51 65 66 64 78 106 91 92 104 25 39 53 54 36 67 81 82 79 80 94 14 105 3 11 41 24 55 69 70 52 83 96 97 95 1 4 29 12 13 26 57 40 71 85 86 68 98 107 108 5 6 15 45 27 28 42 73 56 87 100 101 84 109 112 18 16 17 30 61 43 44 58 89 72 102 110 8 99 19 33 34 31 32 46 77 59 60 74 88 9 21 22 7 35 49 47 48 62 75 2 23 37 20 63 10 
104 49 94 105 111 11 37 20 34 65 95 106 4 92 12 25 26 10 22 53 35 36 50 81 80 5 14 15 3 27 41 42 23 24 38 69 51 52 66 96 1 16 29 30 13 43 57 58 39 40 54 85 67 68 82 107 6 31 45 46 28 59 73 74 55 56 70 100 83 84 97 112 17 47 61 62 44 75 89 90 71 72 86 110 98 99 108 33 32 63 77 78 60 91 103 87 88 101 21 109 7 18 48 79 93 76 102 2 8 19 64 9 
105 35 80 111 92 12 10 49 20 51 94 95 1 104 25 3 27 22 23 24 34 65 36 67 106 4 5 6 11 41 13 43 37 38 39 40 50 81 52 83 14 15 16 17 26 57 28 59 53 54 55 56 66 96 68 98 29 30 31 32 42 73 44 75 69 70 71 72 82 107 84 109 45 46 47 48 58 89 60 91 85 86 87 88 97 112 99 19 61 62 63 64 74 103 76 100 101 102 2 108 33 7 77 78 79 90 110 8 9 18 93 21 
106 22 104 80 94 14 49 23 37 38 105 111 11 95 1 4 29 20 34 65 10 39 53 54 92 12 25 26 5 6 15 45 35 36 50 81 24 55 69 70 3 27 41 42 16 17 30 61 51 52 66 96 40 71 85 86 13 43 57 58 31 32 46 77 67 68 82 107 56 87 100 101 28 59 73 74 47 48 62 93 83 84 97 112 72 102 110 8 44 75 89 90 63 64 78 98 99 108 33 88 9 21 60 91 103 79 109 7 18 2 76 19 
107 42 100 84 97 112 30 43 57 58 72 86 110 98 99 108 33 31 45 46 28 59 73 74 87 88 101 21 109 7 18 49 17 47 61 62 44 75 89 90 102 2 8 37 19 20 34 65 32 63 77 78 60 91 103 104 9 10 22 53 35 36 50 81 48 79 93 94 76 105 111 11 23 24 38 69 51 52 66 96 64 95 106 4 92 12 25 26 39 40 54 85 67 68 82 80 5 14 15 3 27 41 55 56 70 83 1 16 29 13 71 6 
108 41 101 109 112 18 29 13 26 57 102 110 8 99 19 33 34 6 15 45 27 28 42 73 88 9 21 22 7 35 49 50 16 17 30 61 43 44 58 89 2 23 37 38 20 51 65 66 31 32 46 77 59 60 74 103 10 39 53 54 36 67 81 82 47 48 62 93 75 76 90 111 24 55 69 70 52 83 96 97 63 64 78 106 91 92 104 25 40 71 85 86 68 98 107 79 80 94 14 105 3 11 56 87 100 84 95 1 4 12 72 5 
109 27 88 112 99 19 6 41 13 43 101 102 2 108 33 7 35 15 16 17 26 57 28 59 110 8 9 10 18 49 20 51 29 30 31 32 42 73 44 75 21 22 23 24 34 65 36 67 45 46 47 48 58 89 60 91 37 38 39 40 50 81 52 83 61 62 63 64 74 103 76 105 53 54 55 56 66 96 68 98 77 78 79 80 90 111 92 12 69 70 71 72 82 107 84 93 94 95 1 104 25 3 85 86 87 97 106 4 5 11 100 14 
110 15 108 88 101 21 41 16 29 30 109 112 18 102 2 8 37 13 26 57 6 31 45 46 99 19 33 34 9 10 22 53 27 28 42 73 17 47 61 62 7 35 49 50 23 24 38 69 43 44 58 89 32 63 77 78 20 51 65 66 39 40 54 85 59 60 74 103 48 79 93 94 36 67 81 82 55 56 70 100 75 76 90 111 64 95 106 4 52 83 96 97 71 72 86 91 92 104 25 80 5 14 68 98 107 87 105 3 11 1 84 12 
111 34 106 92 104 25 22 35 49 50 80 94 14 105 3 11 41 23 37 38 20 51 65 66 95 1 4 29 12 13 26 57 10 39 53 54 36 67 81 82 5 6 15 45 27 28 42 73 24 55 69 70 52 83 96 97 16 17 30 61 43 44 58 89 40 71 85 86 68 98 107 108 31 32 46 77 59 60 74 103 56 87 100 101 84 109 112 18 47 48 62 93 75 76 90 72 102 110 8 99 19 33 63 64 78 91 88 9 21 7 79 2 
112 26 110 99 108 33 15 27 41 42 88 101 21 109 7 18 49 16 29 30 13 43 57 58 102 2 8 37 19 20 34 65 6 31 45 46 28 59 73 74 9 10 22 53 35 36 50 81 17 47 61 62 44 75 89 90 23 24 38 69 51 52 66 96 32 63 77 78 60 91 103 104 39 40 54 85 67 68 82 107 48 79 93 94 76 105 111 11 55 56 70 100 83 84 97 64 95 106 4 92 12 25 71 72 86 98 80 5 14 3 87 1 
