160 96
1 2 3 4 5 6 7 8 9 10 11 12 13 14 15 16 17 18 19 20 21 22 23 24 25 26 27 28 29 30 31 32 33 34 35 36 37 38 39 40 41 42 43 44 45 46 47 48 49 50 51 52 53 54 55 56 57 58 59 60 61 62 63 64 65 66 67 68 69 70 71 72 73 74 75 76 77 78 79 80 81 82 83 84 85 86 87 88 89 90 91 92 93 94 95 96 97 98 99 100 101 102 103 104 105 106 107 108 109 110 111 112 113 114 115 116 117 118 119 120 121 122 123 124 125 126 127 128 129 130 131 132 133 134 135 136 137 138 139 140 141 142 143 144 145 146 147 148 149 150 151 152 153 154 155 156 157 158 159 160 
2 1 8 9 10 11 12 3 4 5 6 7 24 25 26 27 28 29 30 31 32 33 34 13 14 15 16 17 18 19 20 21 22 23 50 51 52 53 54 55 56 57 58 59 60 61 62 63 64 35 36 37 38 39 40 41 42 43 44 45 46 47 48 49 81 82 83 84 85 86 87 88 89 90 91 92 93 94 95 96 65 66 67 68 69 70 71 72 73 74 75 76 77 78 79 80 112 113 114 115 116 117 118 119 120 121 122 123 124 125 126 97 98 99 100 101 102 103 104 105 106 107 108 109 110 111 138 139 140 141 142 143 144 145 146 147 148 127 128 129 130 131 132 133 134 135 136 137 154 155 156 157 158 149 150 151 152 153 160 159 
3 26 5 13 14 15 16 31 51 53 8 55 17 1 20 21 35 36 37 38 39 40 41 57 11 10 61 81 24 83 25 85 27 87 4 42 43 6 7 46 47 65 66 67 68 69 70 71 72 29 28 89 2 33 32 93 50 112 52 114 54 116 56 118 18 19 73 74 22 23 77 78 97 98 99 100 101 102 103 104 9 59 58 120 12 63 62 124 82 138 84 140 86 142 88 144 44 45 105 106 48 49 109 110 127 128 129 130 131 132 133 30 91 90 145 34 95 94 148 113 154 115 156 117 157 119 75 76 134 135 79 80 137 149 150 151 152 60 122 121 158 64 126 125 139 160 141 143 107 108 153 111 159 92 147 146 96 155 136 123 
4 28 13 6 17 18 19 50 31 9 57 58 15 35 36 37 20 1 22 42 43 44 45 53 24 81 82 11 10 61 29 30 89 90 38 3 40 65 66 67 68 5 46 7 48 73 74 75 76 26 25 85 51 52 112 113 2 33 32 93 59 60 120 121 14 69 16 71 97 98 99 100 21 77 23 79 105 106 107 108 8 55 54 116 83 84 138 139 12 63 62 124 91 92 145 146 39 101 41 103 127 128 129 130 47 109 49 111 134 135 136 27 87 86 142 114 115 154 155 34 95 94 148 122 123 158 70 131 72 133 149 150 151 78 137 80 153 56 118 117 157 140 141 160 64 126 125 147 102 152 104 159 110 88 144 143 156 96 132 119 
5 10 14 17 1 20 21 25 28 2 31 32 35 3 38 39 4 42 43 6 7 46 47 50 8 53 54 9 57 58 11 12 61 62 13 65 66 15 16 69 70 18 19 73 74 22 23 77 78 24 81 82 26 27 85 86 29 30 89 90 33 34 93 94 36 37 97 98 40 41 101 102 44 45 105 106 48 49 109 110 51 52 112 113 55 56 116 117 59 60 120 121 63 64 124 125 67 68 127 128 71 72 131 132 75 76 134 135 79 80 137 83 84 138 139 87 88 142 143 91 92 145 146 95 96 148 99 100 149 150 103 104 152 107 108 153 111 114 115 154 155 118 119 157 122 123 158 126 129 130 159 133 136 140 141 160 144 147 151 156 
6 11 15 18 20 1 22 26 29 31 2 33 36 38 3 40 42 4 44 5 46 7 48 51 53 8 55 57 9 59 10 61 12 63 65 13 67 14 69 16 71 17 73 19 75 21 77 23 79 81 24 83 25 85 27 87 28 89 30 91 32 93 34 95 35 97 37 99 39 101 41 103 43 105 45 107 47 109 49 111 50 112 52 114 54 116 56 118 58 120 60 122 62 124 64 126 66 127 68 129 70 131 72 133 74 134 76 136 78 137 80 82 138 84 140 86 142 88 144 90 145 92 147 94 148 96 98 149 100 151 102 152 104 106 153 108 110 113 154 115 156 117 157 119 121 158 123 125 128 159 130 132 135 139 160 141 143 146 150 155 
7 96 16 19 21 22 23 119 123 125 126 2 37 39 40 41 43 44 45 46 47 48 49 141 143 144 8 146 147 9 148 10 11 12 66 67 68 69 70 71 72 73 74 75 76 77 78 79 80 155 156 24 157 25 26 27 158 28 29 30 31 32 33 34 97 98 99 100 101 102 103 104 105 106 107 108 109 110 111 1 160 50 51 52 53 54 55 56 57 58 59 60 61 62 63 64 127 128 129 130 131 132 133 3 134 135 136 4 137 5 6 81 82 83 84 85 86 87 88 89 90 91 92 93 94 95 149 150 151 13 152 14 15 153 17 18 20 112 113 114 115 116 117 118 120 121 122 124 159 35 36 38 42 138 139 140 142 145 65 154 
8 15 10 24 25 26 27 20 36 38 3 40 28 2 31 32 50 51 52 53 54 55 56 42 6 5 46 65 13 67 14 69 16 71 9 57 58 11 12 61 62 81 82 83 84 85 86 87 88 18 17 73 1 22 21 77 35 97 37 99 39 101 41 103 29 30 89 90 33 34 93 94 112 113 114 115 116 117 118 119 4 44 43 105 7 48 47 109 66 127 68 129 70 131 72 133 59 60 120 121 63 64 124 125 138 139 140 141 142 143 144 19 75 74 134 23 79 78 137 98 149 100 151 102 152 104 91 92 145 146 95 96 148 154 155 156 157 45 107 106 153 49 111 110 128 159 130 132 122 123 158 126 160 76 136 135 80 150 147 108 
9 17 24 11 28 29 30 35 20 4 42 43 26 50 51 52 31 2 33 57 58 59 60 38 13 65 66 6 5 46 18 19 73 74 53 8 55 81 82 83 84 10 61 12 63 89 90 91 92 15 14 69 36 37 97 98 1 22 21 77 44 45 105 106 25 85 27 87 112 113 114 115 32 93 34 95 120 121 122 123 3 40 39 101 67 68 127 128 7 48 47 109 75 76 134 135 54 116 56 118 138 139 140 141 62 124 64 126 145 146 147 16 71 70 131 99 100 149 150 23 79 78 137 107 108 153 86 142 88 144 154 155 156 94 148 96 158 41 103 102 152 129 130 159 49 111 110 136 117 157 119 160 125 72 133 132 151 80 143 104 
10 5 25 28 2 31 32 14 17 1 20 21 50 8 53 54 9 57 58 11 12 61 62 35 3 38 39 4 42 43 6 7 46 47 24 81 82 26 27 85 86 29 30 89 90 33 34 93 94 13 65 66 15 16 69 70 18 19 73 74 22 23 77 78 51 52 112 113 55 56 116 117 59 60 120 121 63 64 124 125 36 37 97 98 40 41 101 102 44 45 105 106 48 49 109 110 83 84 138 139 87 88 142 143 91 92 145 146 95 96 148 67 68 127 128 71 72 131 132 75 76 134 135 79 80 137 114 115 154 155 118 119 157 122 123 158 126 99 100 149 150 103 104 152 107 108 153 111 140 141 160 144 147 129 130 159 133 136 156 151 
11 6 26 29 31 2 33 15 18 20 1 22 51 53 8 55 57 9 59 10 61 12 63 36 38 3 40 42 4 44 5 46 7 48 81 24 83 25 85 27 87 28 89 30 91 32 93 34 95 65 13 67 14 69 16 71 17 73 19 75 21 77 23 79 50 112 52 114 54 116 56 118 58 120 60 122 62 124 64 126 35 97 37 99 39 101 41 103 43 105 45 107 47 109 49 111 82 138 84 140 86 142 88 144 90 145 92 147 94 148 96 66 127 68 129 70 131 72 133 74 134 76 136 78 137 80 113 154 115 156 117 157 119 121 158 123 125 98 149 100 151 102 152 104 106 153 108 110 139 160 141 143 146 128 159 130 132 135 155 150 
12 80 27 30 32 33 34 104 108 110 111 1 52 54 55 56 58 59 60 61 62 63 64 130 132 133 3 135 136 4 137 5 6 7 82 83 84 85 86 87 88 89 90 91 92 93 94 95 96 150 151 13 152 14 15 16 153 17 18 19 20 21 22 23 112 113 114 115 116 117 118 119 120 121 122 123 124 125 126 2 159 35 36 37 38 39 40 41 42 43 44 45 46 47 48 49 138 139 140 141 142 143 144 8 145 146 147 9 148 10 11 65 66 67 68 69 70 71 72 73 74 75 76 77 78 79 154 155 156 24 157 25 26 158 28 29 31 97 98 99 100 101 102 103 105 106 107 109 160 50 51 53 57 127 128 129 131 134 81 149 
13 81 17 15 35 36 37 29 25 51 50 112 20 4 42 43 38 3 40 65 66 67 68 2 57 9 59 8 53 54 24 83 82 138 6 5 46 18 19 73 74 14 69 16 71 97 98 99 100 10 11 12 28 89 30 91 26 27 85 86 52 114 113 154 1 22 21 77 44 45 105 106 39 101 41 103 127 128 129 130 31 32 33 34 58 120 60 122 55 56 116 117 84 140 139 160 7 48 47 109 75 76 134 135 70 131 72 133 149 150 151 61 62 63 64 90 145 92 147 87 88 142 143 115 156 155 23 79 78 137 107 108 153 102 152 104 159 93 94 95 96 121 158 123 118 119 157 141 49 111 110 136 132 124 125 126 146 144 80 148 
14 53 1 35 3 38 39 11 81 26 25 85 4 5 6 7 13 65 66 15 16 69 70 29 31 2 33 51 50 112 8 55 54 116 17 18 19 20 21 22 23 36 37 97 98 40 41 101 102 57 9 59 10 61 12 63 24 83 82 138 27 87 86 142 42 43 44 45 46 47 48 49 67 68 127 128 71 72 131 132 28 89 30 91 32 93 34 95 52 114 113 154 56 118 117 157 73 74 75 76 77 78 79 80 99 100 149 150 103 104 152 58 120 60 122 62 124 64 126 84 140 139 160 88 144 143 105 106 107 108 109 110 111 129 130 159 133 90 145 92 147 94 148 96 115 156 155 119 134 135 136 137 151 121 158 123 125 141 153 146 
15 8 20 36 38 3 40 10 24 25 26 27 42 6 5 46 65 13 67 14 69 16 71 28 2 31 32 50 51 52 53 54 55 56 18 17 73 1 22 21 77 35 97 37 99 39 101 41 103 9 57 58 11 12 61 62 81 82 83 84 85 86 87 88 4 44 43 105 7 48 47 109 66 127 68 129 70 131 72 133 29 30 89 90 33 34 93 94 112 113 114 115 116 117 118 119 19 75 74 134 23 79 78 137 98 149 100 151 102 152 104 59 60 120 121 63 64 124 125 138 139 140 141 142 143 144 45 107 106 153 49 111 110 128 159 130 132 91 92 145 146 95 96 148 154 155 156 157 76 136 135 80 150 122 123 158 126 160 108 147 
16 144 21 37 39 40 41 148 156 157 119 26 43 7 46 47 66 67 68 69 70 71 72 158 126 125 31 160 141 51 143 53 8 55 19 73 74 22 23 77 78 97 98 99 100 101 102 103 104 147 146 57 96 11 10 61 155 81 24 83 25 85 27 87 44 45 105 106 48 49 109 110 127 128 129 130 131 132 133 3 123 29 28 89 2 33 32 93 50 112 52 114 54 116 56 118 75 76 134 135 79 80 137 5 149 150 151 13 152 14 15 9 59 58 120 12 63 62 124 82 138 84 140 86 142 88 107 108 153 17 111 1 20 159 35 36 38 30 91 90 145 34 95 94 113 154 115 117 136 4 42 6 65 60 122 121 64 139 18 92 
17 9 35 20 4 42 43 24 11 28 29 30 38 13 65 66 6 5 46 18 19 73 74 26 50 51 52 31 2 33 57 58 59 60 15 14 69 36 37 97 98 1 22 21 77 44 45 105 106 53 8 55 81 82 83 84 10 61 12 63 89 90 91 92 3 40 39 101 67 68 127 128 7 48 47 109 75 76 134 135 25 85 27 87 112 113 114 115 32 93 34 95 120 121 122 123 16 71 70 131 99 100 149 150 23 79 78 137 107 108 153 54 116 56 118 138 139 140 141 62 124 64 126 145 146 147 41 103 102 152 129 130 159 49 111 110 136 86 142 88 144 154 155 156 94 148 96 158 72 133 132 151 80 117 157 119 160 125 104 143 
18 57 36 1 42 4 44 81 10 29 28 89 3 65 13 67 5 6 7 17 73 19 75 25 51 50 112 2 31 32 9 59 58 120 14 15 16 35 97 37 99 20 21 22 23 43 105 45 107 8 53 54 24 83 82 138 11 12 61 62 30 91 90 145 38 39 40 41 66 127 68 129 46 47 48 49 74 134 76 136 26 27 85 86 52 114 113 154 33 34 93 94 60 122 121 158 69 70 71 72 98 149 100 151 77 78 79 80 106 153 108 55 56 116 117 84 140 139 160 63 64 124 125 92 147 146 101 102 103 104 128 159 130 109 110 111 135 87 88 142 143 115 156 155 95 96 148 123 131 132 133 150 137 118 119 157 141 126 152 144 
19 146 37 22 43 44 45 155 148 123 158 28 40 66 67 68 46 7 48 73 74 75 76 157 141 160 50 126 125 31 147 9 57 58 69 16 71 97 98 99 100 21 77 23 79 105 106 107 108 144 143 53 156 24 81 82 96 11 10 61 29 30 89 90 39 101 41 103 127 128 129 130 47 109 49 111 134 135 136 4 119 26 25 85 51 52 112 113 2 33 32 93 59 60 120 121 70 131 72 133 149 150 151 13 78 137 80 6 153 17 18 8 55 54 116 83 84 138 139 12 63 62 124 91 92 145 102 152 104 15 159 35 36 110 20 1 42 27 87 86 142 114 115 154 34 95 94 122 132 38 3 65 5 56 118 117 140 64 14 88 
20 31 38 42 6 5 46 53 57 11 10 61 65 15 14 69 18 17 73 1 22 21 77 81 26 25 85 29 28 89 2 33 32 93 36 35 97 3 40 39 101 4 44 43 105 7 48 47 109 51 50 112 8 55 54 116 9 59 58 120 12 63 62 124 13 67 66 127 16 71 70 131 19 75 74 134 23 79 78 137 24 83 82 138 27 87 86 142 30 91 90 145 34 95 94 148 37 99 98 149 41 103 102 152 45 107 106 153 49 111 110 52 114 113 154 56 118 117 157 60 122 121 158 64 126 125 68 129 128 159 72 133 132 76 136 135 80 84 140 139 160 88 144 143 92 147 146 96 100 151 150 104 108 115 156 155 119 123 130 141 
21 125 39 43 7 46 47 143 146 96 148 10 66 16 69 70 19 73 74 22 23 77 78 155 119 157 25 123 158 28 126 2 31 32 37 97 98 40 41 101 102 44 45 105 106 48 49 109 110 141 160 50 144 8 53 54 147 9 57 58 11 12 61 62 67 68 127 128 71 72 131 132 75 76 134 135 79 80 137 5 156 24 81 82 26 27 85 86 29 30 89 90 33 34 93 94 99 100 149 150 103 104 152 14 107 108 153 17 111 1 20 51 52 112 113 55 56 116 117 59 60 120 121 63 64 124 129 130 159 35 133 3 38 136 4 42 6 83 84 138 139 87 88 142 91 92 145 95 151 13 65 15 18 114 115 154 118 122 36 140 
22 126 40 44 46 7 48 144 147 148 96 11 67 69 16 71 73 19 75 21 77 23 79 156 157 119 26 158 123 29 125 31 2 33 97 37 99 39 101 41 103 43 105 45 107 47 109 49 111 160 141 51 143 53 8 55 146 57 9 59 10 61 12 63 66 127 68 129 70 131 72 133 74 134 76 136 78 137 80 6 155 81 24 83 25 85 27 87 28 89 30 91 32 93 34 95 98 149 100 151 102 152 104 15 106 153 108 18 110 20 1 50 112 52 114 54 116 56 118 58 120 60 122 62 124 64 128 159 130 36 132 38 3 135 42 4 5 82 138 84 140 86 142 88 90 145 92 94 150 65 13 14 17 113 154 115 117 121 35 139 
23 64 41 45 47 48 49 88 92 94 95 96 68 70 71 72 74 75 76 77 78 79 80 115 117 118 119 121 122 123 124 125 126 2 98 99 100 101 102 103 104 105 106 107 108 109 110 111 1 139 140 141 142 143 144 8 145 146 147 9 148 10 11 12 127 128 129 130 131 132 133 3 134 135 136 4 137 5 6 7 154 155 156 24 157 25 26 27 158 28 29 30 31 32 33 34 149 150 151 13 152 14 15 16 153 17 18 19 20 21 22 160 50 51 52 53 54 55 56 57 58 59 60 61 62 63 159 35 36 37 38 39 40 42 43 44 46 81 82 83 84 85 86 87 89 90 91 93 65 66 67 69 73 112 113 114 116 120 97 138 
24 65 28 26 50 51 52 18 14 36 35 97 31 9 57 58 53 8 55 81 82 83 84 1 42 4 44 3 38 39 13 67 66 127 11 10 61 29 30 89 90 25 85 27 87 112 113 114 115 5 6 7 17 73 19 75 15 16 69 70 37 99 98 149 2 33 32 93 59 60 120 121 54 116 56 118 138 139 140 141 20 21 22 23 43 105 45 107 40 41 101 102 68 129 128 159 12 63 62 124 91 92 145 146 86 142 88 144 154 155 156 46 47 48 49 74 134 76 136 71 72 131 132 100 151 150 34 95 94 148 122 123 158 117 157 119 160 77 78 79 80 106 153 108 103 104 152 130 64 126 125 147 143 109 110 111 135 133 96 137 
25 38 2 50 8 53 54 6 65 15 14 69 9 10 11 12 24 81 82 26 27 85 86 18 20 1 22 36 35 97 3 40 39 101 28 29 30 31 32 33 34 51 52 112 113 55 56 116 117 42 4 44 5 46 7 48 13 67 66 127 16 71 70 131 57 58 59 60 61 62 63 64 83 84 138 139 87 88 142 143 17 73 19 75 21 77 23 79 37 99 98 149 41 103 102 152 89 90 91 92 93 94 95 96 114 115 154 155 118 119 157 43 105 45 107 47 109 49 111 68 129 128 159 72 133 132 120 121 122 123 124 125 126 140 141 160 144 74 134 76 136 78 137 80 100 151 150 104 145 146 147 148 156 106 153 108 110 130 158 135 
26 3 31 51 53 8 55 5 13 14 15 16 57 11 10 61 81 24 83 25 85 27 87 17 1 20 21 35 36 37 38 39 40 41 29 28 89 2 33 32 93 50 112 52 114 54 116 56 118 4 42 43 6 7 46 47 65 66 67 68 69 70 71 72 9 59 58 120 12 63 62 124 82 138 84 140 86 142 88 144 18 19 73 74 22 23 77 78 97 98 99 100 101 102 103 104 30 91 90 145 34 95 94 148 113 154 115 156 117 157 119 44 45 105 106 48 49 109 110 127 128 129 130 131 132 133 60 122 121 158 64 126 125 139 160 141 143 75 76 134 135 79 80 137 149 150 151 152 92 147 146 96 155 107 108 153 111 159 123 136 
27 133 32 52 54 55 56 137 151 152 104 15 58 12 61 62 82 83 84 85 86 87 88 153 111 110 20 159 130 36 132 38 3 40 30 89 90 33 34 93 94 112 113 114 115 116 117 118 119 136 135 42 80 6 5 46 150 65 13 67 14 69 16 71 59 60 120 121 63 64 124 125 138 139 140 141 142 143 144 8 108 18 17 73 1 22 21 77 35 97 37 99 39 101 41 103 91 92 145 146 95 96 148 10 154 155 156 24 157 25 26 4 44 43 105 7 48 47 109 66 127 68 129 70 131 72 122 123 158 28 126 2 31 160 50 51 53 19 75 74 134 23 79 78 98 149 100 102 147 9 57 11 81 45 107 106 49 128 29 76 
28 4 50 31 9 57 58 13 6 17 18 19 53 24 81 82 11 10 61 29 30 89 90 15 35 36 37 20 1 22 42 43 44 45 26 25 85 51 52 112 113 2 33 32 93 59 60 120 121 38 3 40 65 66 67 68 5 46 7 48 73 74 75 76 8 55 54 116 83 84 138 139 12 63 62 124 91 92 145 146 14 69 16 71 97 98 99 100 21 77 23 79 105 106 107 108 27 87 86 142 114 115 154 155 34 95 94 148 122 123 158 39 101 41 103 127 128 129 130 47 109 49 111 134 135 136 56 118 117 157 140 141 160 64 126 125 147 70 131 72 133 149 150 151 78 137 80 153 88 144 143 156 96 102 152 104 159 110 119 132 
29 42 51 2 57 9 59 65 5 18 17 73 8 81 24 83 10 11 12 28 89 30 91 14 36 35 97 1 20 21 4 44 43 105 25 26 27 50 112 52 114 31 32 33 34 58 120 60 122 3 38 39 13 67 66 127 6 7 46 47 19 75 74 134 53 54 55 56 82 138 84 140 61 62 63 64 90 145 92 147 15 16 69 70 37 99 98 149 22 23 77 78 45 107 106 153 85 86 87 88 113 154 115 156 93 94 95 96 121 158 123 40 41 101 102 68 129 128 159 48 49 109 110 76 136 135 116 117 118 119 139 160 141 124 125 126 146 71 72 131 132 100 151 150 79 80 137 108 142 143 144 155 148 103 104 152 130 111 157 133 
30 135 52 33 58 59 60 150 137 108 153 17 55 82 83 84 61 12 63 89 90 91 92 152 130 159 35 111 110 20 136 4 42 43 85 27 87 112 113 114 115 32 93 34 95 120 121 122 123 133 132 38 151 13 65 66 80 6 5 46 18 19 73 74 54 116 56 118 138 139 140 141 62 124 64 126 145 146 147 9 104 15 14 69 36 37 97 98 1 22 21 77 44 45 105 106 86 142 88 144 154 155 156 24 94 148 96 11 158 28 29 3 40 39 101 67 68 127 128 7 48 47 109 75 76 134 117 157 119 26 160 50 51 125 31 2 57 16 71 70 131 99 100 149 23 79 78 107 143 53 8 81 10 41 103 102 129 49 25 72 
31 20 53 57 11 10 61 38 42 6 5 46 81 26 25 85 29 28 89 2 33 32 93 65 15 14 69 18 17 73 1 22 21 77 51 50 112 8 55 54 116 9 59 58 120 12 63 62 124 36 35 97 3 40 39 101 4 44 43 105 7 48 47 109 24 83 82 138 27 87 86 142 30 91 90 145 34 95 94 148 13 67 66 127 16 71 70 131 19 75 74 134 23 79 78 137 52 114 113 154 56 118 117 157 60 122 121 158 64 126 125 37 99 98 149 41 103 102 152 45 107 106 153 49 111 110 84 140 139 160 88 144 143 92 147 146 96 68 129 128 159 72 133 132 76 136 135 80 115 156 155 119 123 100 151 150 104 108 141 130 
32 110 54 58 12 61 62 132 135 80 137 5 82 27 85 86 30 89 90 33 34 93 94 150 104 152 14 108 153 17 111 1 20 21 52 112 113 55 56 116 117 59 60 120 121 63 64 124 125 130 159 35 133 3 38 39 136 4 42 43 6 7 46 47 83 84 138 139 87 88 142 143 91 92 145 146 95 96 148 10 151 13 65 66 15 16 69 70 18 19 73 74 22 23 77 78 114 115 154 155 118 119 157 25 122 123 158 28 126 2 31 36 37 97 98 40 41 101 102 44 45 105 106 48 49 109 140 141 160 50 144 8 53 147 9 57 11 67 68 127 128 71 72 131 75 76 134 79 156 24 81 26 29 99 100 149 103 107 51 129 
33 111 55 59 61 12 63 133 136 137 80 6 83 85 27 87 89 30 91 32 93 34 95 151 152 104 15 153 108 18 110 20 1 22 112 52 114 54 116 56 118 58 120 60 122 62 124 64 126 159 130 36 132 38 3 40 135 42 4 44 5 46 7 48 82 138 84 140 86 142 88 144 90 145 92 147 94 148 96 11 150 65 13 67 14 69 16 71 17 73 19 75 21 77 23 79 113 154 115 156 117 157 119 26 121 158 123 29 125 31 2 35 97 37 99 39 101 41 103 43 105 45 107 47 109 49 139 160 141 51 143 53 8 146 57 9 10 66 127 68 129 70 131 72 74 134 76 78 155 81 24 25 28 98 149 100 102 106 50 128 
34 49 56 60 62 63 64 72 76 78 79 80 84 86 87 88 90 91 92 93 94 95 96 100 102 103 104 106 107 108 109 110 111 1 113 114 115 116 117 118 119 120 121 122 123 124 125 126 2 128 129 130 131 132 133 3 134 135 136 4 137 5 6 7 138 139 140 141 142 143 144 8 145 146 147 9 148 10 11 12 149 150 151 13 152 14 15 16 153 17 18 19 20 21 22 23 154 155 156 24 157 25 26 27 158 28 29 30 31 32 33 159 35 36 37 38 39 40 41 42 43 44 45 46 47 48 160 50 51 52 53 54 55 57 58 59 61 65 66 67 68 69 70 71 73 74 75 77 81 82 83 85 89 97 98 99 101 105 112 127 
35 51 4 38 13 65 66 57 8 81 24 83 6 17 18 19 15 14 69 36 37 97 98 10 29 28 89 25 26 27 50 112 52 114 20 1 22 42 43 44 45 3 40 39 101 67 68 127 128 2 31 32 9 59 58 120 53 54 55 56 82 138 84 140 5 46 7 48 73 74 75 76 16 71 70 131 99 100 149 150 11 12 61 62 30 91 90 145 85 86 87 88 113 154 115 156 21 77 23 79 105 106 107 108 41 103 102 152 129 130 159 33 34 93 94 60 122 121 158 116 117 118 119 139 160 141 47 109 49 111 134 135 136 72 133 132 151 63 64 124 125 92 147 146 142 143 144 155 78 137 80 153 104 95 96 148 123 157 110 126 
36 50 42 3 65 13 67 9 53 24 81 82 5 18 17 73 14 15 16 35 97 37 99 11 28 29 30 26 25 85 51 52 112 113 1 20 21 4 44 43 105 38 39 40 41 66 127 68 129 31 2 33 57 58 59 60 8 55 54 116 83 84 138 139 6 7 46 47 19 75 74 134 69 70 71 72 98 149 100 151 10 61 12 63 89 90 91 92 27 87 86 142 114 115 154 155 22 23 77 78 45 107 106 153 101 102 103 104 128 159 130 32 93 34 95 120 121 122 123 56 118 117 157 140 141 160 48 49 109 110 76 136 135 131 132 133 150 62 124 64 126 145 146 147 88 144 143 156 79 80 137 108 152 94 148 96 158 119 111 125 
37 160 43 40 66 67 68 147 143 156 155 81 46 19 73 74 69 16 71 97 98 99 100 96 158 123 29 119 157 25 141 51 50 112 22 21 77 44 45 105 106 39 101 41 103 127 128 129 130 125 126 2 146 57 9 59 144 8 53 54 24 83 82 138 7 48 47 109 75 76 134 135 70 131 72 133 149 150 151 13 148 10 11 12 28 89 30 91 26 27 85 86 52 114 113 154 23 79 78 137 107 108 153 17 102 152 104 15 159 35 36 31 32 33 34 58 120 60 122 55 56 116 117 84 140 139 49 111 110 20 136 4 42 132 38 3 65 61 62 63 64 90 145 92 87 88 142 115 80 6 5 18 14 93 94 95 121 118 1 124 
38 25 6 65 15 14 69 2 50 8 53 54 18 20 1 22 36 35 97 3 40 39 101 9 10 11 12 24 81 82 26 27 85 86 42 4 44 5 46 7 48 13 67 66 127 16 71 70 131 28 29 30 31 32 33 34 51 52 112 113 55 56 116 117 17 73 19 75 21 77 23 79 37 99 98 149 41 103 102 152 57 58 59 60 61 62 63 64 83 84 138 139 87 88 142 143 43 105 45 107 47 109 49 111 68 129 128 159 72 133 132 89 90 91 92 93 94 95 96 114 115 154 155 118 119 157 74 134 76 136 78 137 80 100 151 150 104 120 121 122 123 124 125 126 140 141 160 144 106 153 108 110 130 145 146 147 148 156 135 158 
39 157 7 66 16 69 70 126 160 144 143 53 19 21 22 23 37 97 98 40 41 101 102 147 148 96 11 156 155 81 119 26 25 85 43 44 45 46 47 48 49 67 68 127 128 71 72 131 132 158 123 29 125 31 2 33 141 51 50 112 8 55 54 116 73 74 75 76 77 78 79 80 99 100 149 150 103 104 152 14 146 57 9 59 10 61 12 63 24 83 82 138 27 87 86 142 105 106 107 108 109 110 111 1 129 130 159 35 133 3 38 28 89 30 91 32 93 34 95 52 114 113 154 56 118 117 134 135 136 4 137 5 6 151 13 65 15 58 120 60 122 62 124 64 84 140 139 88 153 17 18 20 36 90 145 92 94 115 42 121 
40 119 46 67 69 16 71 125 141 143 144 8 73 22 21 77 97 37 99 39 101 41 103 146 96 148 10 155 156 24 157 25 26 27 44 43 105 7 48 47 109 66 127 68 129 70 131 72 133 123 158 28 126 2 31 32 160 50 51 52 53 54 55 56 19 75 74 134 23 79 78 137 98 149 100 151 102 152 104 15 147 9 57 58 11 12 61 62 81 82 83 84 85 86 87 88 45 107 106 153 49 111 110 20 128 159 130 36 132 38 3 29 30 89 90 33 34 93 94 112 113 114 115 116 117 118 76 136 135 42 80 6 5 150 65 13 14 59 60 120 121 63 64 124 138 139 140 142 108 18 17 1 35 91 92 145 95 154 4 122 
41 118 47 68 70 71 72 124 140 142 88 144 74 23 77 78 98 99 100 101 102 103 104 145 95 94 148 154 115 156 117 157 119 26 45 105 106 48 49 109 110 127 128 129 130 131 132 133 3 122 121 158 64 126 125 31 139 160 141 51 143 53 8 55 75 76 134 135 79 80 137 5 149 150 151 13 152 14 15 16 92 147 146 57 96 11 10 61 155 81 24 83 25 85 27 87 107 108 153 17 111 1 20 21 159 35 36 37 38 39 40 123 29 28 89 2 33 32 93 50 112 52 114 54 116 56 136 4 42 43 6 7 46 65 66 67 69 9 59 58 120 12 63 62 82 138 84 86 18 19 73 22 97 30 91 90 34 113 44 60 
42 29 65 5 18 17 73 51 2 57 9 59 14 36 35 97 1 20 21 4 44 43 105 8 81 24 83 10 11 12 28 89 30 91 3 38 39 13 67 66 127 6 7 46 47 19 75 74 134 25 26 27 50 112 52 114 31 32 33 34 58 120 60 122 15 16 69 70 37 99 98 149 22 23 77 78 45 107 106 153 53 54 55 56 82 138 84 140 61 62 63 64 90 145 92 147 40 41 101 102 68 129 128 159 48 49 109 110 76 136 135 85 86 87 88 113 154 115 156 93 94 95 96 121 158 123 71 72 131 132 100 151 150 79 80 137 108 116 117 118 119 139 160 141 124 125 126 146 103 104 152 130 111 142 143 144 155 148 133 157 
43 123 66 46 19 73 74 141 126 146 147 9 69 37 97 98 22 21 77 44 45 105 106 144 155 156 24 148 96 11 158 28 29 30 40 39 101 67 68 127 128 7 48 47 109 75 76 134 135 157 119 26 160 50 51 52 125 31 2 33 57 58 59 60 16 71 70 131 99 100 149 150 23 79 78 137 107 108 153 17 143 53 8 55 81 82 83 84 10 61 12 63 89 90 91 92 41 103 102 152 129 130 159 35 49 111 110 20 136 4 42 25 85 27 87 112 113 114 115 32 93 34 95 120 121 122 72 133 132 38 151 13 65 80 6 5 18 54 116 56 118 138 139 140 62 124 64 145 104 15 14 36 1 86 142 88 154 94 3 117 
44 158 67 7 73 19 75 160 125 147 146 57 16 97 37 99 21 22 23 43 105 45 107 143 156 155 81 96 148 10 123 29 28 89 39 40 41 66 127 68 129 46 47 48 49 74 134 76 136 119 157 25 141 51 50 112 126 2 31 32 9 59 58 120 69 70 71 72 98 149 100 151 77 78 79 80 106 153 108 18 144 8 53 54 24 83 82 138 11 12 61 62 30 91 90 145 101 102 103 104 128 159 130 36 109 110 111 1 135 42 4 26 27 85 86 52 114 113 154 33 34 93 94 60 122 121 131 132 133 3 150 65 13 137 5 6 17 55 56 116 117 84 140 139 63 64 124 92 152 14 15 35 20 87 88 142 115 95 38 118 
45 121 68 48 74 75 76 139 124 92 145 146 71 98 99 100 77 23 79 105 106 107 108 142 115 154 155 95 94 148 122 123 158 28 101 41 103 127 128 129 130 47 109 49 111 134 135 136 4 118 117 157 140 141 160 50 64 126 125 31 147 9 57 58 70 131 72 133 149 150 151 13 78 137 80 6 153 17 18 19 88 144 143 53 156 24 81 82 96 11 10 61 29 30 89 90 102 152 104 15 159 35 36 37 110 20 1 22 42 43 44 119 26 25 85 51 52 112 113 2 33 32 93 59 60 120 132 38 3 40 65 66 67 5 46 7 73 8 55 54 116 83 84 138 12 63 62 91 14 69 16 97 21 27 87 86 114 34 39 56 
46 148 69 73 22 21 77 157 158 126 125 31 97 40 39 101 44 43 105 7 48 47 109 160 144 143 53 147 146 57 96 11 10 61 67 66 127 16 71 70 131 19 75 74 134 23 79 78 137 156 155 81 119 26 25 85 123 29 28 89 2 33 32 93 37 99 98 149 41 103 102 152 45 107 106 153 49 111 110 20 141 51 50 112 8 55 54 116 9 59 58 120 12 63 62 124 68 129 128 159 72 133 132 38 76 136 135 42 80 6 5 24 83 82 138 27 87 86 142 30 91 90 145 34 95 94 100 151 150 65 104 15 14 108 18 17 1 52 114 113 154 56 118 117 60 122 121 64 130 36 35 3 4 84 140 139 88 92 13 115 
47 94 70 74 23 77 78 117 121 64 124 125 98 41 101 102 45 105 106 48 49 109 110 139 88 142 143 92 145 146 95 96 148 10 68 127 128 71 72 131 132 75 76 134 135 79 80 137 5 115 154 155 118 119 157 25 122 123 158 28 126 2 31 32 99 100 149 150 103 104 152 14 107 108 153 17 111 1 20 21 140 141 160 50 144 8 53 54 147 9 57 58 11 12 61 62 129 130 159 35 133 3 38 39 136 4 42 43 6 7 46 156 24 81 82 26 27 85 86 29 30 89 90 33 34 93 151 13 65 66 15 16 69 18 19 73 22 51 52 112 113 55 56 116 59 60 120 63 36 37 97 40 44 83 84 138 87 91 67 114 
48 95 71 75 77 23 79 118 122 124 64 126 99 101 41 103 105 45 107 47 109 49 111 140 142 88 144 145 92 147 94 148 96 11 127 68 129 70 131 72 133 74 134 76 136 78 137 80 6 154 115 156 117 157 119 26 121 158 123 29 125 31 2 33 98 149 100 151 102 152 104 15 106 153 108 18 110 20 1 22 139 160 141 51 143 53 8 55 146 57 9 59 10 61 12 63 128 159 130 36 132 38 3 40 135 42 4 44 5 46 7 155 81 24 83 25 85 27 87 28 89 30 91 32 93 34 150 65 13 67 14 69 16 17 73 19 21 50 112 52 114 54 116 56 58 120 60 62 35 97 37 39 43 82 138 84 86 90 66 113 
49 34 72 76 78 79 80 56 60 62 63 64 100 102 103 104 106 107 108 109 110 111 1 84 86 87 88 90 91 92 93 94 95 96 128 129 130 131 132 133 3 134 135 136 4 137 5 6 7 113 114 115 116 117 118 119 120 121 122 123 124 125 126 2 149 150 151 13 152 14 15 16 153 17 18 19 20 21 22 23 138 139 140 141 142 143 144 8 145 146 147 9 148 10 11 12 159 35 36 37 38 39 40 41 42 43 44 45 46 47 48 154 155 156 24 157 25 26 27 158 28 29 30 31 32 33 65 66 67 68 69 70 71 73 74 75 77 160 50 51 52 53 54 55 57 58 59 61 97 98 99 101 105 81 82 83 85 89 127 112 
50 36 9 53 24 81 82 42 3 65 13 67 11 28 29 30 26 25 85 51 52 112 113 5 18 17 73 14 15 16 35 97 37 99 31 2 33 57 58 59 60 8 55 54 116 83 84 138 139 1 20 21 4 44 43 105 38 39 40 41 66 127 68 129 10 61 12 63 89 90 91 92 27 87 86 142 114 115 154 155 6 7 46 47 19 75 74 134 69 70 71 72 98 149 100 151 32 93 34 95 120 121 122 123 56 118 117 157 140 141 160 22 23 77 78 45 107 106 153 101 102 103 104 128 159 130 62 124 64 126 145 146 147 88 144 143 156 48 49 109 110 76 136 135 131 132 133 150 94 148 96 158 119 79 80 137 108 152 125 111 
51 35 57 8 81 24 83 4 38 13 65 66 10 29 28 89 25 26 27 50 112 52 114 6 17 18 19 15 14 69 36 37 97 98 2 31 32 9 59 58 120 53 54 55 56 82 138 84 140 20 1 22 42 43 44 45 3 40 39 101 67 68 127 128 11 12 61 62 30 91 90 145 85 86 87 88 113 154 115 156 5 46 7 48 73 74 75 76 16 71 70 131 99 100 149 150 33 34 93 94 60 122 121 158 116 117 118 119 139 160 141 21 77 23 79 105 106 107 108 41 103 102 152 129 130 159 63 64 124 125 92 147 146 142 143 144 155 47 109 49 111 134 135 136 72 133 132 151 95 96 148 123 157 78 137 80 153 104 126 110 
52 159 58 55 82 83 84 136 132 151 150 65 61 30 89 90 85 27 87 112 113 114 115 80 153 108 18 104 152 14 130 36 35 97 33 32 93 59 60 120 121 54 116 56 118 138 139 140 141 110 111 1 135 42 4 44 133 3 38 39 13 67 66 127 12 63 62 124 91 92 145 146 86 142 88 144 154 155 156 24 137 5 6 7 17 73 19 75 15 16 69 70 37 99 98 149 34 95 94 148 122 123 158 28 117 157 119 26 160 50 51 20 21 22 23 43 105 45 107 40 41 101 102 68 129 128 64 126 125 31 147 9 57 143 53 8 81 46 47 48 49 74 134 76 71 72 131 100 96 11 10 29 25 77 78 79 106 103 2 109 
53 14 11 81 26 25 85 1 35 3 38 39 29 31 2 33 51 50 112 8 55 54 116 4 5 6 7 13 65 66 15 16 69 70 57 9 59 10 61 12 63 24 83 82 138 27 87 86 142 17 18 19 20 21 22 23 36 37 97 98 40 41 101 102 28 89 30 91 32 93 34 95 52 114 113 154 56 118 117 157 42 43 44 45 46 47 48 49 67 68 127 128 71 72 131 132 58 120 60 122 62 124 64 126 84 140 139 160 88 144 143 73 74 75 76 77 78 79 80 99 100 149 150 103 104 152 90 145 92 147 94 148 96 115 156 155 119 105 106 107 108 109 110 111 129 130 159 133 121 158 123 125 141 134 135 136 137 151 146 153 
54 152 12 82 27 85 86 111 159 133 132 38 30 32 33 34 52 112 113 55 56 116 117 136 137 80 6 151 150 65 104 15 14 69 58 59 60 61 62 63 64 83 84 138 139 87 88 142 143 153 108 18 110 20 1 22 130 36 35 97 3 40 39 101 89 90 91 92 93 94 95 96 114 115 154 155 118 119 157 25 135 42 4 44 5 46 7 48 13 67 66 127 16 71 70 131 120 121 122 123 124 125 126 2 140 141 160 50 144 8 53 17 73 19 75 21 77 23 79 37 99 98 149 41 103 102 145 146 147 9 148 10 11 156 24 81 26 43 105 45 107 47 109 49 68 129 128 72 158 28 29 31 51 74 134 76 78 100 57 106 
55 104 61 83 85 27 87 110 130 132 133 3 89 33 32 93 112 52 114 54 116 56 118 135 80 137 5 150 151 13 152 14 15 16 59 58 120 12 63 62 124 82 138 84 140 86 142 88 144 108 153 17 111 1 20 21 159 35 36 37 38 39 40 41 30 91 90 145 34 95 94 148 113 154 115 156 117 157 119 26 136 4 42 43 6 7 46 47 65 66 67 68 69 70 71 72 60 122 121 158 64 126 125 31 139 160 141 51 143 53 8 18 19 73 74 22 23 77 78 97 98 99 100 101 102 103 92 147 146 57 96 11 10 155 81 24 25 44 45 105 106 48 49 109 127 128 129 131 123 29 28 2 50 75 76 134 79 149 9 107 
56 103 62 84 86 87 88 109 129 131 72 133 90 34 93 94 113 114 115 116 117 118 119 134 79 78 137 149 100 151 102 152 104 15 60 120 121 63 64 124 125 138 139 140 141 142 143 144 8 107 106 153 49 111 110 20 128 159 130 36 132 38 3 40 91 92 145 146 95 96 148 10 154 155 156 24 157 25 26 27 76 136 135 42 80 6 5 46 150 65 13 67 14 69 16 71 122 123 158 28 126 2 31 32 160 50 51 52 53 54 55 108 18 17 73 1 22 21 77 35 97 37 99 39 101 41 147 9 57 58 11 12 61 81 82 83 85 4 44 43 105 7 48 47 66 127 68 70 29 30 89 33 112 19 75 74 23 98 59 45 
57 18 81 10 29 28 89 36 1 42 4 44 25 51 50 112 2 31 32 9 59 58 120 3 65 13 67 5 6 7 17 73 19 75 8 53 54 24 83 82 138 11 12 61 62 30 91 90 145 14 15 16 35 97 37 99 20 21 22 23 43 105 45 107 26 27 85 86 52 114 113 154 33 34 93 94 60 122 121 158 38 39 40 41 66 127 68 129 46 47 48 49 74 134 76 136 55 56 116 117 84 140 139 160 63 64 124 125 92 147 146 69 70 71 72 98 149 100 151 77 78 79 80 106 153 108 87 88 142 143 115 156 155 95 96 148 123 101 102 103 104 128 159 130 109 110 111 135 118 119 157 141 126 131 132 133 150 137 144 152 
58 108 82 61 30 89 90 130 111 135 136 4 85 52 112 113 33 32 93 59 60 120 121 133 150 151 13 137 80 6 153 17 18 19 55 54 116 83 84 138 139 12 63 62 124 91 92 145 146 152 104 15 159 35 36 37 110 20 1 22 42 43 44 45 27 87 86 142 114 115 154 155 34 95 94 148 122 123 158 28 132 38 3 40 65 66 67 68 5 46 7 48 73 74 75 76 56 118 117 157 140 141 160 50 64 126 125 31 147 9 57 14 69 16 71 97 98 99 100 21 77 23 79 105 106 107 88 144 143 53 156 24 81 96 11 10 29 39 101 41 103 127 128 129 47 109 49 134 119 26 25 51 2 70 131 72 149 78 8 102 
59 153 83 12 89 30 91 159 110 136 135 42 27 112 52 114 32 33 34 58 120 60 122 132 151 150 65 80 137 5 108 18 17 73 54 55 56 82 138 84 140 61 62 63 64 90 145 92 147 104 152 14 130 36 35 97 111 1 20 21 4 44 43 105 85 86 87 88 113 154 115 156 93 94 95 96 121 158 123 29 133 3 38 39 13 67 66 127 6 7 46 47 19 75 74 134 116 117 118 119 139 160 141 51 124 125 126 2 146 57 9 15 16 69 70 37 99 98 149 22 23 77 78 45 107 106 142 143 144 8 155 81 24 148 10 11 28 40 41 101 102 68 129 128 48 49 109 76 157 25 26 50 31 71 72 131 100 79 53 103 
60 106 84 63 90 91 92 128 109 76 134 135 87 113 114 115 93 34 95 120 121 122 123 131 100 149 150 79 78 137 107 108 153 17 116 56 118 138 139 140 141 62 124 64 126 145 146 147 9 103 102 152 129 130 159 35 49 111 110 20 136 4 42 43 86 142 88 144 154 155 156 24 94 148 96 11 158 28 29 30 72 133 132 38 151 13 65 66 80 6 5 46 18 19 73 74 117 157 119 26 160 50 51 52 125 31 2 33 57 58 59 104 15 14 69 36 37 97 98 1 22 21 77 44 45 105 143 53 8 55 81 82 83 10 61 12 89 3 40 39 101 67 68 127 7 48 47 75 25 85 27 112 32 16 71 70 99 23 54 41 
61 137 85 89 33 32 93 152 153 111 110 20 112 55 54 116 59 58 120 12 63 62 124 159 133 132 38 136 135 42 80 6 5 46 83 82 138 27 87 86 142 30 91 90 145 34 95 94 148 151 150 65 104 15 14 69 108 18 17 73 1 22 21 77 52 114 113 154 56 118 117 157 60 122 121 158 64 126 125 31 130 36 35 97 3 40 39 101 4 44 43 105 7 48 47 109 84 140 139 160 88 144 143 53 92 147 146 57 96 11 10 13 67 66 127 16 71 70 131 19 75 74 134 23 79 78 115 156 155 81 119 26 25 123 29 28 2 37 99 98 149 41 103 102 45 107 106 49 141 51 50 8 9 68 129 128 72 76 24 100 
62 78 86 90 34 93 94 102 106 49 109 110 113 56 116 117 60 120 121 63 64 124 125 128 72 131 132 76 134 135 79 80 137 5 84 138 139 87 88 142 143 91 92 145 146 95 96 148 10 100 149 150 103 104 152 14 107 108 153 17 111 1 20 21 114 115 154 155 118 119 157 25 122 123 158 28 126 2 31 32 129 130 159 35 133 3 38 39 136 4 42 43 6 7 46 47 140 141 160 50 144 8 53 54 147 9 57 58 11 12 61 151 13 65 66 15 16 69 70 18 19 73 74 22 23 77 156 24 81 82 26 27 85 29 30 89 33 36 37 97 98 40 41 101 44 45 105 48 51 52 112 55 59 67 68 127 71 75 83 99 
63 79 87 91 93 34 95 103 107 109 49 111 114 116 56 118 120 60 122 62 124 64 126 129 131 72 133 134 76 136 78 137 80 6 138 84 140 86 142 88 144 90 145 92 147 94 148 96 11 149 100 151 102 152 104 15 106 153 108 18 110 20 1 22 113 154 115 156 117 157 119 26 121 158 123 29 125 31 2 33 128 159 130 36 132 38 3 40 135 42 4 44 5 46 7 48 139 160 141 51 143 53 8 55 146 57 9 59 10 61 12 150 65 13 67 14 69 16 71 17 73 19 75 21 77 23 155 81 24 83 25 85 27 28 89 30 32 35 97 37 99 39 101 41 43 105 45 47 50 112 52 54 58 66 127 68 70 74 82 98 
64 23 88 92 94 95 96 41 45 47 48 49 115 117 118 119 121 122 123 124 125 126 2 68 70 71 72 74 75 76 77 78 79 80 139 140 141 142 143 144 8 145 146 147 9 148 10 11 12 98 99 100 101 102 103 104 105 106 107 108 109 110 111 1 154 155 156 24 157 25 26 27 158 28 29 30 31 32 33 34 127 128 129 130 131 132 133 3 134 135 136 4 137 5 6 7 160 50 51 52 53 54 55 56 57 58 59 60 61 62 63 149 150 151 13 152 14 15 16 153 17 18 19 20 21 22 81 82 83 84 85 86 87 89 90 91 93 159 35 36 37 38 39 40 42 43 44 46 112 113 114 116 120 65 66 67 69 73 138 97 
65 24 18 14 36 35 97 28 26 50 51 52 1 42 4 44 3 38 39 13 67 66 127 31 9 57 58 53 8 55 81 82 83 84 5 6 7 17 73 19 75 15 16 69 70 37 99 98 149 11 10 61 29 30 89 90 25 85 27 87 112 113 114 115 20 21 22 23 43 105 45 107 40 41 101 102 68 129 128 159 2 33 32 93 59 60 120 121 54 116 56 118 138 139 140 141 46 47 48 49 74 134 76 136 71 72 131 132 100 151 150 12 63 62 124 91 92 145 146 86 142 88 144 154 155 156 77 78 79 80 106 153 108 103 104 152 130 34 95 94 148 122 123 158 117 157 119 160 109 110 111 135 133 64 126 125 147 143 137 96 
66 156 19 69 37 97 98 158 119 160 141 51 22 43 44 45 40 39 101 67 68 127 128 125 147 146 57 143 144 8 155 81 24 83 46 7 48 73 74 75 76 16 71 70 131 99 100 149 150 96 148 10 123 29 28 89 157 25 26 27 50 112 52 114 21 77 23 79 105 106 107 108 41 103 102 152 129 130 159 35 126 2 31 32 9 59 58 120 53 54 55 56 82 138 84 140 47 109 49 111 134 135 136 4 72 133 132 38 151 13 65 11 12 61 62 30 91 90 145 85 86 87 88 113 154 115 78 137 80 6 153 17 18 104 15 14 36 33 34 93 94 60 122 121 116 117 118 139 110 20 1 42 3 63 64 124 92 142 5 95 
67 155 73 16 97 37 99 123 157 141 160 50 21 44 43 105 39 40 41 66 127 68 129 126 146 147 9 144 143 53 156 24 81 82 7 46 47 19 75 74 134 69 70 71 72 98 149 100 151 148 96 11 158 28 29 30 119 26 25 85 51 52 112 113 22 23 77 78 45 107 106 153 101 102 103 104 128 159 130 36 125 31 2 33 57 58 59 60 8 55 54 116 83 84 138 139 48 49 109 110 76 136 135 42 131 132 133 3 150 65 13 10 61 12 63 89 90 91 92 27 87 86 142 114 115 154 79 80 137 5 108 18 17 152 14 15 35 32 93 34 95 120 121 122 56 118 117 140 111 1 20 4 38 62 124 64 145 88 6 94 
68 154 74 71 98 99 100 122 117 140 139 160 77 45 105 106 101 41 103 127 128 129 130 64 145 92 147 88 142 143 115 156 155 81 48 47 109 75 76 134 135 70 131 72 133 149 150 151 13 94 95 96 121 158 123 29 118 119 157 25 141 51 50 112 23 79 78 137 107 108 153 17 102 152 104 15 159 35 36 37 124 125 126 2 146 57 9 59 144 8 53 54 24 83 82 138 49 111 110 20 136 4 42 43 132 38 3 40 65 66 67 148 10 11 12 28 89 30 91 26 27 85 86 52 114 113 80 6 5 46 18 19 73 14 69 16 97 31 32 33 34 58 120 60 55 56 116 84 1 22 21 44 39 61 62 63 90 87 7 93 
69 143 22 97 40 39 101 96 155 119 157 25 44 46 7 48 67 66 127 16 71 70 131 123 125 126 2 141 160 50 144 8 53 54 73 19 75 21 77 23 79 37 99 98 149 41 103 102 152 146 147 9 148 10 11 12 156 24 81 82 26 27 85 86 43 105 45 107 47 109 49 111 68 129 128 159 72 133 132 38 158 28 29 30 31 32 33 34 51 52 112 113 55 56 116 117 74 134 76 136 78 137 80 6 100 151 150 65 104 15 14 57 58 59 60 61 62 63 64 83 84 138 139 87 88 142 106 153 108 18 110 20 1 130 36 35 3 89 90 91 92 93 94 95 114 115 154 118 135 42 4 5 13 120 121 122 124 140 17 145 
70 142 23 98 41 101 102 95 154 118 117 157 45 47 48 49 68 127 128 71 72 131 132 122 124 64 126 140 139 160 88 144 143 53 74 75 76 77 78 79 80 99 100 149 150 103 104 152 14 145 92 147 94 148 96 11 115 156 155 81 119 26 25 85 105 106 107 108 109 110 111 1 129 130 159 35 133 3 38 39 121 158 123 29 125 31 2 33 141 51 50 112 8 55 54 116 134 135 136 4 137 5 6 7 151 13 65 66 15 16 69 146 57 9 59 10 61 12 63 24 83 82 138 27 87 86 153 17 18 19 20 21 22 36 37 97 40 28 89 30 91 32 93 34 52 114 113 56 42 43 44 46 67 58 120 60 62 84 73 90 
71 88 77 99 101 41 103 94 115 117 118 119 105 48 47 109 127 68 129 70 131 72 133 121 64 124 125 139 140 141 142 143 144 8 75 74 134 23 79 78 137 98 149 100 151 102 152 104 15 92 145 146 95 96 148 10 154 155 156 24 157 25 26 27 45 107 106 153 49 111 110 20 128 159 130 36 132 38 3 40 122 123 158 28 126 2 31 32 160 50 51 52 53 54 55 56 76 136 135 42 80 6 5 46 150 65 13 67 14 69 16 147 9 57 58 11 12 61 62 81 82 83 84 85 86 87 108 18 17 73 1 22 21 35 97 37 39 29 30 89 90 33 34 93 112 113 114 116 4 44 43 7 66 59 60 120 63 138 19 91 
72 87 78 100 102 103 104 93 114 116 56 118 106 49 109 110 128 129 130 131 132 133 3 120 63 62 124 138 84 140 86 142 88 144 76 134 135 79 80 137 5 149 150 151 13 152 14 15 16 91 90 145 34 95 94 148 113 154 115 156 117 157 119 26 107 108 153 17 111 1 20 21 159 35 36 37 38 39 40 41 60 122 121 158 64 126 125 31 139 160 141 51 143 53 8 55 136 4 42 43 6 7 46 47 65 66 67 68 69 70 71 92 147 146 57 96 11 10 61 155 81 24 83 25 85 27 18 19 73 74 22 23 77 97 98 99 101 123 29 28 89 2 33 32 50 112 52 54 44 45 105 48 127 9 59 58 12 82 75 30 
73 147 97 21 44 43 105 156 96 158 123 29 39 67 66 127 7 46 47 19 75 74 134 119 160 141 51 125 126 2 146 57 9 59 16 69 70 37 99 98 149 22 23 77 78 45 107 106 153 143 144 8 155 81 24 83 148 10 11 12 28 89 30 91 40 41 101 102 68 129 128 159 48 49 109 110 76 136 135 42 157 25 26 27 50 112 52 114 31 32 33 34 58 120 60 122 71 72 131 132 100 151 150 65 79 80 137 5 108 18 17 53 54 55 56 82 138 84 140 61 62 63 64 90 145 92 103 104 152 14 130 36 35 111 1 20 4 85 86 87 88 113 154 115 93 94 95 121 133 3 38 13 6 116 117 118 139 124 15 142 
74 92 98 77 45 105 106 115 95 121 122 123 101 68 127 128 48 47 109 75 76 134 135 118 139 140 141 124 64 126 145 146 147 9 71 70 131 99 100 149 150 23 79 78 137 107 108 153 17 142 88 144 154 155 156 24 94 148 96 11 158 28 29 30 41 103 102 152 129 130 159 35 49 111 110 20 136 4 42 43 117 157 119 26 160 50 51 52 125 31 2 33 57 58 59 60 72 133 132 38 151 13 65 66 80 6 5 46 18 19 73 143 53 8 55 81 82 83 84 10 61 12 63 89 90 91 104 15 14 69 36 37 97 1 22 21 44 25 85 27 87 112 113 114 32 93 34 120 3 40 39 67 7 54 116 56 138 62 16 86 
75 145 99 23 105 45 107 154 94 122 121 158 41 127 68 129 47 48 49 74 134 76 136 117 140 139 160 64 124 125 92 147 146 57 70 71 72 98 149 100 151 77 78 79 80 106 153 108 18 88 142 143 115 156 155 81 95 96 148 10 123 29 28 89 101 102 103 104 128 159 130 36 109 110 111 1 135 42 4 44 118 119 157 25 141 51 50 112 126 2 31 32 9 59 58 120 131 132 133 3 150 65 13 67 137 5 6 7 17 73 19 144 8 53 54 24 83 82 138 11 12 61 62 30 91 90 152 14 15 16 35 97 37 20 21 22 43 26 27 85 86 52 114 113 33 34 93 60 38 39 40 66 46 55 56 116 84 63 69 87 
76 90 100 79 106 107 108 113 93 60 120 121 103 128 129 130 109 49 111 134 135 136 4 116 84 138 139 63 62 124 91 92 145 146 131 72 133 149 150 151 13 78 137 80 6 153 17 18 19 87 86 142 114 115 154 155 34 95 94 148 122 123 158 28 102 152 104 15 159 35 36 37 110 20 1 22 42 43 44 45 56 118 117 157 140 141 160 50 64 126 125 31 147 9 57 58 132 38 3 40 65 66 67 68 5 46 7 48 73 74 75 88 144 143 53 156 24 81 82 96 11 10 61 29 30 89 14 69 16 71 97 98 99 21 77 23 105 119 26 25 85 51 52 112 2 33 32 59 39 101 41 127 47 8 55 54 83 12 70 27 
77 124 101 105 48 47 109 142 145 95 94 148 127 71 70 131 75 74 134 23 79 78 137 154 118 117 157 122 121 158 64 126 125 31 99 98 149 41 103 102 152 45 107 106 153 49 111 110 20 140 139 160 88 144 143 53 92 147 146 57 96 11 10 61 68 129 128 159 72 133 132 38 76 136 135 42 80 6 5 46 115 156 155 81 119 26 25 85 123 29 28 89 2 33 32 93 100 151 150 65 104 15 14 69 108 18 17 73 1 22 21 141 51 50 112 8 55 54 116 9 59 58 120 12 63 62 130 36 35 97 3 40 39 4 44 43 7 24 83 82 138 27 87 86 30 91 90 34 13 67 66 16 19 52 114 113 56 60 37 84 
78 62 102 106 49 109 110 86 90 34 93 94 128 72 131 132 76 134 135 79 80 137 5 113 56 116 117 60 120 121 63 64 124 125 100 149 150 103 104 152 14 107 108 153 17 111 1 20 21 84 138 139 87 88 142 143 91 92 145 146 95 96 148 10 129 130 159 35 133 3 38 39 136 4 42 43 6 7 46 47 114 115 154 155 118 119 157 25 122 123 158 28 126 2 31 32 151 13 65 66 15 16 69 70 18 19 73 74 22 23 77 140 141 160 50 144 8 53 54 147 9 57 58 11 12 61 36 37 97 98 40 41 101 44 45 105 48 156 24 81 82 26 27 85 29 30 89 33 67 68 127 71 75 51 52 112 55 59 99 83 
79 63 103 107 109 49 111 87 91 93 34 95 129 131 72 133 134 76 136 78 137 80 6 114 116 56 118 120 60 122 62 124 64 126 149 100 151 102 152 104 15 106 153 108 18 110 20 1 22 138 84 140 86 142 88 144 90 145 92 147 94 148 96 11 128 159 130 36 132 38 3 40 135 42 4 44 5 46 7 48 113 154 115 156 117 157 119 26 121 158 123 29 125 31 2 33 150 65 13 67 14 69 16 71 17 73 19 75 21 77 23 139 160 141 51 143 53 8 55 146 57 9 59 10 61 12 35 97 37 99 39 101 41 43 105 45 47 155 81 24 83 25 85 27 28 89 30 32 66 127 68 70 74 50 112 52 54 58 98 82 
80 12 104 108 110 111 1 27 30 32 33 34 130 132 133 3 135 136 4 137 5 6 7 52 54 55 56 58 59 60 61 62 63 64 150 151 13 152 14 15 16 153 17 18 19 20 21 22 23 82 83 84 85 86 87 88 89 90 91 92 93 94 95 96 159 35 36 37 38 39 40 41 42 43 44 45 46 47 48 49 112 113 114 115 116 117 118 119 120 121 122 123 124 125 126 2 65 66 67 68 69 70 71 72 73 74 75 76 77 78 79 138 139 140 141 142 143 144 8 145 146 147 9 148 10 11 97 98 99 100 101 102 103 105 106 107 109 154 155 156 24 157 25 26 158 28 29 31 127 128 129 131 134 160 50 51 53 57 149 81 
81 13 29 25 51 50 112 17 15 35 36 37 2 57 9 59 8 53 54 24 83 82 138 20 4 42 43 38 3 40 65 66 67 68 10 11 12 28 89 30 91 26 27 85 86 52 114 113 154 6 5 46 18 19 73 74 14 69 16 71 97 98 99 100 31 32 33 34 58 120 60 122 55 56 116 117 84 140 139 160 1 22 21 77 44 45 105 106 39 101 41 103 127 128 129 130 61 62 63 64 90 145 92 147 87 88 142 143 115 156 155 7 48 47 109 75 76 134 135 70 131 72 133 149 150 151 93 94 95 96 121 158 123 118 119 157 141 23 79 78 137 107 108 153 102 152 104 159 124 125 126 146 144 49 111 110 136 132 148 80 
82 151 30 85 52 112 113 153 104 159 130 36 33 58 59 60 55 54 116 83 84 138 139 110 136 135 42 132 133 3 150 65 13 67 61 12 63 89 90 91 92 27 87 86 142 114 115 154 155 80 137 5 108 18 17 73 152 14 15 16 35 97 37 99 32 93 34 95 120 121 122 123 56 118 117 157 140 141 160 50 111 1 20 21 4 44 43 105 38 39 40 41 66 127 68 129 62 124 64 126 145 146 147 9 88 144 143 53 156 24 81 6 7 46 47 19 75 74 134 69 70 71 72 98 149 100 94 148 96 11 158 28 29 119 26 25 51 22 23 77 78 45 107 106 101 102 103 128 125 31 2 57 8 48 49 109 76 131 10 79 
83 150 89 27 112 52 114 108 152 130 159 35 32 59 58 120 54 55 56 82 138 84 140 111 135 136 4 133 132 38 151 13 65 66 12 61 62 30 91 90 145 85 86 87 88 113 154 115 156 137 80 6 153 17 18 19 104 15 14 69 36 37 97 98 33 34 93 94 60 122 121 158 116 117 118 119 139 160 141 51 110 20 1 22 42 43 44 45 3 40 39 101 67 68 127 128 63 64 124 125 92 147 146 57 142 143 144 8 155 81 24 5 46 7 48 73 74 75 76 16 71 70 131 99 100 149 95 96 148 10 123 29 28 157 25 26 50 21 77 23 79 105 106 107 41 103 102 129 126 2 31 9 53 47 109 49 134 72 11 78 
84 149 90 87 113 114 115 107 102 129 128 159 93 60 120 121 116 56 118 138 139 140 141 49 134 76 136 72 131 132 100 151 150 65 63 62 124 91 92 145 146 86 142 88 144 154 155 156 24 78 79 80 106 153 108 18 103 104 152 14 130 36 35 97 34 95 94 148 122 123 158 28 117 157 119 26 160 50 51 52 109 110 111 1 135 42 4 44 133 3 38 39 13 67 66 127 64 126 125 31 147 9 57 58 143 53 8 55 81 82 83 137 5 6 7 17 73 19 75 15 16 69 70 37 99 98 96 11 10 61 29 30 89 25 85 27 112 20 21 22 23 43 105 45 40 41 101 68 2 33 32 59 54 46 47 48 74 71 12 77 
85 132 33 112 55 54 116 80 150 104 152 14 59 61 12 63 83 82 138 27 87 86 142 108 110 111 1 130 159 35 133 3 38 39 89 30 91 32 93 34 95 52 114 113 154 56 118 117 157 135 136 4 137 5 6 7 151 13 65 66 15 16 69 70 58 120 60 122 62 124 64 126 84 140 139 160 88 144 143 53 153 17 18 19 20 21 22 23 36 37 97 98 40 41 101 102 90 145 92 147 94 148 96 11 115 156 155 81 119 26 25 42 43 44 45 46 47 48 49 67 68 127 128 71 72 131 121 158 123 29 125 31 2 141 51 50 8 73 74 75 76 77 78 79 99 100 149 103 146 57 9 10 24 105 106 107 109 129 28 134 
86 131 34 113 56 116 117 79 149 103 102 152 60 62 63 64 84 138 139 87 88 142 143 107 109 49 111 129 128 159 72 133 132 38 90 91 92 93 94 95 96 114 115 154 155 118 119 157 25 134 76 136 78 137 80 6 100 151 150 65 104 15 14 69 120 121 122 123 124 125 126 2 140 141 160 50 144 8 53 54 106 153 108 18 110 20 1 22 130 36 35 97 3 40 39 101 145 146 147 9 148 10 11 12 156 24 81 82 26 27 85 135 42 4 44 5 46 7 48 13 67 66 127 16 71 70 158 28 29 30 31 32 33 51 52 112 55 17 73 19 75 21 77 23 37 99 98 41 57 58 59 61 83 43 105 45 47 68 89 74 
87 72 93 114 116 56 118 78 100 102 103 104 120 63 62 124 138 84 140 86 142 88 144 106 49 109 110 128 129 130 131 132 133 3 91 90 145 34 95 94 148 113 154 115 156 117 157 119 26 76 134 135 79 80 137 5 149 150 151 13 152 14 15 16 60 122 121 158 64 126 125 31 139 160 141 51 143 53 8 55 107 108 153 17 111 1 20 21 159 35 36 37 38 39 40 41 92 147 146 57 96 11 10 61 155 81 24 83 25 85 27 136 4 42 43 6 7 46 47 65 66 67 68 69 70 71 123 29 28 89 2 33 32 50 112 52 54 18 19 73 74 22 23 77 97 98 99 101 9 59 58 12 82 44 45 105 48 127 30 75 
88 71 94 115 117 118 119 77 99 101 41 103 121 64 124 125 139 140 141 142 143 144 8 105 48 47 109 127 68 129 70 131 72 133 92 145 146 95 96 148 10 154 155 156 24 157 25 26 27 75 74 134 23 79 78 137 98 149 100 151 102 152 104 15 122 123 158 28 126 2 31 32 160 50 51 52 53 54 55 56 45 107 106 153 49 111 110 20 128 159 130 36 132 38 3 40 147 9 57 58 11 12 61 62 81 82 83 84 85 86 87 76 136 135 42 80 6 5 46 150 65 13 67 14 69 16 29 30 89 90 33 34 93 112 113 114 116 108 18 17 73 1 22 21 35 97 37 39 59 60 120 63 138 4 44 43 7 66 91 19 
89 136 112 32 59 58 120 151 80 153 108 18 54 83 82 138 12 61 62 30 91 90 145 104 159 130 36 110 111 1 135 42 4 44 27 85 86 52 114 113 154 33 34 93 94 60 122 121 158 132 133 3 150 65 13 67 137 5 6 7 17 73 19 75 55 56 116 117 84 140 139 160 63 64 124 125 92 147 146 57 152 14 15 16 35 97 37 99 20 21 22 23 43 105 45 107 87 88 142 143 115 156 155 81 95 96 148 10 123 29 28 38 39 40 41 66 127 68 129 46 47 48 49 74 134 76 118 119 157 25 141 51 50 126 2 31 9 69 70 71 72 98 149 100 77 78 79 106 144 8 53 24 11 101 102 103 128 109 26 131 
90 76 113 93 60 120 121 100 79 106 107 108 116 84 138 139 63 62 124 91 92 145 146 103 128 129 130 109 49 111 134 135 136 4 87 86 142 114 115 154 155 34 95 94 148 122 123 158 28 131 72 133 149 150 151 13 78 137 80 6 153 17 18 19 56 118 117 157 140 141 160 50 64 126 125 31 147 9 57 58 102 152 104 15 159 35 36 37 110 20 1 22 42 43 44 45 88 144 143 53 156 24 81 82 96 11 10 61 29 30 89 132 38 3 40 65 66 67 68 5 46 7 48 73 74 75 119 26 25 85 51 52 112 2 33 32 59 14 69 16 71 97 98 99 21 77 23 105 8 55 54 83 12 39 101 41 127 47 27 70 
91 134 114 34 120 60 122 149 78 107 106 153 56 138 84 140 62 63 64 90 145 92 147 102 129 128 159 49 109 110 76 136 135 42 86 87 88 113 154 115 156 93 94 95 96 121 158 123 29 72 131 132 100 151 150 65 79 80 137 5 108 18 17 73 116 117 118 119 139 160 141 51 124 125 126 2 146 57 9 59 103 104 152 14 130 36 35 97 111 1 20 21 4 44 43 105 142 143 144 8 155 81 24 83 148 10 11 12 28 89 30 133 3 38 39 13 67 66 127 6 7 46 47 19 75 74 157 25 26 27 50 112 52 31 32 33 58 15 16 69 70 37 99 98 22 23 77 45 53 54 55 82 61 40 41 101 68 48 85 71 
92 74 115 95 121 122 123 98 77 45 105 106 118 139 140 141 124 64 126 145 146 147 9 101 68 127 128 48 47 109 75 76 134 135 142 88 144 154 155 156 24 94 148 96 11 158 28 29 30 71 70 131 99 100 149 150 23 79 78 137 107 108 153 17 117 157 119 26 160 50 51 52 125 31 2 33 57 58 59 60 41 103 102 152 129 130 159 35 49 111 110 20 136 4 42 43 143 53 8 55 81 82 83 84 10 61 12 63 89 90 91 72 133 132 38 151 13 65 66 80 6 5 46 18 19 73 25 85 27 87 112 113 114 32 93 34 120 104 15 14 69 36 37 97 1 22 21 44 54 116 56 138 62 3 40 39 67 7 86 16 
93 109 116 120 63 62 124 131 134 79 78 137 138 87 86 142 91 90 145 34 95 94 148 149 103 102 152 107 106 153 49 111 110 20 114 113 154 56 118 117 157 60 122 121 158 64 126 125 31 129 128 159 72 133 132 38 76 136 135 42 80 6 5 46 84 140 139 160 88 144 143 53 92 147 146 57 96 11 10 61 100 151 150 65 104 15 14 69 108 18 17 73 1 22 21 77 115 156 155 81 119 26 25 85 123 29 28 89 2 33 32 130 36 35 97 3 40 39 101 4 44 43 105 7 48 47 141 51 50 112 8 55 54 9 59 58 12 13 67 66 127 16 71 70 19 75 74 23 24 83 82 27 30 37 99 98 41 45 52 68 
94 47 117 121 64 124 125 70 74 23 77 78 139 88 142 143 92 145 146 95 96 148 10 98 41 101 102 45 105 106 48 49 109 110 115 154 155 118 119 157 25 122 123 158 28 126 2 31 32 68 127 128 71 72 131 132 75 76 134 135 79 80 137 5 140 141 160 50 144 8 53 54 147 9 57 58 11 12 61 62 99 100 149 150 103 104 152 14 107 108 153 17 111 1 20 21 156 24 81 82 26 27 85 86 29 30 89 90 33 34 93 129 130 159 35 133 3 38 39 136 4 42 43 6 7 46 51 52 112 113 55 56 116 59 60 120 63 151 13 65 66 15 16 69 18 19 73 22 83 84 138 87 91 36 37 97 40 44 114 67 
95 48 118 122 124 64 126 71 75 77 23 79 140 142 88 144 145 92 147 94 148 96 11 99 101 41 103 105 45 107 47 109 49 111 154 115 156 117 157 119 26 121 158 123 29 125 31 2 33 127 68 129 70 131 72 133 74 134 76 136 78 137 80 6 139 160 141 51 143 53 8 55 146 57 9 59 10 61 12 63 98 149 100 151 102 152 104 15 106 153 108 18 110 20 1 22 155 81 24 83 25 85 27 87 28 89 30 91 32 93 34 128 159 130 36 132 38 3 40 135 42 4 44 5 46 7 50 112 52 114 54 116 56 58 120 60 62 150 65 13 67 14 69 16 17 73 19 21 82 138 84 86 90 35 97 37 39 43 113 66 
96 7 119 123 125 126 2 16 19 21 22 23 141 143 144 8 146 147 9 148 10 11 12 37 39 40 41 43 44 45 46 47 48 49 155 156 24 157 25 26 27 158 28 29 30 31 32 33 34 66 67 68 69 70 71 72 73 74 75 76 77 78 79 80 160 50 51 52 53 54 55 56 57 58 59 60 61 62 63 64 97 98 99 100 101 102 103 104 105 106 107 108 109 110 111 1 81 82 83 84 85 86 87 88 89 90 91 92 93 94 95 127 128 129 130 131 132 133 3 134 135 136 4 137 5 6 112 113 114 115 116 117 118 120 121 122 124 149 150 151 13 152 14 15 153 17 18 20 138 139 140 142 145 159 35 36 38 42 154 65 
97 141 44 39 67 66 127 146 144 155 156 24 7 73 19 75 16 69 70 37 99 98 149 148 123 158 28 157 119 26 160 50 51 52 21 22 23 43 105 45 107 40 41 101 102 68 129 128 159 126 125 31 147 9 57 58 143 53 8 55 81 82 83 84 46 47 48 49 74 134 76 136 71 72 131 132 100 151 150 65 96 11 10 61 29 30 89 90 25 85 27 87 112 113 114 115 77 78 79 80 106 153 108 18 103 104 152 14 130 36 35 2 33 32 93 59 60 120 121 54 116 56 118 138 139 140 109 110 111 1 135 42 4 133 3 38 13 12 63 62 124 91 92 145 86 142 88 154 137 5 6 17 15 34 95 94 122 117 20 64 
98 140 45 101 68 127 128 145 88 154 115 156 48 74 75 76 71 70 131 99 100 149 150 94 122 121 158 117 118 119 139 160 141 51 77 23 79 105 106 107 108 41 103 102 152 129 130 159 35 64 124 125 92 147 146 57 142 143 144 8 155 81 24 83 47 109 49 111 134 135 136 4 72 133 132 38 151 13 65 66 95 96 148 10 123 29 28 89 157 25 26 27 50 112 52 114 78 137 80 6 153 17 18 19 104 15 14 69 36 37 97 126 2 31 32 9 59 58 120 53 54 55 56 82 138 84 110 20 1 22 42 43 44 3 40 39 67 11 12 61 62 30 91 90 85 86 87 113 5 46 7 73 16 33 34 93 60 116 21 63 
99 139 105 41 127 68 129 92 142 115 154 155 47 75 74 134 70 71 72 98 149 100 151 95 121 122 123 118 117 157 140 141 160 50 23 77 78 45 107 106 153 101 102 103 104 128 159 130 36 124 64 126 145 146 147 9 88 144 143 53 156 24 81 82 48 49 109 110 76 136 135 42 131 132 133 3 150 65 13 67 94 148 96 11 158 28 29 30 119 26 25 85 51 52 112 113 79 80 137 5 108 18 17 73 152 14 15 16 35 97 37 125 31 2 33 57 58 59 60 8 55 54 116 83 84 138 111 1 20 21 4 44 43 38 39 40 66 10 61 12 63 89 90 91 27 87 86 114 6 7 46 19 69 32 93 34 120 56 22 62 
100 138 106 103 128 129 130 91 86 114 113 154 109 76 134 135 131 72 133 149 150 151 13 34 120 60 122 56 116 117 84 140 139 160 79 78 137 107 108 153 17 102 152 104 15 159 35 36 37 62 63 64 90 145 92 147 87 88 142 143 115 156 155 81 49 111 110 20 136 4 42 43 132 38 3 40 65 66 67 68 93 94 95 96 121 158 123 29 118 119 157 25 141 51 50 112 80 6 5 46 18 19 73 74 14 69 16 71 97 98 99 124 125 126 2 146 57 9 59 144 8 53 54 24 83 82 1 22 21 77 44 45 105 39 101 41 127 148 10 11 12 28 89 30 26 27 85 52 7 48 47 75 70 31 32 33 58 55 23 61 
101 117 48 127 71 70 131 64 139 88 142 143 75 77 23 79 99 98 149 41 103 102 152 92 94 95 96 115 154 155 118 119 157 25 105 45 107 47 109 49 111 68 129 128 159 72 133 132 38 121 122 123 124 125 126 2 140 141 160 50 144 8 53 54 74 134 76 136 78 137 80 6 100 151 150 65 104 15 14 69 145 146 147 9 148 10 11 12 156 24 81 82 26 27 85 86 106 153 108 18 110 20 1 22 130 36 35 97 3 40 39 158 28 29 30 31 32 33 34 51 52 112 113 55 56 116 135 42 4 44 5 46 7 13 67 66 16 57 58 59 60 61 62 63 83 84 138 87 17 73 19 21 37 89 90 91 93 114 43 120 
102 116 49 128 72 131 132 63 138 87 86 142 76 78 79 80 100 149 150 103 104 152 14 91 93 34 95 114 113 154 56 118 117 157 106 107 108 109 110 111 1 129 130 159 35 133 3 38 39 120 60 122 62 124 64 126 84 140 139 160 88 144 143 53 134 135 136 4 137 5 6 7 151 13 65 66 15 16 69 70 90 145 92 147 94 148 96 11 115 156 155 81 119 26 25 85 153 17 18 19 20 21 22 23 36 37 97 98 40 41 101 121 158 123 29 125 31 2 33 141 51 50 112 8 55 54 42 43 44 45 46 47 48 67 68 127 71 146 57 9 59 10 61 12 24 83 82 27 73 74 75 77 99 28 89 30 32 52 105 58 
103 56 109 129 131 72 133 62 84 86 87 88 134 79 78 137 149 100 151 102 152 104 15 90 34 93 94 113 114 115 116 117 118 119 107 106 153 49 111 110 20 128 159 130 36 132 38 3 40 60 120 121 63 64 124 125 138 139 140 141 142 143 144 8 76 136 135 42 80 6 5 46 150 65 13 67 14 69 16 71 91 92 145 146 95 96 148 10 154 155 156 24 157 25 26 27 108 18 17 73 1 22 21 77 35 97 37 99 39 101 41 122 123 158 28 126 2 31 32 160 50 51 52 53 54 55 4 44 43 105 7 48 47 66 127 68 70 147 9 57 58 11 12 61 81 82 83 85 19 75 74 23 98 29 30 89 33 112 45 59 
104 55 110 130 132 133 3 61 83 85 27 87 135 80 137 5 150 151 13 152 14 15 16 89 33 32 93 112 52 114 54 116 56 118 108 153 17 111 1 20 21 159 35 36 37 38 39 40 41 59 58 120 12 63 62 124 82 138 84 140 86 142 88 144 136 4 42 43 6 7 46 47 65 66 67 68 69 70 71 72 30 91 90 145 34 95 94 148 113 154 115 156 117 157 119 26 18 19 73 74 22 23 77 78 97 98 99 100 101 102 103 60 122 121 158 64 126 125 31 139 160 141 51 143 53 8 44 45 105 106 48 49 109 127 128 129 131 92 147 146 57 96 11 10 155 81 24 25 75 76 134 79 149 123 29 28 2 50 107 9 
105 122 127 47 75 74 134 140 64 145 92 147 70 99 98 149 23 77 78 45 107 106 153 88 154 115 156 94 95 96 121 158 123 29 41 101 102 68 129 128 159 48 49 109 110 76 136 135 42 117 118 119 139 160 141 51 124 125 126 2 146 57 9 59 71 72 131 132 100 151 150 65 79 80 137 5 108 18 17 73 142 143 144 8 155 81 24 83 148 10 11 12 28 89 30 91 103 104 152 14 130 36 35 97 111 1 20 21 4 44 43 157 25 26 27 50 112 52 114 31 32 33 34 58 120 60 133 3 38 39 13 67 66 6 7 46 19 53 54 55 56 82 138 84 61 62 63 90 15 16 69 37 22 85 86 87 113 93 40 116 
106 60 128 109 76 134 135 84 63 90 91 92 131 100 149 150 79 78 137 107 108 153 17 87 113 114 115 93 34 95 120 121 122 123 103 102 152 129 130 159 35 49 111 110 20 136 4 42 43 116 56 118 138 139 140 141 62 124 64 126 145 146 147 9 72 133 132 38 151 13 65 66 80 6 5 46 18 19 73 74 86 142 88 144 154 155 156 24 94 148 96 11 158 28 29 30 104 15 14 69 36 37 97 98 1 22 21 77 44 45 105 117 157 119 26 160 50 51 52 125 31 2 33 57 58 59 3 40 39 101 67 68 127 7 48 47 75 143 53 8 55 81 82 83 10 61 12 89 16 71 70 99 23 25 85 27 112 32 41 54 
107 120 129 49 134 76 136 138 62 91 90 145 72 149 100 151 78 79 80 106 153 108 18 86 114 113 154 34 93 94 60 122 121 158 102 103 104 128 159 130 36 109 110 111 1 135 42 4 44 56 116 117 84 140 139 160 63 64 124 125 92 147 146 57 131 132 133 3 150 65 13 67 137 5 6 7 17 73 19 75 87 88 142 143 115 156 155 81 95 96 148 10 123 29 28 89 152 14 15 16 35 97 37 99 20 21 22 23 43 105 45 118 119 157 25 141 51 50 112 126 2 31 32 9 59 58 38 39 40 41 66 127 68 46 47 48 74 144 8 53 54 24 83 82 11 12 61 30 69 70 71 98 77 26 27 85 52 33 101 55 
108 58 130 111 135 136 4 82 61 30 89 90 133 150 151 13 137 80 6 153 17 18 19 85 52 112 113 33 32 93 59 60 120 121 152 104 15 159 35 36 37 110 20 1 22 42 43 44 45 55 54 116 83 84 138 139 12 63 62 124 91 92 145 146 132 38 3 40 65 66 67 68 5 46 7 48 73 74 75 76 27 87 86 142 114 115 154 155 34 95 94 148 122 123 158 28 14 69 16 71 97 98 99 100 21 77 23 79 105 106 107 56 118 117 157 140 141 160 50 64 126 125 31 147 9 57 39 101 41 103 127 128 129 47 109 49 134 88 144 143 53 156 24 81 96 11 10 29 70 131 72 149 78 119 26 25 51 2 102 8 
109 93 131 134 79 78 137 116 120 63 62 124 149 103 102 152 107 106 153 49 111 110 20 138 87 86 142 91 90 145 34 95 94 148 129 128 159 72 133 132 38 76 136 135 42 80 6 5 46 114 113 154 56 118 117 157 60 122 121 158 64 126 125 31 100 151 150 65 104 15 14 69 108 18 17 73 1 22 21 77 84 140 139 160 88 144 143 53 92 147 146 57 96 11 10 61 130 36 35 97 3 40 39 101 4 44 43 105 7 48 47 115 156 155 81 119 26 25 85 123 29 28 89 2 33 32 13 67 66 127 16 71 70 19 75 74 23 141 51 50 112 8 55 54 9 59 58 12 37 99 98 41 45 24 83 82 27 30 68 52 
110 32 132 135 80 137 5 54 58 12 61 62 150 104 152 14 108 153 17 111 1 20 21 82 27 85 86 30 89 90 33 34 93 94 130 159 35 133 3 38 39 136 4 42 43 6 7 46 47 52 112 113 55 56 116 117 59 60 120 121 63 64 124 125 151 13 65 66 15 16 69 70 18 19 73 74 22 23 77 78 83 84 138 139 87 88 142 143 91 92 145 146 95 96 148 10 36 37 97 98 40 41 101 102 44 45 105 106 48 49 109 114 115 154 155 118 119 157 25 122 123 158 28 126 2 31 67 68 127 128 71 72 131 75 76 134 79 140 141 160 50 144 8 53 147 9 57 11 99 100 149 103 107 156 24 81 26 29 129 51 
111 33 133 136 137 80 6 55 59 61 12 63 151 152 104 15 153 108 18 110 20 1 22 83 85 27 87 89 30 91 32 93 34 95 159 130 36 132 38 3 40 135 42 4 44 5 46 7 48 112 52 114 54 116 56 118 58 120 60 122 62 124 64 126 150 65 13 67 14 69 16 71 17 73 19 75 21 77 23 79 82 138 84 140 86 142 88 144 90 145 92 147 94 148 96 11 35 97 37 99 39 101 41 103 43 105 45 107 47 109 49 113 154 115 156 117 157 119 26 121 158 123 29 125 31 2 66 127 68 129 70 131 72 74 134 76 78 139 160 141 51 143 53 8 146 57 9 10 98 149 100 102 106 155 81 24 25 28 128 50 
112 130 59 54 83 82 138 135 133 150 151 13 12 89 30 91 27 85 86 52 114 113 154 137 108 153 17 152 104 15 159 35 36 37 32 33 34 58 120 60 122 55 56 116 117 84 140 139 160 111 110 20 136 4 42 43 132 38 3 40 65 66 67 68 61 62 63 64 90 145 92 147 87 88 142 143 115 156 155 81 80 6 5 46 18 19 73 74 14 69 16 71 97 98 99 100 93 94 95 96 121 158 123 29 118 119 157 25 141 51 50 1 22 21 77 44 45 105 106 39 101 41 103 127 128 129 124 125 126 2 146 57 9 144 8 53 24 7 48 47 109 75 76 134 70 131 72 149 148 10 11 28 26 23 79 78 107 102 31 49 
113 129 60 116 84 138 139 134 72 149 100 151 63 90 91 92 87 86 142 114 115 154 155 78 107 106 153 102 103 104 128 159 130 36 93 34 95 120 121 122 123 56 118 117 157 140 141 160 50 49 109 110 76 136 135 42 131 132 133 3 150 65 13 67 62 124 64 126 145 146 147 9 88 144 143 53 156 24 81 82 79 80 137 5 108 18 17 73 152 14 15 16 35 97 37 99 94 148 96 11 158 28 29 30 119 26 25 85 51 52 112 111 1 20 21 4 44 43 105 38 39 40 41 66 127 68 125 31 2 33 57 58 59 8 55 54 83 6 7 46 47 19 75 74 69 70 71 98 10 61 12 89 27 22 23 77 45 101 32 48 
114 128 120 56 138 84 140 76 131 100 149 150 62 91 90 145 86 87 88 113 154 115 156 79 106 107 108 103 102 152 129 130 159 35 34 93 94 60 122 121 158 116 117 118 119 139 160 141 51 109 49 111 134 135 136 4 72 133 132 38 151 13 65 66 63 64 124 125 92 147 146 57 142 143 144 8 155 81 24 83 78 137 80 6 153 17 18 19 104 15 14 69 36 37 97 98 95 96 148 10 123 29 28 89 157 25 26 27 50 112 52 110 20 1 22 42 43 44 45 3 40 39 101 67 68 127 126 2 31 32 9 59 58 53 54 55 82 5 46 7 48 73 74 75 16 71 70 99 11 12 61 30 85 21 77 23 105 41 33 47 
115 127 121 118 139 140 141 75 70 99 98 149 124 92 145 146 142 88 144 154 155 156 24 23 105 45 107 41 101 102 68 129 128 159 95 94 148 122 123 158 28 117 157 119 26 160 50 51 52 47 48 49 74 134 76 136 71 72 131 132 100 151 150 65 64 126 125 31 147 9 57 58 143 53 8 55 81 82 83 84 77 78 79 80 106 153 108 18 103 104 152 14 130 36 35 97 96 11 10 61 29 30 89 90 25 85 27 87 112 113 114 109 110 111 1 135 42 4 44 133 3 38 39 13 67 66 2 33 32 93 59 60 120 54 116 56 138 137 5 6 7 17 73 19 15 16 69 37 12 63 62 91 86 20 21 22 43 40 34 46 
116 102 63 138 87 86 142 49 128 72 131 132 91 93 34 95 114 113 154 56 118 117 157 76 78 79 80 100 149 150 103 104 152 14 120 60 122 62 124 64 126 84 140 139 160 88 144 143 53 106 107 108 109 110 111 1 129 130 159 35 133 3 38 39 90 145 92 147 94 148 96 11 115 156 155 81 119 26 25 85 134 135 136 4 137 5 6 7 151 13 65 66 15 16 69 70 121 158 123 29 125 31 2 33 141 51 50 112 8 55 54 153 17 18 19 20 21 22 23 36 37 97 98 40 41 101 146 57 9 59 10 61 12 24 83 82 27 42 43 44 45 46 47 48 67 68 127 71 28 89 30 32 52 73 74 75 77 99 58 105 
117 101 64 139 88 142 143 48 127 71 70 131 92 94 95 96 115 154 155 118 119 157 25 75 77 23 79 99 98 149 41 103 102 152 121 122 123 124 125 126 2 140 141 160 50 144 8 53 54 105 45 107 47 109 49 111 68 129 128 159 72 133 132 38 145 146 147 9 148 10 11 12 156 24 81 82 26 27 85 86 74 134 76 136 78 137 80 6 100 151 150 65 104 15 14 69 158 28 29 30 31 32 33 34 51 52 112 113 55 56 116 106 153 108 18 110 20 1 22 130 36 35 97 3 40 39 57 58 59 60 61 62 63 83 84 138 87 135 42 4 44 5 46 7 13 67 66 16 89 90 91 93 114 17 73 19 21 37 120 43 
118 41 124 140 142 88 144 47 68 70 71 72 145 95 94 148 154 115 156 117 157 119 26 74 23 77 78 98 99 100 101 102 103 104 122 121 158 64 126 125 31 139 160 141 51 143 53 8 55 45 105 106 48 49 109 110 127 128 129 130 131 132 133 3 92 147 146 57 96 11 10 61 155 81 24 83 25 85 27 87 75 76 134 135 79 80 137 5 149 150 151 13 152 14 15 16 123 29 28 89 2 33 32 93 50 112 52 114 54 116 56 107 108 153 17 111 1 20 21 159 35 36 37 38 39 40 9 59 58 120 12 63 62 82 138 84 86 136 4 42 43 6 7 46 65 66 67 69 30 91 90 34 113 18 19 73 22 97 60 44 
119 40 125 141 143 144 8 46 67 69 16 71 146 96 148 10 155 156 24 157 25 26 27 73 22 21 77 97 37 99 39 101 41 103 123 158 28 126 2 31 32 160 50 51 52 53 54 55 56 44 43 105 7 48 47 109 66 127 68 129 70 131 72 133 147 9 57 58 11 12 61 62 81 82 83 84 85 86 87 88 19 75 74 134 23 79 78 137 98 149 100 151 102 152 104 15 29 30 89 90 33 34 93 94 112 113 114 115 116 117 118 45 107 106 153 49 111 110 20 128 159 130 36 132 38 3 59 60 120 121 63 64 124 138 139 140 142 76 136 135 42 80 6 5 150 65 13 14 91 92 145 95 154 108 18 17 1 35 122 4 
120 107 138 62 91 90 145 129 49 134 76 136 86 114 113 154 34 93 94 60 122 121 158 72 149 100 151 78 79 80 106 153 108 18 56 116 117 84 140 139 160 63 64 124 125 92 147 146 57 102 103 104 128 159 130 36 109 110 111 1 135 42 4 44 87 88 142 143 115 156 155 81 95 96 148 10 123 29 28 89 131 132 133 3 150 65 13 67 137 5 6 7 17 73 19 75 118 119 157 25 141 51 50 112 126 2 31 32 9 59 58 152 14 15 16 35 97 37 99 20 21 22 23 43 105 45 144 8 53 54 24 83 82 11 12 61 30 38 39 40 41 66 127 68 46 47 48 74 26 27 85 52 33 69 70 71 98 77 55 101 
121 45 139 124 92 145 146 68 48 74 75 76 142 115 154 155 95 94 148 122 123 158 28 71 98 99 100 77 23 79 105 106 107 108 118 117 157 140 141 160 50 64 126 125 31 147 9 57 58 101 41 103 127 128 129 130 47 109 49 111 134 135 136 4 88 144 143 53 156 24 81 82 96 11 10 61 29 30 89 90 70 131 72 133 149 150 151 13 78 137 80 6 153 17 18 19 119 26 25 85 51 52 112 113 2 33 32 93 59 60 120 102 152 104 15 159 35 36 37 110 20 1 22 42 43 44 8 55 54 116 83 84 138 12 63 62 91 132 38 3 40 65 66 67 5 46 7 73 27 87 86 114 34 14 69 16 97 21 56 39 
122 105 140 64 145 92 147 127 47 75 74 134 88 154 115 156 94 95 96 121 158 123 29 70 99 98 149 23 77 78 45 107 106 153 117 118 119 139 160 141 51 124 125 126 2 146 57 9 59 41 101 102 68 129 128 159 48 49 109 110 76 136 135 42 142 143 144 8 155 81 24 83 148 10 11 12 28 89 30 91 71 72 131 132 100 151 150 65 79 80 137 5 108 18 17 73 157 25 26 27 50 112 52 114 31 32 33 34 58 120 60 103 104 152 14 130 36 35 97 111 1 20 21 4 44 43 53 54 55 56 82 138 84 61 62 63 90 133 3 38 39 13 67 66 6 7 46 19 85 86 87 113 93 15 16 69 37 22 116 40 
123 43 141 126 146 147 9 66 46 19 73 74 144 155 156 24 148 96 11 158 28 29 30 69 37 97 98 22 21 77 44 45 105 106 157 119 26 160 50 51 52 125 31 2 33 57 58 59 60 40 39 101 67 68 127 128 7 48 47 109 75 76 134 135 143 53 8 55 81 82 83 84 10 61 12 63 89 90 91 92 16 71 70 131 99 100 149 150 23 79 78 137 107 108 153 17 25 85 27 87 112 113 114 115 32 93 34 95 120 121 122 41 103 102 152 129 130 159 35 49 111 110 20 136 4 42 54 116 56 118 138 139 140 62 124 64 145 72 133 132 38 151 13 65 80 6 5 18 86 142 88 154 94 104 15 14 36 1 117 3 
124 77 142 145 95 94 148 101 105 48 47 109 154 118 117 157 122 121 158 64 126 125 31 127 71 70 131 75 74 134 23 79 78 137 140 139 160 88 144 143 53 92 147 146 57 96 11 10 61 99 98 149 41 103 102 152 45 107 106 153 49 111 110 20 115 156 155 81 119 26 25 85 123 29 28 89 2 33 32 93 68 129 128 159 72 133 132 38 76 136 135 42 80 6 5 46 141 51 50 112 8 55 54 116 9 59 58 120 12 63 62 100 151 150 65 104 15 14 69 108 18 17 73 1 22 21 24 83 82 138 27 87 86 30 91 90 34 130 36 35 97 3 40 39 4 44 43 7 52 114 113 56 60 13 67 66 16 19 84 37 
125 21 143 146 96 148 10 39 43 7 46 47 155 119 157 25 123 158 28 126 2 31 32 66 16 69 70 19 73 74 22 23 77 78 141 160 50 144 8 53 54 147 9 57 58 11 12 61 62 37 97 98 40 41 101 102 44 45 105 106 48 49 109 110 156 24 81 82 26 27 85 86 29 30 89 90 33 34 93 94 67 68 127 128 71 72 131 132 75 76 134 135 79 80 137 5 51 52 112 113 55 56 116 117 59 60 120 121 63 64 124 99 100 149 150 103 104 152 14 107 108 153 17 111 1 20 83 84 138 139 87 88 142 91 92 145 95 129 130 159 35 133 3 38 136 4 42 6 114 115 154 118 122 151 13 65 15 18 140 36 
126 22 144 147 148 96 11 40 44 46 7 48 156 157 119 26 158 123 29 125 31 2 33 67 69 16 71 73 19 75 21 77 23 79 160 141 51 143 53 8 55 146 57 9 59 10 61 12 63 97 37 99 39 101 41 103 43 105 45 107 47 109 49 111 155 81 24 83 25 85 27 87 28 89 30 91 32 93 34 95 66 127 68 129 70 131 72 133 74 134 76 136 78 137 80 6 50 112 52 114 54 116 56 118 58 120 60 122 62 124 64 98 149 100 151 102 152 104 15 106 153 108 18 110 20 1 82 138 84 140 86 142 88 90 145 92 94 128 159 130 36 132 38 3 135 42 4 5 113 154 115 117 121 150 65 13 14 17 139 35 
127 115 75 70 99 98 149 121 118 139 140 141 23 105 45 107 41 101 102 68 129 128 159 124 92 145 146 142 88 144 154 155 156 24 47 48 49 74 134 76 136 71 72 131 132 100 151 150 65 95 94 148 122 123 158 28 117 157 119 26 160 50 51 52 77 78 79 80 106 153 108 18 103 104 152 14 130 36 35 97 64 126 125 31 147 9 57 58 143 53 8 55 81 82 83 84 109 110 111 1 135 42 4 44 133 3 38 39 13 67 66 96 11 10 61 29 30 89 90 25 85 27 87 112 113 114 137 5 6 7 17 73 19 15 16 69 37 2 33 32 93 59 60 120 54 116 56 138 20 21 22 43 40 12 63 62 91 86 46 34 
128 114 76 131 100 149 150 120 56 138 84 140 79 106 107 108 103 102 152 129 130 159 35 62 91 90 145 86 87 88 113 154 115 156 109 49 111 134 135 136 4 72 133 132 38 151 13 65 66 34 93 94 60 122 121 158 116 117 118 119 139 160 141 51 78 137 80 6 153 17 18 19 104 15 14 69 36 37 97 98 63 64 124 125 92 147 146 57 142 143 144 8 155 81 24 83 110 20 1 22 42 43 44 45 3 40 39 101 67 68 127 95 96 148 10 123 29 28 89 157 25 26 27 50 112 52 5 46 7 48 73 74 75 16 71 70 99 126 2 31 32 9 59 58 53 54 55 82 21 77 23 105 41 11 12 61 30 85 47 33 
129 113 134 72 149 100 151 60 116 84 138 139 78 107 106 153 102 103 104 128 159 130 36 63 90 91 92 87 86 142 114 115 154 155 49 109 110 76 136 135 42 131 132 133 3 150 65 13 67 93 34 95 120 121 122 123 56 118 117 157 140 141 160 50 79 80 137 5 108 18 17 73 152 14 15 16 35 97 37 99 62 124 64 126 145 146 147 9 88 144 143 53 156 24 81 82 111 1 20 21 4 44 43 105 38 39 40 41 66 127 68 94 148 96 11 158 28 29 30 119 26 25 85 51 52 112 6 7 46 47 19 75 74 69 70 71 98 125 31 2 33 57 58 59 8 55 54 83 22 23 77 45 101 10 61 12 89 27 48 32 
130 112 135 133 150 151 13 59 54 83 82 138 137 108 153 17 152 104 15 159 35 36 37 12 89 30 91 27 85 86 52 114 113 154 111 110 20 136 4 42 43 132 38 3 40 65 66 67 68 32 33 34 58 120 60 122 55 56 116 117 84 140 139 160 80 6 5 46 18 19 73 74 14 69 16 71 97 98 99 100 61 62 63 64 90 145 92 147 87 88 142 143 115 156 155 81 1 22 21 77 44 45 105 106 39 101 41 103 127 128 129 93 94 95 96 121 158 123 29 118 119 157 25 141 51 50 7 48 47 109 75 76 134 70 131 72 149 124 125 126 2 146 57 9 144 8 53 24 23 79 78 107 102 148 10 11 28 26 49 31 
131 86 79 149 103 102 152 34 113 56 116 117 107 109 49 111 129 128 159 72 133 132 38 60 62 63 64 84 138 139 87 88 142 143 134 76 136 78 137 80 6 100 151 150 65 104 15 14 69 90 91 92 93 94 95 96 114 115 154 155 118 119 157 25 106 153 108 18 110 20 1 22 130 36 35 97 3 40 39 101 120 121 122 123 124 125 126 2 140 141 160 50 144 8 53 54 135 42 4 44 5 46 7 48 13 67 66 127 16 71 70 145 146 147 9 148 10 11 12 156 24 81 82 26 27 85 17 73 19 75 21 77 23 37 99 98 41 158 28 29 30 31 32 33 51 52 112 55 43 105 45 47 68 57 58 59 61 83 74 89 
132 85 80 150 104 152 14 33 112 55 54 116 108 110 111 1 130 159 35 133 3 38 39 59 61 12 63 83 82 138 27 87 86 142 135 136 4 137 5 6 7 151 13 65 66 15 16 69 70 89 30 91 32 93 34 95 52 114 113 154 56 118 117 157 153 17 18 19 20 21 22 23 36 37 97 98 40 41 101 102 58 120 60 122 62 124 64 126 84 140 139 160 88 144 143 53 42 43 44 45 46 47 48 49 67 68 127 128 71 72 131 90 145 92 147 94 148 96 11 115 156 155 81 119 26 25 73 74 75 76 77 78 79 99 100 149 103 121 158 123 29 125 31 2 141 51 50 8 105 106 107 109 129 146 57 9 10 24 134 28 
133 27 137 151 152 104 15 32 52 54 55 56 153 111 110 20 159 130 36 132 38 3 40 58 12 61 62 82 83 84 85 86 87 88 136 135 42 80 6 5 46 150 65 13 67 14 69 16 71 30 89 90 33 34 93 94 112 113 114 115 116 117 118 119 108 18 17 73 1 22 21 77 35 97 37 99 39 101 41 103 59 60 120 121 63 64 124 125 138 139 140 141 142 143 144 8 4 44 43 105 7 48 47 109 66 127 68 129 70 131 72 91 92 145 146 95 96 148 10 154 155 156 24 157 25 26 19 75 74 134 23 79 78 98 149 100 102 122 123 158 28 126 2 31 160 50 51 53 45 107 106 49 128 147 9 57 11 81 76 29 
134 91 149 78 107 106 153 114 34 120 60 122 102 129 128 159 49 109 110 76 136 135 42 56 138 84 140 62 63 64 90 145 92 147 72 131 132 100 151 150 65 79 80 137 5 108 18 17 73 86 87 88 113 154 115 156 93 94 95 96 121 158 123 29 103 104 152 14 130 36 35 97 111 1 20 21 4 44 43 105 116 117 118 119 139 160 141 51 124 125 126 2 146 57 9 59 133 3 38 39 13 67 66 127 6 7 46 47 19 75 74 142 143 144 8 155 81 24 83 148 10 11 12 28 89 30 15 16 69 70 37 99 98 22 23 77 45 157 25 26 27 50 112 52 31 32 33 58 40 41 101 68 48 53 54 55 82 61 71 85 
135 30 150 137 108 153 17 52 33 58 59 60 152 130 159 35 111 110 20 136 4 42 43 55 82 83 84 61 12 63 89 90 91 92 133 132 38 151 13 65 66 80 6 5 46 18 19 73 74 85 27 87 112 113 114 115 32 93 34 95 120 121 122 123 104 15 14 69 36 37 97 98 1 22 21 77 44 45 105 106 54 116 56 118 138 139 140 141 62 124 64 126 145 146 147 9 3 40 39 101 67 68 127 128 7 48 47 109 75 76 134 86 142 88 144 154 155 156 24 94 148 96 11 158 28 29 16 71 70 131 99 100 149 23 79 78 107 117 157 119 26 160 50 51 125 31 2 57 41 103 102 129 49 143 53 8 81 10 72 25 
136 89 151 80 153 108 18 112 32 59 58 120 104 159 130 36 110 111 1 135 42 4 44 54 83 82 138 12 61 62 30 91 90 145 132 133 3 150 65 13 67 137 5 6 7 17 73 19 75 27 85 86 52 114 113 154 33 34 93 94 60 122 121 158 152 14 15 16 35 97 37 99 20 21 22 23 43 105 45 107 55 56 116 117 84 140 139 160 63 64 124 125 92 147 146 57 38 39 40 41 66 127 68 129 46 47 48 49 74 134 76 87 88 142 143 115 156 155 81 95 96 148 10 123 29 28 69 70 71 72 98 149 100 77 78 79 106 118 119 157 25 141 51 50 126 2 31 9 101 102 103 128 109 144 8 53 24 11 131 26 
137 61 152 153 111 110 20 85 89 33 32 93 159 133 132 38 136 135 42 80 6 5 46 112 55 54 116 59 58 120 12 63 62 124 151 150 65 104 15 14 69 108 18 17 73 1 22 21 77 83 82 138 27 87 86 142 30 91 90 145 34 95 94 148 130 36 35 97 3 40 39 101 4 44 43 105 7 48 47 109 52 114 113 154 56 118 117 157 60 122 121 158 64 126 125 31 13 67 66 127 16 71 70 131 19 75 74 134 23 79 78 84 140 139 160 88 144 143 53 92 147 146 57 96 11 10 37 99 98 149 41 103 102 45 107 106 49 115 156 155 81 119 26 25 123 29 28 2 68 129 128 72 76 141 51 50 8 9 100 24 
138 100 91 86 114 113 154 106 103 128 129 130 34 120 60 122 56 116 117 84 140 139 160 109 76 134 135 131 72 133 149 150 151 13 62 63 64 90 145 92 147 87 88 142 143 115 156 155 81 79 78 137 107 108 153 17 102 152 104 15 159 35 36 37 93 94 95 96 121 158 123 29 118 119 157 25 141 51 50 112 49 111 110 20 136 4 42 43 132 38 3 40 65 66 67 68 124 125 126 2 146 57 9 59 144 8 53 54 24 83 82 80 6 5 46 18 19 73 74 14 69 16 71 97 98 99 148 10 11 12 28 89 30 26 27 85 52 1 22 21 77 44 45 105 39 101 41 127 31 32 33 58 55 7 48 47 75 70 61 23 
139 99 92 142 115 154 155 105 41 127 68 129 95 121 122 123 118 117 157 140 141 160 50 47 75 74 134 70 71 72 98 149 100 151 124 64 126 145 146 147 9 88 144 143 53 156 24 81 82 23 77 78 45 107 106 153 101 102 103 104 128 159 130 36 94 148 96 11 158 28 29 30 119 26 25 85 51 52 112 113 48 49 109 110 76 136 135 42 131 132 133 3 150 65 13 67 125 31 2 33 57 58 59 60 8 55 54 116 83 84 138 79 80 137 5 108 18 17 73 152 14 15 16 35 97 37 10 61 12 63 89 90 91 27 87 86 114 111 1 20 21 4 44 43 38 39 40 66 32 93 34 120 56 6 7 46 19 69 62 22 
140 98 145 88 154 115 156 45 101 68 127 128 94 122 121 158 117 118 119 139 160 141 51 48 74 75 76 71 70 131 99 100 149 150 64 124 125 92 147 146 57 142 143 144 8 155 81 24 83 77 23 79 105 106 107 108 41 103 102 152 129 130 159 35 95 96 148 10 123 29 28 89 157 25 26 27 50 112 52 114 47 109 49 111 134 135 136 4 72 133 132 38 151 13 65 66 126 2 31 32 9 59 58 120 53 54 55 56 82 138 84 78 137 80 6 153 17 18 19 104 15 14 69 36 37 97 11 12 61 62 30 91 90 85 86 87 113 110 20 1 22 42 43 44 3 40 39 67 33 34 93 60 116 5 46 7 73 16 63 21 
141 97 146 144 155 156 24 44 39 67 66 127 148 123 158 28 157 119 26 160 50 51 52 7 73 19 75 16 69 70 37 99 98 149 126 125 31 147 9 57 58 143 53 8 55 81 82 83 84 21 22 23 43 105 45 107 40 41 101 102 68 129 128 159 96 11 10 61 29 30 89 90 25 85 27 87 112 113 114 115 46 47 48 49 74 134 76 136 71 72 131 132 100 151 150 65 2 33 32 93 59 60 120 121 54 116 56 118 138 139 140 77 78 79 80 106 153 108 18 103 104 152 14 130 36 35 12 63 62 124 91 92 145 86 142 88 154 109 110 111 1 135 42 4 133 3 38 13 34 95 94 122 117 137 5 6 17 15 64 20 
142 70 95 154 118 117 157 23 98 41 101 102 122 124 64 126 140 139 160 88 144 143 53 45 47 48 49 68 127 128 71 72 131 132 145 92 147 94 148 96 11 115 156 155 81 119 26 25 85 74 75 76 77 78 79 80 99 100 149 150 103 104 152 14 121 158 123 29 125 31 2 33 141 51 50 112 8 55 54 116 105 106 107 108 109 110 111 1 129 130 159 35 133 3 38 39 146 57 9 59 10 61 12 63 24 83 82 138 27 87 86 134 135 136 4 137 5 6 7 151 13 65 66 15 16 69 28 89 30 91 32 93 34 52 114 113 56 153 17 18 19 20 21 22 36 37 97 40 58 120 60 62 84 42 43 44 46 67 90 73 
143 69 96 155 119 157 25 22 97 40 39 101 123 125 126 2 141 160 50 144 8 53 54 44 46 7 48 67 66 127 16 71 70 131 146 147 9 148 10 11 12 156 24 81 82 26 27 85 86 73 19 75 21 77 23 79 37 99 98 149 41 103 102 152 158 28 29 30 31 32 33 34 51 52 112 113 55 56 116 117 43 105 45 107 47 109 49 111 68 129 128 159 72 133 132 38 57 58 59 60 61 62 63 64 83 84 138 139 87 88 142 74 134 76 136 78 137 80 6 100 151 150 65 104 15 14 89 90 91 92 93 94 95 114 115 154 118 106 153 108 18 110 20 1 130 36 35 3 120 121 122 124 140 135 42 4 5 13 145 17 
144 16 148 156 157 119 26 21 37 39 40 41 158 126 125 31 160 141 51 143 53 8 55 43 7 46 47 66 67 68 69 70 71 72 147 146 57 96 11 10 61 155 81 24 83 25 85 27 87 19 73 74 22 23 77 78 97 98 99 100 101 102 103 104 123 29 28 89 2 33 32 93 50 112 52 114 54 116 56 118 44 45 105 106 48 49 109 110 127 128 129 130 131 132 133 3 9 59 58 120 12 63 62 124 82 138 84 140 86 142 88 75 76 134 135 79 80 137 5 149 150 151 13 152 14 15 30 91 90 145 34 95 94 113 154 115 117 107 108 153 17 111 1 20 159 35 36 38 60 122 121 64 139 136 4 42 6 65 92 18 
145 75 154 94 122 121 158 99 23 105 45 107 117 140 139 160 64 124 125 92 147 146 57 41 127 68 129 47 48 49 74 134 76 136 88 142 143 115 156 155 81 95 96 148 10 123 29 28 89 70 71 72 98 149 100 151 77 78 79 80 106 153 108 18 118 119 157 25 141 51 50 112 126 2 31 32 9 59 58 120 101 102 103 104 128 159 130 36 109 110 111 1 135 42 4 44 144 8 53 54 24 83 82 138 11 12 61 62 30 91 90 131 132 133 3 150 65 13 67 137 5 6 7 17 73 19 26 27 85 86 52 114 113 33 34 93 60 152 14 15 16 35 97 37 20 21 22 43 55 56 116 84 63 38 39 40 66 46 87 69 
146 19 155 148 123 158 28 37 22 43 44 45 157 141 160 50 126 125 31 147 9 57 58 40 66 67 68 46 7 48 73 74 75 76 144 143 53 156 24 81 82 96 11 10 61 29 30 89 90 69 16 71 97 98 99 100 21 77 23 79 105 106 107 108 119 26 25 85 51 52 112 113 2 33 32 93 59 60 120 121 39 101 41 103 127 128 129 130 47 109 49 111 134 135 136 4 8 55 54 116 83 84 138 139 12 63 62 124 91 92 145 70 131 72 133 149 150 151 13 78 137 80 6 153 17 18 27 87 86 142 114 115 154 34 95 94 122 102 152 104 15 159 35 36 110 20 1 42 56 118 117 140 64 132 38 3 65 5 88 14 
147 73 156 96 158 123 29 97 21 44 43 105 119 160 141 51 125 126 2 146 57 9 59 39 67 66 127 7 46 47 19 75 74 134 143 144 8 155 81 24 83 148 10 11 12 28 89 30 91 16 69 70 37 99 98 149 22 23 77 78 45 107 106 153 157 25 26 27 50 112 52 114 31 32 33 34 58 120 60 122 40 41 101 102 68 129 128 159 48 49 109 110 76 136 135 42 53 54 55 56 82 138 84 140 61 62 63 64 90 145 92 71 72 131 132 100 151 150 65 79 80 137 5 108 18 17 85 86 87 88 113 154 115 93 94 95 121 103 104 152 14 130 36 35 111 1 20 4 116 117 118 139 124 133 3 38 13 6 142 15 
148 46 157 158 126 125 31 69 73 22 21 77 160 144 143 53 147 146 57 96 11 10 61 97 40 39 101 44 43 105 7 48 47 109 156 155 81 119 26 25 85 123 29 28 89 2 33 32 93 67 66 127 16 71 70 131 19 75 74 134 23 79 78 137 141 51 50 112 8 55 54 116 9 59 58 120 12 63 62 124 37 99 98 149 41 103 102 152 45 107 106 153 49 111 110 20 24 83 82 138 27 87 86 142 30 91 90 145 34 95 94 68 129 128 159 72 133 132 38 76 136 135 42 80 6 5 52 114 113 154 56 118 117 60 122 121 64 100 151 150 65 104 15 14 108 18 17 1 84 140 139 88 92 130 36 35 3 4 115 13 
149 84 107 102 129 128 159 90 87 113 114 115 49 134 76 136 72 131 132 100 151 150 65 93 60 120 121 116 56 118 138 139 140 141 78 79 80 106 153 108 18 103 104 152 14 130 36 35 97 63 62 124 91 92 145 146 86 142 88 144 154 155 156 24 109 110 111 1 135 42 4 44 133 3 38 39 13 67 66 127 34 95 94 148 122 123 158 28 117 157 119 26 160 50 51 52 137 5 6 7 17 73 19 75 15 16 69 70 37 99 98 64 126 125 31 147 9 57 58 143 53 8 55 81 82 83 20 21 22 23 43 105 45 40 41 101 68 96 11 10 61 29 30 89 25 85 27 112 46 47 48 74 71 2 33 32 59 54 77 12 
150 83 108 152 130 159 35 89 27 112 52 114 111 135 136 4 133 132 38 151 13 65 66 32 59 58 120 54 55 56 82 138 84 140 137 80 6 153 17 18 19 104 15 14 69 36 37 97 98 12 61 62 30 91 90 145 85 86 87 88 113 154 115 156 110 20 1 22 42 43 44 45 3 40 39 101 67 68 127 128 33 34 93 94 60 122 121 158 116 117 118 119 139 160 141 51 5 46 7 48 73 74 75 76 16 71 70 131 99 100 149 63 64 124 125 92 147 146 57 142 143 144 8 155 81 24 21 77 23 79 105 106 107 41 103 102 129 95 96 148 10 123 29 28 157 25 26 50 47 109 49 134 72 126 2 31 9 53 78 11 
151 82 153 104 159 130 36 30 85 52 112 113 110 136 135 42 132 133 3 150 65 13 67 33 58 59 60 55 54 116 83 84 138 139 80 137 5 108 18 17 73 152 14 15 16 35 97 37 99 61 12 63 89 90 91 92 27 87 86 142 114 115 154 155 111 1 20 21 4 44 43 105 38 39 40 41 66 127 68 129 32 93 34 95 120 121 122 123 56 118 117 157 140 141 160 50 6 7 46 47 19 75 74 134 69 70 71 72 98 149 100 62 124 64 126 145 146 147 9 88 144 143 53 156 24 81 22 23 77 78 45 107 106 101 102 103 128 94 148 96 11 158 28 29 119 26 25 51 48 49 109 76 131 125 31 2 57 8 79 10 
152 54 111 159 133 132 38 12 82 27 85 86 136 137 80 6 151 150 65 104 15 14 69 30 32 33 34 52 112 113 55 56 116 117 153 108 18 110 20 1 22 130 36 35 97 3 40 39 101 58 59 60 61 62 63 64 83 84 138 139 87 88 142 143 135 42 4 44 5 46 7 48 13 67 66 127 16 71 70 131 89 90 91 92 93 94 95 96 114 115 154 155 118 119 157 25 17 73 19 75 21 77 23 79 37 99 98 149 41 103 102 120 121 122 123 124 125 126 2 140 141 160 50 144 8 53 43 105 45 107 47 109 49 68 129 128 72 145 146 147 9 148 10 11 156 24 81 26 74 134 76 78 100 158 28 29 31 51 106 57 
153 59 159 110 136 135 42 83 12 89 30 91 132 151 150 65 80 137 5 108 18 17 73 27 112 52 114 32 33 34 58 120 60 122 104 152 14 130 36 35 97 111 1 20 21 4 44 43 105 54 55 56 82 138 84 140 61 62 63 64 90 145 92 147 133 3 38 39 13 67 66 127 6 7 46 47 19 75 74 134 85 86 87 88 113 154 115 156 93 94 95 96 121 158 123 29 15 16 69 70 37 99 98 149 22 23 77 78 45 107 106 116 117 118 119 139 160 141 51 124 125 126 2 146 57 9 40 41 101 102 68 129 128 48 49 109 76 142 143 144 8 155 81 24 148 10 11 28 71 72 131 100 79 157 25 26 50 31 103 53 
154 68 122 117 140 139 160 74 71 98 99 100 64 145 92 147 88 142 143 115 156 155 81 77 45 105 106 101 41 103 127 128 129 130 94 95 96 121 158 123 29 118 119 157 25 141 51 50 112 48 47 109 75 76 134 135 70 131 72 133 149 150 151 13 124 125 126 2 146 57 9 59 144 8 53 54 24 83 82 138 23 79 78 137 107 108 153 17 102 152 104 15 159 35 36 37 148 10 11 12 28 89 30 91 26 27 85 86 52 114 113 49 111 110 20 136 4 42 43 132 38 3 40 65 66 67 31 32 33 34 58 120 60 55 56 116 84 80 6 5 46 18 19 73 14 69 16 97 61 62 63 90 87 1 22 21 44 39 93 7 
155 67 123 157 141 160 50 73 16 97 37 99 126 146 147 9 144 143 53 156 24 81 82 21 44 43 105 39 40 41 66 127 68 129 148 96 11 158 28 29 30 119 26 25 85 51 52 112 113 7 46 47 19 75 74 134 69 70 71 72 98 149 100 151 125 31 2 33 57 58 59 60 8 55 54 116 83 84 138 139 22 23 77 78 45 107 106 153 101 102 103 104 128 159 130 36 10 61 12 63 89 90 91 92 27 87 86 142 114 115 154 48 49 109 110 76 136 135 42 131 132 133 3 150 65 13 32 93 34 95 120 121 122 56 118 117 140 79 80 137 5 108 18 17 152 14 15 35 62 124 64 145 88 111 1 20 4 38 94 6 
156 66 158 119 160 141 51 19 69 37 97 98 125 147 146 57 143 144 8 155 81 24 83 22 43 44 45 40 39 101 67 68 127 128 96 148 10 123 29 28 89 157 25 26 27 50 112 52 114 46 7 48 73 74 75 76 16 71 70 131 99 100 149 150 126 2 31 32 9 59 58 120 53 54 55 56 82 138 84 140 21 77 23 79 105 106 107 108 41 103 102 152 129 130 159 35 11 12 61 62 30 91 90 145 85 86 87 88 113 154 115 47 109 49 111 134 135 136 4 72 133 132 38 151 13 65 33 34 93 94 60 122 121 116 117 118 139 78 137 80 6 153 17 18 104 15 14 36 63 64 124 92 142 110 20 1 42 3 95 5 
157 39 126 160 144 143 53 7 66 16 69 70 147 148 96 11 156 155 81 119 26 25 85 19 21 22 23 37 97 98 40 41 101 102 158 123 29 125 31 2 33 141 51 50 112 8 55 54 116 43 44 45 46 47 48 49 67 68 127 128 71 72 131 132 146 57 9 59 10 61 12 63 24 83 82 138 27 87 86 142 73 74 75 76 77 78 79 80 99 100 149 150 103 104 152 14 28 89 30 91 32 93 34 95 52 114 113 154 56 118 117 105 106 107 108 109 110 111 1 129 130 159 35 133 3 38 58 120 60 122 62 124 64 84 140 139 88 134 135 136 4 137 5 6 151 13 65 15 90 145 92 94 115 153 17 18 20 36 121 42 
158 44 160 125 147 146 57 67 7 73 19 75 143 156 155 81 96 148 10 123 29 28 89 16 97 37 99 21 22 23 43 105 45 107 119 157 25 141 51 50 112 126 2 31 32 9 59 58 120 39 40 41 66 127 68 129 46 47 48 49 74 134 76 136 144 8 53 54 24 83 82 138 11 12 61 62 30 91 90 145 69 70 71 72 98 149 100 151 77 78 79 80 106 153 108 18 26 27 85 86 52 114 113 154 33 34 93 94 60 122 121 101 102 103 104 128 159 130 36 109 110 111 1 135 42 4 55 56 116 117 84 140 139 63 64 124 92 131 132 133 3 150 65 13 137 5 6 17 87 88 142 115 95 152 14 15 35 20 118 38 
159 52 136 132 151 150 65 58 55 82 83 84 80 153 108 18 104 152 14 130 36 35 97 61 30 89 90 85 27 87 112 113 114 115 110 111 1 135 42 4 44 133 3 38 39 13 67 66 127 33 32 93 59 60 120 121 54 116 56 118 138 139 140 141 137 5 6 7 17 73 19 75 15 16 69 70 37 99 98 149 12 63 62 124 91 92 145 146 86 142 88 144 154 155 156 24 20 21 22 23 43 105 45 107 40 41 101 102 68 129 128 34 95 94 148 122 123 158 28 117 157 119 26 160 50 51 46 47 48 49 74 134 76 71 72 131 100 64 126 125 31 147 9 57 143 53 8 81 77 78 79 106 103 96 11 10 29 25 109 2 
160 37 147 143 156 155 81 43 40 66 67 68 96 158 123 29 119 157 25 141 51 50 112 46 19 73 74 69 16 71 97 98 99 100 125 126 2 146 57 9 59 144 8 53 54 24 83 82 138 22 21 77 44 45 105 106 39 101 41 103 127 128 129 130 148 10 11 12 28 89 30 91 26 27 85 86 52 114 113 154 7 48 47 109 75 76 134 135 70 131 72 133 149 150 151 13 31 32 33 34 58 120 60 122 55 56 116 117 84 140 139 23 79 78 137 107 108 153 17 102 152 104 15 159 35 36 61 62 63 64 90 145 92 87 88 142 115 49 111 110 20 136 4 42 132 38 3 65 93 94 95 121 118 80 6 5 18 14 124 1 
