152 7
1 2 3 4 5 6 7 8 9 10 11 12 13 14 15 16 17 18 19 20 21 22 23 24 25 26 27 28 29 30 31 32 33 34 35 36 37 38 39 40 41 42 43 44 45 46 47 48 49 50 51 52 53 54 55 56 57 58 59 60 61 62 63 64 65 66 67 68 69 70 71 72 73 74 75 76 77 78 79 80 81 82 83 84 85 86 87 88 89 90 91 92 93 94 95 96 97 98 99 100 101 102 103 104 105 106 107 108 109 110 111 112 113 114 115 116 117 118 119 120 121 122 123 124 125 126 127 128 129 130 131 132 133 134 135 136 137 138 139 140 141 142 143 144 145 146 147 148 149 150 151 152 
2 1 6 7 8 3 4 5 13 14 15 16 9 10 11 12 21 22 23 24 17 18 19 20 29 30 31 32 25 26 27 28 37 38 39 40 33 34 35 36 45 46 47 48 41 42 43 44 53 54 55 56 49 50 51 52 61 62 63 64 57 58 59 60 69 70 71 72 65 66 67 68 77 78 79 80 73 74 75 76 85 86 87 88 81 82 83 84 93 94 95 96 89 90 91 92 101 102 103 104 97 98 99 100 109 110 111 112 105 106 107 108 117 118 119 120 113 114 115 116 125 126 127 128 121 122 123 124 133 134 135 136 129 130 131 132 141 142 143 144 137 138 139 140 148 149 150 145 146 147 152 151 
3 13 1 9 10 7 6 21 4 5 17 18 2 15 14 29 11 12 25 26 8 23 22 37 19 20 33 34 16 31 30 45 27 28 41 42 24 39 38 53 35 36 49 50 32 47 46 61 43 44 57 58 40 55 54 69 51 52 65 66 48 63 62 77 59 60 73 74 56 71 70 85 67 68 81 82 64 79 78 93 75 76 89 90 72 87 86 101 83 84 97 98 80 95 94 109 91 92 105 106 88 103 102 117 99 100 113 114 96 111 110 125 107 108 121 122 104 119 118 133 115 116 129 130 112 127 126 141 123 124 137 138 120 135 134 148 131 132 145 146 128 143 142 152 139 140 151 136 150 149 147 144 
4 7 9 1 11 13 2 15 3 17 5 19 6 21 8 23 10 25 12 27 14 29 16 31 18 33 20 35 22 37 24 39 26 41 28 43 30 45 32 47 34 49 36 51 38 53 40 55 42 57 44 59 46 61 48 63 50 65 52 67 54 69 56 71 58 73 60 75 62 77 64 79 66 81 68 83 70 85 72 87 74 89 76 91 78 93 80 95 82 97 84 99 86 101 88 103 90 105 92 107 94 109 96 111 98 113 100 115 102 117 104 119 106 121 108 123 110 125 112 127 114 129 116 131 118 133 120 135 122 137 124 139 126 141 128 143 130 145 132 147 134 148 136 150 138 151 140 142 152 144 146 149 
5 144 10 11 12 149 150 2 17 18 19 20 152 6 7 8 25 26 27 28 13 14 15 16 33 34 35 36 21 22 23 24 41 42 43 44 29 30 31 32 49 50 51 52 37 38 39 40 57 58 59 60 45 46 47 48 65 66 67 68 53 54 55 56 73 74 75 76 61 62 63 64 81 82 83 84 69 70 71 72 89 90 91 92 77 78 79 80 97 98 99 100 85 86 87 88 105 106 107 108 93 94 95 96 113 114 115 116 101 102 103 104 121 122 123 124 109 110 111 112 129 130 131 132 117 118 119 120 137 138 139 140 125 126 127 128 145 146 147 1 133 134 135 136 151 3 4 141 142 143 9 148 
6 9 2 13 14 4 3 17 7 8 21 22 1 11 10 25 15 16 29 30 5 19 18 33 23 24 37 38 12 27 26 41 31 32 45 46 20 35 34 49 39 40 53 54 28 43 42 57 47 48 61 62 36 51 50 65 55 56 69 70 44 59 58 73 63 64 77 78 52 67 66 81 71 72 85 86 60 75 74 89 79 80 93 94 68 83 82 97 87 88 101 102 76 91 90 105 95 96 109 110 84 99 98 113 103 104 117 118 92 107 106 121 111 112 125 126 100 115 114 129 119 120 133 134 108 123 122 137 127 128 141 142 116 131 130 145 135 136 148 149 124 139 138 151 143 144 152 132 147 146 150 140 
7 4 13 2 15 9 1 11 6 21 8 23 3 17 5 19 14 29 16 31 10 25 12 27 22 37 24 39 18 33 20 35 30 45 32 47 26 41 28 43 38 53 40 55 34 49 36 51 46 61 48 63 42 57 44 59 54 69 56 71 50 65 52 67 62 77 64 79 58 73 60 75 70 85 72 87 66 81 68 83 78 93 80 95 74 89 76 91 86 101 88 103 82 97 84 99 94 109 96 111 90 105 92 107 102 117 104 119 98 113 100 115 110 125 112 127 106 121 108 123 118 133 120 135 114 129 116 131 126 141 128 143 122 137 124 139 134 148 136 150 130 145 132 147 142 152 144 138 151 140 149 146 
8 140 14 15 16 146 147 1 21 22 23 24 151 3 4 5 29 30 31 32 9 10 11 12 37 38 39 40 17 18 19 20 45 46 47 48 25 26 27 28 53 54 55 56 33 34 35 36 61 62 63 64 41 42 43 44 69 70 71 72 49 50 51 52 77 78 79 80 57 58 59 60 85 86 87 88 65 66 67 68 93 94 95 96 73 74 75 76 101 102 103 104 81 82 83 84 109 110 111 112 89 90 91 92 117 118 119 120 97 98 99 100 125 126 127 128 105 106 107 108 133 134 135 136 113 114 115 116 141 142 143 144 121 122 123 124 148 149 150 2 129 130 131 132 152 6 7 137 138 139 13 145 
9 6 4 3 17 2 13 14 1 11 10 25 7 8 21 22 5 19 18 33 15 16 29 30 12 27 26 41 23 24 37 38 20 35 34 49 31 32 45 46 28 43 42 57 39 40 53 54 36 51 50 65 47 48 61 62 44 59 58 73 55 56 69 70 52 67 66 81 63 64 77 78 60 75 74 89 71 72 85 86 68 83 82 97 79 80 93 94 76 91 90 105 87 88 101 102 84 99 98 113 95 96 109 110 92 107 106 121 103 104 117 118 100 115 114 129 111 112 125 126 108 123 122 137 119 120 133 134 116 131 130 145 127 128 141 142 124 139 138 151 135 136 148 149 132 147 146 143 144 152 140 150 
10 152 5 17 18 150 149 13 11 12 25 26 144 7 6 21 19 20 33 34 2 15 14 29 27 28 41 42 8 23 22 37 35 36 49 50 16 31 30 45 43 44 57 58 24 39 38 53 51 52 65 66 32 47 46 61 59 60 73 74 40 55 54 69 67 68 81 82 48 63 62 77 75 76 89 90 56 71 70 85 83 84 97 98 64 79 78 93 91 92 105 106 72 87 86 101 99 100 113 114 80 95 94 109 107 108 121 122 88 103 102 117 115 116 129 130 96 111 110 125 123 124 137 138 104 119 118 133 131 132 145 146 112 127 126 141 139 140 151 3 120 135 134 148 147 1 9 128 143 142 4 136 
11 150 17 5 19 152 144 7 10 25 12 27 149 13 2 15 18 33 20 35 6 21 8 23 26 41 28 43 14 29 16 31 34 49 36 51 22 37 24 39 42 57 44 59 30 45 32 47 50 65 52 67 38 53 40 55 58 73 60 75 46 61 48 63 66 81 68 83 54 69 56 71 74 89 76 91 62 77 64 79 82 97 84 99 70 85 72 87 90 105 92 107 78 93 80 95 98 113 100 115 86 101 88 103 106 121 108 123 94 109 96 111 114 129 116 131 102 117 104 119 122 137 124 139 110 125 112 127 130 145 132 147 118 133 120 135 138 151 140 4 126 141 128 143 146 9 1 134 148 136 3 142 
12 136 18 19 20 142 143 144 25 26 27 28 148 149 150 2 33 34 35 36 152 6 7 8 41 42 43 44 13 14 15 16 49 50 51 52 21 22 23 24 57 58 59 60 29 30 31 32 65 66 67 68 37 38 39 40 73 74 75 76 45 46 47 48 81 82 83 84 53 54 55 56 89 90 91 92 61 62 63 64 97 98 99 100 69 70 71 72 105 106 107 108 77 78 79 80 113 114 115 116 85 86 87 88 121 122 123 124 93 94 95 96 129 130 131 132 101 102 103 104 137 138 139 140 109 110 111 112 145 146 147 1 117 118 119 120 151 3 4 5 125 126 127 128 9 10 11 133 134 135 17 141 
13 3 7 6 21 1 9 10 2 15 14 29 4 5 17 18 8 23 22 37 11 12 25 26 16 31 30 45 19 20 33 34 24 39 38 53 27 28 41 42 32 47 46 61 35 36 49 50 40 55 54 69 43 44 57 58 48 63 62 77 51 52 65 66 56 71 70 85 59 60 73 74 64 79 78 93 67 68 81 82 72 87 86 101 75 76 89 90 80 95 94 109 83 84 97 98 88 103 102 117 91 92 105 106 96 111 110 125 99 100 113 114 104 119 118 133 107 108 121 122 112 127 126 141 115 116 129 130 120 135 134 148 123 124 137 138 128 143 142 152 131 132 145 146 136 150 149 139 140 151 144 147 
14 151 8 21 22 147 146 9 15 16 29 30 140 4 3 17 23 24 37 38 1 11 10 25 31 32 45 46 5 19 18 33 39 40 53 54 12 27 26 41 47 48 61 62 20 35 34 49 55 56 69 70 28 43 42 57 63 64 77 78 36 51 50 65 71 72 85 86 44 59 58 73 79 80 93 94 52 67 66 81 87 88 101 102 60 75 74 89 95 96 109 110 68 83 82 97 103 104 117 118 76 91 90 105 111 112 125 126 84 99 98 113 119 120 133 134 92 107 106 121 127 128 141 142 100 115 114 129 135 136 148 149 108 123 122 137 143 144 152 6 116 131 130 145 150 2 13 124 139 138 7 132 
15 147 21 8 23 151 140 4 14 29 16 31 146 9 1 11 22 37 24 39 3 17 5 19 30 45 32 47 10 25 12 27 38 53 40 55 18 33 20 35 46 61 48 63 26 41 28 43 54 69 56 71 34 49 36 51 62 77 64 79 42 57 44 59 70 85 72 87 50 65 52 67 78 93 80 95 58 73 60 75 86 101 88 103 66 81 68 83 94 109 96 111 74 89 76 91 102 117 104 119 82 97 84 99 110 125 112 127 90 105 92 107 118 133 120 135 98 113 100 115 126 141 128 143 106 121 108 123 134 148 136 150 114 129 116 131 142 152 144 7 122 137 124 139 149 13 2 130 145 132 6 138 
16 132 22 23 24 138 139 140 29 30 31 32 145 146 147 1 37 38 39 40 151 3 4 5 45 46 47 48 9 10 11 12 53 54 55 56 17 18 19 20 61 62 63 64 25 26 27 28 69 70 71 72 33 34 35 36 77 78 79 80 41 42 43 44 85 86 87 88 49 50 51 52 93 94 95 96 57 58 59 60 101 102 103 104 65 66 67 68 109 110 111 112 73 74 75 76 117 118 119 120 81 82 83 84 125 126 127 128 89 90 91 92 133 134 135 136 97 98 99 100 141 142 143 144 105 106 107 108 148 149 150 2 113 114 115 116 152 6 7 8 121 122 123 124 13 14 15 129 130 131 21 137 
17 149 11 10 25 144 152 6 5 19 18 33 150 2 13 14 12 27 26 41 7 8 21 22 20 35 34 49 15 16 29 30 28 43 42 57 23 24 37 38 36 51 50 65 31 32 45 46 44 59 58 73 39 40 53 54 52 67 66 81 47 48 61 62 60 75 74 89 55 56 69 70 68 83 82 97 63 64 77 78 76 91 90 105 71 72 85 86 84 99 98 113 79 80 93 94 92 107 106 121 87 88 101 102 100 115 114 129 95 96 109 110 108 123 122 137 103 104 117 118 116 131 130 145 111 112 125 126 124 139 138 151 119 120 133 134 132 147 146 9 127 128 141 142 140 4 3 135 136 148 1 143 
18 148 12 25 26 143 142 152 19 20 33 34 136 150 149 13 27 28 41 42 144 7 6 21 35 36 49 50 2 15 14 29 43 44 57 58 8 23 22 37 51 52 65 66 16 31 30 45 59 60 73 74 24 39 38 53 67 68 81 82 32 47 46 61 75 76 89 90 40 55 54 69 83 84 97 98 48 63 62 77 91 92 105 106 56 71 70 85 99 100 113 114 64 79 78 93 107 108 121 122 72 87 86 101 115 116 129 130 80 95 94 109 123 124 137 138 88 103 102 117 131 132 145 146 96 111 110 125 139 140 151 3 104 119 118 133 147 1 9 10 112 127 126 141 4 5 17 120 135 134 11 128 
19 143 25 12 27 148 136 150 18 33 20 35 142 152 144 7 26 41 28 43 149 13 2 15 34 49 36 51 6 21 8 23 42 57 44 59 14 29 16 31 50 65 52 67 22 37 24 39 58 73 60 75 30 45 32 47 66 81 68 83 38 53 40 55 74 89 76 91 46 61 48 63 82 97 84 99 54 69 56 71 90 105 92 107 62 77 64 79 98 113 100 115 70 85 72 87 106 121 108 123 78 93 80 95 114 129 116 131 86 101 88 103 122 137 124 139 94 109 96 111 130 145 132 147 102 117 104 119 138 151 140 4 110 125 112 127 146 9 1 11 118 133 120 135 3 17 5 126 141 128 10 134 
20 128 26 27 28 134 135 136 33 34 35 36 141 142 143 144 41 42 43 44 148 149 150 2 49 50 51 52 152 6 7 8 57 58 59 60 13 14 15 16 65 66 67 68 21 22 23 24 73 74 75 76 29 30 31 32 81 82 83 84 37 38 39 40 89 90 91 92 45 46 47 48 97 98 99 100 53 54 55 56 105 106 107 108 61 62 63 64 113 114 115 116 69 70 71 72 121 122 123 124 77 78 79 80 129 130 131 132 85 86 87 88 137 138 139 140 93 94 95 96 145 146 147 1 101 102 103 104 151 3 4 5 109 110 111 112 9 10 11 12 117 118 119 120 17 18 19 125 126 127 25 133 
21 146 15 14 29 140 151 3 8 23 22 37 147 1 9 10 16 31 30 45 4 5 17 18 24 39 38 53 11 12 25 26 32 47 46 61 19 20 33 34 40 55 54 69 27 28 41 42 48 63 62 77 35 36 49 50 56 71 70 85 43 44 57 58 64 79 78 93 51 52 65 66 72 87 86 101 59 60 73 74 80 95 94 109 67 68 81 82 88 103 102 117 75 76 89 90 96 111 110 125 83 84 97 98 104 119 118 133 91 92 105 106 112 127 126 141 99 100 113 114 120 135 134 148 107 108 121 122 128 143 142 152 115 116 129 130 136 150 149 13 123 124 137 138 144 7 6 131 132 145 2 139 
22 145 16 29 30 139 138 151 23 24 37 38 132 147 146 9 31 32 45 46 140 4 3 17 39 40 53 54 1 11 10 25 47 48 61 62 5 19 18 33 55 56 69 70 12 27 26 41 63 64 77 78 20 35 34 49 71 72 85 86 28 43 42 57 79 80 93 94 36 51 50 65 87 88 101 102 44 59 58 73 95 96 109 110 52 67 66 81 103 104 117 118 60 75 74 89 111 112 125 126 68 83 82 97 119 120 133 134 76 91 90 105 127 128 141 142 84 99 98 113 135 136 148 149 92 107 106 121 143 144 152 6 100 115 114 129 150 2 13 14 108 123 122 137 7 8 21 116 131 130 15 124 
23 139 29 16 31 145 132 147 22 37 24 39 138 151 140 4 30 45 32 47 146 9 1 11 38 53 40 55 3 17 5 19 46 61 48 63 10 25 12 27 54 69 56 71 18 33 20 35 62 77 64 79 26 41 28 43 70 85 72 87 34 49 36 51 78 93 80 95 42 57 44 59 86 101 88 103 50 65 52 67 94 109 96 111 58 73 60 75 102 117 104 119 66 81 68 83 110 125 112 127 74 89 76 91 118 133 120 135 82 97 84 99 126 141 128 143 90 105 92 107 134 148 136 150 98 113 100 115 142 152 144 7 106 121 108 123 149 13 2 15 114 129 116 131 6 21 8 122 137 124 14 130 
24 124 30 31 32 130 131 132 37 38 39 40 137 138 139 140 45 46 47 48 145 146 147 1 53 54 55 56 151 3 4 5 61 62 63 64 9 10 11 12 69 70 71 72 17 18 19 20 77 78 79 80 25 26 27 28 85 86 87 88 33 34 35 36 93 94 95 96 41 42 43 44 101 102 103 104 49 50 51 52 109 110 111 112 57 58 59 60 117 118 119 120 65 66 67 68 125 126 127 128 73 74 75 76 133 134 135 136 81 82 83 84 141 142 143 144 89 90 91 92 148 149 150 2 97 98 99 100 152 6 7 8 105 106 107 108 13 14 15 16 113 114 115 116 21 22 23 121 122 123 29 129 
25 142 19 18 33 136 148 149 12 27 26 41 143 144 152 6 20 35 34 49 150 2 13 14 28 43 42 57 7 8 21 22 36 51 50 65 15 16 29 30 44 59 58 73 23 24 37 38 52 67 66 81 31 32 45 46 60 75 74 89 39 40 53 54 68 83 82 97 47 48 61 62 76 91 90 105 55 56 69 70 84 99 98 113 63 64 77 78 92 107 106 121 71 72 85 86 100 115 114 129 79 80 93 94 108 123 122 137 87 88 101 102 116 131 130 145 95 96 109 110 124 139 138 151 103 104 117 118 132 147 146 9 111 112 125 126 140 4 3 17 119 120 133 134 1 11 10 127 128 141 5 135 
26 141 20 33 34 135 134 148 27 28 41 42 128 143 142 152 35 36 49 50 136 150 149 13 43 44 57 58 144 7 6 21 51 52 65 66 2 15 14 29 59 60 73 74 8 23 22 37 67 68 81 82 16 31 30 45 75 76 89 90 24 39 38 53 83 84 97 98 32 47 46 61 91 92 105 106 40 55 54 69 99 100 113 114 48 63 62 77 107 108 121 122 56 71 70 85 115 116 129 130 64 79 78 93 123 124 137 138 72 87 86 101 131 132 145 146 80 95 94 109 139 140 151 3 88 103 102 117 147 1 9 10 96 111 110 125 4 5 17 18 104 119 118 133 11 12 25 112 127 126 19 120 
27 135 33 20 35 141 128 143 26 41 28 43 134 148 136 150 34 49 36 51 142 152 144 7 42 57 44 59 149 13 2 15 50 65 52 67 6 21 8 23 58 73 60 75 14 29 16 31 66 81 68 83 22 37 24 39 74 89 76 91 30 45 32 47 82 97 84 99 38 53 40 55 90 105 92 107 46 61 48 63 98 113 100 115 54 69 56 71 106 121 108 123 62 77 64 79 114 129 116 131 70 85 72 87 122 137 124 139 78 93 80 95 130 145 132 147 86 101 88 103 138 151 140 4 94 109 96 111 146 9 1 11 102 117 104 119 3 17 5 19 110 125 112 127 10 25 12 118 133 120 18 126 
28 120 34 35 36 126 127 128 41 42 43 44 133 134 135 136 49 50 51 52 141 142 143 144 57 58 59 60 148 149 150 2 65 66 67 68 152 6 7 8 73 74 75 76 13 14 15 16 81 82 83 84 21 22 23 24 89 90 91 92 29 30 31 32 97 98 99 100 37 38 39 40 105 106 107 108 45 46 47 48 113 114 115 116 53 54 55 56 121 122 123 124 61 62 63 64 129 130 131 132 69 70 71 72 137 138 139 140 77 78 79 80 145 146 147 1 85 86 87 88 151 3 4 5 93 94 95 96 9 10 11 12 101 102 103 104 17 18 19 20 109 110 111 112 25 26 27 117 118 119 33 125 
29 138 23 22 37 132 145 146 16 31 30 45 139 140 151 3 24 39 38 53 147 1 9 10 32 47 46 61 4 5 17 18 40 55 54 69 11 12 25 26 48 63 62 77 19 20 33 34 56 71 70 85 27 28 41 42 64 79 78 93 35 36 49 50 72 87 86 101 43 44 57 58 80 95 94 109 51 52 65 66 88 103 102 117 59 60 73 74 96 111 110 125 67 68 81 82 104 119 118 133 75 76 89 90 112 127 126 141 83 84 97 98 120 135 134 148 91 92 105 106 128 143 142 152 99 100 113 114 136 150 149 13 107 108 121 122 144 7 6 21 115 116 129 130 2 15 14 123 124 137 8 131 
30 137 24 37 38 131 130 145 31 32 45 46 124 139 138 151 39 40 53 54 132 147 146 9 47 48 61 62 140 4 3 17 55 56 69 70 1 11 10 25 63 64 77 78 5 19 18 33 71 72 85 86 12 27 26 41 79 80 93 94 20 35 34 49 87 88 101 102 28 43 42 57 95 96 109 110 36 51 50 65 103 104 117 118 44 59 58 73 111 112 125 126 52 67 66 81 119 120 133 134 60 75 74 89 127 128 141 142 68 83 82 97 135 136 148 149 76 91 90 105 143 144 152 6 84 99 98 113 150 2 13 14 92 107 106 121 7 8 21 22 100 115 114 129 15 16 29 108 123 122 23 116 
31 131 37 24 39 137 124 139 30 45 32 47 130 145 132 147 38 53 40 55 138 151 140 4 46 61 48 63 146 9 1 11 54 69 56 71 3 17 5 19 62 77 64 79 10 25 12 27 70 85 72 87 18 33 20 35 78 93 80 95 26 41 28 43 86 101 88 103 34 49 36 51 94 109 96 111 42 57 44 59 102 117 104 119 50 65 52 67 110 125 112 127 58 73 60 75 118 133 120 135 66 81 68 83 126 141 128 143 74 89 76 91 134 148 136 150 82 97 84 99 142 152 144 7 90 105 92 107 149 13 2 15 98 113 100 115 6 21 8 23 106 121 108 123 14 29 16 114 129 116 22 122 
32 116 38 39 40 122 123 124 45 46 47 48 129 130 131 132 53 54 55 56 137 138 139 140 61 62 63 64 145 146 147 1 69 70 71 72 151 3 4 5 77 78 79 80 9 10 11 12 85 86 87 88 17 18 19 20 93 94 95 96 25 26 27 28 101 102 103 104 33 34 35 36 109 110 111 112 41 42 43 44 117 118 119 120 49 50 51 52 125 126 127 128 57 58 59 60 133 134 135 136 65 66 67 68 141 142 143 144 73 74 75 76 148 149 150 2 81 82 83 84 152 6 7 8 89 90 91 92 13 14 15 16 97 98 99 100 21 22 23 24 105 106 107 108 29 30 31 113 114 115 37 121 
33 134 27 26 41 128 141 142 20 35 34 49 135 136 148 149 28 43 42 57 143 144 152 6 36 51 50 65 150 2 13 14 44 59 58 73 7 8 21 22 52 67 66 81 15 16 29 30 60 75 74 89 23 24 37 38 68 83 82 97 31 32 45 46 76 91 90 105 39 40 53 54 84 99 98 113 47 48 61 62 92 107 106 121 55 56 69 70 100 115 114 129 63 64 77 78 108 123 122 137 71 72 85 86 116 131 130 145 79 80 93 94 124 139 138 151 87 88 101 102 132 147 146 9 95 96 109 110 140 4 3 17 103 104 117 118 1 11 10 25 111 112 125 126 5 19 18 119 120 133 12 127 
34 133 28 41 42 127 126 141 35 36 49 50 120 135 134 148 43 44 57 58 128 143 142 152 51 52 65 66 136 150 149 13 59 60 73 74 144 7 6 21 67 68 81 82 2 15 14 29 75 76 89 90 8 23 22 37 83 84 97 98 16 31 30 45 91 92 105 106 24 39 38 53 99 100 113 114 32 47 46 61 107 108 121 122 40 55 54 69 115 116 129 130 48 63 62 77 123 124 137 138 56 71 70 85 131 132 145 146 64 79 78 93 139 140 151 3 72 87 86 101 147 1 9 10 80 95 94 109 4 5 17 18 88 103 102 117 11 12 25 26 96 111 110 125 19 20 33 104 119 118 27 112 
35 127 41 28 43 133 120 135 34 49 36 51 126 141 128 143 42 57 44 59 134 148 136 150 50 65 52 67 142 152 144 7 58 73 60 75 149 13 2 15 66 81 68 83 6 21 8 23 74 89 76 91 14 29 16 31 82 97 84 99 22 37 24 39 90 105 92 107 30 45 32 47 98 113 100 115 38 53 40 55 106 121 108 123 46 61 48 63 114 129 116 131 54 69 56 71 122 137 124 139 62 77 64 79 130 145 132 147 70 85 72 87 138 151 140 4 78 93 80 95 146 9 1 11 86 101 88 103 3 17 5 19 94 109 96 111 10 25 12 27 102 117 104 119 18 33 20 110 125 112 26 118 
36 112 42 43 44 118 119 120 49 50 51 52 125 126 127 128 57 58 59 60 133 134 135 136 65 66 67 68 141 142 143 144 73 74 75 76 148 149 150 2 81 82 83 84 152 6 7 8 89 90 91 92 13 14 15 16 97 98 99 100 21 22 23 24 105 106 107 108 29 30 31 32 113 114 115 116 37 38 39 40 121 122 123 124 45 46 47 48 129 130 131 132 53 54 55 56 137 138 139 140 61 62 63 64 145 146 147 1 69 70 71 72 151 3 4 5 77 78 79 80 9 10 11 12 85 86 87 88 17 18 19 20 93 94 95 96 25 26 27 28 101 102 103 104 33 34 35 109 110 111 41 117 
37 130 31 30 45 124 137 138 24 39 38 53 131 132 145 146 32 47 46 61 139 140 151 3 40 55 54 69 147 1 9 10 48 63 62 77 4 5 17 18 56 71 70 85 11 12 25 26 64 79 78 93 19 20 33 34 72 87 86 101 27 28 41 42 80 95 94 109 35 36 49 50 88 103 102 117 43 44 57 58 96 111 110 125 51 52 65 66 104 119 118 133 59 60 73 74 112 127 126 141 67 68 81 82 120 135 134 148 75 76 89 90 128 143 142 152 83 84 97 98 136 150 149 13 91 92 105 106 144 7 6 21 99 100 113 114 2 15 14 29 107 108 121 122 8 23 22 115 116 129 16 123 
38 129 32 45 46 123 122 137 39 40 53 54 116 131 130 145 47 48 61 62 124 139 138 151 55 56 69 70 132 147 146 9 63 64 77 78 140 4 3 17 71 72 85 86 1 11 10 25 79 80 93 94 5 19 18 33 87 88 101 102 12 27 26 41 95 96 109 110 20 35 34 49 103 104 117 118 28 43 42 57 111 112 125 126 36 51 50 65 119 120 133 134 44 59 58 73 127 128 141 142 52 67 66 81 135 136 148 149 60 75 74 89 143 144 152 6 68 83 82 97 150 2 13 14 76 91 90 105 7 8 21 22 84 99 98 113 15 16 29 30 92 107 106 121 23 24 37 100 115 114 31 108 
39 123 45 32 47 129 116 131 38 53 40 55 122 137 124 139 46 61 48 63 130 145 132 147 54 69 56 71 138 151 140 4 62 77 64 79 146 9 1 11 70 85 72 87 3 17 5 19 78 93 80 95 10 25 12 27 86 101 88 103 18 33 20 35 94 109 96 111 26 41 28 43 102 117 104 119 34 49 36 51 110 125 112 127 42 57 44 59 118 133 120 135 50 65 52 67 126 141 128 143 58 73 60 75 134 148 136 150 66 81 68 83 142 152 144 7 74 89 76 91 149 13 2 15 82 97 84 99 6 21 8 23 90 105 92 107 14 29 16 31 98 113 100 115 22 37 24 106 121 108 30 114 
40 108 46 47 48 114 115 116 53 54 55 56 121 122 123 124 61 62 63 64 129 130 131 132 69 70 71 72 137 138 139 140 77 78 79 80 145 146 147 1 85 86 87 88 151 3 4 5 93 94 95 96 9 10 11 12 101 102 103 104 17 18 19 20 109 110 111 112 25 26 27 28 117 118 119 120 33 34 35 36 125 126 127 128 41 42 43 44 133 134 135 136 49 50 51 52 141 142 143 144 57 58 59 60 148 149 150 2 65 66 67 68 152 6 7 8 73 74 75 76 13 14 15 16 81 82 83 84 21 22 23 24 89 90 91 92 29 30 31 32 97 98 99 100 37 38 39 105 106 107 45 113 
41 126 35 34 49 120 133 134 28 43 42 57 127 128 141 142 36 51 50 65 135 136 148 149 44 59 58 73 143 144 152 6 52 67 66 81 150 2 13 14 60 75 74 89 7 8 21 22 68 83 82 97 15 16 29 30 76 91 90 105 23 24 37 38 84 99 98 113 31 32 45 46 92 107 106 121 39 40 53 54 100 115 114 129 47 48 61 62 108 123 122 137 55 56 69 70 116 131 130 145 63 64 77 78 124 139 138 151 71 72 85 86 132 147 146 9 79 80 93 94 140 4 3 17 87 88 101 102 1 11 10 25 95 96 109 110 5 19 18 33 103 104 117 118 12 27 26 111 112 125 20 119 
42 125 36 49 50 119 118 133 43 44 57 58 112 127 126 141 51 52 65 66 120 135 134 148 59 60 73 74 128 143 142 152 67 68 81 82 136 150 149 13 75 76 89 90 144 7 6 21 83 84 97 98 2 15 14 29 91 92 105 106 8 23 22 37 99 100 113 114 16 31 30 45 107 108 121 122 24 39 38 53 115 116 129 130 32 47 46 61 123 124 137 138 40 55 54 69 131 132 145 146 48 63 62 77 139 140 151 3 56 71 70 85 147 1 9 10 64 79 78 93 4 5 17 18 72 87 86 101 11 12 25 26 80 95 94 109 19 20 33 34 88 103 102 117 27 28 41 96 111 110 35 104 
43 119 49 36 51 125 112 127 42 57 44 59 118 133 120 135 50 65 52 67 126 141 128 143 58 73 60 75 134 148 136 150 66 81 68 83 142 152 144 7 74 89 76 91 149 13 2 15 82 97 84 99 6 21 8 23 90 105 92 107 14 29 16 31 98 113 100 115 22 37 24 39 106 121 108 123 30 45 32 47 114 129 116 131 38 53 40 55 122 137 124 139 46 61 48 63 130 145 132 147 54 69 56 71 138 151 140 4 62 77 64 79 146 9 1 11 70 85 72 87 3 17 5 19 78 93 80 95 10 25 12 27 86 101 88 103 18 33 20 35 94 109 96 111 26 41 28 102 117 104 34 110 
44 104 50 51 52 110 111 112 57 58 59 60 117 118 119 120 65 66 67 68 125 126 127 128 73 74 75 76 133 134 135 136 81 82 83 84 141 142 143 144 89 90 91 92 148 149 150 2 97 98 99 100 152 6 7 8 105 106 107 108 13 14 15 16 113 114 115 116 21 22 23 24 121 122 123 124 29 30 31 32 129 130 131 132 37 38 39 40 137 138 139 140 45 46 47 48 145 146 147 1 53 54 55 56 151 3 4 5 61 62 63 64 9 10 11 12 69 70 71 72 17 18 19 20 77 78 79 80 25 26 27 28 85 86 87 88 33 34 35 36 93 94 95 96 41 42 43 101 102 103 49 109 
45 122 39 38 53 116 129 130 32 47 46 61 123 124 137 138 40 55 54 69 131 132 145 146 48 63 62 77 139 140 151 3 56 71 70 85 147 1 9 10 64 79 78 93 4 5 17 18 72 87 86 101 11 12 25 26 80 95 94 109 19 20 33 34 88 103 102 117 27 28 41 42 96 111 110 125 35 36 49 50 104 119 118 133 43 44 57 58 112 127 126 141 51 52 65 66 120 135 134 148 59 60 73 74 128 143 142 152 67 68 81 82 136 150 149 13 75 76 89 90 144 7 6 21 83 84 97 98 2 15 14 29 91 92 105 106 8 23 22 37 99 100 113 114 16 31 30 107 108 121 24 115 
46 121 40 53 54 115 114 129 47 48 61 62 108 123 122 137 55 56 69 70 116 131 130 145 63 64 77 78 124 139 138 151 71 72 85 86 132 147 146 9 79 80 93 94 140 4 3 17 87 88 101 102 1 11 10 25 95 96 109 110 5 19 18 33 103 104 117 118 12 27 26 41 111 112 125 126 20 35 34 49 119 120 133 134 28 43 42 57 127 128 141 142 36 51 50 65 135 136 148 149 44 59 58 73 143 144 152 6 52 67 66 81 150 2 13 14 60 75 74 89 7 8 21 22 68 83 82 97 15 16 29 30 76 91 90 105 23 24 37 38 84 99 98 113 31 32 45 92 107 106 39 100 
47 115 53 40 55 121 108 123 46 61 48 63 114 129 116 131 54 69 56 71 122 137 124 139 62 77 64 79 130 145 132 147 70 85 72 87 138 151 140 4 78 93 80 95 146 9 1 11 86 101 88 103 3 17 5 19 94 109 96 111 10 25 12 27 102 117 104 119 18 33 20 35 110 125 112 127 26 41 28 43 118 133 120 135 34 49 36 51 126 141 128 143 42 57 44 59 134 148 136 150 50 65 52 67 142 152 144 7 58 73 60 75 149 13 2 15 66 81 68 83 6 21 8 23 74 89 76 91 14 29 16 31 82 97 84 99 22 37 24 39 90 105 92 107 30 45 32 98 113 100 38 106 
48 100 54 55 56 106 107 108 61 62 63 64 113 114 115 116 69 70 71 72 121 122 123 124 77 78 79 80 129 130 131 132 85 86 87 88 137 138 139 140 93 94 95 96 145 146 147 1 101 102 103 104 151 3 4 5 109 110 111 112 9 10 11 12 117 118 119 120 17 18 19 20 125 126 127 128 25 26 27 28 133 134 135 136 33 34 35 36 141 142 143 144 41 42 43 44 148 149 150 2 49 50 51 52 152 6 7 8 57 58 59 60 13 14 15 16 65 66 67 68 21 22 23 24 73 74 75 76 29 30 31 32 81 82 83 84 37 38 39 40 89 90 91 92 45 46 47 97 98 99 53 105 
49 118 43 42 57 112 125 126 36 51 50 65 119 120 133 134 44 59 58 73 127 128 141 142 52 67 66 81 135 136 148 149 60 75 74 89 143 144 152 6 68 83 82 97 150 2 13 14 76 91 90 105 7 8 21 22 84 99 98 113 15 16 29 30 92 107 106 121 23 24 37 38 100 115 114 129 31 32 45 46 108 123 122 137 39 40 53 54 116 131 130 145 47 48 61 62 124 139 138 151 55 56 69 70 132 147 146 9 63 64 77 78 140 4 3 17 71 72 85 86 1 11 10 25 79 80 93 94 5 19 18 33 87 88 101 102 12 27 26 41 95 96 109 110 20 35 34 103 104 117 28 111 
50 117 44 57 58 111 110 125 51 52 65 66 104 119 118 133 59 60 73 74 112 127 126 141 67 68 81 82 120 135 134 148 75 76 89 90 128 143 142 152 83 84 97 98 136 150 149 13 91 92 105 106 144 7 6 21 99 100 113 114 2 15 14 29 107 108 121 122 8 23 22 37 115 116 129 130 16 31 30 45 123 124 137 138 24 39 38 53 131 132 145 146 32 47 46 61 139 140 151 3 40 55 54 69 147 1 9 10 48 63 62 77 4 5 17 18 56 71 70 85 11 12 25 26 64 79 78 93 19 20 33 34 72 87 86 101 27 28 41 42 80 95 94 109 35 36 49 88 103 102 43 96 
51 111 57 44 59 117 104 119 50 65 52 67 110 125 112 127 58 73 60 75 118 133 120 135 66 81 68 83 126 141 128 143 74 89 76 91 134 148 136 150 82 97 84 99 142 152 144 7 90 105 92 107 149 13 2 15 98 113 100 115 6 21 8 23 106 121 108 123 14 29 16 31 114 129 116 131 22 37 24 39 122 137 124 139 30 45 32 47 130 145 132 147 38 53 40 55 138 151 140 4 46 61 48 63 146 9 1 11 54 69 56 71 3 17 5 19 62 77 64 79 10 25 12 27 70 85 72 87 18 33 20 35 78 93 80 95 26 41 28 43 86 101 88 103 34 49 36 94 109 96 42 102 
52 96 58 59 60 102 103 104 65 66 67 68 109 110 111 112 73 74 75 76 117 118 119 120 81 82 83 84 125 126 127 128 89 90 91 92 133 134 135 136 97 98 99 100 141 142 143 144 105 106 107 108 148 149 150 2 113 114 115 116 152 6 7 8 121 122 123 124 13 14 15 16 129 130 131 132 21 22 23 24 137 138 139 140 29 30 31 32 145 146 147 1 37 38 39 40 151 3 4 5 45 46 47 48 9 10 11 12 53 54 55 56 17 18 19 20 61 62 63 64 25 26 27 28 69 70 71 72 33 34 35 36 77 78 79 80 41 42 43 44 85 86 87 88 49 50 51 93 94 95 57 101 
53 114 47 46 61 108 121 122 40 55 54 69 115 116 129 130 48 63 62 77 123 124 137 138 56 71 70 85 131 132 145 146 64 79 78 93 139 140 151 3 72 87 86 101 147 1 9 10 80 95 94 109 4 5 17 18 88 103 102 117 11 12 25 26 96 111 110 125 19 20 33 34 104 119 118 133 27 28 41 42 112 127 126 141 35 36 49 50 120 135 134 148 43 44 57 58 128 143 142 152 51 52 65 66 136 150 149 13 59 60 73 74 144 7 6 21 67 68 81 82 2 15 14 29 75 76 89 90 8 23 22 37 83 84 97 98 16 31 30 45 91 92 105 106 24 39 38 99 100 113 32 107 
54 113 48 61 62 107 106 121 55 56 69 70 100 115 114 129 63 64 77 78 108 123 122 137 71 72 85 86 116 131 130 145 79 80 93 94 124 139 138 151 87 88 101 102 132 147 146 9 95 96 109 110 140 4 3 17 103 104 117 118 1 11 10 25 111 112 125 126 5 19 18 33 119 120 133 134 12 27 26 41 127 128 141 142 20 35 34 49 135 136 148 149 28 43 42 57 143 144 152 6 36 51 50 65 150 2 13 14 44 59 58 73 7 8 21 22 52 67 66 81 15 16 29 30 60 75 74 89 23 24 37 38 68 83 82 97 31 32 45 46 76 91 90 105 39 40 53 84 99 98 47 92 
55 107 61 48 63 113 100 115 54 69 56 71 106 121 108 123 62 77 64 79 114 129 116 131 70 85 72 87 122 137 124 139 78 93 80 95 130 145 132 147 86 101 88 103 138 151 140 4 94 109 96 111 146 9 1 11 102 117 104 119 3 17 5 19 110 125 112 127 10 25 12 27 118 133 120 135 18 33 20 35 126 141 128 143 26 41 28 43 134 148 136 150 34 49 36 51 142 152 144 7 42 57 44 59 149 13 2 15 50 65 52 67 6 21 8 23 58 73 60 75 14 29 16 31 66 81 68 83 22 37 24 39 74 89 76 91 30 45 32 47 82 97 84 99 38 53 40 90 105 92 46 98 
56 92 62 63 64 98 99 100 69 70 71 72 105 106 107 108 77 78 79 80 113 114 115 116 85 86 87 88 121 122 123 124 93 94 95 96 129 130 131 132 101 102 103 104 137 138 139 140 109 110 111 112 145 146 147 1 117 118 119 120 151 3 4 5 125 126 127 128 9 10 11 12 133 134 135 136 17 18 19 20 141 142 143 144 25 26 27 28 148 149 150 2 33 34 35 36 152 6 7 8 41 42 43 44 13 14 15 16 49 50 51 52 21 22 23 24 57 58 59 60 29 30 31 32 65 66 67 68 37 38 39 40 73 74 75 76 45 46 47 48 81 82 83 84 53 54 55 89 90 91 61 97 
57 110 51 50 65 104 117 118 44 59 58 73 111 112 125 126 52 67 66 81 119 120 133 134 60 75 74 89 127 128 141 142 68 83 82 97 135 136 148 149 76 91 90 105 143 144 152 6 84 99 98 113 150 2 13 14 92 107 106 121 7 8 21 22 100 115 114 129 15 16 29 30 108 123 122 137 23 24 37 38 116 131 130 145 31 32 45 46 124 139 138 151 39 40 53 54 132 147 146 9 47 48 61 62 140 4 3 17 55 56 69 70 1 11 10 25 63 64 77 78 5 19 18 33 71 72 85 86 12 27 26 41 79 80 93 94 20 35 34 49 87 88 101 102 28 43 42 95 96 109 36 103 
58 109 52 65 66 103 102 117 59 60 73 74 96 111 110 125 67 68 81 82 104 119 118 133 75 76 89 90 112 127 126 141 83 84 97 98 120 135 134 148 91 92 105 106 128 143 142 152 99 100 113 114 136 150 149 13 107 108 121 122 144 7 6 21 115 116 129 130 2 15 14 29 123 124 137 138 8 23 22 37 131 132 145 146 16 31 30 45 139 140 151 3 24 39 38 53 147 1 9 10 32 47 46 61 4 5 17 18 40 55 54 69 11 12 25 26 48 63 62 77 19 20 33 34 56 71 70 85 27 28 41 42 64 79 78 93 35 36 49 50 72 87 86 101 43 44 57 80 95 94 51 88 
59 103 65 52 67 109 96 111 58 73 60 75 102 117 104 119 66 81 68 83 110 125 112 127 74 89 76 91 118 133 120 135 82 97 84 99 126 141 128 143 90 105 92 107 134 148 136 150 98 113 100 115 142 152 144 7 106 121 108 123 149 13 2 15 114 129 116 131 6 21 8 23 122 137 124 139 14 29 16 31 130 145 132 147 22 37 24 39 138 151 140 4 30 45 32 47 146 9 1 11 38 53 40 55 3 17 5 19 46 61 48 63 10 25 12 27 54 69 56 71 18 33 20 35 62 77 64 79 26 41 28 43 70 85 72 87 34 49 36 51 78 93 80 95 42 57 44 86 101 88 50 94 
60 88 66 67 68 94 95 96 73 74 75 76 101 102 103 104 81 82 83 84 109 110 111 112 89 90 91 92 117 118 119 120 97 98 99 100 125 126 127 128 105 106 107 108 133 134 135 136 113 114 115 116 141 142 143 144 121 122 123 124 148 149 150 2 129 130 131 132 152 6 7 8 137 138 139 140 13 14 15 16 145 146 147 1 21 22 23 24 151 3 4 5 29 30 31 32 9 10 11 12 37 38 39 40 17 18 19 20 45 46 47 48 25 26 27 28 53 54 55 56 33 34 35 36 61 62 63 64 41 42 43 44 69 70 71 72 49 50 51 52 77 78 79 80 57 58 59 85 86 87 65 93 
61 106 55 54 69 100 113 114 48 63 62 77 107 108 121 122 56 71 70 85 115 116 129 130 64 79 78 93 123 124 137 138 72 87 86 101 131 132 145 146 80 95 94 109 139 140 151 3 88 103 102 117 147 1 9 10 96 111 110 125 4 5 17 18 104 119 118 133 11 12 25 26 112 127 126 141 19 20 33 34 120 135 134 148 27 28 41 42 128 143 142 152 35 36 49 50 136 150 149 13 43 44 57 58 144 7 6 21 51 52 65 66 2 15 14 29 59 60 73 74 8 23 22 37 67 68 81 82 16 31 30 45 75 76 89 90 24 39 38 53 83 84 97 98 32 47 46 91 92 105 40 99 
62 105 56 69 70 99 98 113 63 64 77 78 92 107 106 121 71 72 85 86 100 115 114 129 79 80 93 94 108 123 122 137 87 88 101 102 116 131 130 145 95 96 109 110 124 139 138 151 103 104 117 118 132 147 146 9 111 112 125 126 140 4 3 17 119 120 133 134 1 11 10 25 127 128 141 142 5 19 18 33 135 136 148 149 12 27 26 41 143 144 152 6 20 35 34 49 150 2 13 14 28 43 42 57 7 8 21 22 36 51 50 65 15 16 29 30 44 59 58 73 23 24 37 38 52 67 66 81 31 32 45 46 60 75 74 89 39 40 53 54 68 83 82 97 47 48 61 76 91 90 55 84 
63 99 69 56 71 105 92 107 62 77 64 79 98 113 100 115 70 85 72 87 106 121 108 123 78 93 80 95 114 129 116 131 86 101 88 103 122 137 124 139 94 109 96 111 130 145 132 147 102 117 104 119 138 151 140 4 110 125 112 127 146 9 1 11 118 133 120 135 3 17 5 19 126 141 128 143 10 25 12 27 134 148 136 150 18 33 20 35 142 152 144 7 26 41 28 43 149 13 2 15 34 49 36 51 6 21 8 23 42 57 44 59 14 29 16 31 50 65 52 67 22 37 24 39 58 73 60 75 30 45 32 47 66 81 68 83 38 53 40 55 74 89 76 91 46 61 48 82 97 84 54 90 
64 84 70 71 72 90 91 92 77 78 79 80 97 98 99 100 85 86 87 88 105 106 107 108 93 94 95 96 113 114 115 116 101 102 103 104 121 122 123 124 109 110 111 112 129 130 131 132 117 118 119 120 137 138 139 140 125 126 127 128 145 146 147 1 133 134 135 136 151 3 4 5 141 142 143 144 9 10 11 12 148 149 150 2 17 18 19 20 152 6 7 8 25 26 27 28 13 14 15 16 33 34 35 36 21 22 23 24 41 42 43 44 29 30 31 32 49 50 51 52 37 38 39 40 57 58 59 60 45 46 47 48 65 66 67 68 53 54 55 56 73 74 75 76 61 62 63 81 82 83 69 89 
65 102 59 58 73 96 109 110 52 67 66 81 103 104 117 118 60 75 74 89 111 112 125 126 68 83 82 97 119 120 133 134 76 91 90 105 127 128 141 142 84 99 98 113 135 136 148 149 92 107 106 121 143 144 152 6 100 115 114 129 150 2 13 14 108 123 122 137 7 8 21 22 116 131 130 145 15 16 29 30 124 139 138 151 23 24 37 38 132 147 146 9 31 32 45 46 140 4 3 17 39 40 53 54 1 11 10 25 47 48 61 62 5 19 18 33 55 56 69 70 12 27 26 41 63 64 77 78 20 35 34 49 71 72 85 86 28 43 42 57 79 80 93 94 36 51 50 87 88 101 44 95 
66 101 60 73 74 95 94 109 67 68 81 82 88 103 102 117 75 76 89 90 96 111 110 125 83 84 97 98 104 119 118 133 91 92 105 106 112 127 126 141 99 100 113 114 120 135 134 148 107 108 121 122 128 143 142 152 115 116 129 130 136 150 149 13 123 124 137 138 144 7 6 21 131 132 145 146 2 15 14 29 139 140 151 3 8 23 22 37 147 1 9 10 16 31 30 45 4 5 17 18 24 39 38 53 11 12 25 26 32 47 46 61 19 20 33 34 40 55 54 69 27 28 41 42 48 63 62 77 35 36 49 50 56 71 70 85 43 44 57 58 64 79 78 93 51 52 65 72 87 86 59 80 
67 95 73 60 75 101 88 103 66 81 68 83 94 109 96 111 74 89 76 91 102 117 104 119 82 97 84 99 110 125 112 127 90 105 92 107 118 133 120 135 98 113 100 115 126 141 128 143 106 121 108 123 134 148 136 150 114 129 116 131 142 152 144 7 122 137 124 139 149 13 2 15 130 145 132 147 6 21 8 23 138 151 140 4 14 29 16 31 146 9 1 11 22 37 24 39 3 17 5 19 30 45 32 47 10 25 12 27 38 53 40 55 18 33 20 35 46 61 48 63 26 41 28 43 54 69 56 71 34 49 36 51 62 77 64 79 42 57 44 59 70 85 72 87 50 65 52 78 93 80 58 86 
68 80 74 75 76 86 87 88 81 82 83 84 93 94 95 96 89 90 91 92 101 102 103 104 97 98 99 100 109 110 111 112 105 106 107 108 117 118 119 120 113 114 115 116 125 126 127 128 121 122 123 124 133 134 135 136 129 130 131 132 141 142 143 144 137 138 139 140 148 149 150 2 145 146 147 1 152 6 7 8 151 3 4 5 13 14 15 16 9 10 11 12 21 22 23 24 17 18 19 20 29 30 31 32 25 26 27 28 37 38 39 40 33 34 35 36 45 46 47 48 41 42 43 44 53 54 55 56 49 50 51 52 61 62 63 64 57 58 59 60 69 70 71 72 65 66 67 77 78 79 73 85 
69 98 63 62 77 92 105 106 56 71 70 85 99 100 113 114 64 79 78 93 107 108 121 122 72 87 86 101 115 116 129 130 80 95 94 109 123 124 137 138 88 103 102 117 131 132 145 146 96 111 110 125 139 140 151 3 104 119 118 133 147 1 9 10 112 127 126 141 4 5 17 18 120 135 134 148 11 12 25 26 128 143 142 152 19 20 33 34 136 150 149 13 27 28 41 42 144 7 6 21 35 36 49 50 2 15 14 29 43 44 57 58 8 23 22 37 51 52 65 66 16 31 30 45 59 60 73 74 24 39 38 53 67 68 81 82 32 47 46 61 75 76 89 90 40 55 54 83 84 97 48 91 
70 97 64 77 78 91 90 105 71 72 85 86 84 99 98 113 79 80 93 94 92 107 106 121 87 88 101 102 100 115 114 129 95 96 109 110 108 123 122 137 103 104 117 118 116 131 130 145 111 112 125 126 124 139 138 151 119 120 133 134 132 147 146 9 127 128 141 142 140 4 3 17 135 136 148 149 1 11 10 25 143 144 152 6 5 19 18 33 150 2 13 14 12 27 26 41 7 8 21 22 20 35 34 49 15 16 29 30 28 43 42 57 23 24 37 38 36 51 50 65 31 32 45 46 44 59 58 73 39 40 53 54 52 67 66 81 47 48 61 62 60 75 74 89 55 56 69 68 83 82 63 76 
71 91 77 64 79 97 84 99 70 85 72 87 90 105 92 107 78 93 80 95 98 113 100 115 86 101 88 103 106 121 108 123 94 109 96 111 114 129 116 131 102 117 104 119 122 137 124 139 110 125 112 127 130 145 132 147 118 133 120 135 138 151 140 4 126 141 128 143 146 9 1 11 134 148 136 150 3 17 5 19 142 152 144 7 10 25 12 27 149 13 2 15 18 33 20 35 6 21 8 23 26 41 28 43 14 29 16 31 34 49 36 51 22 37 24 39 42 57 44 59 30 45 32 47 50 65 52 67 38 53 40 55 58 73 60 75 46 61 48 63 66 81 68 83 54 69 56 74 89 76 62 82 
72 76 78 79 80 82 83 84 85 86 87 88 89 90 91 92 93 94 95 96 97 98 99 100 101 102 103 104 105 106 107 108 109 110 111 112 113 114 115 116 117 118 119 120 121 122 123 124 125 126 127 128 129 130 131 132 133 134 135 136 137 138 139 140 141 142 143 144 145 146 147 1 148 149 150 2 151 3 4 5 152 6 7 8 9 10 11 12 13 14 15 16 17 18 19 20 21 22 23 24 25 26 27 28 29 30 31 32 33 34 35 36 37 38 39 40 41 42 43 44 45 46 47 48 49 50 51 52 53 54 55 56 57 58 59 60 61 62 63 64 65 66 67 68 69 70 71 73 74 75 77 81 
73 94 67 66 81 88 101 102 60 75 74 89 95 96 109 110 68 83 82 97 103 104 117 118 76 91 90 105 111 112 125 126 84 99 98 113 119 120 133 134 92 107 106 121 127 128 141 142 100 115 114 129 135 136 148 149 108 123 122 137 143 144 152 6 116 131 130 145 150 2 13 14 124 139 138 151 7 8 21 22 132 147 146 9 15 16 29 30 140 4 3 17 23 24 37 38 1 11 10 25 31 32 45 46 5 19 18 33 39 40 53 54 12 27 26 41 47 48 61 62 20 35 34 49 55 56 69 70 28 43 42 57 63 64 77 78 36 51 50 65 71 72 85 86 44 59 58 79 80 93 52 87 
74 93 68 81 82 87 86 101 75 76 89 90 80 95 94 109 83 84 97 98 88 103 102 117 91 92 105 106 96 111 110 125 99 100 113 114 104 119 118 133 107 108 121 122 112 127 126 141 115 116 129 130 120 135 134 148 123 124 137 138 128 143 142 152 131 132 145 146 136 150 149 13 139 140 151 3 144 7 6 21 147 1 9 10 2 15 14 29 4 5 17 18 8 23 22 37 11 12 25 26 16 31 30 45 19 20 33 34 24 39 38 53 27 28 41 42 32 47 46 61 35 36 49 50 40 55 54 69 43 44 57 58 48 63 62 77 51 52 65 66 56 71 70 85 59 60 73 64 79 78 67 72 
75 87 81 68 83 93 80 95 74 89 76 91 86 101 88 103 82 97 84 99 94 109 96 111 90 105 92 107 102 117 104 119 98 113 100 115 110 125 112 127 106 121 108 123 118 133 120 135 114 129 116 131 126 141 128 143 122 137 124 139 134 148 136 150 130 145 132 147 142 152 144 7 138 151 140 4 149 13 2 15 146 9 1 11 6 21 8 23 3 17 5 19 14 29 16 31 10 25 12 27 22 37 24 39 18 33 20 35 30 45 32 47 26 41 28 43 38 53 40 55 34 49 36 51 46 61 48 63 42 57 44 59 54 69 56 71 50 65 52 67 62 77 64 79 58 73 60 70 85 72 66 78 
76 72 82 83 84 78 79 80 89 90 91 92 85 86 87 88 97 98 99 100 93 94 95 96 105 106 107 108 101 102 103 104 113 114 115 116 109 110 111 112 121 122 123 124 117 118 119 120 129 130 131 132 125 126 127 128 137 138 139 140 133 134 135 136 145 146 147 1 141 142 143 144 151 3 4 5 148 149 150 2 9 10 11 12 152 6 7 8 17 18 19 20 13 14 15 16 25 26 27 28 21 22 23 24 33 34 35 36 29 30 31 32 41 42 43 44 37 38 39 40 49 50 51 52 45 46 47 48 57 58 59 60 53 54 55 56 65 66 67 68 61 62 63 64 73 74 75 69 70 71 81 77 
77 90 71 70 85 84 97 98 64 79 78 93 91 92 105 106 72 87 86 101 99 100 113 114 80 95 94 109 107 108 121 122 88 103 102 117 115 116 129 130 96 111 110 125 123 124 137 138 104 119 118 133 131 132 145 146 112 127 126 141 139 140 151 3 120 135 134 148 147 1 9 10 128 143 142 152 4 5 17 18 136 150 149 13 11 12 25 26 144 7 6 21 19 20 33 34 2 15 14 29 27 28 41 42 8 23 22 37 35 36 49 50 16 31 30 45 43 44 57 58 24 39 38 53 51 52 65 66 32 47 46 61 59 60 73 74 40 55 54 69 67 68 81 82 48 63 62 75 76 89 56 83 
78 89 72 85 86 83 82 97 79 80 93 94 76 91 90 105 87 88 101 102 84 99 98 113 95 96 109 110 92 107 106 121 103 104 117 118 100 115 114 129 111 112 125 126 108 123 122 137 119 120 133 134 116 131 130 145 127 128 141 142 124 139 138 151 135 136 148 149 132 147 146 9 143 144 152 6 140 4 3 17 150 2 13 14 1 11 10 25 7 8 21 22 5 19 18 33 15 16 29 30 12 27 26 41 23 24 37 38 20 35 34 49 31 32 45 46 28 43 42 57 39 40 53 54 36 51 50 65 47 48 61 62 44 59 58 73 55 56 69 70 52 67 66 81 63 64 77 60 75 74 71 68 
79 83 85 72 87 89 76 91 78 93 80 95 82 97 84 99 86 101 88 103 90 105 92 107 94 109 96 111 98 113 100 115 102 117 104 119 106 121 108 123 110 125 112 127 114 129 116 131 118 133 120 135 122 137 124 139 126 141 128 143 130 145 132 147 134 148 136 150 138 151 140 4 142 152 144 7 146 9 1 11 149 13 2 15 3 17 5 19 6 21 8 23 10 25 12 27 14 29 16 31 18 33 20 35 22 37 24 39 26 41 28 43 30 45 32 47 34 49 36 51 38 53 40 55 42 57 44 59 46 61 48 63 50 65 52 67 54 69 56 71 58 73 60 75 62 77 64 66 81 68 70 74 
80 68 86 87 88 74 75 76 93 94 95 96 81 82 83 84 101 102 103 104 89 90 91 92 109 110 111 112 97 98 99 100 117 118 119 120 105 106 107 108 125 126 127 128 113 114 115 116 133 134 135 136 121 122 123 124 141 142 143 144 129 130 131 132 148 149 150 2 137 138 139 140 152 6 7 8 145 146 147 1 13 14 15 16 151 3 4 5 21 22 23 24 9 10 11 12 29 30 31 32 17 18 19 20 37 38 39 40 25 26 27 28 45 46 47 48 33 34 35 36 53 54 55 56 41 42 43 44 61 62 63 64 49 50 51 52 69 70 71 72 57 58 59 60 77 78 79 65 66 67 85 73 
81 86 75 74 89 80 93 94 68 83 82 97 87 88 101 102 76 91 90 105 95 96 109 110 84 99 98 113 103 104 117 118 92 107 106 121 111 112 125 126 100 115 114 129 119 120 133 134 108 123 122 137 127 128 141 142 116 131 130 145 135 136 148 149 124 139 138 151 143 144 152 6 132 147 146 9 150 2 13 14 140 4 3 17 7 8 21 22 1 11 10 25 15 16 29 30 5 19 18 33 23 24 37 38 12 27 26 41 31 32 45 46 20 35 34 49 39 40 53 54 28 43 42 57 47 48 61 62 36 51 50 65 55 56 69 70 44 59 58 73 63 64 77 78 52 67 66 71 72 85 60 79 
82 85 76 89 90 79 78 93 83 84 97 98 72 87 86 101 91 92 105 106 80 95 94 109 99 100 113 114 88 103 102 117 107 108 121 122 96 111 110 125 115 116 129 130 104 119 118 133 123 124 137 138 112 127 126 141 131 132 145 146 120 135 134 148 139 140 151 3 128 143 142 152 147 1 9 10 136 150 149 13 4 5 17 18 144 7 6 21 11 12 25 26 2 15 14 29 19 20 33 34 8 23 22 37 27 28 41 42 16 31 30 45 35 36 49 50 24 39 38 53 43 44 57 58 32 47 46 61 51 52 65 66 40 55 54 69 59 60 73 74 48 63 62 77 67 68 81 56 71 70 75 64 
83 79 89 76 91 85 72 87 82 97 84 99 78 93 80 95 90 105 92 107 86 101 88 103 98 113 100 115 94 109 96 111 106 121 108 123 102 117 104 119 114 129 116 131 110 125 112 127 122 137 124 139 118 133 120 135 130 145 132 147 126 141 128 143 138 151 140 4 134 148 136 150 146 9 1 11 142 152 144 7 3 17 5 19 149 13 2 15 10 25 12 27 6 21 8 23 18 33 20 35 14 29 16 31 26 41 28 43 22 37 24 39 34 49 36 51 30 45 32 47 42 57 44 59 38 53 40 55 50 65 52 67 46 61 48 63 58 73 60 75 54 69 56 71 66 81 68 62 77 64 74 70 
84 64 90 91 92 70 71 72 97 98 99 100 77 78 79 80 105 106 107 108 85 86 87 88 113 114 115 116 93 94 95 96 121 122 123 124 101 102 103 104 129 130 131 132 109 110 111 112 137 138 139 140 117 118 119 120 145 146 147 1 125 126 127 128 151 3 4 5 133 134 135 136 9 10 11 12 141 142 143 144 17 18 19 20 148 149 150 2 25 26 27 28 152 6 7 8 33 34 35 36 13 14 15 16 41 42 43 44 21 22 23 24 49 50 51 52 29 30 31 32 57 58 59 60 37 38 39 40 65 66 67 68 45 46 47 48 73 74 75 76 53 54 55 56 81 82 83 61 62 63 89 69 
85 82 79 78 93 76 89 90 72 87 86 101 83 84 97 98 80 95 94 109 91 92 105 106 88 103 102 117 99 100 113 114 96 111 110 125 107 108 121 122 104 119 118 133 115 116 129 130 112 127 126 141 123 124 137 138 120 135 134 148 131 132 145 146 128 143 142 152 139 140 151 3 136 150 149 13 147 1 9 10 144 7 6 21 4 5 17 18 2 15 14 29 11 12 25 26 8 23 22 37 19 20 33 34 16 31 30 45 27 28 41 42 24 39 38 53 35 36 49 50 32 47 46 61 43 44 57 58 40 55 54 69 51 52 65 66 48 63 62 77 59 60 73 74 56 71 70 67 68 81 64 75 
86 81 80 93 94 75 74 89 87 88 101 102 68 83 82 97 95 96 109 110 76 91 90 105 103 104 117 118 84 99 98 113 111 112 125 126 92 107 106 121 119 120 133 134 100 115 114 129 127 128 141 142 108 123 122 137 135 136 148 149 116 131 130 145 143 144 152 6 124 139 138 151 150 2 13 14 132 147 146 9 7 8 21 22 140 4 3 17 15 16 29 30 1 11 10 25 23 24 37 38 5 19 18 33 31 32 45 46 12 27 26 41 39 40 53 54 20 35 34 49 47 48 61 62 28 43 42 57 55 56 69 70 36 51 50 65 63 64 77 78 44 59 58 73 71 72 85 52 67 66 79 60 
87 75 93 80 95 81 68 83 86 101 88 103 74 89 76 91 94 109 96 111 82 97 84 99 102 117 104 119 90 105 92 107 110 125 112 127 98 113 100 115 118 133 120 135 106 121 108 123 126 141 128 143 114 129 116 131 134 148 136 150 122 137 124 139 142 152 144 7 130 145 132 147 149 13 2 15 138 151 140 4 6 21 8 23 146 9 1 11 14 29 16 31 3 17 5 19 22 37 24 39 10 25 12 27 30 45 32 47 18 33 20 35 38 53 40 55 26 41 28 43 46 61 48 63 34 49 36 51 54 69 56 71 42 57 44 59 62 77 64 79 50 65 52 67 70 85 72 58 73 60 78 66 
88 60 94 95 96 66 67 68 101 102 103 104 73 74 75 76 109 110 111 112 81 82 83 84 117 118 119 120 89 90 91 92 125 126 127 128 97 98 99 100 133 134 135 136 105 106 107 108 141 142 143 144 113 114 115 116 148 149 150 2 121 122 123 124 152 6 7 8 129 130 131 132 13 14 15 16 137 138 139 140 21 22 23 24 145 146 147 1 29 30 31 32 151 3 4 5 37 38 39 40 9 10 11 12 45 46 47 48 17 18 19 20 53 54 55 56 25 26 27 28 61 62 63 64 33 34 35 36 69 70 71 72 41 42 43 44 77 78 79 80 49 50 51 52 85 86 87 57 58 59 93 65 
89 78 83 82 97 72 85 86 76 91 90 105 79 80 93 94 84 99 98 113 87 88 101 102 92 107 106 121 95 96 109 110 100 115 114 129 103 104 117 118 108 123 122 137 111 112 125 126 116 131 130 145 119 120 133 134 124 139 138 151 127 128 141 142 132 147 146 9 135 136 148 149 140 4 3 17 143 144 152 6 1 11 10 25 150 2 13 14 5 19 18 33 7 8 21 22 12 27 26 41 15 16 29 30 20 35 34 49 23 24 37 38 28 43 42 57 31 32 45 46 36 51 50 65 39 40 53 54 44 59 58 73 47 48 61 62 52 67 66 81 55 56 69 70 60 75 74 63 64 77 68 71 
90 77 84 97 98 71 70 85 91 92 105 106 64 79 78 93 99 100 113 114 72 87 86 101 107 108 121 122 80 95 94 109 115 116 129 130 88 103 102 117 123 124 137 138 96 111 110 125 131 132 145 146 104 119 118 133 139 140 151 3 112 127 126 141 147 1 9 10 120 135 134 148 4 5 17 18 128 143 142 152 11 12 25 26 136 150 149 13 19 20 33 34 144 7 6 21 27 28 41 42 2 15 14 29 35 36 49 50 8 23 22 37 43 44 57 58 16 31 30 45 51 52 65 66 24 39 38 53 59 60 73 74 32 47 46 61 67 68 81 82 40 55 54 69 75 76 89 48 63 62 83 56 
91 71 97 84 99 77 64 79 90 105 92 107 70 85 72 87 98 113 100 115 78 93 80 95 106 121 108 123 86 101 88 103 114 129 116 131 94 109 96 111 122 137 124 139 102 117 104 119 130 145 132 147 110 125 112 127 138 151 140 4 118 133 120 135 146 9 1 11 126 141 128 143 3 17 5 19 134 148 136 150 10 25 12 27 142 152 144 7 18 33 20 35 149 13 2 15 26 41 28 43 6 21 8 23 34 49 36 51 14 29 16 31 42 57 44 59 22 37 24 39 50 65 52 67 30 45 32 47 58 73 60 75 38 53 40 55 66 81 68 83 46 61 48 63 74 89 76 54 69 56 82 62 
92 56 98 99 100 62 63 64 105 106 107 108 69 70 71 72 113 114 115 116 77 78 79 80 121 122 123 124 85 86 87 88 129 130 131 132 93 94 95 96 137 138 139 140 101 102 103 104 145 146 147 1 109 110 111 112 151 3 4 5 117 118 119 120 9 10 11 12 125 126 127 128 17 18 19 20 133 134 135 136 25 26 27 28 141 142 143 144 33 34 35 36 148 149 150 2 41 42 43 44 152 6 7 8 49 50 51 52 13 14 15 16 57 58 59 60 21 22 23 24 65 66 67 68 29 30 31 32 73 74 75 76 37 38 39 40 81 82 83 84 45 46 47 48 89 90 91 53 54 55 97 61 
93 74 87 86 101 68 81 82 80 95 94 109 75 76 89 90 88 103 102 117 83 84 97 98 96 111 110 125 91 92 105 106 104 119 118 133 99 100 113 114 112 127 126 141 107 108 121 122 120 135 134 148 115 116 129 130 128 143 142 152 123 124 137 138 136 150 149 13 131 132 145 146 144 7 6 21 139 140 151 3 2 15 14 29 147 1 9 10 8 23 22 37 4 5 17 18 16 31 30 45 11 12 25 26 24 39 38 53 19 20 33 34 32 47 46 61 27 28 41 42 40 55 54 69 35 36 49 50 48 63 62 77 43 44 57 58 56 71 70 85 51 52 65 66 64 79 78 59 60 73 72 67 
94 73 88 101 102 67 66 81 95 96 109 110 60 75 74 89 103 104 117 118 68 83 82 97 111 112 125 126 76 91 90 105 119 120 133 134 84 99 98 113 127 128 141 142 92 107 106 121 135 136 148 149 100 115 114 129 143 144 152 6 108 123 122 137 150 2 13 14 116 131 130 145 7 8 21 22 124 139 138 151 15 16 29 30 132 147 146 9 23 24 37 38 140 4 3 17 31 32 45 46 1 11 10 25 39 40 53 54 5 19 18 33 47 48 61 62 12 27 26 41 55 56 69 70 20 35 34 49 63 64 77 78 28 43 42 57 71 72 85 86 36 51 50 65 79 80 93 44 59 58 87 52 
95 67 101 88 103 73 60 75 94 109 96 111 66 81 68 83 102 117 104 119 74 89 76 91 110 125 112 127 82 97 84 99 118 133 120 135 90 105 92 107 126 141 128 143 98 113 100 115 134 148 136 150 106 121 108 123 142 152 144 7 114 129 116 131 149 13 2 15 122 137 124 139 6 21 8 23 130 145 132 147 14 29 16 31 138 151 140 4 22 37 24 39 146 9 1 11 30 45 32 47 3 17 5 19 38 53 40 55 10 25 12 27 46 61 48 63 18 33 20 35 54 69 56 71 26 41 28 43 62 77 64 79 34 49 36 51 70 85 72 87 42 57 44 59 78 93 80 50 65 52 86 58 
96 52 102 103 104 58 59 60 109 110 111 112 65 66 67 68 117 118 119 120 73 74 75 76 125 126 127 128 81 82 83 84 133 134 135 136 89 90 91 92 141 142 143 144 97 98 99 100 148 149 150 2 105 106 107 108 152 6 7 8 113 114 115 116 13 14 15 16 121 122 123 124 21 22 23 24 129 130 131 132 29 30 31 32 137 138 139 140 37 38 39 40 145 146 147 1 45 46 47 48 151 3 4 5 53 54 55 56 9 10 11 12 61 62 63 64 17 18 19 20 69 70 71 72 25 26 27 28 77 78 79 80 33 34 35 36 85 86 87 88 41 42 43 44 93 94 95 49 50 51 101 57 
97 70 91 90 105 64 77 78 84 99 98 113 71 72 85 86 92 107 106 121 79 80 93 94 100 115 114 129 87 88 101 102 108 123 122 137 95 96 109 110 116 131 130 145 103 104 117 118 124 139 138 151 111 112 125 126 132 147 146 9 119 120 133 134 140 4 3 17 127 128 141 142 1 11 10 25 135 136 148 149 5 19 18 33 143 144 152 6 12 27 26 41 150 2 13 14 20 35 34 49 7 8 21 22 28 43 42 57 15 16 29 30 36 51 50 65 23 24 37 38 44 59 58 73 31 32 45 46 52 67 66 81 39 40 53 54 60 75 74 89 47 48 61 62 68 83 82 55 56 69 76 63 
98 69 92 105 106 63 62 77 99 100 113 114 56 71 70 85 107 108 121 122 64 79 78 93 115 116 129 130 72 87 86 101 123 124 137 138 80 95 94 109 131 132 145 146 88 103 102 117 139 140 151 3 96 111 110 125 147 1 9 10 104 119 118 133 4 5 17 18 112 127 126 141 11 12 25 26 120 135 134 148 19 20 33 34 128 143 142 152 27 28 41 42 136 150 149 13 35 36 49 50 144 7 6 21 43 44 57 58 2 15 14 29 51 52 65 66 8 23 22 37 59 60 73 74 16 31 30 45 67 68 81 82 24 39 38 53 75 76 89 90 32 47 46 61 83 84 97 40 55 54 91 48 
99 63 105 92 107 69 56 71 98 113 100 115 62 77 64 79 106 121 108 123 70 85 72 87 114 129 116 131 78 93 80 95 122 137 124 139 86 101 88 103 130 145 132 147 94 109 96 111 138 151 140 4 102 117 104 119 146 9 1 11 110 125 112 127 3 17 5 19 118 133 120 135 10 25 12 27 126 141 128 143 18 33 20 35 134 148 136 150 26 41 28 43 142 152 144 7 34 49 36 51 149 13 2 15 42 57 44 59 6 21 8 23 50 65 52 67 14 29 16 31 58 73 60 75 22 37 24 39 66 81 68 83 30 45 32 47 74 89 76 91 38 53 40 55 82 97 84 46 61 48 90 54 
100 48 106 107 108 54 55 56 113 114 115 116 61 62 63 64 121 122 123 124 69 70 71 72 129 130 131 132 77 78 79 80 137 138 139 140 85 86 87 88 145 146 147 1 93 94 95 96 151 3 4 5 101 102 103 104 9 10 11 12 109 110 111 112 17 18 19 20 117 118 119 120 25 26 27 28 125 126 127 128 33 34 35 36 133 134 135 136 41 42 43 44 141 142 143 144 49 50 51 52 148 149 150 2 57 58 59 60 152 6 7 8 65 66 67 68 13 14 15 16 73 74 75 76 21 22 23 24 81 82 83 84 29 30 31 32 89 90 91 92 37 38 39 40 97 98 99 45 46 47 105 53 
101 66 95 94 109 60 73 74 88 103 102 117 67 68 81 82 96 111 110 125 75 76 89 90 104 119 118 133 83 84 97 98 112 127 126 141 91 92 105 106 120 135 134 148 99 100 113 114 128 143 142 152 107 108 121 122 136 150 149 13 115 116 129 130 144 7 6 21 123 124 137 138 2 15 14 29 131 132 145 146 8 23 22 37 139 140 151 3 16 31 30 45 147 1 9 10 24 39 38 53 4 5 17 18 32 47 46 61 11 12 25 26 40 55 54 69 19 20 33 34 48 63 62 77 27 28 41 42 56 71 70 85 35 36 49 50 64 79 78 93 43 44 57 58 72 87 86 51 52 65 80 59 
102 65 96 109 110 59 58 73 103 104 117 118 52 67 66 81 111 112 125 126 60 75 74 89 119 120 133 134 68 83 82 97 127 128 141 142 76 91 90 105 135 136 148 149 84 99 98 113 143 144 152 6 92 107 106 121 150 2 13 14 100 115 114 129 7 8 21 22 108 123 122 137 15 16 29 30 116 131 130 145 23 24 37 38 124 139 138 151 31 32 45 46 132 147 146 9 39 40 53 54 140 4 3 17 47 48 61 62 1 11 10 25 55 56 69 70 5 19 18 33 63 64 77 78 12 27 26 41 71 72 85 86 20 35 34 49 79 80 93 94 28 43 42 57 87 88 101 36 51 50 95 44 
103 59 109 96 111 65 52 67 102 117 104 119 58 73 60 75 110 125 112 127 66 81 68 83 118 133 120 135 74 89 76 91 126 141 128 143 82 97 84 99 134 148 136 150 90 105 92 107 142 152 144 7 98 113 100 115 149 13 2 15 106 121 108 123 6 21 8 23 114 129 116 131 14 29 16 31 122 137 124 139 22 37 24 39 130 145 132 147 30 45 32 47 138 151 140 4 38 53 40 55 146 9 1 11 46 61 48 63 3 17 5 19 54 69 56 71 10 25 12 27 62 77 64 79 18 33 20 35 70 85 72 87 26 41 28 43 78 93 80 95 34 49 36 51 86 101 88 42 57 44 94 50 
104 44 110 111 112 50 51 52 117 118 119 120 57 58 59 60 125 126 127 128 65 66 67 68 133 134 135 136 73 74 75 76 141 142 143 144 81 82 83 84 148 149 150 2 89 90 91 92 152 6 7 8 97 98 99 100 13 14 15 16 105 106 107 108 21 22 23 24 113 114 115 116 29 30 31 32 121 122 123 124 37 38 39 40 129 130 131 132 45 46 47 48 137 138 139 140 53 54 55 56 145 146 147 1 61 62 63 64 151 3 4 5 69 70 71 72 9 10 11 12 77 78 79 80 17 18 19 20 85 86 87 88 25 26 27 28 93 94 95 96 33 34 35 36 101 102 103 41 42 43 109 49 
105 62 99 98 113 56 69 70 92 107 106 121 63 64 77 78 100 115 114 129 71 72 85 86 108 123 122 137 79 80 93 94 116 131 130 145 87 88 101 102 124 139 138 151 95 96 109 110 132 147 146 9 103 104 117 118 140 4 3 17 111 112 125 126 1 11 10 25 119 120 133 134 5 19 18 33 127 128 141 142 12 27 26 41 135 136 148 149 20 35 34 49 143 144 152 6 28 43 42 57 150 2 13 14 36 51 50 65 7 8 21 22 44 59 58 73 15 16 29 30 52 67 66 81 23 24 37 38 60 75 74 89 31 32 45 46 68 83 82 97 39 40 53 54 76 91 90 47 48 61 84 55 
106 61 100 113 114 55 54 69 107 108 121 122 48 63 62 77 115 116 129 130 56 71 70 85 123 124 137 138 64 79 78 93 131 132 145 146 72 87 86 101 139 140 151 3 80 95 94 109 147 1 9 10 88 103 102 117 4 5 17 18 96 111 110 125 11 12 25 26 104 119 118 133 19 20 33 34 112 127 126 141 27 28 41 42 120 135 134 148 35 36 49 50 128 143 142 152 43 44 57 58 136 150 149 13 51 52 65 66 144 7 6 21 59 60 73 74 2 15 14 29 67 68 81 82 8 23 22 37 75 76 89 90 16 31 30 45 83 84 97 98 24 39 38 53 91 92 105 32 47 46 99 40 
107 55 113 100 115 61 48 63 106 121 108 123 54 69 56 71 114 129 116 131 62 77 64 79 122 137 124 139 70 85 72 87 130 145 132 147 78 93 80 95 138 151 140 4 86 101 88 103 146 9 1 11 94 109 96 111 3 17 5 19 102 117 104 119 10 25 12 27 110 125 112 127 18 33 20 35 118 133 120 135 26 41 28 43 126 141 128 143 34 49 36 51 134 148 136 150 42 57 44 59 142 152 144 7 50 65 52 67 149 13 2 15 58 73 60 75 6 21 8 23 66 81 68 83 14 29 16 31 74 89 76 91 22 37 24 39 82 97 84 99 30 45 32 47 90 105 92 38 53 40 98 46 
108 40 114 115 116 46 47 48 121 122 123 124 53 54 55 56 129 130 131 132 61 62 63 64 137 138 139 140 69 70 71 72 145 146 147 1 77 78 79 80 151 3 4 5 85 86 87 88 9 10 11 12 93 94 95 96 17 18 19 20 101 102 103 104 25 26 27 28 109 110 111 112 33 34 35 36 117 118 119 120 41 42 43 44 125 126 127 128 49 50 51 52 133 134 135 136 57 58 59 60 141 142 143 144 65 66 67 68 148 149 150 2 73 74 75 76 152 6 7 8 81 82 83 84 13 14 15 16 89 90 91 92 21 22 23 24 97 98 99 100 29 30 31 32 105 106 107 37 38 39 113 45 
109 58 103 102 117 52 65 66 96 111 110 125 59 60 73 74 104 119 118 133 67 68 81 82 112 127 126 141 75 76 89 90 120 135 134 148 83 84 97 98 128 143 142 152 91 92 105 106 136 150 149 13 99 100 113 114 144 7 6 21 107 108 121 122 2 15 14 29 115 116 129 130 8 23 22 37 123 124 137 138 16 31 30 45 131 132 145 146 24 39 38 53 139 140 151 3 32 47 46 61 147 1 9 10 40 55 54 69 4 5 17 18 48 63 62 77 11 12 25 26 56 71 70 85 19 20 33 34 64 79 78 93 27 28 41 42 72 87 86 101 35 36 49 50 80 95 94 43 44 57 88 51 
110 57 104 117 118 51 50 65 111 112 125 126 44 59 58 73 119 120 133 134 52 67 66 81 127 128 141 142 60 75 74 89 135 136 148 149 68 83 82 97 143 144 152 6 76 91 90 105 150 2 13 14 84 99 98 113 7 8 21 22 92 107 106 121 15 16 29 30 100 115 114 129 23 24 37 38 108 123 122 137 31 32 45 46 116 131 130 145 39 40 53 54 124 139 138 151 47 48 61 62 132 147 146 9 55 56 69 70 140 4 3 17 63 64 77 78 1 11 10 25 71 72 85 86 5 19 18 33 79 80 93 94 12 27 26 41 87 88 101 102 20 35 34 49 95 96 109 28 43 42 103 36 
111 51 117 104 119 57 44 59 110 125 112 127 50 65 52 67 118 133 120 135 58 73 60 75 126 141 128 143 66 81 68 83 134 148 136 150 74 89 76 91 142 152 144 7 82 97 84 99 149 13 2 15 90 105 92 107 6 21 8 23 98 113 100 115 14 29 16 31 106 121 108 123 22 37 24 39 114 129 116 131 30 45 32 47 122 137 124 139 38 53 40 55 130 145 132 147 46 61 48 63 138 151 140 4 54 69 56 71 146 9 1 11 62 77 64 79 3 17 5 19 70 85 72 87 10 25 12 27 78 93 80 95 18 33 20 35 86 101 88 103 26 41 28 43 94 109 96 34 49 36 102 42 
112 36 118 119 120 42 43 44 125 126 127 128 49 50 51 52 133 134 135 136 57 58 59 60 141 142 143 144 65 66 67 68 148 149 150 2 73 74 75 76 152 6 7 8 81 82 83 84 13 14 15 16 89 90 91 92 21 22 23 24 97 98 99 100 29 30 31 32 105 106 107 108 37 38 39 40 113 114 115 116 45 46 47 48 121 122 123 124 53 54 55 56 129 130 131 132 61 62 63 64 137 138 139 140 69 70 71 72 145 146 147 1 77 78 79 80 151 3 4 5 85 86 87 88 9 10 11 12 93 94 95 96 17 18 19 20 101 102 103 104 25 26 27 28 109 110 111 33 34 35 117 41 
113 54 107 106 121 48 61 62 100 115 114 129 55 56 69 70 108 123 122 137 63 64 77 78 116 131 130 145 71 72 85 86 124 139 138 151 79 80 93 94 132 147 146 9 87 88 101 102 140 4 3 17 95 96 109 110 1 11 10 25 103 104 117 118 5 19 18 33 111 112 125 126 12 27 26 41 119 120 133 134 20 35 34 49 127 128 141 142 28 43 42 57 135 136 148 149 36 51 50 65 143 144 152 6 44 59 58 73 150 2 13 14 52 67 66 81 7 8 21 22 60 75 74 89 15 16 29 30 68 83 82 97 23 24 37 38 76 91 90 105 31 32 45 46 84 99 98 39 40 53 92 47 
114 53 108 121 122 47 46 61 115 116 129 130 40 55 54 69 123 124 137 138 48 63 62 77 131 132 145 146 56 71 70 85 139 140 151 3 64 79 78 93 147 1 9 10 72 87 86 101 4 5 17 18 80 95 94 109 11 12 25 26 88 103 102 117 19 20 33 34 96 111 110 125 27 28 41 42 104 119 118 133 35 36 49 50 112 127 126 141 43 44 57 58 120 135 134 148 51 52 65 66 128 143 142 152 59 60 73 74 136 150 149 13 67 68 81 82 144 7 6 21 75 76 89 90 2 15 14 29 83 84 97 98 8 23 22 37 91 92 105 106 16 31 30 45 99 100 113 24 39 38 107 32 
115 47 121 108 123 53 40 55 114 129 116 131 46 61 48 63 122 137 124 139 54 69 56 71 130 145 132 147 62 77 64 79 138 151 140 4 70 85 72 87 146 9 1 11 78 93 80 95 3 17 5 19 86 101 88 103 10 25 12 27 94 109 96 111 18 33 20 35 102 117 104 119 26 41 28 43 110 125 112 127 34 49 36 51 118 133 120 135 42 57 44 59 126 141 128 143 50 65 52 67 134 148 136 150 58 73 60 75 142 152 144 7 66 81 68 83 149 13 2 15 74 89 76 91 6 21 8 23 82 97 84 99 14 29 16 31 90 105 92 107 22 37 24 39 98 113 100 30 45 32 106 38 
116 32 122 123 124 38 39 40 129 130 131 132 45 46 47 48 137 138 139 140 53 54 55 56 145 146 147 1 61 62 63 64 151 3 4 5 69 70 71 72 9 10 11 12 77 78 79 80 17 18 19 20 85 86 87 88 25 26 27 28 93 94 95 96 33 34 35 36 101 102 103 104 41 42 43 44 109 110 111 112 49 50 51 52 117 118 119 120 57 58 59 60 125 126 127 128 65 66 67 68 133 134 135 136 73 74 75 76 141 142 143 144 81 82 83 84 148 149 150 2 89 90 91 92 152 6 7 8 97 98 99 100 13 14 15 16 105 106 107 108 21 22 23 24 113 114 115 29 30 31 121 37 
117 50 111 110 125 44 57 58 104 119 118 133 51 52 65 66 112 127 126 141 59 60 73 74 120 135 134 148 67 68 81 82 128 143 142 152 75 76 89 90 136 150 149 13 83 84 97 98 144 7 6 21 91 92 105 106 2 15 14 29 99 100 113 114 8 23 22 37 107 108 121 122 16 31 30 45 115 116 129 130 24 39 38 53 123 124 137 138 32 47 46 61 131 132 145 146 40 55 54 69 139 140 151 3 48 63 62 77 147 1 9 10 56 71 70 85 4 5 17 18 64 79 78 93 11 12 25 26 72 87 86 101 19 20 33 34 80 95 94 109 27 28 41 42 88 103 102 35 36 49 96 43 
118 49 112 125 126 43 42 57 119 120 133 134 36 51 50 65 127 128 141 142 44 59 58 73 135 136 148 149 52 67 66 81 143 144 152 6 60 75 74 89 150 2 13 14 68 83 82 97 7 8 21 22 76 91 90 105 15 16 29 30 84 99 98 113 23 24 37 38 92 107 106 121 31 32 45 46 100 115 114 129 39 40 53 54 108 123 122 137 47 48 61 62 116 131 130 145 55 56 69 70 124 139 138 151 63 64 77 78 132 147 146 9 71 72 85 86 140 4 3 17 79 80 93 94 1 11 10 25 87 88 101 102 5 19 18 33 95 96 109 110 12 27 26 41 103 104 117 20 35 34 111 28 
119 43 125 112 127 49 36 51 118 133 120 135 42 57 44 59 126 141 128 143 50 65 52 67 134 148 136 150 58 73 60 75 142 152 144 7 66 81 68 83 149 13 2 15 74 89 76 91 6 21 8 23 82 97 84 99 14 29 16 31 90 105 92 107 22 37 24 39 98 113 100 115 30 45 32 47 106 121 108 123 38 53 40 55 114 129 116 131 46 61 48 63 122 137 124 139 54 69 56 71 130 145 132 147 62 77 64 79 138 151 140 4 70 85 72 87 146 9 1 11 78 93 80 95 3 17 5 19 86 101 88 103 10 25 12 27 94 109 96 111 18 33 20 35 102 117 104 26 41 28 110 34 
120 28 126 127 128 34 35 36 133 134 135 136 41 42 43 44 141 142 143 144 49 50 51 52 148 149 150 2 57 58 59 60 152 6 7 8 65 66 67 68 13 14 15 16 73 74 75 76 21 22 23 24 81 82 83 84 29 30 31 32 89 90 91 92 37 38 39 40 97 98 99 100 45 46 47 48 105 106 107 108 53 54 55 56 113 114 115 116 61 62 63 64 121 122 123 124 69 70 71 72 129 130 131 132 77 78 79 80 137 138 139 140 85 86 87 88 145 146 147 1 93 94 95 96 151 3 4 5 101 102 103 104 9 10 11 12 109 110 111 112 17 18 19 20 117 118 119 25 26 27 125 33 
121 46 115 114 129 40 53 54 108 123 122 137 47 48 61 62 116 131 130 145 55 56 69 70 124 139 138 151 63 64 77 78 132 147 146 9 71 72 85 86 140 4 3 17 79 80 93 94 1 11 10 25 87 88 101 102 5 19 18 33 95 96 109 110 12 27 26 41 103 104 117 118 20 35 34 49 111 112 125 126 28 43 42 57 119 120 133 134 36 51 50 65 127 128 141 142 44 59 58 73 135 136 148 149 52 67 66 81 143 144 152 6 60 75 74 89 150 2 13 14 68 83 82 97 7 8 21 22 76 91 90 105 15 16 29 30 84 99 98 113 23 24 37 38 92 107 106 31 32 45 100 39 
122 45 116 129 130 39 38 53 123 124 137 138 32 47 46 61 131 132 145 146 40 55 54 69 139 140 151 3 48 63 62 77 147 1 9 10 56 71 70 85 4 5 17 18 64 79 78 93 11 12 25 26 72 87 86 101 19 20 33 34 80 95 94 109 27 28 41 42 88 103 102 117 35 36 49 50 96 111 110 125 43 44 57 58 104 119 118 133 51 52 65 66 112 127 126 141 59 60 73 74 120 135 134 148 67 68 81 82 128 143 142 152 75 76 89 90 136 150 149 13 83 84 97 98 144 7 6 21 91 92 105 106 2 15 14 29 99 100 113 114 8 23 22 37 107 108 121 16 31 30 115 24 
123 39 129 116 131 45 32 47 122 137 124 139 38 53 40 55 130 145 132 147 46 61 48 63 138 151 140 4 54 69 56 71 146 9 1 11 62 77 64 79 3 17 5 19 70 85 72 87 10 25 12 27 78 93 80 95 18 33 20 35 86 101 88 103 26 41 28 43 94 109 96 111 34 49 36 51 102 117 104 119 42 57 44 59 110 125 112 127 50 65 52 67 118 133 120 135 58 73 60 75 126 141 128 143 66 81 68 83 134 148 136 150 74 89 76 91 142 152 144 7 82 97 84 99 149 13 2 15 90 105 92 107 6 21 8 23 98 113 100 115 14 29 16 31 106 121 108 22 37 24 114 30 
124 24 130 131 132 30 31 32 137 138 139 140 37 38 39 40 145 146 147 1 45 46 47 48 151 3 4 5 53 54 55 56 9 10 11 12 61 62 63 64 17 18 19 20 69 70 71 72 25 26 27 28 77 78 79 80 33 34 35 36 85 86 87 88 41 42 43 44 93 94 95 96 49 50 51 52 101 102 103 104 57 58 59 60 109 110 111 112 65 66 67 68 117 118 119 120 73 74 75 76 125 126 127 128 81 82 83 84 133 134 135 136 89 90 91 92 141 142 143 144 97 98 99 100 148 149 150 2 105 106 107 108 152 6 7 8 113 114 115 116 13 14 15 16 121 122 123 21 22 23 129 29 
125 42 119 118 133 36 49 50 112 127 126 141 43 44 57 58 120 135 134 148 51 52 65 66 128 143 142 152 59 60 73 74 136 150 149 13 67 68 81 82 144 7 6 21 75 76 89 90 2 15 14 29 83 84 97 98 8 23 22 37 91 92 105 106 16 31 30 45 99 100 113 114 24 39 38 53 107 108 121 122 32 47 46 61 115 116 129 130 40 55 54 69 123 124 137 138 48 63 62 77 131 132 145 146 56 71 70 85 139 140 151 3 64 79 78 93 147 1 9 10 72 87 86 101 4 5 17 18 80 95 94 109 11 12 25 26 88 103 102 117 19 20 33 34 96 111 110 27 28 41 104 35 
126 41 120 133 134 35 34 49 127 128 141 142 28 43 42 57 135 136 148 149 36 51 50 65 143 144 152 6 44 59 58 73 150 2 13 14 52 67 66 81 7 8 21 22 60 75 74 89 15 16 29 30 68 83 82 97 23 24 37 38 76 91 90 105 31 32 45 46 84 99 98 113 39 40 53 54 92 107 106 121 47 48 61 62 100 115 114 129 55 56 69 70 108 123 122 137 63 64 77 78 116 131 130 145 71 72 85 86 124 139 138 151 79 80 93 94 132 147 146 9 87 88 101 102 140 4 3 17 95 96 109 110 1 11 10 25 103 104 117 118 5 19 18 33 111 112 125 12 27 26 119 20 
127 35 133 120 135 41 28 43 126 141 128 143 34 49 36 51 134 148 136 150 42 57 44 59 142 152 144 7 50 65 52 67 149 13 2 15 58 73 60 75 6 21 8 23 66 81 68 83 14 29 16 31 74 89 76 91 22 37 24 39 82 97 84 99 30 45 32 47 90 105 92 107 38 53 40 55 98 113 100 115 46 61 48 63 106 121 108 123 54 69 56 71 114 129 116 131 62 77 64 79 122 137 124 139 70 85 72 87 130 145 132 147 78 93 80 95 138 151 140 4 86 101 88 103 146 9 1 11 94 109 96 111 3 17 5 19 102 117 104 119 10 25 12 27 110 125 112 18 33 20 118 26 
128 20 134 135 136 26 27 28 141 142 143 144 33 34 35 36 148 149 150 2 41 42 43 44 152 6 7 8 49 50 51 52 13 14 15 16 57 58 59 60 21 22 23 24 65 66 67 68 29 30 31 32 73 74 75 76 37 38 39 40 81 82 83 84 45 46 47 48 89 90 91 92 53 54 55 56 97 98 99 100 61 62 63 64 105 106 107 108 69 70 71 72 113 114 115 116 77 78 79 80 121 122 123 124 85 86 87 88 129 130 131 132 93 94 95 96 137 138 139 140 101 102 103 104 145 146 147 1 109 110 111 112 151 3 4 5 117 118 119 120 9 10 11 12 125 126 127 17 18 19 133 25 
129 38 123 122 137 32 45 46 116 131 130 145 39 40 53 54 124 139 138 151 47 48 61 62 132 147 146 9 55 56 69 70 140 4 3 17 63 64 77 78 1 11 10 25 71 72 85 86 5 19 18 33 79 80 93 94 12 27 26 41 87 88 101 102 20 35 34 49 95 96 109 110 28 43 42 57 103 104 117 118 36 51 50 65 111 112 125 126 44 59 58 73 119 120 133 134 52 67 66 81 127 128 141 142 60 75 74 89 135 136 148 149 68 83 82 97 143 144 152 6 76 91 90 105 150 2 13 14 84 99 98 113 7 8 21 22 92 107 106 121 15 16 29 30 100 115 114 23 24 37 108 31 
130 37 124 137 138 31 30 45 131 132 145 146 24 39 38 53 139 140 151 3 32 47 46 61 147 1 9 10 40 55 54 69 4 5 17 18 48 63 62 77 11 12 25 26 56 71 70 85 19 20 33 34 64 79 78 93 27 28 41 42 72 87 86 101 35 36 49 50 80 95 94 109 43 44 57 58 88 103 102 117 51 52 65 66 96 111 110 125 59 60 73 74 104 119 118 133 67 68 81 82 112 127 126 141 75 76 89 90 120 135 134 148 83 84 97 98 128 143 142 152 91 92 105 106 136 150 149 13 99 100 113 114 144 7 6 21 107 108 121 122 2 15 14 29 115 116 129 8 23 22 123 16 
131 31 137 124 139 37 24 39 130 145 132 147 30 45 32 47 138 151 140 4 38 53 40 55 146 9 1 11 46 61 48 63 3 17 5 19 54 69 56 71 10 25 12 27 62 77 64 79 18 33 20 35 70 85 72 87 26 41 28 43 78 93 80 95 34 49 36 51 86 101 88 103 42 57 44 59 94 109 96 111 50 65 52 67 102 117 104 119 58 73 60 75 110 125 112 127 66 81 68 83 118 133 120 135 74 89 76 91 126 141 128 143 82 97 84 99 134 148 136 150 90 105 92 107 142 152 144 7 98 113 100 115 149 13 2 15 106 121 108 123 6 21 8 23 114 129 116 14 29 16 122 22 
132 16 138 139 140 22 23 24 145 146 147 1 29 30 31 32 151 3 4 5 37 38 39 40 9 10 11 12 45 46 47 48 17 18 19 20 53 54 55 56 25 26 27 28 61 62 63 64 33 34 35 36 69 70 71 72 41 42 43 44 77 78 79 80 49 50 51 52 85 86 87 88 57 58 59 60 93 94 95 96 65 66 67 68 101 102 103 104 73 74 75 76 109 110 111 112 81 82 83 84 117 118 119 120 89 90 91 92 125 126 127 128 97 98 99 100 133 134 135 136 105 106 107 108 141 142 143 144 113 114 115 116 148 149 150 2 121 122 123 124 152 6 7 8 129 130 131 13 14 15 137 21 
133 34 127 126 141 28 41 42 120 135 134 148 35 36 49 50 128 143 142 152 43 44 57 58 136 150 149 13 51 52 65 66 144 7 6 21 59 60 73 74 2 15 14 29 67 68 81 82 8 23 22 37 75 76 89 90 16 31 30 45 83 84 97 98 24 39 38 53 91 92 105 106 32 47 46 61 99 100 113 114 40 55 54 69 107 108 121 122 48 63 62 77 115 116 129 130 56 71 70 85 123 124 137 138 64 79 78 93 131 132 145 146 72 87 86 101 139 140 151 3 80 95 94 109 147 1 9 10 88 103 102 117 4 5 17 18 96 111 110 125 11 12 25 26 104 119 118 19 20 33 112 27 
134 33 128 141 142 27 26 41 135 136 148 149 20 35 34 49 143 144 152 6 28 43 42 57 150 2 13 14 36 51 50 65 7 8 21 22 44 59 58 73 15 16 29 30 52 67 66 81 23 24 37 38 60 75 74 89 31 32 45 46 68 83 82 97 39 40 53 54 76 91 90 105 47 48 61 62 84 99 98 113 55 56 69 70 92 107 106 121 63 64 77 78 100 115 114 129 71 72 85 86 108 123 122 137 79 80 93 94 116 131 130 145 87 88 101 102 124 139 138 151 95 96 109 110 132 147 146 9 103 104 117 118 140 4 3 17 111 112 125 126 1 11 10 25 119 120 133 5 19 18 127 12 
135 27 141 128 143 33 20 35 134 148 136 150 26 41 28 43 142 152 144 7 34 49 36 51 149 13 2 15 42 57 44 59 6 21 8 23 50 65 52 67 14 29 16 31 58 73 60 75 22 37 24 39 66 81 68 83 30 45 32 47 74 89 76 91 38 53 40 55 82 97 84 99 46 61 48 63 90 105 92 107 54 69 56 71 98 113 100 115 62 77 64 79 106 121 108 123 70 85 72 87 114 129 116 131 78 93 80 95 122 137 124 139 86 101 88 103 130 145 132 147 94 109 96 111 138 151 140 4 102 117 104 119 146 9 1 11 110 125 112 127 3 17 5 19 118 133 120 10 25 12 126 18 
136 12 142 143 144 18 19 20 148 149 150 2 25 26 27 28 152 6 7 8 33 34 35 36 13 14 15 16 41 42 43 44 21 22 23 24 49 50 51 52 29 30 31 32 57 58 59 60 37 38 39 40 65 66 67 68 45 46 47 48 73 74 75 76 53 54 55 56 81 82 83 84 61 62 63 64 89 90 91 92 69 70 71 72 97 98 99 100 77 78 79 80 105 106 107 108 85 86 87 88 113 114 115 116 93 94 95 96 121 122 123 124 101 102 103 104 129 130 131 132 109 110 111 112 137 138 139 140 117 118 119 120 145 146 147 1 125 126 127 128 151 3 4 5 133 134 135 9 10 11 141 17 
137 30 131 130 145 24 37 38 124 139 138 151 31 32 45 46 132 147 146 9 39 40 53 54 140 4 3 17 47 48 61 62 1 11 10 25 55 56 69 70 5 19 18 33 63 64 77 78 12 27 26 41 71 72 85 86 20 35 34 49 79 80 93 94 28 43 42 57 87 88 101 102 36 51 50 65 95 96 109 110 44 59 58 73 103 104 117 118 52 67 66 81 111 112 125 126 60 75 74 89 119 120 133 134 68 83 82 97 127 128 141 142 76 91 90 105 135 136 148 149 84 99 98 113 143 144 152 6 92 107 106 121 150 2 13 14 100 115 114 129 7 8 21 22 108 123 122 15 16 29 116 23 
138 29 132 145 146 23 22 37 139 140 151 3 16 31 30 45 147 1 9 10 24 39 38 53 4 5 17 18 32 47 46 61 11 12 25 26 40 55 54 69 19 20 33 34 48 63 62 77 27 28 41 42 56 71 70 85 35 36 49 50 64 79 78 93 43 44 57 58 72 87 86 101 51 52 65 66 80 95 94 109 59 60 73 74 88 103 102 117 67 68 81 82 96 111 110 125 75 76 89 90 104 119 118 133 83 84 97 98 112 127 126 141 91 92 105 106 120 135 134 148 99 100 113 114 128 143 142 152 107 108 121 122 136 150 149 13 115 116 129 130 144 7 6 21 123 124 137 2 15 14 131 8 
139 23 145 132 147 29 16 31 138 151 140 4 22 37 24 39 146 9 1 11 30 45 32 47 3 17 5 19 38 53 40 55 10 25 12 27 46 61 48 63 18 33 20 35 54 69 56 71 26 41 28 43 62 77 64 79 34 49 36 51 70 85 72 87 42 57 44 59 78 93 80 95 50 65 52 67 86 101 88 103 58 73 60 75 94 109 96 111 66 81 68 83 102 117 104 119 74 89 76 91 110 125 112 127 82 97 84 99 118 133 120 135 90 105 92 107 126 141 128 143 98 113 100 115 134 148 136 150 106 121 108 123 142 152 144 7 114 129 116 131 149 13 2 15 122 137 124 6 21 8 130 14 
140 8 146 147 1 14 15 16 151 3 4 5 21 22 23 24 9 10 11 12 29 30 31 32 17 18 19 20 37 38 39 40 25 26 27 28 45 46 47 48 33 34 35 36 53 54 55 56 41 42 43 44 61 62 63 64 49 50 51 52 69 70 71 72 57 58 59 60 77 78 79 80 65 66 67 68 85 86 87 88 73 74 75 76 93 94 95 96 81 82 83 84 101 102 103 104 89 90 91 92 109 110 111 112 97 98 99 100 117 118 119 120 105 106 107 108 125 126 127 128 113 114 115 116 133 134 135 136 121 122 123 124 141 142 143 144 129 130 131 132 148 149 150 2 137 138 139 152 6 7 145 13 
141 26 135 134 148 20 33 34 128 143 142 152 27 28 41 42 136 150 149 13 35 36 49 50 144 7 6 21 43 44 57 58 2 15 14 29 51 52 65 66 8 23 22 37 59 60 73 74 16 31 30 45 67 68 81 82 24 39 38 53 75 76 89 90 32 47 46 61 83 84 97 98 40 55 54 69 91 92 105 106 48 63 62 77 99 100 113 114 56 71 70 85 107 108 121 122 64 79 78 93 115 116 129 130 72 87 86 101 123 124 137 138 80 95 94 109 131 132 145 146 88 103 102 117 139 140 151 3 96 111 110 125 147 1 9 10 104 119 118 133 4 5 17 18 112 127 126 11 12 25 120 19 
142 25 136 148 149 19 18 33 143 144 152 6 12 27 26 41 150 2 13 14 20 35 34 49 7 8 21 22 28 43 42 57 15 16 29 30 36 51 50 65 23 24 37 38 44 59 58 73 31 32 45 46 52 67 66 81 39 40 53 54 60 75 74 89 47 48 61 62 68 83 82 97 55 56 69 70 76 91 90 105 63 64 77 78 84 99 98 113 71 72 85 86 92 107 106 121 79 80 93 94 100 115 114 129 87 88 101 102 108 123 122 137 95 96 109 110 116 131 130 145 103 104 117 118 124 139 138 151 111 112 125 126 132 147 146 9 119 120 133 134 140 4 3 17 127 128 141 1 11 10 135 5 
143 19 148 136 150 25 12 27 142 152 144 7 18 33 20 35 149 13 2 15 26 41 28 43 6 21 8 23 34 49 36 51 14 29 16 31 42 57 44 59 22 37 24 39 50 65 52 67 30 45 32 47 58 73 60 75 38 53 40 55 66 81 68 83 46 61 48 63 74 89 76 91 54 69 56 71 82 97 84 99 62 77 64 79 90 105 92 107 70 85 72 87 98 113 100 115 78 93 80 95 106 121 108 123 86 101 88 103 114 129 116 131 94 109 96 111 122 137 124 139 102 117 104 119 130 145 132 147 110 125 112 127 138 151 140 4 118 133 120 135 146 9 1 11 126 141 128 3 17 5 134 10 
144 5 149 150 2 10 11 12 152 6 7 8 17 18 19 20 13 14 15 16 25 26 27 28 21 22 23 24 33 34 35 36 29 30 31 32 41 42 43 44 37 38 39 40 49 50 51 52 45 46 47 48 57 58 59 60 53 54 55 56 65 66 67 68 61 62 63 64 73 74 75 76 69 70 71 72 81 82 83 84 77 78 79 80 89 90 91 92 85 86 87 88 97 98 99 100 93 94 95 96 105 106 107 108 101 102 103 104 113 114 115 116 109 110 111 112 121 122 123 124 117 118 119 120 129 130 131 132 125 126 127 128 137 138 139 140 133 134 135 136 145 146 147 1 141 142 143 151 3 4 148 9 
145 22 139 138 151 16 29 30 132 147 146 9 23 24 37 38 140 4 3 17 31 32 45 46 1 11 10 25 39 40 53 54 5 19 18 33 47 48 61 62 12 27 26 41 55 56 69 70 20 35 34 49 63 64 77 78 28 43 42 57 71 72 85 86 36 51 50 65 79 80 93 94 44 59 58 73 87 88 101 102 52 67 66 81 95 96 109 110 60 75 74 89 103 104 117 118 68 83 82 97 111 112 125 126 76 91 90 105 119 120 133 134 84 99 98 113 127 128 141 142 92 107 106 121 135 136 148 149 100 115 114 129 143 144 152 6 108 123 122 137 150 2 13 14 116 131 130 7 8 21 124 15 
146 21 140 151 3 15 14 29 147 1 9 10 8 23 22 37 4 5 17 18 16 31 30 45 11 12 25 26 24 39 38 53 19 20 33 34 32 47 46 61 27 28 41 42 40 55 54 69 35 36 49 50 48 63 62 77 43 44 57 58 56 71 70 85 51 52 65 66 64 79 78 93 59 60 73 74 72 87 86 101 67 68 81 82 80 95 94 109 75 76 89 90 88 103 102 117 83 84 97 98 96 111 110 125 91 92 105 106 104 119 118 133 99 100 113 114 112 127 126 141 107 108 121 122 120 135 134 148 115 116 129 130 128 143 142 152 123 124 137 138 136 150 149 13 131 132 145 144 7 6 139 2 
147 15 151 140 4 21 8 23 146 9 1 11 14 29 16 31 3 17 5 19 22 37 24 39 10 25 12 27 30 45 32 47 18 33 20 35 38 53 40 55 26 41 28 43 46 61 48 63 34 49 36 51 54 69 56 71 42 57 44 59 62 77 64 79 50 65 52 67 70 85 72 87 58 73 60 75 78 93 80 95 66 81 68 83 86 101 88 103 74 89 76 91 94 109 96 111 82 97 84 99 102 117 104 119 90 105 92 107 110 125 112 127 98 113 100 115 118 133 120 135 106 121 108 123 126 141 128 143 114 129 116 131 134 148 136 150 122 137 124 139 142 152 144 7 130 145 132 149 13 2 138 6 
148 18 143 142 152 12 25 26 136 150 149 13 19 20 33 34 144 7 6 21 27 28 41 42 2 15 14 29 35 36 49 50 8 23 22 37 43 44 57 58 16 31 30 45 51 52 65 66 24 39 38 53 59 60 73 74 32 47 46 61 67 68 81 82 40 55 54 69 75 76 89 90 48 63 62 77 83 84 97 98 56 71 70 85 91 92 105 106 64 79 78 93 99 100 113 114 72 87 86 101 107 108 121 122 80 95 94 109 115 116 129 130 88 103 102 117 123 124 137 138 96 111 110 125 131 132 145 146 104 119 118 133 139 140 151 3 112 127 126 141 147 1 9 10 120 135 134 4 5 17 128 11 
149 17 144 152 6 11 10 25 150 2 13 14 5 19 18 33 7 8 21 22 12 27 26 41 15 16 29 30 20 35 34 49 23 24 37 38 28 43 42 57 31 32 45 46 36 51 50 65 39 40 53 54 44 59 58 73 47 48 61 62 52 67 66 81 55 56 69 70 60 75 74 89 63 64 77 78 68 83 82 97 71 72 85 86 76 91 90 105 79 80 93 94 84 99 98 113 87 88 101 102 92 107 106 121 95 96 109 110 100 115 114 129 103 104 117 118 108 123 122 137 111 112 125 126 116 131 130 145 119 120 133 134 124 139 138 151 127 128 141 142 132 147 146 9 135 136 148 140 4 3 143 1 
150 11 152 144 7 17 5 19 149 13 2 15 10 25 12 27 6 21 8 23 18 33 20 35 14 29 16 31 26 41 28 43 22 37 24 39 34 49 36 51 30 45 32 47 42 57 44 59 38 53 40 55 50 65 52 67 46 61 48 63 58 73 60 75 54 69 56 71 66 81 68 83 62 77 64 79 74 89 76 91 70 85 72 87 82 97 84 99 78 93 80 95 90 105 92 107 86 101 88 103 98 113 100 115 94 109 96 111 106 121 108 123 102 117 104 119 114 129 116 131 110 125 112 127 122 137 124 139 118 133 120 135 130 145 132 147 126 141 128 143 138 151 140 4 134 148 136 146 9 1 142 3 
151 14 147 146 9 8 21 22 140 4 3 17 15 16 29 30 1 11 10 25 23 24 37 38 5 19 18 33 31 32 45 46 12 27 26 41 39 40 53 54 20 35 34 49 47 48 61 62 28 43 42 57 55 56 69 70 36 51 50 65 63 64 77 78 44 59 58 73 71 72 85 86 52 67 66 81 79 80 93 94 60 75 74 89 87 88 101 102 68 83 82 97 95 96 109 110 76 91 90 105 103 104 117 118 84 99 98 113 111 112 125 126 92 107 106 121 119 120 133 134 100 115 114 129 127 128 141 142 108 123 122 137 135 136 148 149 116 131 130 145 143 144 152 6 124 139 138 150 2 13 132 7 
152 10 150 149 13 5 17 18 144 7 6 21 11 12 25 26 2 15 14 29 19 20 33 34 8 23 22 37 27 28 41 42 16 31 30 45 35 36 49 50 24 39 38 53 43 44 57 58 32 47 46 61 51 52 65 66 40 55 54 69 59 60 73 74 48 63 62 77 67 68 81 82 56 71 70 85 75 76 89 90 64 79 78 93 83 84 97 98 72 87 86 101 91 92 105 106 80 95 94 109 99 100 113 114 88 103 102 117 107 108 121 122 96 111 110 125 115 116 129 130 104 119 118 133 123 124 137 138 112 127 126 141 131 132 145 146 120 135 134 148 139 140 151 3 128 143 142 147 1 9 136 4 
