96 92
1 2 3 4 5 6 7 8 9 10 11 12 13 14 15 16 17 18 19 20 21 22 23 24 25 26 27 28 29 30 31 32 33 34 35 36 37 38 39 40 41 42 43 44 45 46 47 48 49 50 51 52 53 54 55 56 57 58 59 60 61 62 63 64 65 66 67 68 69 70 71 72 73 74 75 76 77 78 79 80 81 82 83 84 85 86 87 88 89 90 91 92 93 94 95 96 
2 1 8 9 10 11 12 3 4 5 6 7 24 25 26 27 28 29 30 31 32 33 34 13 14 15 16 17 18 19 20 21 22 23 49 50 51 52 53 54 55 56 57 58 59 60 61 62 35 36 37 38 39 40 41 42 43 44 45 46 47 48 74 75 76 77 78 79 80 81 82 83 84 63 64 65 66 67 68 69 70 71 72 73 90 91 92 93 94 85 86 87 88 89 96 95 
3 26 5 13 14 15 16 31 50 52 8 54 17 1 20 21 35 36 37 38 39 40 41 56 11 10 60 74 24 76 25 78 27 80 4 42 43 6 7 46 47 63 64 65 66 67 68 69 29 28 81 2 33 32 84 49 90 51 92 53 93 55 18 19 70 71 22 23 73 85 86 87 88 9 58 57 94 12 62 61 75 96 77 79 44 45 89 48 95 30 83 82 34 91 72 59 
4 56 36 1 17 18 19 49 31 29 28 81 15 63 13 65 5 6 7 42 43 44 45 25 24 74 75 11 10 60 9 58 57 94 38 3 40 35 85 37 87 20 21 22 23 70 71 72 8 52 53 50 51 90 91 2 33 32 84 30 83 82 14 67 16 69 64 95 66 46 47 48 89 26 27 78 79 76 77 96 12 62 61 59 39 88 41 86 73 54 55 93 92 34 68 80 
5 10 14 17 1 20 21 25 28 2 31 32 35 3 38 39 4 42 43 6 7 46 47 49 8 52 53 9 56 57 11 12 60 61 13 63 64 15 16 67 68 18 19 70 71 22 23 73 24 74 75 26 27 78 79 29 30 81 82 33 34 84 36 37 85 86 40 41 88 44 45 89 48 50 51 90 91 54 55 93 58 59 94 62 65 66 95 69 72 76 77 96 80 83 87 92 
6 11 15 18 20 1 22 26 29 31 2 33 36 38 3 40 42 4 44 5 46 7 48 50 52 8 54 56 9 58 10 60 12 62 63 13 65 14 67 16 69 17 70 19 72 21 73 23 74 24 76 25 78 27 80 28 81 30 83 32 84 34 35 85 37 87 39 88 41 43 89 45 47 49 90 51 92 53 93 55 57 94 59 61 64 95 66 68 71 75 96 77 79 82 86 91 
7 34 16 19 21 22 23 55 59 61 62 2 37 39 40 41 43 44 45 46 47 48 1 77 79 80 8 82 83 9 84 10 11 12 64 65 66 67 68 69 3 70 71 72 4 73 5 6 91 92 24 93 25 26 27 94 28 29 30 31 32 33 85 86 87 13 88 14 15 89 17 18 20 96 49 50 51 52 53 54 56 57 58 60 95 35 36 38 42 74 75 76 78 81 63 90 
8 15 10 24 25 26 27 20 36 38 3 40 28 2 31 32 49 50 51 52 53 54 55 42 6 5 46 63 13 65 14 67 16 69 9 56 57 11 12 60 61 74 75 76 77 78 79 80 18 17 70 1 22 21 73 35 85 37 87 39 88 41 29 30 81 82 33 34 84 90 91 92 93 4 44 43 89 7 48 47 64 95 66 68 58 59 94 62 96 19 72 71 23 86 83 45 
9 42 50 2 28 29 30 35 20 18 17 70 26 74 24 76 10 11 12 56 57 58 59 14 13 63 64 6 5 46 4 44 43 89 52 8 54 49 90 51 92 31 32 33 34 81 82 83 3 38 39 36 37 85 86 1 22 21 73 19 72 71 25 78 27 80 75 96 77 60 61 62 94 15 16 67 68 65 66 95 7 48 47 45 53 93 55 91 84 40 41 88 87 23 79 69 
10 5 25 28 2 31 32 14 17 1 20 21 49 8 52 53 9 56 57 11 12 60 61 35 3 38 39 4 42 43 6 7 46 47 24 74 75 26 27 78 79 29 30 81 82 33 34 84 13 63 64 15 16 67 68 18 19 70 71 22 23 73 50 51 90 91 54 55 93 58 59 94 62 36 37 85 86 40 41 88 44 45 89 48 76 77 96 80 83 65 66 95 69 72 92 87 
11 6 26 29 31 2 33 15 18 20 1 22 50 52 8 54 56 9 58 10 60 12 62 36 38 3 40 42 4 44 5 46 7 48 74 24 76 25 78 27 80 28 81 30 83 32 84 34 63 13 65 14 67 16 69 17 70 19 72 21 73 23 49 90 51 92 53 93 55 57 94 59 61 35 85 37 87 39 88 41 43 89 45 47 75 96 77 79 82 64 95 66 68 71 91 86 
12 23 27 30 32 33 34 41 45 47 48 1 51 53 54 55 57 58 59 60 61 62 2 66 68 69 3 71 72 4 73 5 6 7 75 76 77 78 79 80 8 81 82 83 9 84 10 11 86 87 13 88 14 15 16 89 17 18 19 20 21 22 90 91 92 24 93 25 26 94 28 29 31 95 35 36 37 38 39 40 42 43 44 46 96 49 50 52 56 63 64 65 67 70 74 85 
13 49 42 3 35 36 37 29 25 24 74 75 20 18 17 70 14 15 16 63 64 65 66 11 56 9 58 8 52 53 50 51 90 91 6 5 46 4 44 43 89 38 39 40 41 85 86 87 31 2 33 28 81 30 83 26 27 78 79 76 77 96 1 22 21 73 19 72 71 67 68 69 95 10 60 12 62 57 94 59 54 55 93 92 7 48 47 45 88 32 84 34 82 80 23 61 
14 52 1 35 3 38 39 11 74 26 25 78 4 5 6 7 13 63 64 15 16 67 68 29 31 2 33 50 49 90 8 54 53 93 17 18 19 20 21 22 23 36 37 85 86 40 41 88 56 9 58 10 60 12 62 24 76 75 96 27 80 79 42 43 44 45 46 47 48 65 66 95 69 28 81 30 83 32 84 34 51 92 91 55 70 71 72 73 87 57 94 59 61 77 89 82 
15 8 20 36 38 3 40 10 24 25 26 27 42 6 5 46 63 13 65 14 67 16 69 28 2 31 32 49 50 51 52 53 54 55 18 17 70 1 22 21 73 35 85 37 87 39 88 41 9 56 57 11 12 60 61 74 75 76 77 78 79 80 4 44 43 89 7 48 47 64 95 66 68 29 30 81 82 33 34 84 90 91 92 93 19 72 71 23 86 58 59 94 62 96 45 83 
16 80 21 37 39 40 41 84 92 93 55 26 43 7 46 47 64 65 66 67 68 69 3 94 62 61 31 96 77 50 79 52 8 54 19 70 71 22 23 73 5 85 86 87 13 88 14 15 83 82 56 34 11 10 60 91 74 24 76 25 78 27 44 45 89 17 48 1 20 95 35 36 38 59 29 28 81 2 33 32 49 90 51 53 72 4 42 6 63 9 58 57 12 75 18 30 
17 29 63 5 4 42 43 24 11 56 9 58 38 36 35 85 1 20 21 18 19 70 71 8 49 50 51 31 2 33 28 81 30 83 15 14 67 13 65 64 95 6 7 46 47 44 45 89 25 26 27 74 75 76 77 10 60 12 62 57 94 59 3 40 39 88 37 87 86 22 23 73 72 52 53 54 55 90 91 92 32 84 34 82 16 69 68 66 48 78 79 80 96 61 41 93 
18 28 13 6 42 4 44 74 10 9 56 57 3 35 36 37 20 1 22 17 70 19 72 52 50 49 90 2 31 32 29 30 81 82 14 15 16 63 64 65 66 5 46 7 48 43 89 45 26 25 78 24 76 75 96 11 12 60 61 58 59 94 38 39 40 41 85 86 87 21 73 23 71 8 54 53 93 51 92 91 33 34 84 83 67 68 69 95 47 27 80 79 77 62 88 55 
19 94 65 7 43 44 45 91 84 83 82 56 40 85 37 87 21 22 23 70 71 72 4 79 77 96 49 62 61 31 59 29 28 81 67 16 69 64 95 66 36 46 47 48 1 89 17 18 55 93 25 92 24 74 75 34 11 10 60 9 58 57 39 88 41 15 86 63 13 73 5 6 42 80 8 52 53 50 51 90 2 33 32 30 68 38 3 35 20 26 27 78 76 12 14 54 
20 31 38 42 6 5 46 52 56 11 10 60 63 15 14 67 18 17 70 1 22 21 73 74 26 25 78 29 28 81 2 33 32 84 36 35 85 3 40 39 88 4 44 43 89 7 48 47 50 49 90 8 54 53 93 9 58 57 94 12 62 61 13 65 64 95 16 69 68 19 72 71 23 24 76 75 96 27 80 79 30 83 82 34 37 87 86 41 45 51 92 91 55 59 66 77 
21 61 39 43 7 46 47 79 82 34 84 10 64 16 67 68 19 70 71 22 23 73 5 91 55 93 25 59 94 28 62 2 31 32 37 85 86 40 41 88 14 44 45 89 17 48 1 20 77 96 49 80 8 52 53 83 9 56 57 11 12 60 65 66 95 35 69 3 38 72 4 42 6 92 24 74 75 26 27 78 29 30 81 33 87 13 63 15 18 50 51 90 54 58 36 76 
22 62 40 44 46 7 48 80 83 84 34 11 65 67 16 69 70 19 72 21 73 23 6 92 93 55 26 94 59 29 61 31 2 33 85 37 87 39 88 41 15 43 89 45 18 47 20 1 96 77 50 79 52 8 54 82 56 9 58 10 60 12 64 95 66 36 68 38 3 71 42 4 5 91 74 24 76 25 78 27 28 81 30 32 86 63 13 14 17 49 90 51 53 57 35 75 
23 12 41 45 47 48 1 27 30 32 33 34 66 68 69 3 71 72 4 73 5 6 7 51 53 54 55 57 58 59 60 61 62 2 86 87 13 88 14 15 16 89 17 18 19 20 21 22 75 76 77 78 79 80 8 81 82 83 9 84 10 11 95 35 36 37 38 39 40 42 43 44 46 90 91 92 24 93 25 26 94 28 29 31 63 64 65 67 70 96 49 50 52 56 85 74 
24 35 56 8 49 50 51 18 14 13 63 64 31 29 28 81 25 26 27 74 75 76 77 6 42 4 44 3 38 39 36 37 85 86 11 10 60 9 58 57 94 52 53 54 55 90 91 92 20 1 22 17 70 19 72 15 16 67 68 65 66 95 2 33 32 84 30 83 82 78 79 80 96 5 46 7 48 43 89 45 40 41 88 87 12 62 61 59 93 21 73 23 71 69 34 47 
25 38 2 49 8 52 53 6 63 15 14 67 9 10 11 12 24 74 75 26 27 78 79 18 20 1 22 36 35 85 3 40 39 88 28 29 30 31 32 33 34 50 51 90 91 54 55 93 42 4 44 5 46 7 48 13 65 64 95 16 69 68 56 57 58 59 60 61 62 76 77 96 80 17 70 19 72 21 73 23 37 87 86 41 81 82 83 84 92 43 89 45 47 66 94 71 
26 3 31 50 52 8 54 5 13 14 15 16 56 11 10 60 74 24 76 25 78 27 80 17 1 20 21 35 36 37 38 39 40 41 29 28 81 2 33 32 84 49 90 51 92 53 93 55 4 42 43 6 7 46 47 63 64 65 66 67 68 69 9 58 57 94 12 62 61 75 96 77 79 18 19 70 71 22 23 73 85 86 87 88 30 83 82 34 91 44 45 89 48 95 59 72 
27 69 32 51 53 54 55 73 87 88 41 15 57 12 60 61 75 76 77 78 79 80 8 89 48 47 20 95 66 36 68 38 3 40 30 81 82 33 34 84 10 90 91 92 24 93 25 26 72 71 42 23 6 5 46 86 63 13 65 14 67 16 58 59 94 28 62 2 31 96 49 50 52 45 18 17 70 1 22 21 35 85 37 39 83 9 56 11 74 4 44 43 7 64 29 19 
28 18 74 10 9 56 57 13 6 42 4 44 52 50 49 90 2 31 32 29 30 81 82 3 35 36 37 20 1 22 17 70 19 72 26 25 78 24 76 75 96 11 12 60 61 58 59 94 14 15 16 63 64 65 66 5 46 7 48 43 89 45 8 54 53 93 51 92 91 33 34 84 83 38 39 40 41 85 86 87 21 73 23 71 27 80 79 77 62 67 68 69 95 47 55 88 
29 17 24 11 56 9 58 63 5 4 42 43 8 49 50 51 31 2 33 28 81 30 83 38 36 35 85 1 20 21 18 19 70 71 25 26 27 74 75 76 77 10 60 12 62 57 94 59 15 14 67 13 65 64 95 6 7 46 47 44 45 89 52 53 54 55 90 91 92 32 84 34 82 3 40 39 88 37 87 86 22 23 73 72 78 79 80 96 61 16 69 68 66 48 93 41 
30 89 76 12 57 58 59 86 73 72 71 42 54 90 51 92 32 33 34 81 82 83 9 68 66 95 35 48 47 20 45 18 17 70 78 27 80 75 96 77 50 60 61 62 2 94 28 29 41 88 14 87 13 63 64 23 6 5 46 4 44 43 53 93 55 26 91 74 24 84 10 11 56 69 3 38 39 36 37 85 1 22 21 19 79 52 8 49 31 15 16 67 65 7 25 40 
31 20 52 56 11 10 60 38 42 6 5 46 74 26 25 78 29 28 81 2 33 32 84 63 15 14 67 18 17 70 1 22 21 73 50 49 90 8 54 53 93 9 58 57 94 12 62 61 36 35 85 3 40 39 88 4 44 43 89 7 48 47 24 76 75 96 27 80 79 30 83 82 34 13 65 64 95 16 69 68 19 72 71 23 51 92 91 55 59 37 87 86 41 45 77 66 
32 47 53 57 12 60 61 68 71 23 73 5 75 27 78 79 30 81 82 33 34 84 10 86 41 88 14 45 89 17 48 1 20 21 51 90 91 54 55 93 25 58 59 94 28 62 2 31 66 95 35 69 3 38 39 72 4 42 43 6 7 46 76 77 96 49 80 8 52 83 9 56 11 87 13 63 64 15 16 67 18 19 70 22 92 24 74 26 29 36 37 85 40 44 50 65 
33 48 54 58 60 12 62 69 72 73 23 6 76 78 27 80 81 30 83 32 84 34 11 87 88 41 15 89 45 18 47 20 1 22 90 51 92 53 93 55 26 57 94 59 29 61 31 2 95 66 36 68 38 3 40 71 42 4 44 5 46 7 75 96 77 50 79 52 8 82 56 9 10 86 63 13 65 14 67 16 17 70 19 21 91 74 24 25 28 35 85 37 39 43 49 64 
34 7 55 59 61 62 2 16 19 21 22 23 77 79 80 8 82 83 9 84 10 11 12 37 39 40 41 43 44 45 46 47 48 1 91 92 24 93 25 26 27 94 28 29 30 31 32 33 64 65 66 67 68 69 3 70 71 72 4 73 5 6 96 49 50 51 52 53 54 56 57 58 60 85 86 87 13 88 14 15 89 17 18 20 74 75 76 78 81 95 35 36 38 42 90 63 
35 24 18 14 13 63 64 56 8 49 50 51 6 42 4 44 3 38 39 36 37 85 86 31 29 28 81 25 26 27 74 75 76 77 20 1 22 17 70 19 72 15 16 67 68 65 66 95 11 10 60 9 58 57 94 52 53 54 55 90 91 92 5 46 7 48 43 89 45 40 41 88 87 2 33 32 84 30 83 82 78 79 80 96 21 73 23 71 69 12 62 61 59 93 47 34 
36 74 17 15 63 13 65 9 52 50 49 90 5 4 42 43 38 3 40 35 85 37 87 2 28 29 30 26 25 78 24 76 75 96 1 20 21 18 19 70 71 14 67 16 69 64 95 66 10 11 12 56 57 58 59 8 54 53 93 51 92 91 6 7 46 47 44 45 89 39 88 41 86 31 32 33 34 81 82 83 27 80 79 77 22 23 73 72 68 60 61 62 94 55 48 84 
37 91 70 16 64 65 66 83 79 77 96 49 46 44 43 89 39 40 41 85 86 87 13 62 94 59 29 55 93 25 92 24 74 75 22 21 73 19 72 71 42 67 68 69 3 95 35 36 84 34 11 82 56 9 58 80 8 52 53 50 51 90 7 48 47 20 45 18 17 88 14 15 63 61 31 2 33 28 81 30 26 27 78 76 23 6 5 4 38 10 60 12 57 54 1 32 
38 25 6 63 15 14 67 2 49 8 52 53 18 20 1 22 36 35 85 3 40 39 88 9 10 11 12 24 74 75 26 27 78 79 42 4 44 5 46 7 48 13 65 64 95 16 69 68 28 29 30 31 32 33 34 50 51 90 91 54 55 93 17 70 19 72 21 73 23 37 87 86 41 56 57 58 59 60 61 62 76 77 96 80 43 89 45 47 66 81 82 83 84 92 71 94 
39 93 7 64 16 67 68 62 96 80 79 52 19 21 22 23 37 85 86 40 41 88 14 83 84 34 11 92 91 74 55 26 25 78 43 44 45 46 47 48 1 65 66 95 35 69 3 38 94 59 29 61 31 2 33 77 50 49 90 8 54 53 70 71 72 4 73 5 6 87 13 63 15 82 56 9 58 10 60 12 24 76 75 27 89 17 18 20 36 28 81 30 32 51 42 57 
40 55 46 65 67 16 69 61 77 79 80 8 70 22 21 73 85 37 87 39 88 41 15 82 34 84 10 91 92 24 93 25 26 27 44 43 89 7 48 47 20 64 95 66 36 68 38 3 59 94 28 62 2 31 32 96 49 50 51 52 53 54 19 72 71 42 23 6 5 86 63 13 14 83 9 56 57 11 12 60 74 75 76 78 45 18 17 1 35 29 30 81 33 90 4 58 
41 54 47 66 68 69 3 60 76 78 27 80 71 23 73 5 86 87 13 88 14 15 16 81 33 32 84 90 51 92 53 93 55 26 45 89 17 48 1 20 21 95 35 36 37 38 39 40 58 57 94 12 62 61 31 75 96 77 50 79 52 8 72 4 42 43 6 7 46 63 64 65 67 30 83 82 56 34 11 10 91 74 24 25 18 19 70 22 85 59 29 28 2 49 44 9 
42 9 35 20 18 17 70 50 2 28 29 30 14 13 63 64 6 5 46 4 44 43 89 26 74 24 76 10 11 12 56 57 58 59 3 38 39 36 37 85 86 1 22 21 73 19 72 71 52 8 54 49 90 51 92 31 32 33 34 81 82 83 15 16 67 68 65 66 95 7 48 47 45 25 78 27 80 75 96 77 60 61 62 94 40 41 88 87 23 53 93 55 91 84 69 79 
43 83 85 21 19 70 71 77 62 94 59 29 67 65 64 95 7 46 47 44 45 89 17 55 91 92 24 84 34 11 82 56 9 58 40 39 88 37 87 86 63 22 23 73 5 72 4 42 79 80 8 96 49 50 51 61 31 2 33 28 81 30 16 69 68 38 66 36 35 48 1 20 18 93 25 26 27 74 75 76 10 60 12 57 41 15 14 13 6 52 53 54 90 32 3 78 
44 82 37 22 70 19 72 96 61 59 94 28 16 64 65 66 46 7 48 43 89 45 18 93 92 91 74 34 84 10 83 9 56 57 39 40 41 85 86 87 13 21 73 23 6 71 42 4 80 79 52 77 50 49 90 62 2 31 32 29 30 81 67 68 69 3 95 35 36 47 20 1 17 55 26 25 78 24 76 75 11 12 60 58 88 14 15 63 5 8 54 53 51 33 38 27 
45 81 87 23 71 72 4 75 60 58 57 94 69 95 66 36 47 48 1 89 17 18 19 53 51 90 91 33 32 84 30 83 82 56 88 41 15 86 63 13 65 73 5 6 7 42 43 44 27 78 79 76 77 96 49 12 62 61 31 59 29 28 68 38 3 40 35 85 37 20 21 22 70 54 55 93 25 92 24 74 34 11 10 9 14 67 16 64 46 80 8 52 50 2 39 26 
46 84 67 70 22 21 73 93 94 62 61 31 85 40 39 88 44 43 89 7 48 47 20 96 80 79 52 83 82 56 34 11 10 60 65 64 95 16 69 68 38 19 72 71 42 23 6 5 92 91 74 55 26 25 78 59 29 28 81 2 33 32 37 87 86 63 41 15 14 45 18 17 1 77 50 49 90 8 54 53 9 58 57 12 66 36 35 3 4 24 76 75 27 30 13 51 
47 32 68 71 23 73 5 53 57 12 60 61 86 41 88 14 45 89 17 48 1 20 21 75 27 78 79 30 81 82 33 34 84 10 66 95 35 69 3 38 39 72 4 42 43 6 7 46 51 90 91 54 55 93 25 58 59 94 28 62 2 31 87 13 63 64 15 16 67 18 19 70 22 76 77 96 49 80 8 52 83 9 56 11 36 37 85 40 44 92 24 74 26 29 65 50 
48 33 69 72 73 23 6 54 58 60 12 62 87 88 41 15 89 45 18 47 20 1 22 76 78 27 80 81 30 83 32 84 34 11 95 66 36 68 38 3 40 71 42 4 44 5 46 7 90 51 92 53 93 55 26 57 94 59 29 61 31 2 86 63 13 65 14 67 16 17 70 19 21 75 96 77 50 79 52 8 82 56 9 10 35 85 37 39 43 91 74 24 25 28 64 49 
49 13 29 25 24 74 75 42 3 35 36 37 11 56 9 58 8 52 53 50 51 90 91 20 18 17 70 14 15 16 63 64 65 66 31 2 33 28 81 30 83 26 27 78 79 76 77 96 6 5 46 4 44 43 89 38 39 40 41 85 86 87 10 60 12 62 57 94 59 54 55 93 92 1 22 21 73 19 72 71 67 68 69 95 32 84 34 82 80 7 48 47 45 88 61 23 
50 63 28 26 74 24 76 4 38 36 35 85 10 9 56 57 52 8 54 49 90 51 92 1 17 18 19 15 14 67 13 65 64 95 2 31 32 29 30 81 82 25 78 27 80 75 96 77 5 6 7 42 43 44 45 3 40 39 88 37 87 86 11 12 60 61 58 59 94 53 93 55 91 20 21 22 23 70 71 72 16 69 68 66 33 34 84 83 79 46 47 48 89 41 62 73 
51 86 81 27 75 76 77 72 68 66 95 35 60 58 57 94 53 54 55 90 91 92 24 48 89 45 18 41 88 14 87 13 63 64 33 32 84 30 83 82 56 78 79 80 8 96 49 50 73 23 6 71 42 4 44 69 3 38 39 36 37 85 12 62 61 31 59 29 28 93 25 26 74 47 20 1 22 17 70 19 15 16 67 65 34 11 10 9 52 5 46 7 43 40 2 21 
52 14 11 74 26 25 78 1 35 3 38 39 29 31 2 33 50 49 90 8 54 53 93 4 5 6 7 13 63 64 15 16 67 68 56 9 58 10 60 12 62 24 76 75 96 27 80 79 17 18 19 20 21 22 23 36 37 85 86 40 41 88 28 81 30 83 32 84 34 51 92 91 55 42 43 44 45 46 47 48 65 66 95 69 57 94 59 61 77 70 71 72 73 87 82 89 
53 88 12 75 27 78 79 48 95 69 68 38 30 32 33 34 51 90 91 54 55 93 25 72 73 23 6 87 86 63 41 15 14 67 57 58 59 60 61 62 2 76 77 96 49 80 8 52 89 45 18 47 20 1 22 66 36 35 85 3 40 39 81 82 83 9 84 10 11 92 24 74 26 71 42 4 44 5 46 7 13 65 64 16 94 28 29 31 50 17 70 19 21 37 56 43 
54 41 60 76 78 27 80 47 66 68 69 3 81 33 32 84 90 51 92 53 93 55 26 71 23 73 5 86 87 13 88 14 15 16 58 57 94 12 62 61 31 75 96 77 50 79 52 8 45 89 17 48 1 20 21 95 35 36 37 38 39 40 30 83 82 56 34 11 10 91 74 24 25 72 4 42 43 6 7 46 63 64 65 67 59 29 28 2 49 18 19 70 22 85 9 44 
55 40 61 77 79 80 8 46 65 67 16 69 82 34 84 10 91 92 24 93 25 26 27 70 22 21 73 85 37 87 39 88 41 15 59 94 28 62 2 31 32 96 49 50 51 52 53 54 44 43 89 7 48 47 20 64 95 66 36 68 38 3 83 9 56 57 11 12 60 74 75 76 78 19 72 71 42 23 6 5 86 63 13 14 29 30 81 33 90 45 18 17 1 35 58 4 
56 4 49 31 29 28 81 36 1 17 18 19 25 24 74 75 11 10 60 9 58 57 94 15 63 13 65 5 6 7 42 43 44 45 8 52 53 50 51 90 91 2 33 32 84 30 83 82 38 3 40 35 85 37 87 20 21 22 23 70 71 72 26 27 78 79 76 77 96 12 62 61 59 14 67 16 69 64 95 66 46 47 48 89 54 55 93 92 34 39 88 41 86 73 80 68 
57 72 90 32 30 81 82 66 48 89 45 18 78 76 75 96 12 60 61 58 59 94 28 41 86 87 13 73 23 6 71 42 4 44 54 53 93 51 92 91 74 33 34 84 10 83 9 56 68 69 3 95 35 36 37 47 20 1 22 17 70 19 27 80 79 52 77 50 49 62 2 31 29 88 14 15 16 63 64 65 5 46 7 43 55 26 25 24 11 38 39 40 85 21 8 67 
58 71 51 33 81 30 83 95 47 45 89 17 27 75 76 77 60 12 62 57 94 59 29 88 87 86 63 23 73 5 72 4 42 43 53 54 55 90 91 92 24 32 84 34 11 82 56 9 69 68 38 66 36 35 85 48 1 20 21 18 19 70 78 79 80 8 96 49 50 61 31 2 28 41 15 14 67 13 65 64 6 7 46 44 93 25 26 74 10 3 40 39 37 22 52 16 
59 70 92 34 82 83 9 64 46 44 43 89 80 96 77 50 61 62 2 94 28 29 30 39 37 85 86 22 21 73 19 72 71 42 93 55 26 91 74 24 76 84 10 11 12 56 57 58 16 67 68 65 66 95 35 7 48 47 20 45 18 17 79 52 8 54 49 90 51 31 32 33 81 40 41 88 14 87 13 63 23 6 5 4 25 78 27 75 60 69 3 38 36 1 53 15 
60 73 78 81 33 32 84 88 89 48 47 20 90 54 53 93 58 57 94 12 62 61 31 95 69 68 38 72 71 42 23 6 5 46 76 75 96 27 80 79 52 30 83 82 56 34 11 10 87 86 63 41 15 14 67 45 18 17 70 1 22 21 51 92 91 74 55 26 25 59 29 28 2 66 36 35 85 3 40 39 4 44 43 7 77 50 49 8 9 13 65 64 16 19 24 37 
61 21 79 82 34 84 10 39 43 7 46 47 91 55 93 25 59 94 28 62 2 31 32 64 16 67 68 19 70 71 22 23 73 5 77 96 49 80 8 52 53 83 9 56 57 11 12 60 37 85 86 40 41 88 14 44 45 89 17 48 1 20 92 24 74 75 26 27 78 29 30 81 33 65 66 95 35 69 3 38 72 4 42 6 50 51 90 54 58 87 13 63 15 18 76 36 
62 22 80 83 84 34 11 40 44 46 7 48 92 93 55 26 94 59 29 61 31 2 33 65 67 16 69 70 19 72 21 73 23 6 96 77 50 79 52 8 54 82 56 9 58 10 60 12 85 37 87 39 88 41 15 43 89 45 18 47 20 1 91 74 24 76 25 78 27 28 81 30 32 64 95 66 36 68 38 3 71 42 4 5 49 90 51 53 57 86 63 13 14 17 75 35 
63 50 4 38 36 35 85 28 26 74 24 76 1 17 18 19 15 14 67 13 65 64 95 10 9 56 57 52 8 54 49 90 51 92 5 6 7 42 43 44 45 3 40 39 88 37 87 86 2 31 32 29 30 81 82 25 78 27 80 75 96 77 20 21 22 23 70 71 72 16 69 68 66 11 12 60 61 58 59 94 53 93 55 91 46 47 48 89 41 33 34 84 83 79 73 62 
64 77 44 39 37 85 86 94 55 91 92 24 22 70 19 72 16 67 68 65 66 95 35 84 83 82 56 79 80 8 96 49 50 51 46 7 48 43 89 45 18 40 41 88 14 87 13 63 62 61 31 59 29 28 81 93 25 26 27 74 75 76 21 73 23 6 71 42 4 69 3 38 36 34 11 10 60 9 58 57 52 53 54 90 47 20 1 17 15 2 33 32 30 78 5 12 
65 96 43 40 85 37 87 59 93 92 91 74 21 19 70 71 67 16 69 64 95 66 36 34 82 83 9 80 79 52 77 50 49 90 7 46 47 44 45 89 17 39 88 41 15 86 63 13 61 62 2 94 28 29 30 55 26 25 78 24 76 75 22 23 73 5 72 4 42 68 38 3 35 84 10 11 12 56 57 58 8 54 53 51 48 1 20 18 14 31 32 33 81 27 6 60 
66 75 89 41 86 87 13 58 53 51 90 91 73 72 71 42 68 69 3 95 35 36 37 33 81 30 83 27 78 79 76 77 96 49 48 47 20 45 18 17 70 88 14 15 16 63 64 65 60 12 62 57 94 59 29 54 55 93 25 92 24 74 23 6 5 46 4 44 43 38 39 40 85 32 84 34 11 82 56 9 80 8 52 50 1 22 21 19 67 61 31 2 28 26 7 10 
67 79 22 85 40 39 88 34 91 55 93 25 44 46 7 48 65 64 95 16 69 68 38 59 61 62 2 77 96 49 80 8 52 53 70 19 72 21 73 23 6 37 87 86 63 41 15 14 82 83 9 84 10 11 12 92 24 74 75 26 27 78 43 89 45 18 47 20 1 66 36 35 3 94 28 29 30 31 32 33 50 51 90 54 71 42 4 5 13 56 57 58 60 76 17 81 
68 78 23 86 41 88 14 33 90 54 53 93 45 47 48 1 66 95 35 69 3 38 39 58 60 12 62 76 75 96 27 80 79 52 71 72 4 73 5 6 7 87 13 63 64 15 16 67 81 30 83 32 84 34 11 51 92 91 74 55 26 25 89 17 18 19 20 21 22 36 37 85 40 57 94 59 29 61 31 2 77 50 49 8 42 43 44 46 65 82 56 9 10 24 70 28 
69 27 73 87 88 41 15 32 51 53 54 55 89 48 47 20 95 66 36 68 38 3 40 57 12 60 61 75 76 77 78 79 80 8 72 71 42 23 6 5 46 86 63 13 65 14 67 16 30 81 82 33 34 84 10 90 91 92 24 93 25 26 45 18 17 70 1 22 21 35 85 37 39 58 59 94 28 62 2 31 96 49 50 52 4 44 43 7 64 83 9 56 11 74 19 29 
70 59 64 46 44 43 89 92 34 82 83 9 39 37 85 86 22 21 73 19 72 71 42 80 96 77 50 61 62 2 94 28 29 30 16 67 68 65 66 95 35 7 48 47 20 45 18 17 93 55 26 91 74 24 76 84 10 11 12 56 57 58 40 41 88 14 87 13 63 23 6 5 4 79 52 8 54 49 90 51 31 32 33 81 69 3 38 36 1 25 78 27 75 60 15 53 
71 58 95 47 45 89 17 51 33 81 30 83 88 87 86 63 23 73 5 72 4 42 43 27 75 76 77 60 12 62 57 94 59 29 69 68 38 66 36 35 85 48 1 20 21 18 19 70 53 54 55 90 91 92 24 32 84 34 11 82 56 9 41 15 14 67 13 65 64 6 7 46 44 78 79 80 8 96 49 50 61 31 2 28 3 40 39 37 22 93 25 26 74 10 16 52 
72 57 66 48 89 45 18 90 32 30 81 82 41 86 87 13 73 23 6 71 42 4 44 78 76 75 96 12 60 61 58 59 94 28 68 69 3 95 35 36 37 47 20 1 22 17 70 19 54 53 93 51 92 91 74 33 34 84 10 83 9 56 88 14 15 16 63 64 65 5 46 7 43 27 80 79 52 77 50 49 62 2 31 29 38 39 40 85 21 55 26 25 24 11 67 8 
73 60 88 89 48 47 20 78 81 33 32 84 95 69 68 38 72 71 42 23 6 5 46 90 54 53 93 58 57 94 12 62 61 31 87 86 63 41 15 14 67 45 18 17 70 1 22 21 76 75 96 27 80 79 52 30 83 82 56 34 11 10 66 36 35 85 3 40 39 4 44 43 7 51 92 91 74 55 26 25 59 29 28 2 13 65 64 16 19 77 50 49 8 9 37 24 
74 36 9 52 50 49 90 17 15 63 13 65 2 28 29 30 26 25 78 24 76 75 96 5 4 42 43 38 3 40 35 85 37 87 10 11 12 56 57 58 59 8 54 53 93 51 92 91 1 20 21 18 19 70 71 14 67 16 69 64 95 66 31 32 33 34 81 82 83 27 80 79 77 6 7 46 47 44 45 89 39 88 41 86 60 61 62 94 55 22 23 73 72 68 84 48 
75 66 58 53 51 90 91 89 41 86 87 13 33 81 30 83 27 78 79 76 77 96 49 73 72 71 42 68 69 3 95 35 36 37 60 12 62 57 94 59 29 54 55 93 25 92 24 74 48 47 20 45 18 17 70 88 14 15 16 63 64 65 32 84 34 11 82 56 9 80 8 52 50 23 6 5 46 4 44 43 38 39 40 85 61 31 2 28 26 1 22 21 19 67 10 7 
76 95 57 54 90 51 92 45 88 87 86 63 32 30 81 82 78 27 80 75 96 77 50 23 71 72 4 69 68 38 66 36 35 85 12 60 61 58 59 94 28 53 93 55 26 91 74 24 47 48 1 89 17 18 19 41 15 14 67 13 65 64 33 34 84 10 83 9 56 79 52 8 49 73 5 6 7 42 43 44 3 40 39 37 62 2 31 29 25 20 21 22 70 16 11 46 
77 64 94 55 91 92 24 44 39 37 85 86 84 83 82 56 79 80 8 96 49 50 51 22 70 19 72 16 67 68 65 66 95 35 62 61 31 59 29 28 81 93 25 26 27 74 75 76 46 7 48 43 89 45 18 40 41 88 14 87 13 63 34 11 10 60 9 58 57 52 53 54 90 21 73 23 6 71 42 4 69 3 38 36 2 33 32 30 78 47 20 1 17 15 12 5 
78 68 33 90 54 53 93 23 86 41 88 14 58 60 12 62 76 75 96 27 80 79 52 45 47 48 1 66 95 35 69 3 38 39 81 30 83 32 84 34 11 51 92 91 74 55 26 25 71 72 4 73 5 6 7 87 13 63 64 15 16 67 57 94 59 29 61 31 2 77 50 49 8 89 17 18 19 20 21 22 36 37 85 40 82 56 9 10 24 42 43 44 46 65 28 70 
79 67 34 91 55 93 25 22 85 40 39 88 59 61 62 2 77 96 49 80 8 52 53 44 46 7 48 65 64 95 16 69 68 38 82 83 9 84 10 11 12 92 24 74 75 26 27 78 70 19 72 21 73 23 6 37 87 86 63 41 15 14 94 28 29 30 31 32 33 50 51 90 54 43 89 45 18 47 20 1 66 36 35 3 56 57 58 60 76 71 42 4 5 13 81 17 
80 16 84 92 93 55 26 21 37 39 40 41 94 62 61 31 96 77 50 79 52 8 54 43 7 46 47 64 65 66 67 68 69 3 83 82 56 34 11 10 60 91 74 24 76 25 78 27 19 70 71 22 23 73 5 85 86 87 13 88 14 15 59 29 28 81 2 33 32 49 90 51 53 44 45 89 17 48 1 20 95 35 36 38 9 58 57 12 75 72 4 42 6 63 30 18 
81 45 75 60 58 57 94 87 23 71 72 4 53 51 90 91 33 32 84 30 83 82 56 69 95 66 36 47 48 1 89 17 18 19 27 78 79 76 77 96 49 12 62 61 31 59 29 28 88 41 15 86 63 13 65 73 5 6 7 42 43 44 54 55 93 25 92 24 74 34 11 10 9 68 38 3 40 35 85 37 20 21 22 70 80 8 52 50 2 14 67 16 64 46 26 39 
82 44 96 61 59 94 28 37 22 70 19 72 93 92 91 74 34 84 10 83 9 56 57 16 64 65 66 46 7 48 43 89 45 18 80 79 52 77 50 49 90 62 2 31 32 29 30 81 39 40 41 85 86 87 13 21 73 23 6 71 42 4 55 26 25 78 24 76 75 11 12 60 58 67 68 69 3 95 35 36 47 20 1 17 8 54 53 51 33 88 14 15 63 5 27 38 
83 43 77 62 94 59 29 85 21 19 70 71 55 91 92 24 84 34 11 82 56 9 58 67 65 64 95 7 46 47 44 45 89 17 79 80 8 96 49 50 51 61 31 2 33 28 81 30 40 39 88 37 87 86 63 22 23 73 5 72 4 42 93 25 26 27 74 75 76 10 60 12 57 16 69 68 38 66 36 35 48 1 20 18 52 53 54 90 32 41 15 14 13 6 78 3 
84 46 93 94 62 61 31 67 70 22 21 73 96 80 79 52 83 82 56 34 11 10 60 85 40 39 88 44 43 89 7 48 47 20 92 91 74 55 26 25 78 59 29 28 81 2 33 32 65 64 95 16 69 68 38 19 72 71 42 23 6 5 77 50 49 90 8 54 53 9 58 57 12 37 87 86 63 41 15 14 45 18 17 1 24 76 75 27 30 66 36 35 3 4 51 13 
85 92 19 67 65 64 95 82 80 96 77 50 7 43 44 45 40 39 88 37 87 86 63 61 59 94 28 93 55 26 91 74 24 76 21 22 23 70 71 72 4 16 69 68 38 66 36 35 34 84 10 83 9 56 57 79 52 8 54 49 90 51 46 47 48 1 89 17 18 41 15 14 13 62 2 31 32 29 30 81 25 78 27 75 73 5 6 42 3 11 12 60 58 53 20 33 
86 51 72 68 66 95 35 81 27 75 76 77 48 89 45 18 41 88 14 87 13 63 64 60 58 57 94 53 54 55 90 91 92 24 73 23 6 71 42 4 44 69 3 38 39 36 37 85 33 32 84 30 83 82 56 78 79 80 8 96 49 50 47 20 1 22 17 70 19 15 16 67 65 12 62 61 31 59 29 28 93 25 26 74 5 46 7 43 40 34 11 10 9 52 21 2 
87 90 71 69 95 66 36 30 78 76 75 96 47 45 89 17 88 41 15 86 63 13 65 12 57 58 59 54 53 93 51 92 91 74 23 73 5 72 4 42 43 68 38 3 40 35 85 37 32 33 34 81 82 83 9 27 80 79 52 77 50 49 48 1 20 21 18 19 70 14 67 16 64 60 61 62 2 94 28 29 55 26 25 24 6 7 46 44 39 84 10 11 56 8 22 31 
88 53 48 95 69 68 38 12 75 27 78 79 72 73 23 6 87 86 63 41 15 14 67 30 32 33 34 51 90 91 54 55 93 25 89 45 18 47 20 1 22 66 36 35 85 3 40 39 57 58 59 60 61 62 2 76 77 96 49 80 8 52 71 42 4 44 5 46 7 13 65 64 16 81 82 83 9 84 10 11 92 24 74 26 17 70 19 21 37 94 28 29 31 50 43 56 
89 30 86 73 72 71 42 76 12 57 58 59 68 66 95 35 48 47 20 45 18 17 70 54 90 51 92 32 33 34 81 82 83 9 41 88 14 87 13 63 64 23 6 5 46 4 44 43 78 27 80 75 96 77 50 60 61 62 2 94 28 29 69 3 38 39 36 37 85 1 22 21 19 53 93 55 26 91 74 24 84 10 11 56 15 16 67 65 7 79 52 8 49 31 40 25 
90 87 30 78 76 75 96 71 69 95 66 36 12 57 58 59 54 53 93 51 92 91 74 47 45 89 17 88 41 15 86 63 13 65 32 33 34 81 82 83 9 27 80 79 52 77 50 49 23 73 5 72 4 42 43 68 38 3 40 35 85 37 60 61 62 2 94 28 29 55 26 25 24 48 1 20 21 18 19 70 14 67 16 64 84 10 11 56 8 6 7 46 44 39 31 22 
91 37 83 79 77 96 49 70 16 64 65 66 62 94 59 29 55 93 25 92 24 74 75 46 44 43 89 39 40 41 85 86 87 13 84 34 11 82 56 9 58 80 8 52 53 50 51 90 22 21 73 19 72 71 42 67 68 69 3 95 35 36 61 31 2 33 28 81 30 26 27 78 76 7 48 47 20 45 18 17 88 14 15 63 10 60 12 57 54 23 6 5 4 38 32 1 
92 85 82 80 96 77 50 19 67 65 64 95 61 59 94 28 93 55 26 91 74 24 76 7 43 44 45 40 39 88 37 87 86 63 34 84 10 83 9 56 57 79 52 8 54 49 90 51 21 22 23 70 71 72 4 16 69 68 38 66 36 35 62 2 31 32 29 30 81 25 78 27 75 46 47 48 1 89 17 18 41 15 14 13 11 12 60 58 53 73 5 6 42 3 33 20 
93 39 62 96 80 79 52 7 64 16 67 68 83 84 34 11 92 91 74 55 26 25 78 19 21 22 23 37 85 86 40 41 88 14 94 59 29 61 31 2 33 77 50 49 90 8 54 53 43 44 45 46 47 48 1 65 66 95 35 69 3 38 82 56 9 58 10 60 12 24 76 75 27 70 71 72 4 73 5 6 87 13 63 15 28 81 30 32 51 89 17 18 20 36 57 42 
94 19 91 84 83 82 56 65 7 43 44 45 79 77 96 49 62 61 31 59 29 28 81 40 85 37 87 21 22 23 70 71 72 4 55 93 25 92 24 74 75 34 11 10 60 9 58 57 67 16 69 64 95 66 36 46 47 48 1 89 17 18 80 8 52 53 50 51 90 2 33 32 30 39 88 41 15 86 63 13 73 5 6 42 26 27 78 76 12 68 38 3 35 20 54 14 
95 76 45 88 87 86 63 57 54 90 51 92 23 71 72 4 69 68 38 66 36 35 85 32 30 81 82 78 27 80 75 96 77 50 47 48 1 89 17 18 19 41 15 14 67 13 65 64 12 60 61 58 59 94 28 53 93 55 26 91 74 24 73 5 6 7 42 43 44 3 40 39 37 33 34 84 10 83 9 56 79 52 8 49 20 21 22 70 16 62 2 31 29 25 46 11 
96 65 59 93 92 91 74 43 40 85 37 87 34 82 83 9 80 79 52 77 50 49 90 21 19 70 71 67 16 69 64 95 66 36 61 62 2 94 28 29 30 55 26 25 78 24 76 75 7 46 47 44 45 89 17 39 88 41 15 86 63 13 84 10 11 12 56 57 58 8 54 53 51 22 23 73 5 72 4 42 68 38 3 35 31 32 33 81 27 48 1 20 18 14 60 6 
