144 63
1 2 3 4 5 6 7 8 9 10 11 12 13 14 15 16 17 18 19 20 21 22 23 24 25 26 27 28 29 30 31 32 33 34 35 36 37 38 39 40 41 42 43 44 45 46 47 48 49 50 51 52 53 54 55 56 57 58 59 60 61 62 63 64 65 66 67 68 69 70 71 72 73 74 75 76 77 78 79 80 81 82 83 84 85 86 87 88 89 90 91 92 93 94 95 96 97 98 99 100 101 102 103 104 105 106 107 108 109 110 111 112 113 114 115 116 117 118 119 120 121 122 123 124 125 126 127 128 129 130 131 132 133 134 135 136 137 138 139 140 141 142 143 144 
2 5 8 9 10 11 12 14 17 1 20 21 25 26 27 28 29 30 31 32 33 34 35 36 37 3 40 41 4 45 46 6 7 50 51 52 55 56 57 58 59 60 61 62 63 64 65 66 67 68 69 70 71 72 13 73 74 15 16 78 79 80 18 19 83 84 85 22 23 24 88 89 91 92 93 94 95 96 97 98 99 100 101 102 103 104 105 106 107 108 38 39 109 110 111 42 43 44 114 115 47 48 49 117 118 53 54 120 121 122 123 124 125 126 127 128 129 130 131 132 75 76 77 133 134 81 82 136 86 87 137 90 138 139 140 141 142 112 113 143 116 119 144 135 
3 8 4 13 14 15 16 9 25 26 27 28 1 17 18 19 37 38 39 40 41 42 43 44 2 29 30 31 55 56 57 58 59 60 61 62 5 6 7 45 46 47 48 49 73 74 75 76 77 78 79 80 81 82 10 11 12 63 64 65 66 67 91 92 93 94 95 96 97 98 99 100 20 21 22 23 24 83 84 85 86 87 109 110 111 112 113 114 115 116 32 33 34 35 36 101 102 103 104 105 121 122 123 124 125 126 127 128 50 51 52 53 54 117 118 119 133 134 135 136 68 69 70 71 72 129 130 131 138 139 140 141 88 89 90 137 143 106 107 108 142 144 120 132 
4 9 13 1 17 18 19 25 2 29 30 31 3 37 38 39 5 6 7 45 46 47 48 49 8 55 56 57 10 11 12 63 64 65 66 67 14 15 16 73 74 75 76 77 20 21 22 23 24 83 84 85 86 87 26 27 28 91 92 93 94 95 32 33 34 35 36 101 102 103 104 105 40 41 42 43 44 109 110 111 112 113 50 51 52 53 54 117 118 119 58 59 60 61 62 121 122 123 124 125 68 69 70 71 72 129 130 131 78 79 80 81 82 133 134 135 88 89 90 137 96 97 98 99 100 138 139 140 106 107 108 142 114 115 116 143 120 126 127 128 144 132 136 141 
5 10 14 17 1 20 21 26 29 2 32 33 37 3 40 41 4 45 46 6 7 50 51 52 55 8 58 59 9 63 64 11 12 68 69 70 13 73 74 15 16 78 79 80 18 19 83 84 85 22 23 24 88 89 25 91 92 27 28 96 97 98 30 31 101 102 103 34 35 36 106 107 38 39 109 110 111 42 43 44 114 115 47 48 49 117 118 53 54 120 56 57 121 122 123 60 61 62 126 127 65 66 67 129 130 71 72 132 75 76 77 133 134 81 82 136 86 87 137 90 93 94 95 138 139 99 100 141 104 105 142 108 112 113 143 116 119 124 125 144 128 131 135 140 
6 11 42 18 20 22 23 60 30 32 34 35 75 78 3 81 45 47 48 50 51 1 53 54 93 96 8 99 63 65 66 68 69 2 71 72 109 13 112 14 114 15 16 116 83 84 4 86 87 5 88 89 7 90 121 25 124 26 126 27 28 128 101 102 9 104 105 10 106 107 12 108 37 133 38 39 135 40 41 136 43 44 17 117 118 19 119 21 120 24 55 138 56 57 140 58 59 141 61 62 29 129 130 31 131 33 132 36 73 74 143 76 77 79 80 82 46 137 49 52 91 92 144 94 95 97 98 100 64 142 67 70 110 111 113 115 85 122 123 125 127 103 134 139 
7 36 16 19 21 23 24 62 67 70 72 2 39 41 43 44 46 48 49 51 52 53 54 1 95 98 100 8 103 105 9 107 10 108 11 12 74 76 77 79 80 81 82 3 84 85 86 87 4 88 89 5 90 6 123 125 25 127 26 128 27 28 130 29 131 30 31 132 32 33 34 35 110 111 112 113 13 114 115 14 116 15 117 118 17 119 18 120 20 22 139 55 140 56 57 141 58 59 60 61 142 63 64 65 66 68 69 71 133 134 37 135 38 136 40 42 137 45 47 50 144 91 92 93 94 96 97 99 101 102 104 106 143 73 75 78 83 121 122 124 126 129 109 138 
8 14 9 25 26 27 28 17 37 3 40 41 2 29 30 31 55 56 57 58 59 60 61 62 5 4 45 46 13 73 74 15 16 78 79 80 10 11 12 63 64 65 66 67 91 92 93 94 95 96 97 98 99 100 1 20 21 18 19 83 84 85 38 39 109 110 111 42 43 44 114 115 32 33 34 35 36 101 102 103 104 105 121 122 123 124 125 126 127 128 6 7 50 51 52 47 48 49 117 118 75 76 77 133 134 81 82 136 68 69 70 71 72 129 130 131 138 139 140 141 22 23 24 88 89 86 87 137 112 113 143 116 106 107 108 142 144 53 54 120 119 135 132 90 
9 17 25 2 29 30 31 37 5 4 45 46 8 55 56 57 10 11 12 63 64 65 66 67 14 13 73 74 1 20 21 18 19 83 84 85 26 27 28 91 92 93 94 95 32 33 34 35 36 101 102 103 104 105 3 40 41 38 39 109 110 111 6 7 50 51 52 47 48 49 117 118 58 59 60 61 62 121 122 123 124 125 68 69 70 71 72 129 130 131 15 16 78 79 80 75 76 77 133 134 22 23 24 88 89 86 87 137 96 97 98 99 100 138 139 140 106 107 108 142 42 43 44 114 115 112 113 143 53 54 120 119 126 127 128 144 132 81 82 136 135 90 141 116 
10 1 26 29 2 32 33 3 4 5 6 7 55 8 58 59 9 63 64 11 12 68 69 70 13 14 15 16 17 18 19 20 21 22 23 24 25 91 92 27 28 96 97 98 30 31 101 102 103 34 35 36 106 107 37 38 39 40 41 42 43 44 45 46 47 48 49 50 51 52 53 54 56 57 121 122 123 60 61 62 126 127 65 66 67 129 130 71 72 132 73 74 75 76 77 78 79 80 81 82 83 84 85 86 87 88 89 90 93 94 95 138 139 99 100 141 104 105 142 108 109 110 111 112 113 114 115 116 117 118 119 120 124 125 144 128 131 133 134 135 136 137 140 143 
11 20 60 30 32 34 35 78 45 6 50 51 93 96 8 99 63 65 66 68 69 2 71 72 109 42 14 114 18 83 84 22 23 5 88 89 121 25 124 26 126 27 28 128 101 102 9 104 105 10 106 107 12 108 75 37 133 3 81 40 41 136 47 48 17 117 118 1 53 54 21 120 55 138 56 57 140 58 59 141 61 62 29 129 130 31 131 33 132 36 13 112 73 74 143 15 16 116 79 80 4 86 87 46 137 7 90 52 91 92 144 94 95 97 98 100 64 142 67 70 38 39 135 110 111 43 44 115 19 119 85 24 122 123 125 127 103 76 77 134 82 49 139 113 
12 52 28 31 33 35 36 80 85 24 89 5 57 59 61 62 64 66 67 69 70 71 72 2 111 44 115 14 49 118 17 54 1 120 20 21 92 94 95 97 98 99 100 8 102 103 104 105 9 106 107 10 108 11 77 134 37 82 3 136 40 41 87 4 137 45 46 90 6 7 50 51 122 123 124 125 25 126 127 26 128 27 129 130 29 131 30 132 32 34 113 13 143 73 74 116 15 16 78 79 119 18 19 83 84 22 23 88 138 139 55 140 56 141 58 60 142 63 65 68 135 38 39 109 110 42 43 114 47 48 117 53 144 91 93 96 101 75 76 133 81 86 121 112 
13 25 1 3 37 38 39 2 8 55 56 57 4 5 6 7 14 15 16 73 74 75 76 77 9 10 11 12 26 27 28 91 92 93 94 95 17 18 19 20 21 22 23 24 40 41 42 43 44 109 110 111 112 113 29 30 31 32 33 34 35 36 58 59 60 61 62 121 122 123 124 125 45 46 47 48 49 50 51 52 53 54 78 79 80 81 82 133 134 135 63 64 65 66 67 68 69 70 71 72 96 97 98 99 100 138 139 140 83 84 85 86 87 88 89 90 114 115 116 143 101 102 103 104 105 106 107 108 126 127 128 144 117 118 119 120 136 129 130 131 132 141 137 142 
14 26 17 37 3 40 41 29 55 8 58 59 5 4 45 46 13 73 74 15 16 78 79 80 10 9 63 64 25 91 92 27 28 96 97 98 1 20 21 18 19 83 84 85 38 39 109 110 111 42 43 44 114 115 2 32 33 30 31 101 102 103 56 57 121 122 123 60 61 62 126 127 6 7 50 51 52 47 48 49 117 118 75 76 77 133 134 81 82 136 11 12 68 69 70 65 66 67 129 130 93 94 95 138 139 99 100 141 22 23 24 88 89 86 87 137 112 113 143 116 34 35 36 106 107 104 105 142 124 125 144 128 53 54 120 119 135 71 72 132 131 140 90 108 
15 27 47 38 40 42 43 65 56 58 60 61 22 83 4 86 73 75 76 78 79 3 81 82 34 101 9 104 91 93 94 96 97 8 99 100 50 1 53 17 117 18 19 119 109 110 13 112 113 14 114 115 16 116 68 2 71 29 129 30 31 131 121 122 25 124 125 26 126 127 28 128 5 88 6 7 90 45 46 137 48 49 37 133 134 39 135 41 136 44 10 106 11 12 108 63 64 142 66 67 55 138 139 57 140 59 141 62 20 21 120 23 24 84 85 87 74 143 77 80 32 33 132 35 36 102 103 105 92 144 95 98 51 52 54 118 111 69 70 72 130 123 89 107 
16 62 19 39 41 43 44 67 95 98 100 8 7 46 48 49 74 76 77 79 80 81 82 3 36 103 105 9 123 125 25 127 26 128 27 28 21 23 24 84 85 86 87 4 110 111 112 113 13 114 115 14 116 15 70 72 2 130 29 131 30 31 139 55 140 56 57 141 58 59 60 61 51 52 53 54 1 117 118 17 119 18 133 134 37 135 38 136 40 42 107 10 108 11 12 142 63 64 65 66 144 91 92 93 94 96 97 99 88 89 5 90 6 137 45 47 143 73 75 78 132 32 33 34 35 101 102 104 121 122 124 126 120 20 22 83 109 68 69 71 129 138 50 106 
17 29 37 5 4 45 46 55 10 9 63 64 14 13 73 74 1 20 21 18 19 83 84 85 26 25 91 92 2 32 33 30 31 101 102 103 3 40 41 38 39 109 110 111 6 7 50 51 52 47 48 49 117 118 8 58 59 56 57 121 122 123 11 12 68 69 70 65 66 67 129 130 15 16 78 79 80 75 76 77 133 134 22 23 24 88 89 86 87 137 27 28 96 97 98 93 94 95 138 139 34 35 36 106 107 104 105 142 42 43 44 114 115 112 113 143 53 54 120 119 60 61 62 126 127 124 125 144 71 72 132 131 81 82 136 135 90 99 100 141 140 108 116 128 
18 30 75 6 45 47 48 93 11 63 65 66 42 109 13 112 20 22 23 83 84 4 86 87 60 121 25 124 32 34 35 101 102 9 104 105 78 3 81 37 133 38 39 135 50 51 1 53 54 17 117 118 19 119 96 8 99 55 138 56 57 140 68 69 2 71 72 29 129 130 31 131 14 114 15 16 116 73 74 143 76 77 5 88 89 7 90 46 137 49 26 126 27 28 128 91 92 144 94 95 10 106 107 12 108 64 142 67 40 41 136 43 44 110 111 113 21 120 24 85 58 59 141 61 62 122 123 125 33 132 36 103 79 80 82 134 52 97 98 100 139 70 115 127 
19 67 39 7 46 48 49 95 36 103 105 9 16 74 76 77 21 23 24 84 85 86 87 4 62 123 125 25 70 72 2 130 29 131 30 31 41 43 44 110 111 112 113 13 51 52 53 54 1 117 118 17 119 18 98 100 8 139 55 140 56 57 107 10 108 11 12 142 63 64 65 66 79 80 81 82 3 133 134 37 135 38 88 89 5 90 6 137 45 47 127 26 128 27 28 144 91 92 93 94 132 32 33 34 35 101 102 104 114 115 14 116 15 143 73 75 120 20 22 83 141 58 59 60 61 121 122 124 68 69 71 129 136 40 42 109 50 96 97 99 138 106 78 126 
20 32 78 45 6 50 51 96 63 11 68 69 109 42 14 114 18 83 84 22 23 5 88 89 121 60 26 126 30 101 102 34 35 10 106 107 75 37 133 3 81 40 41 136 47 48 17 117 118 1 53 54 21 120 93 55 138 8 99 58 59 141 65 66 29 129 130 2 71 72 33 132 13 112 73 74 143 15 16 116 79 80 4 86 87 46 137 7 90 52 25 124 91 92 144 27 28 128 97 98 9 104 105 64 142 12 108 70 38 39 135 110 111 43 44 115 19 119 85 24 56 57 140 122 123 61 62 127 31 131 103 36 76 77 134 82 49 94 95 139 100 67 113 125 
21 70 41 46 7 51 52 98 103 36 107 10 74 16 79 80 19 84 85 23 24 88 89 5 123 62 127 26 67 130 29 72 2 132 32 33 39 110 111 43 44 114 115 14 48 49 117 118 17 53 54 1 120 20 95 139 55 100 8 141 58 59 105 9 142 63 64 108 11 12 68 69 76 77 133 134 37 81 82 3 136 40 86 87 4 137 45 90 6 50 125 25 144 91 92 128 27 28 96 97 131 30 31 101 102 34 35 106 112 113 13 143 73 116 15 78 119 18 83 22 140 56 57 121 122 60 61 126 65 66 129 71 135 38 109 42 47 93 94 138 99 104 75 124 
22 34 15 47 50 1 53 27 65 68 2 71 38 40 42 43 83 4 86 5 88 6 7 90 56 58 60 61 101 9 104 10 106 11 12 108 73 75 76 78 79 3 81 82 17 117 18 19 119 20 21 120 23 24 91 93 94 96 97 8 99 100 29 129 30 31 131 32 33 132 35 36 109 110 13 112 113 14 114 115 16 116 45 46 137 48 49 51 52 54 121 122 25 124 125 26 126 127 28 128 63 64 142 66 67 69 70 72 37 133 134 39 135 41 136 44 84 85 87 89 55 138 139 57 140 59 141 62 102 103 105 107 74 143 77 80 118 92 144 95 98 130 111 123 
23 72 81 48 51 53 54 128 105 107 108 11 112 114 16 116 84 86 87 88 89 7 90 6 140 141 62 60 130 131 30 132 32 36 34 35 133 39 135 41 136 43 44 42 117 118 19 119 18 21 120 20 24 22 144 95 93 98 96 100 8 99 142 63 67 65 66 70 68 69 2 71 74 143 76 77 75 79 80 78 82 3 46 137 45 49 47 52 50 1 123 121 125 25 124 127 26 126 27 28 103 101 102 9 104 10 106 12 110 111 109 113 13 115 14 15 85 83 4 5 139 55 138 56 57 58 59 61 29 129 31 33 134 37 38 40 17 91 92 94 97 64 73 122 
24 12 44 49 52 54 1 28 31 33 35 36 77 80 82 3 85 87 4 89 5 90 6 7 57 59 61 62 64 66 67 69 70 71 72 2 111 113 13 115 14 116 15 16 118 17 119 18 19 120 20 21 22 23 92 94 95 97 98 99 100 8 102 103 104 105 9 106 107 10 108 11 134 37 135 38 39 136 40 41 42 43 137 45 46 47 48 50 51 53 122 123 124 125 25 126 127 26 128 27 129 130 29 131 30 132 32 34 143 73 74 75 76 78 79 81 83 84 86 88 138 139 55 140 56 141 58 60 142 63 65 68 109 110 112 114 117 144 91 93 96 101 133 121 
25 37 2 8 55 56 57 5 14 13 73 74 9 10 11 12 26 27 28 91 92 93 94 95 17 1 20 21 3 40 41 38 39 109 110 111 29 30 31 32 33 34 35 36 58 59 60 61 62 121 122 123 124 125 4 45 46 6 7 50 51 52 15 16 78 79 80 75 76 77 133 134 63 64 65 66 67 68 69 70 71 72 96 97 98 99 100 138 139 140 18 19 83 84 85 22 23 24 88 89 42 43 44 114 115 112 113 143 101 102 103 104 105 106 107 108 126 127 128 144 47 48 49 117 118 53 54 120 81 82 136 135 129 130 131 132 141 86 87 137 90 116 142 119 
26 3 29 55 8 58 59 4 13 14 15 16 10 9 63 64 25 91 92 27 28 96 97 98 1 17 18 19 37 38 39 40 41 42 43 44 2 32 33 30 31 101 102 103 56 57 121 122 123 60 61 62 126 127 5 6 7 45 46 47 48 49 73 74 75 76 77 78 79 80 81 82 11 12 68 69 70 65 66 67 129 130 93 94 95 138 139 99 100 141 20 21 22 23 24 83 84 85 86 87 109 110 111 112 113 114 115 116 34 35 36 106 107 104 105 142 124 125 144 128 50 51 52 53 54 117 118 119 133 134 135 136 71 72 132 131 140 88 89 90 137 143 108 120 
27 40 65 56 58 60 61 83 73 15 78 79 34 101 9 104 91 93 94 96 97 8 99 100 50 47 17 117 38 109 110 42 43 14 114 115 68 2 71 29 129 30 31 131 121 122 25 124 125 26 126 127 28 128 22 5 88 4 86 45 46 137 75 76 37 133 134 3 81 82 41 136 10 106 11 12 108 63 64 142 66 67 55 138 139 57 140 59 141 62 1 53 20 21 120 18 19 119 84 85 13 112 113 74 143 16 116 80 32 33 132 35 36 102 103 105 92 144 95 98 6 7 90 51 52 48 49 118 39 135 111 44 69 70 72 130 123 23 24 89 87 77 107 54 
28 80 31 57 59 61 62 85 111 44 115 14 12 64 66 67 92 94 95 97 98 99 100 8 52 49 118 17 77 134 37 82 3 136 40 41 33 35 36 102 103 104 105 9 122 123 124 125 25 126 127 26 128 27 24 89 5 87 4 137 45 46 113 13 143 73 74 116 15 16 78 79 69 70 71 72 2 129 130 29 131 30 138 139 55 140 56 141 58 60 54 1 120 20 21 119 18 19 83 84 135 38 39 109 110 42 43 114 106 107 10 108 11 142 63 65 144 91 93 96 90 6 7 50 51 47 48 117 75 76 133 81 132 32 34 101 121 22 23 88 86 112 68 53 
29 4 55 10 9 63 64 13 1 17 18 19 26 25 91 92 2 32 33 30 31 101 102 103 3 37 38 39 5 6 7 45 46 47 48 49 8 58 59 56 57 121 122 123 11 12 68 69 70 65 66 67 129 130 14 15 16 73 74 75 76 77 20 21 22 23 24 83 84 85 86 87 27 28 96 97 98 93 94 95 138 139 34 35 36 106 107 104 105 142 40 41 42 43 44 109 110 111 112 113 50 51 52 53 54 117 118 119 60 61 62 126 127 124 125 144 71 72 132 131 78 79 80 81 82 133 134 135 88 89 90 137 99 100 141 140 108 114 115 116 143 120 128 136 
30 45 93 11 63 65 66 109 20 18 83 84 60 121 25 124 32 34 35 101 102 9 104 105 78 75 37 133 6 50 51 47 48 17 117 118 96 8 99 55 138 56 57 140 68 69 2 71 72 29 129 130 31 131 42 14 114 13 112 73 74 143 22 23 5 88 89 4 86 87 46 137 26 126 27 28 128 91 92 144 94 95 10 106 107 12 108 64 142 67 3 81 40 41 136 38 39 135 110 111 1 53 54 21 120 19 119 85 58 59 141 61 62 122 123 125 33 132 36 103 15 16 116 79 80 76 77 134 7 90 52 49 97 98 100 139 70 43 44 115 113 24 127 82 
31 85 57 12 64 66 67 111 52 49 118 17 28 92 94 95 33 35 36 102 103 104 105 9 80 77 134 37 24 89 5 87 4 137 45 46 59 61 62 122 123 124 125 25 69 70 71 72 2 129 130 29 131 30 44 115 14 113 13 143 73 74 54 1 120 20 21 119 18 19 83 84 97 98 99 100 8 138 139 55 140 56 106 107 10 108 11 142 63 65 82 3 136 40 41 135 38 39 109 110 90 6 7 50 51 47 48 117 126 127 26 128 27 144 91 93 132 32 34 101 116 15 16 78 79 75 76 133 22 23 88 86 141 58 60 121 68 42 43 114 112 53 96 81 
32 6 96 63 11 68 69 42 18 20 22 23 121 60 26 126 30 101 102 34 35 10 106 107 75 78 3 81 45 47 48 50 51 1 53 54 93 55 138 8 99 58 59 141 65 66 29 129 130 2 71 72 33 132 109 13 112 14 114 15 16 116 83 84 4 86 87 5 88 89 7 90 25 124 91 92 144 27 28 128 97 98 9 104 105 64 142 12 108 70 37 133 38 39 135 40 41 136 43 44 17 117 118 19 119 21 120 24 56 57 140 122 123 61 62 127 31 131 103 36 73 74 143 76 77 79 80 82 46 137 49 52 94 95 139 100 67 110 111 113 115 85 125 134 
33 24 59 64 12 69 70 44 49 52 54 1 92 28 97 98 31 102 103 35 36 106 107 10 77 80 82 3 85 87 4 89 5 90 6 7 57 122 123 61 62 126 127 26 66 67 129 130 29 71 72 2 132 32 111 113 13 115 14 116 15 16 118 17 119 18 19 120 20 21 22 23 94 95 138 139 55 99 100 8 141 58 104 105 9 142 63 108 11 68 134 37 135 38 39 136 40 41 42 43 137 45 46 47 48 50 51 53 124 125 25 144 91 128 27 96 131 30 101 34 143 73 74 75 76 78 79 81 83 84 86 88 140 56 121 60 65 109 110 112 114 117 93 133 
34 50 27 65 68 2 71 40 83 22 5 88 56 58 60 61 101 9 104 10 106 11 12 108 73 15 78 79 47 17 117 1 53 20 21 120 91 93 94 96 97 8 99 100 29 129 30 31 131 32 33 132 35 36 38 109 110 42 43 14 114 115 4 86 45 46 137 6 7 90 51 52 121 122 25 124 125 26 126 127 28 128 63 64 142 66 67 69 70 72 75 76 37 133 134 3 81 82 41 136 18 19 119 84 85 23 24 89 55 138 139 57 140 59 141 62 102 103 105 107 13 112 113 74 143 16 116 80 48 49 118 54 92 144 95 98 130 39 135 111 44 87 123 77 
35 89 99 66 69 71 72 136 118 54 120 20 124 126 28 128 102 104 105 106 107 12 108 11 143 116 80 78 87 137 45 90 6 52 50 51 138 57 140 59 141 61 62 60 129 130 31 131 30 33 132 32 36 34 135 111 109 44 42 115 14 114 119 18 85 83 84 24 22 23 5 88 92 144 94 95 93 97 98 96 100 8 64 142 63 67 65 70 68 2 77 75 134 37 133 82 3 81 40 41 49 47 48 17 117 1 53 21 122 123 121 125 25 127 26 27 103 101 9 10 113 13 112 73 74 15 16 79 4 86 46 7 139 55 56 58 29 38 39 110 43 19 91 76 
36 21 62 67 70 72 2 41 46 7 51 52 95 98 100 8 103 105 9 107 10 108 11 12 74 16 79 80 19 84 85 23 24 88 89 5 123 125 25 127 26 128 27 28 130 29 131 30 31 132 32 33 34 35 39 110 111 43 44 114 115 14 48 49 117 118 17 53 54 1 120 20 139 55 140 56 57 141 58 59 60 61 142 63 64 65 66 68 69 71 76 77 133 134 37 81 82 3 136 40 86 87 4 137 45 90 6 50 144 91 92 93 94 96 97 99 101 102 104 106 112 113 13 143 73 116 15 78 119 18 83 22 121 122 124 126 129 135 38 109 42 47 138 75 
37 55 5 14 13 73 74 10 26 25 91 92 17 1 20 21 3 40 41 38 39 109 110 111 29 2 32 33 8 58 59 56 57 121 122 123 4 45 46 6 7 50 51 52 15 16 78 79 80 75 76 77 133 134 9 63 64 11 12 68 69 70 27 28 96 97 98 93 94 95 138 139 18 19 83 84 85 22 23 24 88 89 42 43 44 114 115 112 113 143 30 31 101 102 103 34 35 36 106 107 60 61 62 126 127 124 125 144 47 48 49 117 118 53 54 120 81 82 136 135 65 66 67 129 130 71 72 132 99 100 141 140 86 87 137 90 116 104 105 142 108 128 119 131 
38 56 22 15 73 75 76 34 27 91 93 94 47 50 1 53 40 42 43 109 110 13 112 113 65 68 2 71 58 60 61 121 122 25 124 125 83 4 86 5 88 6 7 90 78 79 3 81 82 37 133 134 39 135 101 9 104 10 106 11 12 108 96 97 8 99 100 55 138 139 57 140 17 117 18 19 119 20 21 120 23 24 14 114 115 16 116 74 143 77 29 129 30 31 131 32 33 132 35 36 26 126 127 28 128 92 144 95 45 46 137 48 49 51 52 54 41 136 44 111 63 64 142 66 67 69 70 72 59 141 62 123 84 85 87 89 80 102 103 105 107 98 118 130 
39 95 7 16 74 76 77 36 62 123 125 25 19 21 23 24 41 43 44 110 111 112 113 13 67 70 72 2 98 100 8 139 55 140 56 57 46 48 49 51 52 53 54 1 79 80 81 82 3 133 134 37 135 38 103 105 9 107 10 108 11 12 127 26 128 27 28 144 91 92 93 94 84 85 86 87 4 88 89 5 90 6 114 115 14 116 15 143 73 75 130 29 131 30 31 132 32 33 34 35 141 58 59 60 61 121 122 124 117 118 17 119 18 120 20 22 136 40 42 109 142 63 64 65 66 68 69 71 96 97 99 138 137 45 47 50 78 101 102 104 106 126 83 129 
40 58 83 73 15 78 79 101 91 27 96 97 50 47 17 117 38 109 110 42 43 14 114 115 68 65 29 129 56 121 122 60 61 26 126 127 22 5 88 4 86 45 46 137 75 76 37 133 134 3 81 82 41 136 34 10 106 9 104 63 64 142 93 94 55 138 139 8 99 100 59 141 1 53 20 21 120 18 19 119 84 85 13 112 113 74 143 16 116 80 2 71 32 33 132 30 31 131 102 103 25 124 125 92 144 28 128 98 6 7 90 51 52 48 49 118 39 135 111 44 11 12 108 69 70 66 67 130 57 140 123 62 23 24 89 87 77 35 36 107 105 95 54 72 
41 98 46 74 16 79 80 103 123 62 127 26 21 19 84 85 39 110 111 43 44 114 115 14 70 67 130 29 95 139 55 100 8 141 58 59 7 51 52 48 49 117 118 17 76 77 133 134 37 81 82 3 136 40 36 107 10 105 9 142 63 64 125 25 144 91 92 128 27 28 96 97 23 24 88 89 5 86 87 4 137 45 112 113 13 143 73 116 15 78 72 2 132 32 33 131 30 31 101 102 140 56 57 121 122 60 61 126 53 54 1 120 20 119 18 83 135 38 109 42 108 11 12 68 69 65 66 129 93 94 138 99 90 6 50 47 75 34 35 106 104 124 22 71 
42 60 18 75 78 3 81 30 93 96 8 99 6 45 47 48 109 13 112 14 114 15 16 116 11 63 65 66 121 25 124 26 126 27 28 128 20 22 23 83 84 4 86 87 37 133 38 39 135 40 41 136 43 44 32 34 35 101 102 9 104 105 55 138 56 57 140 58 59 141 61 62 50 51 1 53 54 17 117 118 19 119 73 74 143 76 77 79 80 82 68 69 2 71 72 29 129 130 31 131 91 92 144 94 95 97 98 100 5 88 89 7 90 46 137 49 110 111 113 115 10 106 107 12 108 64 142 67 122 123 125 127 21 120 24 85 134 33 132 36 103 139 52 70 
43 100 86 76 79 81 82 131 125 127 128 27 53 117 19 119 110 112 113 114 115 16 116 15 108 142 67 65 139 140 56 141 58 62 60 61 88 7 90 46 137 48 49 47 133 134 39 135 38 41 136 40 44 42 132 36 34 103 101 105 9 104 144 91 95 93 94 98 96 97 8 99 21 120 23 24 22 84 85 83 87 4 74 143 73 77 75 80 78 3 70 68 72 2 71 130 29 129 30 31 123 121 122 25 124 26 126 28 51 52 50 54 1 118 17 18 111 109 13 14 107 10 106 11 12 63 64 66 55 138 57 59 89 5 6 45 37 32 33 35 102 92 20 69 
44 28 49 77 80 82 3 31 57 59 61 62 24 85 87 4 111 113 13 115 14 116 15 16 12 64 66 67 92 94 95 97 98 99 100 8 52 54 1 118 17 119 18 19 134 37 135 38 39 136 40 41 42 43 33 35 36 102 103 104 105 9 122 123 124 125 25 126 127 26 128 27 89 5 90 6 7 137 45 46 47 48 143 73 74 75 76 78 79 81 69 70 71 72 2 129 130 29 131 30 138 139 55 140 56 141 58 60 120 20 21 22 23 83 84 86 109 110 112 114 106 107 10 108 11 142 63 65 144 91 93 96 50 51 53 117 133 132 32 34 101 121 88 68 
45 63 109 20 18 83 84 121 32 30 101 102 78 75 37 133 6 50 51 47 48 17 117 118 96 93 55 138 11 68 69 65 66 29 129 130 42 14 114 13 112 73 74 143 22 23 5 88 89 4 86 87 46 137 60 26 126 25 124 91 92 144 34 35 10 106 107 9 104 105 64 142 3 81 40 41 136 38 39 135 110 111 1 53 54 21 120 19 119 85 8 99 58 59 141 56 57 140 122 123 2 71 72 33 132 31 131 103 15 16 116 79 80 76 77 134 7 90 52 49 27 28 128 97 98 94 95 139 12 108 70 67 43 44 115 113 24 61 62 127 125 36 82 100 
46 103 74 21 19 84 85 123 70 67 130 29 41 39 110 111 7 51 52 48 49 117 118 17 98 95 139 55 36 107 10 105 9 142 63 64 16 79 80 76 77 133 134 37 23 24 88 89 5 86 87 4 137 45 62 127 26 125 25 144 91 92 72 2 132 32 33 131 30 31 101 102 43 44 114 115 14 112 113 13 143 73 53 54 1 120 20 119 18 83 100 8 141 58 59 140 56 57 121 122 108 11 12 68 69 65 66 129 81 82 3 136 40 135 38 109 90 6 50 47 128 27 28 96 97 93 94 138 34 35 106 104 116 15 78 75 22 60 61 126 124 71 42 99 
47 65 38 22 83 4 86 56 34 101 9 104 15 73 75 76 50 1 53 17 117 18 19 119 27 91 93 94 68 2 71 29 129 30 31 131 40 42 43 109 110 13 112 113 5 88 6 7 90 45 46 137 48 49 58 60 61 121 122 25 124 125 10 106 11 12 108 63 64 142 66 67 78 79 3 81 82 37 133 134 39 135 20 21 120 23 24 84 85 87 96 97 8 99 100 55 138 139 57 140 32 33 132 35 36 102 103 105 14 114 115 16 116 74 143 77 51 52 54 118 26 126 127 28 128 92 144 95 69 70 72 130 41 136 44 111 89 59 141 62 123 107 80 98 
48 105 112 23 84 86 87 140 72 130 131 30 81 133 39 135 51 53 54 117 118 19 119 18 128 144 95 93 107 108 11 142 63 67 65 66 114 16 116 74 143 76 77 75 88 89 7 90 6 46 137 45 49 47 141 62 60 123 121 125 25 124 132 32 36 34 35 103 101 102 9 104 41 136 43 44 42 110 111 109 113 13 21 120 20 24 22 85 83 4 98 96 100 8 99 139 55 138 56 57 70 68 69 2 71 29 129 31 79 80 78 82 3 134 37 38 52 50 1 17 127 26 126 27 28 91 92 94 10 106 12 64 115 14 15 73 5 58 59 61 122 33 40 97 
49 31 77 24 85 87 4 57 12 64 66 67 44 111 113 13 52 54 1 118 17 119 18 19 28 92 94 95 33 35 36 102 103 104 105 9 80 82 3 134 37 135 38 39 89 5 90 6 7 137 45 46 47 48 59 61 62 122 123 124 125 25 69 70 71 72 2 129 130 29 131 30 115 14 116 15 16 143 73 74 75 76 120 20 21 22 23 83 84 86 97 98 99 100 8 138 139 55 140 56 106 107 10 108 11 142 63 65 136 40 41 42 43 109 110 112 50 51 53 117 126 127 26 128 27 144 91 93 132 32 34 101 78 79 81 133 88 141 58 60 121 68 114 96 
50 68 40 83 22 5 88 58 101 34 10 106 73 15 78 79 47 17 117 1 53 20 21 120 91 27 96 97 65 29 129 2 71 32 33 132 38 109 110 42 43 14 114 115 4 86 45 46 137 6 7 90 51 52 56 121 122 60 61 26 126 127 9 104 63 64 142 11 12 108 69 70 75 76 37 133 134 3 81 82 41 136 18 19 119 84 85 23 24 89 93 94 55 138 139 8 99 100 59 141 30 31 131 102 103 35 36 107 13 112 113 74 143 16 116 80 48 49 118 54 25 124 125 92 144 28 128 98 66 67 130 72 39 135 111 44 87 57 140 123 62 105 77 95 
51 107 114 84 23 88 89 141 130 72 132 32 133 81 41 136 48 117 118 53 54 21 120 20 144 128 98 96 105 142 63 108 11 70 68 69 112 74 143 16 116 79 80 78 86 87 46 137 45 7 90 6 52 50 140 123 121 62 60 127 26 126 131 30 103 101 102 36 34 35 10 106 39 135 110 111 109 43 44 42 115 14 19 119 18 85 83 24 22 5 95 93 139 55 138 100 8 99 58 59 67 65 66 29 129 2 71 33 76 77 75 134 37 82 3 40 49 47 17 1 125 25 124 91 92 27 28 97 9 104 64 12 113 13 73 15 4 56 57 122 61 31 38 94 
52 33 80 85 24 89 5 59 64 12 69 70 111 44 115 14 49 118 17 54 1 120 20 21 92 28 97 98 31 102 103 35 36 106 107 10 77 134 37 82 3 136 40 41 87 4 137 45 46 90 6 7 50 51 57 122 123 61 62 126 127 26 66 67 129 130 29 71 72 2 132 32 113 13 143 73 74 116 15 16 78 79 119 18 19 83 84 22 23 88 94 95 138 139 55 99 100 8 141 58 104 105 9 142 63 108 11 68 135 38 39 109 110 42 43 114 47 48 117 53 124 125 25 144 91 128 27 96 131 30 101 34 75 76 133 81 86 140 56 121 60 65 112 93 
53 108 43 86 88 7 90 100 131 132 36 34 76 79 81 82 117 19 119 21 120 23 24 22 125 127 128 27 142 67 65 70 68 72 2 71 110 112 113 114 115 16 116 15 46 137 48 49 47 51 52 50 54 1 139 140 56 141 58 62 60 61 103 101 105 9 104 107 10 106 11 12 133 134 39 135 38 41 136 40 44 42 84 85 83 87 4 89 5 6 144 91 95 93 94 98 96 97 8 99 130 29 129 30 31 32 33 35 74 143 73 77 75 80 78 3 118 17 18 20 123 121 122 25 124 26 126 28 63 64 66 69 111 109 13 14 45 55 138 57 59 102 37 92 
54 35 116 87 89 90 6 99 66 69 71 72 135 136 44 42 118 119 18 120 20 24 22 23 124 126 28 128 102 104 105 106 107 12 108 11 143 77 75 80 78 82 3 81 137 45 49 47 48 52 50 51 1 53 138 57 140 59 141 61 62 60 129 130 31 131 30 33 132 32 36 34 111 109 113 13 112 115 14 114 15 16 85 83 84 4 86 5 88 7 92 144 94 95 93 97 98 96 100 8 64 142 63 67 65 70 68 2 134 37 133 38 39 40 41 43 17 117 19 21 122 123 121 125 25 127 26 27 103 101 9 10 73 74 76 79 46 139 55 56 58 29 110 91 
55 13 10 26 25 91 92 1 3 37 38 39 29 2 32 33 8 58 59 56 57 121 122 123 4 5 6 7 14 15 16 73 74 75 76 77 9 63 64 11 12 68 69 70 27 28 96 97 98 93 94 95 138 139 17 18 19 20 21 22 23 24 40 41 42 43 44 109 110 111 112 113 30 31 101 102 103 34 35 36 106 107 60 61 62 126 127 124 125 144 45 46 47 48 49 50 51 52 53 54 78 79 80 81 82 133 134 135 65 66 67 129 130 71 72 132 99 100 141 140 83 84 85 86 87 88 89 90 114 115 116 143 104 105 142 108 128 117 118 119 120 136 131 137 
56 73 34 27 91 93 94 50 40 38 109 110 65 68 2 71 58 60 61 121 122 25 124 125 83 22 5 88 15 78 79 75 76 37 133 134 101 9 104 10 106 11 12 108 96 97 8 99 100 55 138 139 57 140 47 17 117 1 53 20 21 120 42 43 14 114 115 13 112 113 74 143 29 129 30 31 131 32 33 132 35 36 26 126 127 28 128 92 144 95 4 86 45 46 137 6 7 90 51 52 3 81 82 41 136 39 135 111 63 64 142 66 67 69 70 72 59 141 62 123 18 19 119 84 85 23 24 89 16 116 80 77 102 103 105 107 98 48 49 118 54 44 130 87 
57 111 12 28 92 94 95 52 80 77 134 37 31 33 35 36 59 61 62 122 123 124 125 25 85 24 89 5 44 115 14 113 13 143 73 74 64 66 67 69 70 71 72 2 97 98 99 100 8 138 139 55 140 56 49 118 17 54 1 120 20 21 82 3 136 40 41 135 38 39 109 110 102 103 104 105 9 106 107 10 108 11 126 127 26 128 27 144 91 93 87 4 137 45 46 90 6 7 50 51 116 15 16 78 79 75 76 133 129 130 29 131 30 132 32 34 141 58 60 121 119 18 19 83 84 22 23 88 42 43 114 112 142 63 65 68 96 47 48 117 53 81 101 86 
58 15 101 91 27 96 97 47 38 40 42 43 68 65 29 129 56 121 122 60 61 26 126 127 22 83 4 86 73 75 76 78 79 3 81 82 34 10 106 9 104 63 64 142 93 94 55 138 139 8 99 100 59 141 50 1 53 17 117 18 19 119 109 110 13 112 113 14 114 115 16 116 2 71 32 33 132 30 31 131 102 103 25 124 125 92 144 28 128 98 5 88 6 7 90 45 46 137 48 49 37 133 134 39 135 41 136 44 11 12 108 69 70 66 67 130 57 140 123 62 20 21 120 23 24 84 85 87 74 143 77 80 35 36 107 105 95 51 52 54 118 111 72 89 
59 44 64 92 28 97 98 49 77 80 82 3 33 31 102 103 57 122 123 61 62 126 127 26 24 85 87 4 111 113 13 115 14 116 15 16 12 69 70 66 67 129 130 29 94 95 138 139 55 99 100 8 141 58 52 54 1 118 17 119 18 19 134 37 135 38 39 136 40 41 42 43 35 36 106 107 10 104 105 9 142 63 124 125 25 144 91 128 27 96 89 5 90 6 7 137 45 46 47 48 143 73 74 75 76 78 79 81 71 72 2 132 32 131 30 101 140 56 121 60 120 20 21 22 23 83 84 86 109 110 112 114 108 11 68 65 93 50 51 53 117 133 34 88 
60 78 30 93 96 8 99 45 109 42 14 114 11 63 65 66 121 25 124 26 126 27 28 128 20 18 83 84 75 37 133 3 81 40 41 136 32 34 35 101 102 9 104 105 55 138 56 57 140 58 59 141 61 62 6 50 51 47 48 17 117 118 13 112 73 74 143 15 16 116 79 80 68 69 2 71 72 29 129 130 31 131 91 92 144 94 95 97 98 100 22 23 5 88 89 4 86 87 46 137 38 39 135 110 111 43 44 115 10 106 107 12 108 64 142 67 122 123 125 127 1 53 54 21 120 19 119 85 76 77 134 82 33 132 36 103 139 7 90 52 49 113 70 24 
61 115 104 94 97 99 100 137 134 82 136 40 71 129 31 131 122 124 125 126 127 28 128 27 120 119 85 83 113 143 73 116 15 80 78 79 106 12 108 64 142 66 67 65 138 139 57 140 56 59 141 58 62 60 90 52 50 49 47 118 17 117 135 38 111 109 110 44 42 43 14 114 33 132 35 36 34 102 103 101 105 9 92 144 91 95 93 98 96 8 24 22 89 5 88 87 4 86 45 46 77 75 76 37 133 3 81 41 69 70 68 72 2 130 29 30 123 121 25 26 54 1 53 20 21 18 19 84 13 112 74 16 107 10 11 63 55 6 7 51 48 39 32 23 
62 41 67 95 98 100 8 46 74 16 79 80 36 103 105 9 123 125 25 127 26 128 27 28 21 19 84 85 39 110 111 43 44 114 115 14 70 72 2 130 29 131 30 31 139 55 140 56 57 141 58 59 60 61 7 51 52 48 49 117 118 17 76 77 133 134 37 81 82 3 136 40 107 10 108 11 12 142 63 64 65 66 144 91 92 93 94 96 97 99 23 24 88 89 5 86 87 4 137 45 112 113 13 143 73 116 15 78 132 32 33 34 35 101 102 104 121 122 124 126 53 54 1 120 20 119 18 83 135 38 109 42 68 69 71 129 138 90 6 50 47 75 106 22 
63 18 121 32 30 101 102 75 6 45 47 48 96 93 55 138 11 68 69 65 66 29 129 130 42 109 13 112 20 22 23 83 84 4 86 87 60 26 126 25 124 91 92 144 34 35 10 106 107 9 104 105 64 142 78 3 81 37 133 38 39 135 50 51 1 53 54 17 117 118 19 119 8 99 58 59 141 56 57 140 122 123 2 71 72 33 132 31 131 103 14 114 15 16 116 73 74 143 76 77 5 88 89 7 90 46 137 49 27 28 128 97 98 94 95 139 12 108 70 67 40 41 136 43 44 110 111 113 21 120 24 85 61 62 127 125 36 79 80 82 134 52 100 115 
64 49 92 33 31 102 103 77 24 85 87 4 59 57 122 123 12 69 70 66 67 129 130 29 44 111 113 13 52 54 1 118 17 119 18 19 28 97 98 94 95 138 139 55 35 36 106 107 10 104 105 9 142 63 80 82 3 134 37 135 38 39 89 5 90 6 7 137 45 46 47 48 61 62 126 127 26 124 125 25 144 91 71 72 2 132 32 131 30 101 115 14 116 15 16 143 73 74 75 76 120 20 21 22 23 83 84 86 99 100 8 141 58 140 56 121 108 11 68 65 136 40 41 42 43 109 110 112 50 51 53 117 128 27 96 93 34 78 79 81 133 88 60 114 
65 83 56 34 101 9 104 73 50 47 17 117 27 91 93 94 68 2 71 29 129 30 31 131 40 38 109 110 22 5 88 4 86 45 46 137 58 60 61 121 122 25 124 125 10 106 11 12 108 63 64 142 66 67 15 78 79 75 76 37 133 134 1 53 20 21 120 18 19 119 84 85 96 97 8 99 100 55 138 139 57 140 32 33 132 35 36 102 103 105 42 43 14 114 115 13 112 113 74 143 6 7 90 51 52 48 49 118 26 126 127 28 128 92 144 95 69 70 72 130 3 81 82 41 136 39 135 111 23 24 89 87 59 141 62 123 107 16 116 80 77 54 98 44 
66 118 124 35 102 104 105 143 89 87 137 45 99 138 57 140 69 71 72 129 130 31 131 30 136 135 111 109 54 120 20 119 18 85 83 84 126 28 128 92 144 94 95 93 106 107 12 108 11 64 142 63 67 65 116 80 78 77 75 134 37 133 90 6 52 50 51 49 47 48 17 117 59 141 61 62 60 122 123 121 125 25 33 132 32 36 34 103 101 9 44 42 115 14 114 113 13 112 73 74 24 22 23 5 88 4 86 46 97 98 96 100 8 139 55 56 70 68 2 29 82 3 81 40 41 38 39 110 1 53 21 19 127 26 27 91 10 15 16 79 76 7 58 43 
67 46 95 36 103 105 9 74 21 19 84 85 62 123 125 25 70 72 2 130 29 131 30 31 41 39 110 111 7 51 52 48 49 117 118 17 98 100 8 139 55 140 56 57 107 10 108 11 12 142 63 64 65 66 16 79 80 76 77 133 134 37 23 24 88 89 5 86 87 4 137 45 127 26 128 27 28 144 91 92 93 94 132 32 33 34 35 101 102 104 43 44 114 115 14 112 113 13 143 73 53 54 1 120 20 119 18 83 141 58 59 60 61 121 122 124 68 69 71 129 81 82 3 136 40 135 38 109 90 6 50 47 96 97 99 138 106 116 15 78 75 22 126 42 
68 22 58 101 34 10 106 15 47 50 1 53 91 27 96 97 65 29 129 2 71 32 33 132 38 40 42 43 83 4 86 5 88 6 7 90 56 121 122 60 61 26 126 127 9 104 63 64 142 11 12 108 69 70 73 75 76 78 79 3 81 82 17 117 18 19 119 20 21 120 23 24 93 94 55 138 139 8 99 100 59 141 30 31 131 102 103 35 36 107 109 110 13 112 113 14 114 115 16 116 45 46 137 48 49 51 52 54 25 124 125 92 144 28 128 98 66 67 130 72 37 133 134 39 135 41 136 44 84 85 87 89 57 140 123 62 105 74 143 77 80 118 95 111 
69 54 126 102 35 106 107 116 87 89 90 6 138 99 59 141 66 129 130 71 72 33 132 32 135 136 44 42 118 119 18 120 20 24 22 23 124 92 144 28 128 97 98 96 104 105 64 142 63 12 108 11 70 68 143 77 75 80 78 82 3 81 137 45 49 47 48 52 50 51 1 53 57 140 122 123 121 61 62 60 127 26 31 131 30 103 101 36 34 10 111 109 113 13 112 115 14 114 15 16 85 83 84 4 86 5 88 7 94 95 93 139 55 100 8 58 67 65 29 2 134 37 133 38 39 40 41 43 17 117 19 21 125 25 91 27 9 73 74 76 79 46 56 110 
70 7 98 103 36 107 10 16 19 21 23 24 123 62 127 26 67 130 29 72 2 132 32 33 39 41 43 44 46 48 49 51 52 53 54 1 95 139 55 100 8 141 58 59 105 9 142 63 64 108 11 12 68 69 74 76 77 79 80 81 82 3 84 85 86 87 4 88 89 5 90 6 125 25 144 91 92 128 27 28 96 97 131 30 31 101 102 34 35 106 110 111 112 113 13 114 115 14 116 15 117 118 17 119 18 120 20 22 140 56 57 121 122 60 61 126 65 66 129 71 133 134 37 135 38 136 40 42 137 45 47 50 93 94 138 99 104 143 73 75 78 83 124 109 
71 120 61 104 106 12 108 115 137 90 52 50 94 97 99 100 129 31 131 33 132 35 36 34 134 82 136 40 119 85 83 24 22 89 5 88 122 124 125 126 127 28 128 27 64 142 66 67 65 69 70 68 72 2 113 143 73 116 15 80 78 79 49 47 118 17 117 54 1 53 20 21 138 139 57 140 56 59 141 58 62 60 102 103 101 105 9 107 10 11 135 38 111 109 110 44 42 43 14 114 87 4 86 45 46 6 7 51 92 144 91 95 93 98 96 8 130 29 30 32 77 75 76 37 133 3 81 41 18 19 84 23 123 121 25 26 63 13 112 74 16 48 55 39 
72 51 128 105 107 108 11 114 84 23 88 89 140 141 62 60 130 131 30 132 32 36 34 35 133 81 41 136 48 117 118 53 54 21 120 20 144 95 93 98 96 100 8 99 142 63 67 65 66 70 68 69 2 71 112 74 143 16 116 79 80 78 86 87 46 137 45 7 90 6 52 50 123 121 125 25 124 127 26 126 27 28 103 101 102 9 104 10 106 12 39 135 110 111 109 43 44 42 115 14 19 119 18 85 83 24 22 5 139 55 138 56 57 58 59 61 29 129 31 33 76 77 75 134 37 82 3 40 49 47 17 1 91 92 94 97 64 113 13 73 15 4 122 38 
73 91 50 40 38 109 110 68 58 56 121 122 83 22 5 88 15 78 79 75 76 37 133 134 101 34 10 106 27 96 97 93 94 55 138 139 47 17 117 1 53 20 21 120 42 43 14 114 115 13 112 113 74 143 65 29 129 2 71 32 33 132 60 61 26 126 127 25 124 125 92 144 4 86 45 46 137 6 7 90 51 52 3 81 82 41 136 39 135 111 9 104 63 64 142 11 12 108 69 70 8 99 100 59 141 57 140 123 18 19 119 84 85 23 24 89 16 116 80 77 30 31 131 102 103 35 36 107 28 128 98 95 48 49 118 54 44 66 67 130 72 62 87 105 
74 123 21 41 39 110 111 70 98 95 139 55 46 7 51 52 16 79 80 76 77 133 134 37 103 36 107 10 62 127 26 125 25 144 91 92 19 84 85 23 24 88 89 5 43 44 114 115 14 112 113 13 143 73 67 130 29 72 2 132 32 33 100 8 141 58 59 140 56 57 121 122 48 49 117 118 17 53 54 1 120 20 81 82 3 136 40 135 38 109 105 9 142 63 64 108 11 12 68 69 128 27 28 96 97 93 94 138 86 87 4 137 45 90 6 50 116 15 78 75 131 30 31 101 102 34 35 106 60 61 126 124 119 18 83 22 42 65 66 129 71 99 47 104 
75 93 6 42 109 13 112 11 60 121 25 124 18 20 22 23 78 3 81 37 133 38 39 135 30 32 34 35 96 8 99 55 138 56 57 140 45 47 48 50 51 1 53 54 14 114 15 16 116 73 74 143 76 77 63 65 66 68 69 2 71 72 26 126 27 28 128 91 92 144 94 95 83 84 4 86 87 5 88 89 7 90 40 41 136 43 44 110 111 113 101 102 9 104 105 10 106 107 12 108 58 59 141 61 62 122 123 125 17 117 118 19 119 21 120 24 79 80 82 134 29 129 130 31 131 33 132 36 97 98 100 139 46 137 49 52 115 64 142 67 70 127 85 103 
76 125 53 43 110 112 113 108 100 139 140 56 86 88 7 90 79 81 82 133 134 39 135 38 131 132 36 34 127 128 27 144 91 95 93 94 117 19 119 21 120 23 24 22 114 115 16 116 15 74 143 73 77 75 142 67 65 70 68 72 2 71 141 58 62 60 61 123 121 122 25 124 46 137 48 49 47 51 52 50 54 1 41 136 40 44 42 111 109 13 103 101 105 9 104 107 10 106 11 12 98 96 97 8 99 55 138 57 84 85 83 87 4 89 5 6 80 78 3 37 130 29 129 30 31 32 33 35 26 126 28 92 118 17 18 20 14 63 64 66 69 59 45 102 
77 57 24 44 111 113 13 12 28 92 94 95 49 52 54 1 80 82 3 134 37 135 38 39 31 33 35 36 59 61 62 122 123 124 125 25 85 87 4 89 5 90 6 7 115 14 116 15 16 143 73 74 75 76 64 66 67 69 70 71 72 2 97 98 99 100 8 138 139 55 140 56 118 17 119 18 19 120 20 21 22 23 136 40 41 42 43 109 110 112 102 103 104 105 9 106 107 10 108 11 126 127 26 128 27 144 91 93 137 45 46 47 48 50 51 53 78 79 81 133 129 130 29 131 30 132 32 34 141 58 60 121 83 84 86 88 114 142 63 65 68 96 117 101 
78 96 45 109 42 14 114 63 121 60 26 126 20 18 83 84 75 37 133 3 81 40 41 136 32 30 101 102 93 55 138 8 99 58 59 141 6 50 51 47 48 17 117 118 13 112 73 74 143 15 16 116 79 80 11 68 69 65 66 29 129 130 25 124 91 92 144 27 28 128 97 98 22 23 5 88 89 4 86 87 46 137 38 39 135 110 111 43 44 115 34 35 10 106 107 9 104 105 64 142 56 57 140 122 123 61 62 127 1 53 54 21 120 19 119 85 76 77 134 82 2 71 72 33 132 31 131 103 94 95 139 100 7 90 52 49 113 12 108 70 67 125 24 36 
79 127 117 110 43 114 115 142 139 100 141 58 88 86 46 137 76 133 134 81 82 41 136 40 132 131 103 101 125 144 91 128 27 98 96 97 53 21 120 19 119 84 85 83 112 113 74 143 73 16 116 15 80 78 108 70 68 67 65 130 29 129 140 56 123 121 122 62 60 61 26 126 7 90 51 52 50 48 49 47 118 17 39 135 38 111 109 44 42 14 36 34 107 10 106 105 9 104 63 64 95 93 94 55 138 8 99 59 23 24 22 89 5 87 4 45 77 75 37 3 72 2 71 32 33 30 31 102 25 124 92 28 54 1 20 18 13 11 12 69 66 57 6 35 
80 59 85 111 44 115 14 64 92 28 97 98 52 49 118 17 77 134 37 82 3 136 40 41 33 31 102 103 57 122 123 61 62 126 127 26 24 89 5 87 4 137 45 46 113 13 143 73 74 116 15 16 78 79 12 69 70 66 67 129 130 29 94 95 138 139 55 99 100 8 141 58 54 1 120 20 21 119 18 19 83 84 135 38 39 109 110 42 43 114 35 36 106 107 10 104 105 9 142 63 124 125 25 144 91 128 27 96 90 6 7 50 51 47 48 117 75 76 133 81 71 72 2 132 32 131 30 101 140 56 121 60 22 23 88 86 112 108 11 68 65 93 53 34 
81 128 48 112 114 16 116 105 140 141 62 60 23 84 86 87 133 39 135 41 136 43 44 42 72 130 131 30 144 95 93 98 96 100 8 99 51 53 54 117 118 19 119 18 74 143 76 77 75 79 80 78 82 3 107 108 11 142 63 67 65 66 123 121 125 25 124 127 26 126 27 28 88 89 7 90 6 46 137 45 49 47 110 111 109 113 13 115 14 15 132 32 36 34 35 103 101 102 9 104 139 55 138 56 57 58 59 61 21 120 20 24 22 85 83 4 134 37 38 40 70 68 69 2 71 29 129 31 91 92 94 97 52 50 1 17 73 10 106 12 64 122 5 33 
82 61 119 113 115 116 15 104 94 97 99 100 90 137 49 47 134 135 38 136 40 44 42 43 71 129 31 131 122 124 125 126 127 28 128 27 120 24 22 85 83 87 4 86 143 73 77 75 76 80 78 79 3 81 106 12 108 64 142 66 67 65 138 139 57 140 56 59 141 58 62 60 52 50 54 1 53 118 17 117 18 19 111 109 110 13 112 14 114 16 33 132 35 36 34 102 103 101 105 9 92 144 91 95 93 98 96 8 89 5 88 6 7 45 46 48 37 133 39 41 69 70 68 72 2 130 29 30 123 121 25 26 20 21 23 84 74 107 10 11 63 55 51 32 
83 101 73 50 47 17 117 91 68 65 29 129 40 38 109 110 22 5 88 4 86 45 46 137 58 56 121 122 34 10 106 9 104 63 64 142 15 78 79 75 76 37 133 134 1 53 20 21 120 18 19 119 84 85 27 96 97 93 94 55 138 139 2 71 32 33 132 30 31 131 102 103 42 43 14 114 115 13 112 113 74 143 6 7 90 51 52 48 49 118 60 61 26 126 127 25 124 125 92 144 11 12 108 69 70 66 67 130 3 81 82 41 136 39 135 111 23 24 89 87 8 99 100 59 141 57 140 123 35 36 107 105 16 116 80 77 54 28 128 98 95 72 44 62 
84 130 133 51 48 117 118 144 107 105 142 63 114 112 74 143 23 88 89 86 87 46 137 45 141 140 123 121 72 132 32 131 30 103 101 102 81 41 136 39 135 110 111 109 53 54 21 120 20 19 119 18 85 83 128 98 96 95 93 139 55 138 108 11 70 68 69 67 65 66 29 129 16 116 79 80 78 76 77 75 134 37 7 90 6 52 50 49 47 17 62 60 127 26 126 125 25 124 91 92 36 34 35 10 106 9 104 64 43 44 42 115 14 113 13 73 24 22 5 4 100 8 99 58 59 56 57 122 2 71 33 31 82 3 40 38 1 27 28 97 94 12 15 61 
85 64 111 52 49 118 17 92 33 31 102 103 80 77 134 37 24 89 5 87 4 137 45 46 59 57 122 123 12 69 70 66 67 129 130 29 44 115 14 113 13 143 73 74 54 1 120 20 21 119 18 19 83 84 28 97 98 94 95 138 139 55 35 36 106 107 10 104 105 9 142 63 82 3 136 40 41 135 38 39 109 110 90 6 7 50 51 47 48 117 61 62 126 127 26 124 125 25 144 91 71 72 2 132 32 131 30 101 116 15 16 78 79 75 76 133 22 23 88 86 99 100 8 141 58 140 56 121 108 11 68 65 42 43 114 112 53 128 27 96 93 34 81 60 
86 131 76 53 117 19 119 125 108 142 67 65 43 110 112 113 88 7 90 46 137 48 49 47 100 139 140 56 132 36 34 103 101 105 9 104 79 81 82 133 134 39 135 38 21 120 23 24 22 84 85 83 87 4 127 128 27 144 91 95 93 94 70 68 72 2 71 130 29 129 30 31 114 115 16 116 15 74 143 73 77 75 51 52 50 54 1 118 17 18 141 58 62 60 61 123 121 122 25 124 107 10 106 11 12 63 64 66 41 136 40 44 42 111 109 13 89 5 6 45 98 96 97 8 99 55 138 57 32 33 35 102 80 78 3 37 20 26 126 28 92 69 14 59 
87 66 135 54 118 119 18 124 35 102 104 105 116 143 77 75 89 90 6 137 45 49 47 48 99 138 57 140 69 71 72 129 130 31 131 30 136 44 42 111 109 113 13 112 120 20 24 22 23 85 83 84 4 86 126 28 128 92 144 94 95 93 106 107 12 108 11 64 142 63 67 65 80 78 82 3 81 134 37 133 38 39 52 50 51 1 53 17 117 19 59 141 61 62 60 122 123 121 125 25 33 132 32 36 34 103 101 9 115 14 114 15 16 73 74 76 5 88 7 46 97 98 96 100 8 139 55 56 70 68 2 29 40 41 43 110 21 127 26 27 91 10 79 58 
88 132 79 117 53 21 120 127 142 108 70 68 110 43 114 115 86 46 137 7 90 51 52 50 139 100 141 58 131 103 101 36 34 107 10 106 76 133 134 81 82 41 136 40 19 119 84 85 83 23 24 22 89 5 125 144 91 128 27 98 96 97 67 65 130 29 129 72 2 71 32 33 112 113 74 143 73 16 116 15 80 78 48 49 47 118 17 54 1 20 140 56 123 121 122 62 60 61 26 126 105 9 104 63 64 11 12 69 39 135 38 111 109 44 42 14 87 4 45 6 95 93 94 55 138 8 99 59 30 31 102 35 77 75 37 3 18 25 124 92 28 66 13 57 
89 69 136 118 54 120 20 126 102 35 106 107 143 116 80 78 87 137 45 90 6 52 50 51 138 99 59 141 66 129 130 71 72 33 132 32 135 111 109 44 42 115 14 114 119 18 85 83 84 24 22 23 5 88 124 92 144 28 128 97 98 96 104 105 64 142 63 12 108 11 70 68 77 75 134 37 133 82 3 81 40 41 49 47 48 17 117 1 53 21 57 140 122 123 121 61 62 60 127 26 31 131 30 103 101 36 34 10 113 13 112 73 74 15 16 79 4 86 46 7 94 95 93 139 55 100 8 58 67 65 29 2 38 39 110 43 19 125 25 91 27 9 76 56 
90 71 82 119 120 24 22 61 104 106 12 108 113 115 116 15 137 49 47 52 50 54 1 53 94 97 99 100 129 31 131 33 132 35 36 34 134 135 38 136 40 44 42 43 85 83 87 4 86 89 5 88 6 7 122 124 125 126 127 28 128 27 64 142 66 67 65 69 70 68 72 2 143 73 77 75 76 80 78 79 3 81 118 17 117 18 19 20 21 23 138 139 57 140 56 59 141 58 62 60 102 103 101 105 9 107 10 11 111 109 110 13 112 14 114 16 45 46 48 51 92 144 91 95 93 98 96 8 130 29 30 32 37 133 39 41 84 123 121 25 26 63 74 55 
91 38 68 58 56 121 122 22 15 73 75 76 101 34 10 106 27 96 97 93 94 55 138 139 47 50 1 53 40 42 43 109 110 13 112 113 65 29 129 2 71 32 33 132 60 61 26 126 127 25 124 125 92 144 83 4 86 5 88 6 7 90 78 79 3 81 82 37 133 134 39 135 9 104 63 64 142 11 12 108 69 70 8 99 100 59 141 57 140 123 17 117 18 19 119 20 21 120 23 24 14 114 115 16 116 74 143 77 30 31 131 102 103 35 36 107 28 128 98 95 45 46 137 48 49 51 52 54 41 136 44 111 66 67 130 72 62 84 85 87 89 80 105 118 
92 77 33 59 57 122 123 24 44 111 113 13 64 12 69 70 28 97 98 94 95 138 139 55 49 52 54 1 80 82 3 134 37 135 38 39 31 102 103 35 36 106 107 10 61 62 126 127 26 124 125 25 144 91 85 87 4 89 5 90 6 7 115 14 116 15 16 143 73 74 75 76 66 67 129 130 29 71 72 2 132 32 99 100 8 141 58 140 56 121 118 17 119 18 19 120 20 21 22 23 136 40 41 42 43 109 110 112 104 105 9 142 63 108 11 68 128 27 96 93 137 45 46 47 48 50 51 53 78 79 81 133 131 30 101 34 60 83 84 86 88 114 65 117 
93 109 11 60 121 25 124 20 78 75 37 133 30 32 34 35 96 8 99 55 138 56 57 140 45 6 50 51 42 14 114 13 112 73 74 143 63 65 66 68 69 2 71 72 26 126 27 28 128 91 92 144 94 95 18 83 84 22 23 5 88 89 3 81 40 41 136 38 39 135 110 111 101 102 9 104 105 10 106 107 12 108 58 59 141 61 62 122 123 125 47 48 17 117 118 1 53 54 21 120 15 16 116 79 80 76 77 134 29 129 130 31 131 33 132 36 97 98 100 139 4 86 87 46 137 7 90 52 43 44 115 113 64 142 67 70 127 19 119 85 24 82 103 49 
94 134 71 61 122 124 125 120 115 113 143 73 104 106 12 108 97 99 100 138 139 57 140 56 137 90 52 50 82 136 40 135 38 111 109 110 129 31 131 33 132 35 36 34 126 127 28 128 27 92 144 91 95 93 119 85 83 24 22 89 5 88 116 15 80 78 79 77 75 76 37 133 64 142 66 67 65 69 70 68 72 2 59 141 58 62 60 123 121 25 49 47 118 17 117 54 1 53 20 21 44 42 43 14 114 13 112 74 102 103 101 105 9 107 10 11 98 96 8 55 87 4 86 45 46 6 7 51 3 81 41 39 130 29 30 32 26 18 19 84 23 16 63 48 
95 74 36 62 123 125 25 21 41 39 110 111 67 70 72 2 98 100 8 139 55 140 56 57 46 7 51 52 16 79 80 76 77 133 134 37 103 105 9 107 10 108 11 12 127 26 128 27 28 144 91 92 93 94 19 84 85 23 24 88 89 5 43 44 114 115 14 112 113 13 143 73 130 29 131 30 31 132 32 33 34 35 141 58 59 60 61 121 122 124 48 49 117 118 17 53 54 1 120 20 81 82 3 136 40 135 38 109 142 63 64 65 66 68 69 71 96 97 99 138 86 87 4 137 45 90 6 50 116 15 78 75 101 102 104 106 126 119 18 83 22 42 129 47 
96 42 63 121 60 26 126 18 75 78 3 81 32 30 101 102 93 55 138 8 99 58 59 141 6 45 47 48 109 13 112 14 114 15 16 116 11 68 69 65 66 29 129 130 25 124 91 92 144 27 28 128 97 98 20 22 23 83 84 4 86 87 37 133 38 39 135 40 41 136 43 44 34 35 10 106 107 9 104 105 64 142 56 57 140 122 123 61 62 127 50 51 1 53 54 17 117 118 19 119 73 74 143 76 77 79 80 82 2 71 72 33 132 31 131 103 94 95 139 100 5 88 89 7 90 46 137 49 110 111 113 115 12 108 70 67 125 21 120 24 85 134 36 52 
97 82 129 122 61 126 127 119 113 115 116 15 106 104 64 142 94 138 139 99 100 59 141 58 90 137 49 47 134 135 38 136 40 44 42 43 71 33 132 31 131 102 103 101 124 125 92 144 91 28 128 27 98 96 120 24 22 85 83 87 4 86 143 73 77 75 76 80 78 79 3 81 12 108 69 70 68 66 67 65 130 29 57 140 56 123 121 62 60 26 52 50 54 1 53 118 17 117 18 19 111 109 110 13 112 14 114 16 35 36 34 107 10 105 9 63 95 93 55 8 89 5 88 6 7 45 46 48 37 133 39 41 72 2 32 30 25 20 21 23 84 74 11 51 
98 16 103 123 62 127 26 19 39 41 43 44 70 67 130 29 95 139 55 100 8 141 58 59 7 46 48 49 74 76 77 79 80 81 82 3 36 107 10 105 9 142 63 64 125 25 144 91 92 128 27 28 96 97 21 23 24 84 85 86 87 4 110 111 112 113 13 114 115 14 116 15 72 2 132 32 33 131 30 31 101 102 140 56 57 121 122 60 61 126 51 52 53 54 1 117 118 17 119 18 133 134 37 135 38 136 40 42 108 11 12 68 69 65 66 129 93 94 138 99 88 89 5 90 6 137 45 47 143 73 75 78 34 35 106 104 124 120 20 22 83 109 71 50 
99 136 66 124 126 28 128 118 143 116 80 78 35 102 104 105 138 57 140 59 141 61 62 60 89 87 137 45 135 111 109 44 42 115 14 114 69 71 72 129 130 31 131 30 92 144 94 95 93 97 98 96 100 8 54 120 20 119 18 85 83 84 77 75 134 37 133 82 3 81 40 41 106 107 12 108 11 64 142 63 67 65 122 123 121 125 25 127 26 27 90 6 52 50 51 49 47 48 17 117 113 13 112 73 74 15 16 79 33 132 32 36 34 103 101 9 139 55 56 58 24 22 23 5 88 4 86 46 38 39 110 43 70 68 2 29 91 1 53 21 19 76 10 7 
100 79 131 125 127 128 27 117 110 43 114 115 108 142 67 65 139 140 56 141 58 62 60 61 88 86 46 137 76 133 134 81 82 41 136 40 132 36 34 103 101 105 9 104 144 91 95 93 94 98 96 97 8 99 53 21 120 19 119 84 85 83 112 113 74 143 73 16 116 15 80 78 70 68 72 2 71 130 29 129 30 31 123 121 122 25 124 26 126 28 7 90 51 52 50 48 49 47 118 17 39 135 38 111 109 44 42 14 107 10 106 11 12 63 64 66 55 138 57 59 23 24 22 89 5 87 4 45 77 75 37 3 32 33 35 102 92 54 1 20 18 13 69 6 
101 47 91 68 65 29 129 38 22 83 4 86 58 56 121 122 34 10 106 9 104 63 64 142 15 73 75 76 50 1 53 17 117 18 19 119 27 96 97 93 94 55 138 139 2 71 32 33 132 30 31 131 102 103 40 42 43 109 110 13 112 113 5 88 6 7 90 45 46 137 48 49 60 61 26 126 127 25 124 125 92 144 11 12 108 69 70 66 67 130 78 79 3 81 82 37 133 134 39 135 20 21 120 23 24 84 85 87 8 99 100 59 141 57 140 123 35 36 107 105 14 114 115 16 116 74 143 77 51 52 54 118 28 128 98 95 72 41 136 44 111 89 62 80 
102 87 138 69 66 129 130 135 54 118 119 18 126 124 92 144 35 106 107 104 105 64 142 63 116 143 77 75 89 90 6 137 45 49 47 48 99 59 141 57 140 122 123 121 71 72 33 132 32 31 131 30 103 101 136 44 42 111 109 113 13 112 120 20 24 22 23 85 83 84 4 86 28 128 97 98 96 94 95 93 139 55 12 108 11 70 68 67 65 29 80 78 82 3 81 134 37 133 38 39 52 50 51 1 53 17 117 19 61 62 60 127 26 125 25 91 36 34 10 9 115 14 114 15 16 73 74 76 5 88 7 46 100 8 58 56 2 40 41 43 110 21 27 79 
103 19 123 70 67 130 29 39 7 46 48 49 98 95 139 55 36 107 10 105 9 142 63 64 16 74 76 77 21 23 24 84 85 86 87 4 62 127 26 125 25 144 91 92 72 2 132 32 33 131 30 31 101 102 41 43 44 110 111 112 113 13 51 52 53 54 1 117 118 17 119 18 100 8 141 58 59 140 56 57 121 122 108 11 12 68 69 65 66 129 79 80 81 82 3 133 134 37 135 38 88 89 5 90 6 137 45 47 128 27 28 96 97 93 94 138 34 35 106 104 114 115 14 116 15 143 73 75 120 20 22 83 60 61 126 124 71 136 40 42 109 50 99 78 
104 137 94 71 129 31 131 134 120 119 85 83 61 122 124 125 106 12 108 64 142 66 67 65 115 113 143 73 90 52 50 49 47 118 17 117 97 99 100 138 139 57 140 56 33 132 35 36 34 102 103 101 105 9 82 136 40 135 38 111 109 110 24 22 89 5 88 87 4 86 45 46 126 127 28 128 27 92 144 91 95 93 69 70 68 72 2 130 29 30 116 15 80 78 79 77 75 76 37 133 54 1 53 20 21 18 19 84 59 141 58 62 60 123 121 25 107 10 11 63 44 42 43 14 114 13 112 74 6 7 51 48 98 96 8 55 32 3 81 41 39 23 26 16 
105 84 140 72 130 131 30 133 51 48 117 118 128 144 95 93 107 108 11 142 63 67 65 66 114 112 74 143 23 88 89 86 87 46 137 45 141 62 60 123 121 125 25 124 132 32 36 34 35 103 101 102 9 104 81 41 136 39 135 110 111 109 53 54 21 120 20 19 119 18 85 83 98 96 100 8 99 139 55 138 56 57 70 68 69 2 71 29 129 31 16 116 79 80 78 76 77 75 134 37 7 90 6 52 50 49 47 17 127 26 126 27 28 91 92 94 10 106 12 64 43 44 42 115 14 113 13 73 24 22 5 4 58 59 61 122 33 82 3 40 38 1 97 15 
106 90 97 129 71 33 132 82 119 120 24 22 122 61 126 127 104 64 142 12 108 69 70 68 113 115 116 15 137 49 47 52 50 54 1 53 94 138 139 99 100 59 141 58 31 131 102 103 101 35 36 34 107 10 134 135 38 136 40 44 42 43 85 83 87 4 86 89 5 88 6 7 124 125 92 144 91 28 128 27 98 96 66 67 65 130 29 72 2 32 143 73 77 75 76 80 78 79 3 81 118 17 117 18 19 20 21 23 57 140 56 123 121 62 60 26 105 9 63 11 111 109 110 13 112 14 114 16 45 46 48 51 95 93 55 8 30 37 133 39 41 84 25 74 
107 23 141 130 72 132 32 81 48 51 53 54 144 128 98 96 105 142 63 108 11 70 68 69 112 114 16 116 84 86 87 88 89 7 90 6 140 123 121 62 60 127 26 126 131 30 103 101 102 36 34 35 10 106 133 39 135 41 136 43 44 42 117 118 19 119 18 21 120 20 24 22 95 93 139 55 138 100 8 99 58 59 67 65 66 29 129 2 71 33 74 143 76 77 75 79 80 78 82 3 46 137 45 49 47 52 50 1 125 25 124 91 92 27 28 97 9 104 64 12 110 111 109 113 13 115 14 15 85 83 4 5 56 57 122 61 31 134 37 38 40 17 94 73 
108 88 100 131 132 36 34 79 117 53 21 120 125 127 128 27 142 67 65 70 68 72 2 71 110 43 114 115 86 46 137 7 90 51 52 50 139 140 56 141 58 62 60 61 103 101 105 9 104 107 10 106 11 12 76 133 134 81 82 41 136 40 19 119 84 85 83 23 24 22 89 5 144 91 95 93 94 98 96 97 8 99 130 29 129 30 31 32 33 35 112 113 74 143 73 16 116 15 80 78 48 49 47 118 17 54 1 20 123 121 122 25 124 26 126 28 63 64 66 69 39 135 38 111 109 44 42 14 87 4 45 6 55 138 57 59 102 77 75 37 3 18 92 13 
109 121 20 78 75 37 133 32 96 93 55 138 45 6 50 51 42 14 114 13 112 73 74 143 63 11 68 69 60 26 126 25 124 91 92 144 18 83 84 22 23 5 88 89 3 81 40 41 136 38 39 135 110 111 30 101 102 34 35 10 106 107 8 99 58 59 141 56 57 140 122 123 47 48 17 117 118 1 53 54 21 120 15 16 116 79 80 76 77 134 65 66 29 129 130 2 71 72 33 132 27 28 128 97 98 94 95 139 4 86 87 46 137 7 90 52 43 44 115 113 9 104 105 64 142 12 108 70 61 62 127 125 19 119 85 24 82 31 131 103 36 100 49 67 
110 139 88 79 76 133 134 132 127 125 144 91 117 53 21 120 43 114 115 112 113 74 143 73 142 108 70 68 100 141 58 140 56 123 121 122 86 46 137 7 90 51 52 50 81 82 41 136 40 39 135 38 111 109 131 103 101 36 34 107 10 106 128 27 98 96 97 95 93 94 55 138 19 119 84 85 83 23 24 22 89 5 16 116 15 80 78 77 75 37 67 65 130 29 129 72 2 71 32 33 62 60 61 26 126 25 124 92 48 49 47 118 17 54 1 20 44 42 14 13 105 9 104 63 64 11 12 69 8 99 59 57 87 4 45 6 3 30 31 102 35 28 18 66 
111 92 52 80 77 134 37 33 59 57 122 123 85 24 89 5 44 115 14 113 13 143 73 74 64 12 69 70 28 97 98 94 95 138 139 55 49 118 17 54 1 120 20 21 82 3 136 40 41 135 38 39 109 110 31 102 103 35 36 106 107 10 61 62 126 127 26 124 125 25 144 91 87 4 137 45 46 90 6 7 50 51 116 15 16 78 79 75 76 133 66 67 129 130 29 71 72 2 132 32 99 100 8 141 58 140 56 121 119 18 19 83 84 22 23 88 42 43 114 112 104 105 9 142 63 108 11 68 128 27 96 93 47 48 117 53 81 131 30 101 34 60 86 65 
112 140 23 81 133 39 135 72 128 144 95 93 48 51 53 54 114 16 116 74 143 76 77 75 105 107 108 11 141 62 60 123 121 125 25 124 84 86 87 88 89 7 90 6 41 136 43 44 42 110 111 109 113 13 130 131 30 132 32 36 34 35 98 96 100 8 99 139 55 138 56 57 117 118 19 119 18 21 120 20 24 22 79 80 78 82 3 134 37 38 142 63 67 65 66 70 68 69 2 71 127 26 126 27 28 91 92 94 46 137 45 49 47 52 50 1 115 14 15 73 103 101 102 9 104 10 106 12 58 59 61 122 85 83 4 5 40 29 129 31 33 97 17 64 
113 94 90 82 134 135 38 71 61 122 124 125 119 120 24 22 115 116 15 143 73 77 75 76 104 106 12 108 97 99 100 138 139 57 140 56 137 49 47 52 50 54 1 53 136 40 44 42 43 111 109 110 13 112 129 31 131 33 132 35 36 34 126 127 28 128 27 92 144 91 95 93 85 83 87 4 86 89 5 88 6 7 80 78 79 3 81 37 133 39 64 142 66 67 65 69 70 68 72 2 59 141 58 62 60 123 121 25 118 17 117 18 19 20 21 23 14 114 16 74 102 103 101 105 9 107 10 11 98 96 8 55 45 46 48 51 41 130 29 30 32 26 84 63 
114 141 84 133 81 41 136 130 144 128 98 96 51 48 117 118 112 74 143 16 116 79 80 78 107 105 142 63 140 123 121 62 60 127 26 126 23 88 89 86 87 46 137 45 39 135 110 111 109 43 44 42 115 14 72 132 32 131 30 103 101 102 95 93 139 55 138 100 8 99 58 59 53 54 21 120 20 19 119 18 85 83 76 77 75 134 37 82 3 40 108 11 70 68 69 67 65 66 29 129 125 25 124 91 92 27 28 97 7 90 6 52 50 49 47 17 113 13 73 15 36 34 35 10 106 9 104 64 56 57 122 61 24 22 5 4 38 2 71 33 31 94 1 12 
115 97 137 134 82 136 40 129 122 61 126 127 120 119 85 83 113 143 73 116 15 80 78 79 106 104 64 142 94 138 139 99 100 59 141 58 90 52 50 49 47 118 17 117 135 38 111 109 110 44 42 43 14 114 71 33 132 31 131 102 103 101 124 125 92 144 91 28 128 27 98 96 24 22 89 5 88 87 4 86 45 46 77 75 76 37 133 3 81 41 12 108 69 70 68 66 67 65 130 29 57 140 56 123 121 62 60 26 54 1 53 20 21 18 19 84 13 112 74 16 35 36 34 107 10 105 9 63 95 93 55 8 6 7 51 48 39 72 2 32 30 25 23 11 
116 99 87 135 136 44 42 66 124 126 28 128 54 118 119 18 143 77 75 80 78 82 3 81 35 102 104 105 138 57 140 59 141 61 62 60 89 90 6 137 45 49 47 48 111 109 113 13 112 115 14 114 15 16 69 71 72 129 130 31 131 30 92 144 94 95 93 97 98 96 100 8 120 20 24 22 23 85 83 84 4 86 134 37 133 38 39 40 41 43 106 107 12 108 11 64 142 63 67 65 122 123 121 125 25 127 26 27 52 50 51 1 53 17 117 19 73 74 76 79 33 132 32 36 34 103 101 9 139 55 56 58 5 88 7 46 110 70 68 2 29 91 21 10 
117 142 110 88 86 46 137 139 132 131 103 101 79 76 133 134 53 21 120 19 119 84 85 83 127 125 144 91 108 70 68 67 65 130 29 129 43 114 115 112 113 74 143 73 7 90 51 52 50 48 49 47 118 17 100 141 58 140 56 123 121 122 36 34 107 10 106 105 9 104 63 64 81 82 41 136 40 39 135 38 111 109 23 24 22 89 5 87 4 45 128 27 98 96 97 95 93 94 55 138 72 2 71 32 33 30 31 102 16 116 15 80 78 77 75 37 54 1 20 18 62 60 61 26 126 25 124 92 11 12 69 66 44 42 14 13 6 8 99 59 57 35 3 28 
118 102 143 89 87 137 45 138 69 66 129 130 136 135 111 109 54 120 20 119 18 85 83 84 126 124 92 144 35 106 107 104 105 64 142 63 116 80 78 77 75 134 37 133 90 6 52 50 51 49 47 48 17 117 99 59 141 57 140 122 123 121 71 72 33 132 32 31 131 30 103 101 44 42 115 14 114 113 13 112 73 74 24 22 23 5 88 4 86 46 28 128 97 98 96 94 95 93 139 55 12 108 11 70 68 67 65 29 82 3 81 40 41 38 39 110 1 53 21 19 61 62 60 127 26 125 25 91 36 34 10 9 15 16 79 76 7 100 8 58 56 2 43 27 
119 104 113 90 137 49 47 94 71 129 31 131 82 134 135 38 120 24 22 85 83 87 4 86 61 122 124 125 106 12 108 64 142 66 67 65 115 116 15 143 73 77 75 76 52 50 54 1 53 118 17 117 18 19 97 99 100 138 139 57 140 56 33 132 35 36 34 102 103 101 105 9 136 40 44 42 43 111 109 110 13 112 89 5 88 6 7 45 46 48 126 127 28 128 27 92 144 91 95 93 69 70 68 72 2 130 29 30 80 78 79 3 81 37 133 39 20 21 23 84 59 141 58 62 60 123 121 25 107 10 11 63 14 114 16 74 51 98 96 8 55 32 41 26 
120 106 115 137 90 52 50 97 129 71 33 132 134 82 136 40 119 85 83 24 22 89 5 88 122 61 126 127 104 64 142 12 108 69 70 68 113 143 73 116 15 80 78 79 49 47 118 17 117 54 1 53 20 21 94 138 139 99 100 59 141 58 31 131 102 103 101 35 36 34 107 10 135 38 111 109 110 44 42 43 14 114 87 4 86 45 46 6 7 51 124 125 92 144 91 28 128 27 98 96 66 67 65 130 29 72 2 32 77 75 76 37 133 3 81 41 18 19 84 23 57 140 56 123 121 62 60 26 105 9 63 11 13 112 74 16 48 95 93 55 8 30 39 25 
121 75 32 96 93 55 138 6 42 109 13 112 63 11 68 69 60 26 126 25 124 91 92 144 18 20 22 23 78 3 81 37 133 38 39 135 30 101 102 34 35 10 106 107 8 99 58 59 141 56 57 140 122 123 45 47 48 50 51 1 53 54 14 114 15 16 116 73 74 143 76 77 65 66 29 129 130 2 71 72 33 132 27 28 128 97 98 94 95 139 83 84 4 86 87 5 88 89 7 90 40 41 136 43 44 110 111 113 9 104 105 64 142 12 108 70 61 62 127 125 17 117 118 19 119 21 120 24 79 80 82 134 31 131 103 36 100 46 137 49 52 115 67 85 
122 113 106 97 94 138 139 90 82 134 135 38 129 71 33 132 61 126 127 124 125 92 144 91 119 120 24 22 115 116 15 143 73 77 75 76 104 64 142 12 108 69 70 68 99 100 59 141 58 57 140 56 123 121 137 49 47 52 50 54 1 53 136 40 44 42 43 111 109 110 13 112 31 131 102 103 101 35 36 34 107 10 28 128 27 98 96 95 93 55 85 83 87 4 86 89 5 88 6 7 80 78 79 3 81 37 133 39 66 67 65 130 29 72 2 32 62 60 26 25 118 17 117 18 19 20 21 23 14 114 16 74 105 9 63 11 8 45 46 48 51 41 30 84 
123 39 70 98 95 139 55 7 16 74 76 77 103 36 107 10 62 127 26 125 25 144 91 92 19 21 23 24 41 43 44 110 111 112 113 13 67 130 29 72 2 132 32 33 100 8 141 58 59 140 56 57 121 122 46 48 49 51 52 53 54 1 79 80 81 82 3 133 134 37 135 38 105 9 142 63 64 108 11 12 68 69 128 27 28 96 97 93 94 138 84 85 86 87 4 88 89 5 90 6 114 115 14 116 15 143 73 75 131 30 31 101 102 34 35 106 60 61 126 124 117 118 17 119 18 120 20 22 136 40 42 109 65 66 129 71 99 137 45 47 50 78 104 83 
124 143 35 99 138 57 140 89 136 135 111 109 66 69 71 72 126 28 128 92 144 94 95 93 118 54 120 20 116 80 78 77 75 134 37 133 102 104 105 106 107 12 108 11 59 141 61 62 60 122 123 121 125 25 87 137 45 90 6 52 50 51 44 42 115 14 114 113 13 112 73 74 129 130 31 131 30 33 132 32 36 34 97 98 96 100 8 139 55 56 119 18 85 83 84 24 22 23 5 88 82 3 81 40 41 38 39 110 64 142 63 67 65 70 68 2 127 26 27 91 49 47 48 17 117 1 53 21 15 16 79 76 103 101 9 10 58 4 86 46 7 43 29 19 
125 110 108 100 139 140 56 88 79 76 133 134 131 132 36 34 127 128 27 144 91 95 93 94 117 53 21 120 43 114 115 112 113 74 143 73 142 67 65 70 68 72 2 71 141 58 62 60 61 123 121 122 25 124 86 46 137 7 90 51 52 50 81 82 41 136 40 39 135 38 111 109 103 101 105 9 104 107 10 106 11 12 98 96 97 8 99 55 138 57 19 119 84 85 83 23 24 22 89 5 16 116 15 80 78 77 75 37 130 29 129 30 31 32 33 35 26 126 28 92 48 49 47 118 17 54 1 20 44 42 14 13 63 64 66 69 59 87 4 45 6 3 102 18 
126 116 102 138 99 59 141 87 135 136 44 42 69 66 129 130 124 92 144 28 128 97 98 96 54 118 119 18 143 77 75 80 78 82 3 81 35 106 107 104 105 64 142 63 57 140 122 123 121 61 62 60 127 26 89 90 6 137 45 49 47 48 111 109 113 13 112 115 14 114 15 16 71 72 33 132 32 31 131 30 103 101 94 95 93 139 55 100 8 58 120 20 24 22 23 85 83 84 4 86 134 37 133 38 39 40 41 43 12 108 11 70 68 67 65 29 125 25 91 27 52 50 51 1 53 17 117 19 73 74 76 79 36 34 10 9 56 5 88 7 46 110 2 21 
127 43 142 139 100 141 58 86 76 79 81 82 132 131 103 101 125 144 91 128 27 98 96 97 53 117 19 119 110 112 113 114 115 16 116 15 108 70 68 67 65 130 29 129 140 56 123 121 122 62 60 61 26 126 88 7 90 46 137 48 49 47 133 134 39 135 38 41 136 40 44 42 36 34 107 10 106 105 9 104 63 64 95 93 94 55 138 8 99 59 21 120 23 24 22 84 85 83 87 4 74 143 73 77 75 80 78 3 72 2 71 32 33 30 31 102 25 124 92 28 51 52 50 54 1 118 17 18 111 109 13 14 11 12 69 66 57 89 5 6 45 37 35 20 
128 114 105 140 141 62 60 84 133 81 41 136 72 130 131 30 144 95 93 98 96 100 8 99 51 48 117 118 112 74 143 16 116 79 80 78 107 108 11 142 63 67 65 66 123 121 125 25 124 127 26 126 27 28 23 88 89 86 87 46 137 45 39 135 110 111 109 43 44 42 115 14 132 32 36 34 35 103 101 102 9 104 139 55 138 56 57 58 59 61 53 54 21 120 20 19 119 18 85 83 76 77 75 134 37 82 3 40 70 68 69 2 71 29 129 31 91 92 94 97 7 90 6 52 50 49 47 17 113 13 73 15 10 106 12 64 122 24 22 5 4 38 33 1 
129 119 122 106 104 64 142 113 90 137 49 47 97 94 138 139 71 33 132 31 131 102 103 101 82 134 135 38 120 24 22 85 83 87 4 86 61 126 127 124 125 92 144 91 12 108 69 70 68 66 67 65 130 29 115 116 15 143 73 77 75 76 52 50 54 1 53 118 17 117 18 19 99 100 59 141 58 57 140 56 123 121 35 36 34 107 10 105 9 63 136 40 44 42 43 111 109 110 13 112 89 5 88 6 7 45 46 48 28 128 27 98 96 95 93 55 72 2 32 30 80 78 79 3 81 37 133 39 20 21 23 84 62 60 26 25 11 14 114 16 74 51 8 41 
130 48 144 107 105 142 63 112 23 84 86 87 141 140 123 121 72 132 32 131 30 103 101 102 81 133 39 135 51 53 54 117 118 19 119 18 128 98 96 95 93 139 55 138 108 11 70 68 69 67 65 66 29 129 114 16 116 74 143 76 77 75 88 89 7 90 6 46 137 45 49 47 62 60 127 26 126 125 25 124 91 92 36 34 35 10 106 9 104 64 41 136 43 44 42 110 111 109 113 13 21 120 20 24 22 85 83 4 100 8 99 58 59 56 57 122 2 71 33 31 79 80 78 82 3 134 37 38 52 50 1 17 27 28 97 94 12 115 14 15 73 5 61 40 
131 117 125 108 142 67 65 110 88 86 46 137 100 139 140 56 132 36 34 103 101 105 9 104 79 76 133 134 53 21 120 19 119 84 85 83 127 128 27 144 91 95 93 94 70 68 72 2 71 130 29 129 30 31 43 114 115 112 113 74 143 73 7 90 51 52 50 48 49 47 118 17 141 58 62 60 61 123 121 122 25 124 107 10 106 11 12 63 64 66 81 82 41 136 40 39 135 38 111 109 23 24 22 89 5 87 4 45 98 96 97 8 99 55 138 57 32 33 35 102 16 116 15 80 78 77 75 37 54 1 20 18 26 126 28 92 69 44 42 14 13 6 59 3 
132 53 127 142 108 70 68 43 86 88 7 90 139 100 141 58 131 103 101 36 34 107 10 106 76 79 81 82 117 19 119 21 120 23 24 22 125 144 91 128 27 98 96 97 67 65 130 29 129 72 2 71 32 33 110 112 113 114 115 16 116 15 46 137 48 49 47 51 52 50 54 1 140 56 123 121 122 62 60 61 26 126 105 9 104 63 64 11 12 69 133 134 39 135 38 41 136 40 44 42 84 85 83 87 4 89 5 6 95 93 94 55 138 8 99 59 30 31 102 35 74 143 73 77 75 80 78 3 118 17 18 20 25 124 92 28 66 111 109 13 14 45 57 37 
133 144 51 114 112 74 143 107 141 140 123 121 84 23 88 89 81 41 136 39 135 110 111 109 130 72 132 32 128 98 96 95 93 139 55 138 48 117 118 53 54 21 120 20 16 116 79 80 78 76 77 75 134 37 105 142 63 108 11 70 68 69 62 60 127 26 126 125 25 124 91 92 86 87 46 137 45 7 90 6 52 50 43 44 42 115 14 113 13 73 131 30 103 101 102 36 34 35 10 106 100 8 99 58 59 56 57 122 19 119 18 85 83 24 22 5 82 3 40 38 67 65 66 29 129 2 71 33 27 28 97 94 49 47 17 1 15 9 104 64 12 61 4 31 
134 122 120 115 113 143 73 106 97 94 138 139 137 90 52 50 82 136 40 135 38 111 109 110 129 71 33 132 61 126 127 124 125 92 144 91 119 85 83 24 22 89 5 88 116 15 80 78 79 77 75 76 37 133 104 64 142 12 108 69 70 68 99 100 59 141 58 57 140 56 123 121 49 47 118 17 117 54 1 53 20 21 44 42 43 14 114 13 112 74 31 131 102 103 101 35 36 34 107 10 28 128 27 98 96 95 93 55 87 4 86 45 46 6 7 51 3 81 41 39 66 67 65 130 29 72 2 32 62 60 26 25 18 19 84 23 16 105 9 63 11 8 48 30 
135 124 54 116 143 77 75 35 99 138 57 140 87 89 90 6 136 44 42 111 109 113 13 112 66 69 71 72 126 28 128 92 144 94 95 93 118 119 18 120 20 24 22 23 80 78 82 3 81 134 37 133 38 39 102 104 105 106 107 12 108 11 59 141 61 62 60 122 123 121 125 25 137 45 49 47 48 52 50 51 1 53 115 14 114 15 16 73 74 76 129 130 31 131 30 33 132 32 36 34 97 98 96 100 8 139 55 56 85 83 84 4 86 5 88 7 40 41 43 110 64 142 63 67 65 70 68 2 127 26 27 91 17 117 19 21 79 103 101 9 10 58 46 29 
136 126 118 143 116 80 78 102 138 99 59 141 89 87 137 45 135 111 109 44 42 115 14 114 69 66 129 130 124 92 144 28 128 97 98 96 54 120 20 119 18 85 83 84 77 75 134 37 133 82 3 81 40 41 35 106 107 104 105 64 142 63 57 140 122 123 121 61 62 60 127 26 90 6 52 50 51 49 47 48 17 117 113 13 112 73 74 15 16 79 71 72 33 132 32 31 131 30 103 101 94 95 93 139 55 100 8 58 24 22 23 5 88 4 86 46 38 39 110 43 12 108 11 70 68 67 65 29 125 25 91 27 1 53 21 19 76 36 34 10 9 56 7 2 
137 129 134 120 119 85 83 122 106 104 64 142 115 113 143 73 90 52 50 49 47 118 17 117 97 94 138 139 71 33 132 31 131 102 103 101 82 136 40 135 38 111 109 110 24 22 89 5 88 87 4 86 45 46 61 126 127 124 125 92 144 91 12 108 69 70 68 66 67 65 130 29 116 15 80 78 79 77 75 76 37 133 54 1 53 20 21 18 19 84 99 100 59 141 58 57 140 56 123 121 35 36 34 107 10 105 9 63 44 42 43 14 114 13 112 74 6 7 51 48 28 128 27 98 96 95 93 55 72 2 32 30 3 81 41 39 23 62 60 26 25 11 16 8 
138 135 69 126 124 92 144 54 116 143 77 75 102 35 106 107 99 59 141 57 140 122 123 121 87 89 90 6 136 44 42 111 109 113 13 112 66 129 130 71 72 33 132 32 28 128 97 98 96 94 95 93 139 55 118 119 18 120 20 24 22 23 80 78 82 3 81 134 37 133 38 39 104 105 64 142 63 12 108 11 70 68 61 62 60 127 26 125 25 91 137 45 49 47 48 52 50 51 1 53 115 14 114 15 16 73 74 76 31 131 30 103 101 36 34 10 100 8 58 56 85 83 84 4 86 5 88 7 40 41 43 110 67 65 29 2 27 17 117 19 21 79 9 46 
139 76 132 127 125 144 91 53 43 110 112 113 142 108 70 68 100 141 58 140 56 123 121 122 86 88 7 90 79 81 82 133 134 39 135 38 131 103 101 36 34 107 10 106 128 27 98 96 97 95 93 94 55 138 117 19 119 21 120 23 24 22 114 115 16 116 15 74 143 73 77 75 67 65 130 29 129 72 2 71 32 33 62 60 61 26 126 25 124 92 46 137 48 49 47 51 52 50 54 1 41 136 40 44 42 111 109 13 105 9 104 63 64 11 12 69 8 99 59 57 84 85 83 87 4 89 5 6 80 78 3 37 30 31 102 35 28 118 17 18 20 14 66 45 
140 133 72 128 144 95 93 51 114 112 74 143 105 107 108 11 141 62 60 123 121 125 25 124 84 23 88 89 81 41 136 39 135 110 111 109 130 131 30 132 32 36 34 35 98 96 100 8 99 139 55 138 56 57 48 117 118 53 54 21 120 20 16 116 79 80 78 76 77 75 134 37 142 63 67 65 66 70 68 69 2 71 127 26 126 27 28 91 92 94 86 87 46 137 45 7 90 6 52 50 43 44 42 115 14 113 13 73 103 101 102 9 104 10 106 12 58 59 61 122 19 119 18 85 83 24 22 5 82 3 40 38 29 129 31 33 97 49 47 17 1 15 64 4 
141 81 130 144 128 98 96 48 112 114 16 116 107 105 142 63 140 123 121 62 60 127 26 126 23 84 86 87 133 39 135 41 136 43 44 42 72 132 32 131 30 103 101 102 95 93 139 55 138 100 8 99 58 59 51 53 54 117 118 19 119 18 74 143 76 77 75 79 80 78 82 3 108 11 70 68 69 67 65 66 29 129 125 25 124 91 92 27 28 97 88 89 7 90 6 46 137 45 49 47 110 111 109 113 13 115 14 15 36 34 35 10 106 9 104 64 56 57 122 61 21 120 20 24 22 85 83 4 134 37 38 40 2 71 33 31 94 52 50 1 17 73 12 5 
142 86 139 132 131 103 101 76 53 117 19 119 127 125 144 91 108 70 68 67 65 130 29 129 43 110 112 113 88 7 90 46 137 48 49 47 100 141 58 140 56 123 121 122 36 34 107 10 106 105 9 104 63 64 79 81 82 133 134 39 135 38 21 120 23 24 22 84 85 83 87 4 128 27 98 96 97 95 93 94 55 138 72 2 71 32 33 30 31 102 114 115 16 116 15 74 143 73 77 75 51 52 50 54 1 118 17 18 62 60 61 26 126 25 124 92 11 12 69 66 41 136 40 44 42 111 109 13 89 5 6 45 8 99 59 57 35 80 78 3 37 20 28 14 
143 138 89 136 135 111 109 69 126 124 92 144 118 54 120 20 116 80 78 77 75 134 37 133 102 35 106 107 99 59 141 57 140 122 123 121 87 137 45 90 6 52 50 51 44 42 115 14 114 113 13 112 73 74 66 129 130 71 72 33 132 32 28 128 97 98 96 94 95 93 139 55 119 18 85 83 84 24 22 23 5 88 82 3 81 40 41 38 39 110 104 105 64 142 63 12 108 11 70 68 61 62 60 127 26 125 25 91 49 47 48 17 117 1 53 21 15 16 79 76 31 131 30 103 101 36 34 10 100 8 58 56 4 86 46 7 43 67 65 29 2 27 19 9 
144 112 107 141 140 123 121 23 81 133 39 135 130 72 132 32 128 98 96 95 93 139 55 138 48 51 53 54 114 16 116 74 143 76 77 75 105 142 63 108 11 70 68 69 62 60 127 26 126 125 25 124 91 92 84 86 87 88 89 7 90 6 41 136 43 44 42 110 111 109 113 13 131 30 103 101 102 36 34 35 10 106 100 8 99 58 59 56 57 122 117 118 19 119 18 21 120 20 24 22 79 80 78 82 3 134 37 38 67 65 66 29 129 2 71 33 27 28 97 94 46 137 45 49 47 52 50 1 115 14 15 73 9 104 64 12 61 85 83 4 5 40 31 17 
