162 20
1 2 3 4 5 6 7 8 9 10 11 12 13 14 15 16 17 18 19 20 21 22 23 24 25 26 27 28 29 30 31 32 33 34 35 36 37 38 39 40 41 42 43 44 45 46 47 48 49 50 51 52 53 54 55 56 57 58 59 60 61 62 63 64 65 66 67 68 69 70 71 72 73 74 75 76 77 78 79 80 81 82 83 84 85 86 87 88 89 90 91 92 93 94 95 96 97 98 99 100 101 102 103 104 105 106 107 108 109 110 111 112 113 114 115 116 117 118 119 120 121 122 123 124 125 126 127 128 129 130 131 132 133 134 135 136 137 138 139 140 141 142 143 144 145 146 147 148 149 150 151 152 153 154 155 156 157 158 159 160 161 162 
2 1 7 8 9 10 3 4 5 6 21 22 23 24 25 26 27 28 29 30 11 12 13 14 15 16 17 18 19 20 47 48 49 50 51 52 53 54 55 56 57 58 59 60 61 62 31 32 33 34 35 36 37 38 39 40 41 42 43 44 45 46 82 83 84 85 86 87 88 89 90 91 92 93 94 95 96 97 98 99 100 63 64 65 66 67 68 69 70 71 72 73 74 75 76 77 78 79 80 81 117 118 119 120 121 122 123 124 125 126 127 128 129 130 131 132 101 102 103 104 105 106 107 108 109 110 111 112 113 114 115 116 143 144 145 146 147 148 149 150 151 152 133 134 135 136 137 138 139 140 141 142 157 158 159 160 153 154 155 156 162 161 
3 21 11 12 13 14 2 47 48 49 1 31 32 33 34 35 36 37 38 39 7 8 9 10 82 83 84 85 86 87 4 5 6 63 64 65 66 67 68 69 70 71 72 73 74 75 22 23 24 25 26 27 28 29 30 117 118 119 120 121 122 123 15 16 17 18 19 20 101 102 103 104 105 106 107 108 109 110 111 112 113 50 51 52 53 54 55 56 57 58 59 60 61 62 143 144 145 146 147 148 40 41 42 43 44 45 46 133 134 135 136 137 138 139 140 141 88 89 90 91 92 93 94 95 96 97 98 99 100 157 158 159 76 77 78 79 80 81 153 154 155 156 124 125 126 127 128 129 130 131 132 162 114 115 116 161 149 150 151 152 142 160 
4 97 35 15 16 17 160 2 131 25 136 69 71 72 6 40 41 42 43 44 144 53 126 124 8 9 10 152 56 57 153 65 155 38 108 109 12 111 112 19 20 76 77 78 79 80 123 157 158 90 7 93 150 50 149 26 27 28 29 30 95 96 138 102 161 104 105 103 74 75 34 139 140 36 141 45 46 1 114 115 116 147 148 48 118 162 117 22 127 23 24 129 88 89 58 59 60 61 62 130 68 66 134 135 133 137 31 14 113 13 70 156 73 81 5 142 159 83 87 85 86 145 143 51 52 151 54 55 125 98 99 100 107 11 106 154 63 64 39 37 110 18 121 119 120 21 122 82 91 92 94 132 32 33 101 3 47 146 49 128 67 84 
5 62 38 16 18 19 23 99 100 9 107 72 74 75 40 42 43 1 45 46 86 51 53 54 131 132 26 30 28 29 137 138 32 109 111 112 14 113 13 76 77 4 79 80 6 81 120 122 123 88 90 91 7 93 94 152 56 60 58 59 2 61 154 155 64 68 66 67 139 140 36 141 35 39 37 15 114 115 17 116 20 144 146 147 49 148 48 124 125 22 127 128 24 129 97 95 96 8 98 10 161 101 105 103 104 11 106 70 156 69 73 71 3 41 142 44 157 158 84 159 83 87 85 50 149 150 52 151 55 25 130 27 135 133 134 31 136 33 110 108 12 78 118 162 117 121 119 21 89 160 92 57 63 153 65 34 145 143 47 126 102 82 
6 30 14 17 19 20 55 60 62 2 33 36 38 39 41 43 44 45 46 1 87 92 94 7 97 99 8 100 9 10 65 67 68 70 72 73 74 75 3 77 78 79 80 4 81 5 121 123 21 126 128 22 129 23 24 131 25 132 26 27 28 29 102 104 105 106 107 11 109 110 111 112 12 113 13 114 115 15 116 16 18 145 147 47 148 48 49 150 50 151 51 52 53 54 152 56 57 58 59 61 134 135 136 137 31 138 32 139 140 34 141 35 37 142 40 42 158 82 159 83 84 85 86 160 88 89 90 91 93 95 96 98 153 154 63 155 64 66 156 69 71 76 162 117 118 119 120 122 124 125 127 130 161 101 103 108 143 144 146 149 133 157 
7 11 21 22 23 24 1 31 32 33 2 47 48 49 50 51 52 53 54 55 3 4 5 6 63 64 65 66 67 68 8 9 10 82 83 84 85 86 87 88 89 90 91 92 93 94 12 13 14 15 16 17 18 19 20 101 102 103 104 105 106 107 25 26 27 28 29 30 117 118 119 120 121 122 123 124 125 126 127 128 129 34 35 36 37 38 39 40 41 42 43 44 45 46 133 134 135 136 137 138 56 57 58 59 60 61 62 143 144 145 146 147 148 149 150 151 69 70 71 72 73 74 75 76 77 78 79 80 81 153 154 155 95 96 97 98 99 100 157 158 159 160 108 109 110 111 112 113 114 115 116 161 130 131 132 162 139 140 141 142 152 156 
8 78 51 25 26 27 156 1 115 15 146 88 90 91 10 56 57 58 59 60 134 37 110 108 4 5 6 142 40 41 157 84 159 54 124 125 22 127 128 29 30 95 96 97 98 99 107 153 154 71 3 74 140 34 139 16 17 18 19 20 76 77 148 118 162 120 121 119 93 94 50 149 150 52 151 61 62 2 130 131 132 137 138 32 102 161 101 12 111 13 14 113 69 70 42 43 44 45 46 114 87 85 144 145 143 147 47 24 129 23 89 160 92 100 9 152 155 64 68 66 67 135 133 35 36 141 38 39 109 79 80 81 123 21 122 158 82 83 55 53 126 28 105 103 104 11 106 63 72 73 75 116 48 49 117 7 31 136 33 112 86 65 
9 46 54 26 28 29 13 80 81 5 123 91 93 94 56 58 59 2 61 62 67 35 37 38 115 116 16 20 18 19 147 148 48 125 127 128 24 129 23 95 96 8 98 99 10 100 104 106 107 69 71 72 3 74 75 142 40 44 42 43 1 45 158 159 83 87 85 86 149 150 52 151 51 55 53 25 130 131 27 132 30 134 136 137 33 138 32 108 109 12 111 112 14 113 78 76 77 4 79 6 162 117 121 119 120 21 122 89 160 88 92 90 7 57 152 60 153 154 65 155 64 68 66 34 139 140 36 141 39 15 114 17 145 143 144 47 146 49 126 124 22 97 102 161 101 105 103 11 70 156 73 41 82 157 84 50 135 133 31 110 118 63 
10 20 24 27 29 30 39 44 46 1 49 52 54 55 57 59 60 61 62 2 68 73 75 3 78 80 4 81 5 6 84 86 87 89 91 92 93 94 7 96 97 98 99 8 100 9 105 107 11 110 112 12 113 13 14 115 15 116 16 17 18 19 118 120 121 122 123 21 125 126 127 128 22 129 23 130 131 25 132 26 28 135 137 31 138 32 33 140 34 141 35 36 37 38 142 40 41 42 43 45 144 145 146 147 47 148 48 149 150 50 151 51 53 152 56 58 154 63 155 64 65 66 67 156 69 70 71 72 74 76 77 79 157 158 82 159 83 85 160 88 90 95 161 101 102 103 104 106 108 109 111 114 162 117 119 124 133 134 136 139 143 153 
11 7 1 31 32 33 21 22 23 24 3 4 5 6 63 64 65 66 67 68 2 47 48 49 50 51 52 53 54 55 12 13 14 15 16 17 18 19 20 101 102 103 104 105 106 107 8 9 10 82 83 84 85 86 87 88 89 90 91 92 93 94 34 35 36 37 38 39 40 41 42 43 44 45 46 133 134 135 136 137 138 25 26 27 28 29 30 117 118 119 120 121 122 123 124 125 126 127 128 129 69 70 71 72 73 74 75 76 77 78 79 80 81 153 154 155 56 57 58 59 60 61 62 143 144 145 146 147 148 149 150 151 108 109 110 111 112 113 114 115 116 161 95 96 97 98 99 100 157 158 159 160 139 140 141 142 130 131 132 162 156 152 
12 145 64 34 35 36 152 21 158 82 79 101 103 104 14 69 70 71 72 73 125 28 97 95 47 48 49 162 117 118 114 17 116 67 133 134 31 136 137 38 39 108 109 110 111 112 94 149 150 58 2 61 131 25 130 83 84 85 86 87 143 144 81 41 142 43 44 42 106 107 63 153 154 65 155 74 75 3 139 140 141 128 129 23 89 160 88 8 98 9 10 100 56 57 119 120 121 122 123 157 20 18 77 78 76 80 4 33 138 32 102 161 105 113 13 156 151 51 55 53 54 126 124 26 27 132 29 30 96 146 147 148 46 1 45 115 15 16 68 66 135 37 92 90 91 7 93 50 59 60 62 159 5 6 40 11 22 127 24 99 19 52 
13 123 67 35 37 38 9 147 148 48 46 104 106 107 69 71 72 3 74 75 54 26 28 29 158 159 83 87 85 86 80 81 5 134 136 137 33 138 32 108 109 12 111 112 14 113 91 93 94 56 58 59 2 61 62 162 117 121 119 120 21 122 115 116 16 20 18 19 153 154 65 155 64 68 66 34 139 140 36 141 39 125 127 128 24 129 23 95 96 8 98 99 10 100 145 143 144 47 146 49 142 40 44 42 43 1 45 102 161 101 105 103 11 70 156 73 149 150 52 151 51 55 53 25 130 131 27 132 30 82 157 84 78 76 77 4 79 6 135 133 31 110 89 160 88 92 90 7 57 152 60 118 15 114 17 63 126 124 22 97 41 50 
14 87 33 36 38 39 30 121 123 21 6 65 67 68 70 72 73 74 75 3 55 60 62 2 145 147 47 148 48 49 17 19 20 102 104 105 106 107 11 109 110 111 112 12 113 13 92 94 7 97 99 8 100 9 10 158 82 159 83 84 85 86 41 43 44 45 46 1 134 135 136 137 31 138 32 139 140 34 141 35 37 126 128 22 129 23 24 131 25 132 26 27 28 29 162 117 118 119 120 122 77 78 79 80 4 81 5 153 154 63 155 64 66 156 69 71 150 50 151 51 52 53 54 152 56 57 58 59 61 143 144 146 114 115 15 116 16 18 161 101 103 108 160 88 89 90 91 93 95 96 98 157 142 40 42 133 124 125 127 130 76 149 
15 60 108 6 40 41 128 97 99 8 154 74 34 139 17 19 20 76 77 78 119 150 151 51 2 131 25 132 26 27 32 161 101 111 14 113 69 70 156 43 44 45 46 1 114 115 143 47 146 23 160 88 92 90 91 9 10 152 56 57 58 59 64 66 67 135 133 134 36 141 38 39 37 109 110 79 80 4 81 5 142 122 82 157 83 84 159 53 54 126 124 125 22 127 28 29 30 95 96 98 103 104 11 106 107 63 153 72 73 71 75 3 140 116 16 18 49 148 117 118 162 120 121 7 93 94 50 149 52 61 62 130 31 136 137 33 138 102 112 12 13 42 86 87 85 144 145 147 24 129 89 100 65 155 68 35 123 21 158 55 105 48 
16 96 111 40 42 43 126 62 130 131 31 139 36 141 19 76 77 4 79 80 162 7 150 50 99 100 9 57 152 56 63 64 65 113 70 156 72 73 71 45 46 15 114 115 17 116 85 145 143 22 23 24 160 88 89 132 26 30 28 29 97 95 33 101 102 103 104 105 39 37 109 110 108 112 12 6 81 5 41 142 44 119 21 122 158 82 157 51 52 53 54 55 124 125 60 58 59 2 61 25 67 68 133 134 135 136 137 75 3 74 140 34 35 20 18 78 47 146 48 49 148 117 118 90 91 92 93 94 149 8 98 10 106 107 11 153 154 155 13 14 69 1 83 84 159 86 87 144 127 128 129 27 138 32 161 38 120 121 123 151 66 147 
17 57 72 41 43 44 149 30 96 97 155 109 111 112 20 77 78 79 80 4 117 129 89 160 60 62 2 130 131 25 161 105 103 75 139 140 36 141 35 46 1 114 115 15 116 16 86 143 144 151 55 53 125 126 124 99 8 100 9 10 152 56 66 135 133 137 31 136 113 13 70 156 69 73 71 81 5 6 142 40 42 120 122 123 82 157 158 92 90 94 7 93 150 50 132 26 27 28 29 95 11 106 154 63 153 64 65 39 37 38 110 108 12 18 19 76 146 147 49 148 48 118 162 128 22 127 23 24 88 58 59 61 32 33 138 101 102 104 3 74 34 45 84 159 83 87 85 145 51 52 54 98 67 68 134 14 121 119 21 91 107 47 
18 61 113 42 1 45 53 98 10 100 106 141 39 37 76 4 79 5 6 81 148 90 7 93 130 27 132 29 30 28 136 33 138 156 73 71 75 3 74 15 114 16 17 116 19 20 159 87 85 124 22 127 23 24 129 57 152 59 60 58 62 2 153 65 155 67 68 66 110 108 112 12 111 13 14 40 41 142 43 44 46 162 121 119 123 21 122 50 149 51 52 151 54 55 96 97 95 99 8 9 102 161 104 105 103 107 11 140 34 139 35 36 38 77 78 80 145 143 147 47 146 48 49 88 89 160 91 92 94 131 25 26 134 135 133 137 31 32 69 70 72 115 158 82 157 83 84 86 125 126 128 56 154 63 64 109 117 118 120 150 101 144 
19 29 75 43 45 46 94 59 61 62 32 112 113 13 77 79 80 6 81 5 48 128 129 23 96 98 99 10 100 9 64 66 67 140 141 35 39 37 38 114 115 17 116 16 20 18 83 85 86 150 151 51 55 53 54 130 131 27 132 26 30 28 101 103 104 11 106 107 156 69 73 71 72 3 74 41 142 40 44 42 1 117 119 120 21 122 123 160 88 92 90 91 7 93 57 152 56 60 58 2 133 134 31 136 137 33 138 110 108 109 12 111 14 78 76 4 143 144 47 146 147 49 148 126 124 125 22 127 24 97 95 8 63 153 154 65 155 68 34 139 36 15 82 157 158 84 159 87 50 149 52 25 102 161 105 70 118 162 121 89 135 145 
20 10 39 44 46 1 24 27 29 30 68 73 75 3 78 80 4 81 5 6 49 52 54 55 57 59 60 61 62 2 105 107 11 110 112 12 113 13 14 115 15 116 16 17 18 19 84 86 87 89 91 92 93 94 7 96 97 98 99 8 100 9 135 137 31 138 32 33 140 34 141 35 36 37 38 142 40 41 42 43 45 118 120 121 122 123 21 125 126 127 128 22 129 23 130 131 25 132 26 28 154 63 155 64 65 66 67 156 69 70 71 72 74 76 77 79 144 145 146 147 47 148 48 149 150 50 151 51 53 152 56 58 161 101 102 103 104 106 108 109 111 114 157 158 82 159 83 85 160 88 90 95 133 134 136 139 162 117 119 124 153 143 
21 3 2 47 48 49 11 12 13 14 7 8 9 10 82 83 84 85 86 87 1 31 32 33 34 35 36 37 38 39 22 23 24 25 26 27 28 29 30 117 118 119 120 121 122 123 4 5 6 63 64 65 66 67 68 69 70 71 72 73 74 75 50 51 52 53 54 55 56 57 58 59 60 61 62 143 144 145 146 147 148 15 16 17 18 19 20 101 102 103 104 105 106 107 108 109 110 111 112 113 88 89 90 91 92 93 94 95 96 97 98 99 100 157 158 159 40 41 42 43 44 45 46 133 134 135 136 137 138 139 140 141 124 125 126 127 128 129 130 131 132 162 76 77 78 79 80 81 153 154 155 156 149 150 151 152 114 115 116 161 160 142 
22 135 83 50 51 52 142 11 154 63 98 117 119 120 24 88 89 90 91 92 109 18 78 76 31 32 33 161 101 102 130 27 132 86 143 144 47 146 147 54 55 124 125 126 127 128 75 139 140 42 1 45 115 15 114 64 65 66 67 68 133 134 100 57 152 59 60 58 122 123 82 157 158 84 159 93 94 7 149 150 151 112 113 13 70 156 69 4 79 5 6 81 40 41 103 104 105 106 107 153 30 28 96 97 95 99 8 49 148 48 118 162 121 129 23 160 141 35 39 37 38 110 108 16 17 116 19 20 77 136 137 138 62 2 61 131 25 26 87 85 145 53 73 71 72 3 74 34 43 44 46 155 9 10 56 21 12 111 14 80 29 36 
23 107 86 51 53 54 5 137 138 32 62 120 122 123 88 90 91 7 93 94 38 16 18 19 154 155 64 68 66 67 99 100 9 144 146 147 49 148 48 124 125 22 127 128 24 129 72 74 75 40 42 43 1 45 46 161 101 105 103 104 11 106 131 132 26 30 28 29 157 158 84 159 83 87 85 50 149 150 52 151 55 109 111 112 14 113 13 76 77 4 79 80 6 81 135 133 134 31 136 33 152 56 60 58 59 2 61 118 162 117 121 119 21 89 160 92 139 140 36 141 35 39 37 15 114 115 17 116 20 63 153 65 97 95 96 8 98 10 145 143 47 126 70 156 69 73 71 3 41 142 44 102 25 130 27 82 110 108 12 78 57 34 
24 68 49 52 54 55 20 105 107 11 10 84 86 87 89 91 92 93 94 7 39 44 46 1 135 137 31 138 32 33 27 29 30 118 120 121 122 123 21 125 126 127 128 22 129 23 73 75 3 78 80 4 81 5 6 154 63 155 64 65 66 67 57 59 60 61 62 2 144 145 146 147 47 148 48 149 150 50 151 51 53 110 112 12 113 13 14 115 15 116 16 17 18 19 161 101 102 103 104 106 96 97 98 99 8 100 9 157 158 82 159 83 85 160 88 90 140 34 141 35 36 37 38 142 40 41 42 43 45 133 134 136 130 131 25 132 26 28 162 117 119 124 156 69 70 71 72 74 76 77 79 153 152 56 58 143 108 109 111 114 95 139 
25 44 124 10 56 57 112 78 80 4 158 93 50 149 27 29 30 95 96 97 103 140 141 35 1 115 15 116 16 17 48 162 117 127 24 129 88 89 160 59 60 61 62 2 130 131 133 31 136 13 156 69 73 71 72 5 6 142 40 41 42 43 83 85 86 145 143 144 52 151 54 55 53 125 126 98 99 8 100 9 152 106 63 153 64 65 155 37 38 110 108 109 12 111 18 19 20 76 77 79 119 120 21 122 123 82 157 91 92 90 94 7 150 132 26 28 33 138 101 102 161 104 105 3 74 75 34 139 36 45 46 114 47 146 147 49 148 118 128 22 23 58 67 68 66 134 135 137 14 113 70 81 84 159 87 51 107 11 154 39 121 32 
26 77 127 56 58 59 110 46 114 115 47 149 52 151 29 95 96 8 98 99 161 3 140 34 80 81 5 41 142 40 82 83 84 129 89 160 91 92 90 61 62 25 130 131 27 132 66 135 133 12 13 14 156 69 70 116 16 20 18 19 78 76 49 117 118 119 120 121 55 53 125 126 124 128 22 10 100 9 57 152 60 103 11 106 154 63 153 35 36 37 38 39 108 109 44 42 43 1 45 15 86 87 143 144 145 146 147 94 7 93 150 50 51 30 28 97 31 136 32 33 138 101 102 71 72 73 74 75 139 4 79 6 122 123 21 157 158 159 23 24 88 2 64 65 155 67 68 134 111 112 113 17 148 48 162 54 104 105 107 141 85 137 
27 41 91 57 59 60 139 20 77 78 159 125 127 128 30 96 97 98 99 8 101 113 70 156 44 46 1 114 115 15 162 121 119 94 149 150 52 151 51 62 2 130 131 25 132 26 67 133 134 141 39 37 109 110 108 80 4 81 5 6 142 40 85 145 143 147 47 146 129 23 89 160 88 92 90 100 9 10 152 56 58 104 106 107 63 153 154 73 71 75 3 74 140 34 116 16 17 18 19 76 21 122 158 82 157 83 84 55 53 54 126 124 22 28 29 95 136 137 33 138 32 102 161 112 12 111 13 14 69 42 43 45 48 49 148 117 118 120 7 93 50 61 65 155 64 68 66 135 35 36 38 79 86 87 144 24 105 103 11 72 123 31 
28 45 129 58 2 61 37 79 6 81 122 151 55 53 95 8 98 9 10 100 138 71 3 74 114 17 116 19 20 18 146 49 148 160 92 90 94 7 93 25 130 26 27 132 29 30 155 68 66 108 12 111 13 14 113 41 142 43 44 42 46 1 157 84 159 86 87 85 126 124 128 22 127 23 24 56 57 152 59 60 62 161 105 103 107 11 106 34 139 35 36 141 38 39 77 78 76 80 4 5 118 162 120 121 119 123 21 150 50 149 51 52 54 96 97 99 135 133 137 31 136 32 33 69 70 156 72 73 75 115 15 16 144 145 143 147 47 48 88 89 91 131 154 63 153 64 65 67 109 110 112 40 158 82 83 125 101 102 104 140 117 134 
29 19 94 59 61 62 75 43 45 46 48 128 129 23 96 98 99 10 100 9 32 112 113 13 77 79 80 6 81 5 83 85 86 150 151 51 55 53 54 130 131 27 132 26 30 28 64 66 67 140 141 35 39 37 38 114 115 17 116 16 20 18 117 119 120 21 122 123 160 88 92 90 91 7 93 57 152 56 60 58 2 101 103 104 11 106 107 156 69 73 71 72 3 74 41 142 40 44 42 1 143 144 47 146 147 49 148 126 124 125 22 127 24 97 95 8 133 134 31 136 137 33 138 110 108 109 12 111 14 78 76 4 82 157 158 84 159 87 50 149 52 25 63 153 154 65 155 68 34 139 36 15 118 162 121 89 102 161 105 70 145 135 
30 6 55 60 62 2 14 17 19 20 87 92 94 7 97 99 8 100 9 10 33 36 38 39 41 43 44 45 46 1 121 123 21 126 128 22 129 23 24 131 25 132 26 27 28 29 65 67 68 70 72 73 74 75 3 77 78 79 80 4 81 5 145 147 47 148 48 49 150 50 151 51 52 53 54 152 56 57 58 59 61 102 104 105 106 107 11 109 110 111 112 12 113 13 114 115 15 116 16 18 158 82 159 83 84 85 86 160 88 89 90 91 93 95 96 98 134 135 136 137 31 138 32 139 140 34 141 35 37 142 40 42 162 117 118 119 120 122 124 125 127 130 153 154 63 155 64 66 156 69 71 76 143 144 146 149 161 101 103 108 157 133 
31 126 16 63 64 65 162 7 150 50 111 40 42 43 33 101 102 103 104 105 96 85 145 143 22 23 24 160 88 89 139 36 141 19 76 77 4 79 80 67 68 133 134 135 136 137 62 130 131 119 21 122 158 82 157 51 52 53 54 55 124 125 113 70 156 72 73 71 45 46 15 114 115 17 116 106 107 11 153 154 155 99 100 9 57 152 56 47 146 48 49 148 117 118 90 91 92 93 94 149 39 37 109 110 108 112 12 6 81 5 41 142 44 138 32 161 132 26 30 28 29 97 95 83 84 159 86 87 144 127 128 129 75 3 74 140 34 35 20 18 78 66 60 58 59 2 61 25 120 121 123 151 13 14 69 1 8 98 10 147 38 27 
32 94 19 64 66 67 48 128 129 23 75 43 45 46 101 103 104 11 106 107 29 83 85 86 150 151 51 55 53 54 112 113 13 77 79 80 6 81 5 133 134 31 136 137 33 138 59 61 62 117 119 120 21 122 123 160 88 92 90 91 7 93 140 141 35 39 37 38 114 115 17 116 16 20 18 63 153 154 65 155 68 96 98 99 10 100 9 143 144 47 146 147 49 148 126 124 125 22 127 24 156 69 73 71 72 3 74 41 142 40 44 42 1 102 161 105 130 131 27 132 26 30 28 82 157 158 84 159 87 50 149 52 110 108 109 12 111 14 78 76 4 135 57 152 56 60 58 2 118 162 121 89 34 139 36 15 97 95 8 145 70 25 
33 55 6 65 67 68 87 92 94 7 14 17 19 20 102 104 105 106 107 11 30 121 123 21 126 128 22 129 23 24 36 38 39 41 43 44 45 46 1 134 135 136 137 31 138 32 60 62 2 145 147 47 148 48 49 150 50 151 51 52 53 54 70 72 73 74 75 3 77 78 79 80 4 81 5 153 154 63 155 64 66 97 99 8 100 9 10 158 82 159 83 84 85 86 160 88 89 90 91 93 109 110 111 112 12 113 13 114 115 15 116 16 18 161 101 103 131 25 132 26 27 28 29 162 117 118 119 120 122 124 125 127 139 140 34 141 35 37 142 40 42 133 152 56 57 58 59 61 143 144 146 149 156 69 71 76 95 96 98 157 108 130 
34 121 133 14 69 70 99 145 147 47 115 106 63 153 36 38 39 108 109 110 90 131 132 26 21 158 82 159 83 84 5 142 40 136 33 138 101 102 161 72 73 74 75 3 139 140 124 22 127 9 152 56 60 58 59 48 49 162 117 118 119 120 16 18 19 78 76 77 65 155 67 68 66 134 135 111 112 12 113 13 156 93 50 149 51 52 151 28 29 97 95 96 8 98 85 86 87 143 144 146 42 43 1 45 46 15 114 104 105 103 107 11 154 141 35 37 24 129 88 89 160 91 92 2 61 62 25 130 27 122 123 157 4 79 80 6 81 41 137 31 32 71 54 55 53 125 126 128 10 100 57 148 17 116 20 64 94 7 150 30 44 23 
35 144 136 69 71 72 97 123 157 158 4 153 65 155 38 108 109 12 111 112 160 2 131 25 147 148 48 118 162 117 15 16 17 138 102 161 104 105 103 74 75 34 139 140 36 141 53 126 124 8 9 10 152 56 57 159 83 87 85 86 145 143 6 40 41 42 43 44 68 66 134 135 133 137 31 14 113 13 70 156 73 90 7 93 150 50 149 26 27 28 29 30 95 96 121 119 120 21 122 82 19 20 76 77 78 79 80 107 11 106 154 63 64 39 37 110 22 127 23 24 129 88 89 58 59 60 61 62 130 47 146 49 45 46 1 114 115 116 32 33 101 3 51 52 151 54 55 125 98 99 100 84 81 5 142 67 91 92 94 132 18 128 
36 118 104 70 72 73 130 87 144 145 116 134 136 137 39 109 110 111 112 12 88 100 57 152 121 123 21 157 158 82 142 44 42 107 153 154 65 155 64 75 3 139 140 34 141 35 54 124 125 132 30 28 96 97 95 147 47 148 48 49 162 117 18 78 76 80 4 79 138 32 102 161 101 105 103 113 13 14 156 69 71 91 93 94 50 149 150 60 58 62 2 61 131 25 159 83 84 85 86 143 1 45 115 15 114 16 17 68 66 67 135 133 31 37 38 108 127 128 24 129 23 89 160 99 8 98 9 10 56 119 120 122 5 6 81 40 41 43 11 106 63 74 52 151 51 55 53 126 26 27 29 146 19 20 77 33 92 90 7 59 46 22 
37 122 138 71 3 74 28 146 49 148 45 155 68 66 108 12 111 13 14 113 129 58 2 61 157 84 159 86 87 85 79 6 81 161 105 103 107 11 106 34 139 35 36 141 38 39 151 55 53 95 8 98 9 10 100 118 162 120 121 119 123 21 114 17 116 19 20 18 135 133 137 31 136 32 33 69 70 156 72 73 75 160 92 90 94 7 93 25 130 26 27 132 29 30 144 145 143 147 47 48 41 142 43 44 42 46 1 154 63 153 64 65 67 109 110 112 126 124 128 22 127 23 24 56 57 152 59 60 62 158 82 83 77 78 76 80 4 5 101 102 104 140 150 50 149 51 52 54 96 97 99 117 115 15 16 134 88 89 91 131 40 125 
38 86 107 72 74 75 62 120 122 123 5 137 138 32 109 111 112 14 113 13 23 99 100 9 144 146 147 49 148 48 16 18 19 154 155 64 68 66 67 139 140 36 141 35 39 37 51 53 54 131 132 26 30 28 29 157 158 84 159 83 87 85 40 42 43 1 45 46 161 101 105 103 104 11 106 70 156 69 73 71 3 88 90 91 7 93 94 152 56 60 58 59 2 61 118 162 117 121 119 21 76 77 4 79 80 6 81 135 133 134 31 136 33 110 108 12 124 125 22 127 128 24 129 97 95 96 8 98 10 145 143 47 15 114 115 17 116 20 63 153 65 34 50 149 150 52 151 55 25 130 27 82 41 142 44 102 89 160 92 57 78 126 
39 49 68 73 75 3 10 84 86 87 20 105 107 11 110 112 12 113 13 14 24 27 29 30 118 120 121 122 123 21 44 46 1 135 137 31 138 32 33 140 34 141 35 36 37 38 52 54 55 57 59 60 61 62 2 144 145 146 147 47 148 48 78 80 4 81 5 6 154 63 155 64 65 66 67 156 69 70 71 72 74 89 91 92 93 94 7 96 97 98 99 8 100 9 157 158 82 159 83 85 115 15 116 16 17 18 19 161 101 102 103 104 106 108 109 111 125 126 127 128 22 129 23 130 131 25 132 26 28 162 117 119 142 40 41 42 43 45 133 134 136 139 149 150 50 151 51 53 152 56 58 143 76 77 79 153 160 88 90 95 114 124 
40 59 70 19 76 77 151 96 98 99 153 39 109 110 43 45 46 15 114 115 84 160 92 90 62 130 131 27 132 26 138 102 161 73 75 3 139 140 34 79 80 6 81 5 41 142 118 120 121 53 126 124 128 22 127 100 9 57 152 56 60 58 155 68 66 134 135 133 112 12 113 13 14 156 69 17 116 16 20 18 78 87 144 145 146 147 47 7 93 150 50 149 51 52 30 28 29 97 95 8 105 103 107 11 106 154 63 141 35 36 37 38 108 44 42 1 123 21 157 158 82 159 83 23 24 129 88 89 91 2 61 25 137 31 136 32 33 101 71 72 74 4 148 48 49 162 117 119 54 55 125 10 64 65 67 111 85 86 143 94 104 122 
41 27 139 20 77 78 91 57 59 60 101 113 70 156 44 46 1 114 115 15 159 125 127 128 30 96 97 98 99 8 67 133 134 141 39 37 109 110 108 80 4 81 5 6 142 40 162 121 119 94 149 150 52 151 51 62 2 130 131 25 132 26 104 106 107 63 153 154 73 71 75 3 74 140 34 116 16 17 18 19 76 85 145 143 147 47 146 129 23 89 160 88 92 90 100 9 10 152 56 58 136 137 33 138 32 102 161 112 12 111 13 14 69 42 43 45 21 122 158 82 157 83 84 55 53 54 126 124 22 28 29 95 65 155 64 68 66 135 35 36 38 79 48 49 148 117 118 120 7 93 50 61 105 103 11 72 86 87 144 24 31 123 
42 95 73 76 4 79 150 61 25 130 137 110 112 12 45 15 114 16 17 116 82 23 160 88 98 10 100 56 57 152 154 155 64 3 140 34 141 35 36 6 81 40 41 142 43 44 49 117 118 51 53 54 126 124 125 27 132 29 30 28 96 97 32 161 101 105 103 104 13 14 156 69 70 71 72 19 20 18 77 78 80 84 86 87 143 144 145 90 91 7 93 94 50 149 59 60 58 62 2 131 66 67 135 133 134 31 136 37 38 39 108 109 111 46 1 115 120 121 122 123 21 157 158 22 127 128 24 129 89 99 8 9 11 106 107 63 153 65 74 75 139 5 146 147 47 148 48 162 52 151 55 26 33 138 102 113 159 83 85 92 68 119 
43 56 141 77 79 80 89 29 95 96 65 156 73 71 46 114 115 17 116 16 157 55 125 126 59 61 62 25 130 131 102 104 105 37 110 108 112 12 111 81 5 41 142 40 44 42 148 118 162 92 94 7 149 150 50 98 99 10 100 9 57 152 68 134 135 136 137 31 3 74 140 34 139 35 36 20 18 19 78 76 4 159 87 85 144 145 143 128 22 129 23 24 160 88 27 132 26 30 28 97 107 11 153 154 63 155 64 13 14 113 69 70 72 1 45 15 121 119 123 21 122 158 82 151 51 52 53 54 124 60 58 2 138 32 33 161 101 103 38 39 109 6 147 47 146 48 49 117 90 91 93 8 66 67 133 75 83 84 86 127 106 120 
44 25 112 78 80 4 124 10 56 57 103 140 141 35 1 115 15 116 16 17 158 93 50 149 27 29 30 95 96 97 133 31 136 13 156 69 73 71 72 5 6 142 40 41 42 43 48 162 117 127 24 129 88 89 160 59 60 61 62 2 130 131 106 63 153 64 65 155 37 38 110 108 109 12 111 18 19 20 76 77 79 83 85 86 145 143 144 52 151 54 55 53 125 126 98 99 8 100 9 152 33 138 101 102 161 104 105 3 74 75 34 139 36 45 46 114 119 120 21 122 123 82 157 91 92 90 94 7 150 132 26 28 67 68 66 134 135 137 14 113 70 81 47 146 147 49 148 118 128 22 23 58 107 11 154 39 84 159 87 51 32 121 
45 28 37 79 6 81 129 58 2 61 138 71 3 74 114 17 116 19 20 18 122 151 55 53 95 8 98 9 10 100 155 68 66 108 12 111 13 14 113 41 142 43 44 42 46 1 146 49 148 160 92 90 94 7 93 25 130 26 27 132 29 30 161 105 103 107 11 106 34 139 35 36 141 38 39 77 78 76 80 4 5 157 84 159 86 87 85 126 124 128 22 127 23 24 56 57 152 59 60 62 135 133 137 31 136 32 33 69 70 156 72 73 75 115 15 16 118 162 120 121 119 123 21 150 50 149 51 52 54 96 97 99 154 63 153 64 65 67 109 110 112 40 144 145 143 147 47 48 88 89 91 131 101 102 104 140 158 82 83 125 134 117 
46 9 13 80 81 5 54 26 28 29 67 35 37 38 115 116 16 20 18 19 123 91 93 94 56 58 59 2 61 62 104 106 107 69 71 72 3 74 75 142 40 44 42 43 1 45 147 148 48 125 127 128 24 129 23 95 96 8 98 99 10 100 134 136 137 33 138 32 108 109 12 111 112 14 113 78 76 77 4 79 6 158 159 83 87 85 86 149 150 52 151 51 55 53 25 130 131 27 132 30 153 154 65 155 64 68 66 34 139 140 36 141 39 15 114 17 162 117 121 119 120 21 122 89 160 88 92 90 7 57 152 60 102 161 101 105 103 11 70 156 73 41 145 143 144 47 146 49 126 124 22 97 135 133 31 110 82 157 84 50 63 118 
47 110 26 82 83 84 161 3 140 34 127 56 58 59 49 117 118 119 120 121 77 66 135 133 12 13 14 156 69 70 149 52 151 29 95 96 8 98 99 86 87 143 144 145 146 147 46 114 115 103 11 106 154 63 153 35 36 37 38 39 108 109 129 89 160 91 92 90 61 62 25 130 131 27 132 122 123 21 157 158 159 80 81 5 41 142 40 31 136 32 33 138 101 102 71 72 73 74 75 139 55 53 125 126 124 128 22 10 100 9 57 152 60 148 48 162 116 16 20 18 19 78 76 64 65 155 67 68 134 111 112 113 94 7 93 150 50 51 30 28 97 85 44 42 43 1 45 15 104 105 107 141 23 24 88 2 4 79 6 137 54 17 
48 75 29 83 85 86 32 112 113 13 94 59 61 62 117 119 120 21 122 123 19 64 66 67 140 141 35 39 37 38 128 129 23 96 98 99 10 100 9 143 144 47 146 147 49 148 43 45 46 101 103 104 11 106 107 156 69 73 71 72 3 74 150 151 51 55 53 54 130 131 27 132 26 30 28 82 157 158 84 159 87 77 79 80 6 81 5 133 134 31 136 137 33 138 110 108 109 12 111 14 160 88 92 90 91 7 93 57 152 56 60 58 2 118 162 121 114 115 17 116 16 20 18 63 153 154 65 155 68 34 139 36 126 124 125 22 127 24 97 95 8 145 41 142 40 44 42 1 102 161 105 70 50 149 52 25 78 76 4 135 89 15 
49 39 10 84 86 87 68 73 75 3 24 27 29 30 118 120 121 122 123 21 20 105 107 11 110 112 12 113 13 14 52 54 55 57 59 60 61 62 2 144 145 146 147 47 148 48 44 46 1 135 137 31 138 32 33 140 34 141 35 36 37 38 89 91 92 93 94 7 96 97 98 99 8 100 9 157 158 82 159 83 85 78 80 4 81 5 6 154 63 155 64 65 66 67 156 69 70 71 72 74 125 126 127 128 22 129 23 130 131 25 132 26 28 162 117 119 115 15 116 16 17 18 19 161 101 102 103 104 106 108 109 111 149 150 50 151 51 53 152 56 58 143 142 40 41 42 43 45 133 134 136 139 160 88 90 95 76 77 79 153 124 114 
50 105 143 24 88 89 80 135 137 31 131 122 82 157 52 54 55 124 125 126 71 115 116 16 11 154 63 155 64 65 9 152 56 146 49 148 117 118 162 91 92 93 94 7 149 150 108 12 111 5 142 40 44 42 43 32 33 161 101 102 103 104 26 28 29 97 95 96 84 159 86 87 85 144 145 127 128 22 129 23 160 74 34 139 35 36 141 18 19 78 76 77 4 79 66 67 68 133 134 136 58 59 2 61 62 25 130 120 121 119 123 21 158 151 51 53 14 113 69 70 156 72 73 1 45 46 15 114 17 106 107 153 8 98 99 10 100 57 147 47 48 90 38 39 37 109 110 112 6 81 41 138 27 132 30 83 75 3 140 20 60 13 
51 134 146 88 90 91 78 107 153 154 8 157 84 159 54 124 125 22 127 128 156 1 115 15 137 138 32 102 161 101 25 26 27 148 118 162 120 121 119 93 94 50 149 150 52 151 37 110 108 4 5 6 142 40 41 155 64 68 66 67 135 133 10 56 57 58 59 60 87 85 144 145 143 147 47 24 129 23 89 160 92 71 3 74 140 34 139 16 17 18 19 20 76 77 105 103 104 11 106 63 29 30 95 96 97 98 99 123 21 122 158 82 83 55 53 126 12 111 13 14 113 69 70 42 43 44 45 46 114 31 136 33 61 62 2 130 131 132 48 49 117 7 35 36 141 38 39 109 79 80 81 65 100 9 152 86 72 73 75 116 28 112 
52 102 120 89 91 92 114 68 134 135 132 144 146 147 55 125 126 127 128 22 69 81 41 142 105 107 11 153 154 63 152 60 58 123 157 158 84 159 83 94 7 149 150 50 151 51 38 108 109 116 20 18 77 78 76 137 31 138 32 33 161 101 28 97 95 99 8 98 148 48 118 162 117 121 119 129 23 24 160 88 90 72 74 75 34 139 140 44 42 46 1 45 115 15 155 64 65 66 67 133 2 61 131 25 130 26 27 87 85 86 145 143 47 53 54 124 111 112 14 113 13 70 156 80 4 79 5 6 40 103 104 106 9 10 100 56 57 59 21 122 82 93 36 141 35 39 37 110 16 17 19 136 29 30 96 49 73 71 3 43 62 12 
53 106 148 90 7 93 18 136 33 138 61 159 87 85 124 22 127 23 24 129 113 42 1 45 153 65 155 67 68 66 98 10 100 162 121 119 123 21 122 50 149 51 52 151 54 55 141 39 37 76 4 79 5 6 81 102 161 104 105 103 107 11 130 27 132 29 30 28 145 143 147 47 146 48 49 88 89 160 91 92 94 156 73 71 75 3 74 15 114 16 17 116 19 20 134 135 133 137 31 32 57 152 59 60 58 62 2 158 82 157 83 84 86 125 126 128 110 108 112 12 111 13 14 40 41 142 43 44 46 154 63 64 96 97 95 99 8 9 117 118 120 150 140 34 139 35 36 38 77 78 80 101 131 25 26 144 69 70 72 115 56 109 
54 67 123 91 93 94 46 104 106 107 9 147 148 48 125 127 128 24 129 23 13 80 81 5 134 136 137 33 138 32 26 28 29 158 159 83 87 85 86 149 150 52 151 51 55 53 35 37 38 115 116 16 20 18 19 153 154 65 155 64 68 66 56 58 59 2 61 62 162 117 121 119 120 21 122 89 160 88 92 90 7 69 71 72 3 74 75 142 40 44 42 43 1 45 102 161 101 105 103 11 95 96 8 98 99 10 100 145 143 144 47 146 49 126 124 22 108 109 12 111 112 14 113 78 76 77 4 79 6 135 133 31 25 130 131 27 132 30 82 157 84 50 34 139 140 36 141 39 15 114 17 63 57 152 60 118 70 156 73 41 97 110 
55 33 87 92 94 7 6 65 67 68 30 121 123 21 126 128 22 129 23 24 14 17 19 20 102 104 105 106 107 11 60 62 2 145 147 47 148 48 49 150 50 151 51 52 53 54 36 38 39 41 43 44 45 46 1 134 135 136 137 31 138 32 97 99 8 100 9 10 158 82 159 83 84 85 86 160 88 89 90 91 93 70 72 73 74 75 3 77 78 79 80 4 81 5 153 154 63 155 64 66 131 25 132 26 27 28 29 162 117 118 119 120 122 124 125 127 109 110 111 112 12 113 13 114 115 15 116 16 18 161 101 103 152 56 57 58 59 61 143 144 146 149 139 140 34 141 35 37 142 40 42 133 95 96 98 157 156 69 71 76 130 108 
56 43 89 29 95 96 141 77 79 80 157 55 125 126 59 61 62 25 130 131 65 156 73 71 46 114 115 17 116 16 148 118 162 92 94 7 149 150 50 98 99 10 100 9 57 152 102 104 105 37 110 108 112 12 111 81 5 41 142 40 44 42 159 87 85 144 145 143 128 22 129 23 24 160 88 27 132 26 30 28 97 68 134 135 136 137 31 3 74 140 34 139 35 36 20 18 19 78 76 4 121 119 123 21 122 158 82 151 51 52 53 54 124 60 58 2 107 11 153 154 63 155 64 13 14 113 69 70 72 1 45 15 147 47 146 48 49 117 90 91 93 8 138 32 33 161 101 103 38 39 109 6 83 84 86 127 66 67 133 75 120 106 
57 17 149 30 96 97 72 41 43 44 117 129 89 160 60 62 2 130 131 25 155 109 111 112 20 77 78 79 80 4 86 143 144 151 55 53 125 126 124 99 8 100 9 10 152 56 161 105 103 75 139 140 36 141 35 46 1 114 115 15 116 16 120 122 123 82 157 158 92 90 94 7 93 150 50 132 26 27 28 29 95 66 135 133 137 31 136 113 13 70 156 69 73 71 81 5 6 142 40 42 146 147 49 148 48 118 162 128 22 127 23 24 88 58 59 61 11 106 154 63 153 64 65 39 37 38 110 108 12 18 19 76 84 159 83 87 85 145 51 52 54 98 32 33 138 101 102 104 3 74 34 45 121 119 21 91 67 68 134 14 47 107 
58 76 92 95 8 98 140 45 15 114 147 126 128 22 61 25 130 26 27 132 63 13 156 69 79 6 81 40 41 142 158 159 83 7 150 50 151 51 52 10 100 56 57 152 59 60 33 101 102 35 37 38 110 108 109 17 116 19 20 18 77 78 48 162 117 121 119 120 23 24 160 88 89 90 91 29 30 28 96 97 99 65 67 68 133 134 135 71 72 3 74 75 34 139 43 44 42 46 1 115 85 86 145 143 144 47 146 53 54 55 124 125 127 62 2 131 104 105 106 107 11 153 154 12 111 112 14 113 70 80 4 5 21 122 123 82 157 84 93 94 149 9 136 137 31 138 32 161 36 141 39 16 49 148 118 129 155 64 66 73 87 103 
59 40 151 96 98 99 70 19 76 77 84 160 92 90 62 130 131 27 132 26 153 39 109 110 43 45 46 15 114 115 118 120 121 53 126 124 128 22 127 100 9 57 152 56 60 58 138 102 161 73 75 3 139 140 34 79 80 6 81 5 41 142 87 144 145 146 147 47 7 93 150 50 149 51 52 30 28 29 97 95 8 155 68 66 134 135 133 112 12 113 13 14 156 69 17 116 16 20 18 78 123 21 157 158 82 159 83 23 24 129 88 89 91 2 61 25 105 103 107 11 106 154 63 141 35 36 37 38 108 44 42 1 148 48 49 162 117 119 54 55 125 10 137 31 136 32 33 101 71 72 74 4 85 86 143 94 64 65 67 111 122 104 
60 15 128 97 99 8 108 6 40 41 119 150 151 51 2 131 25 132 26 27 154 74 34 139 17 19 20 76 77 78 143 47 146 23 160 88 92 90 91 9 10 152 56 57 58 59 32 161 101 111 14 113 69 70 156 43 44 45 46 1 114 115 122 82 157 83 84 159 53 54 126 124 125 22 127 28 29 30 95 96 98 64 66 67 135 133 134 36 141 38 39 37 109 110 79 80 4 81 5 142 49 148 117 118 162 120 121 7 93 94 50 149 52 61 62 130 103 104 11 106 107 63 153 72 73 71 75 3 140 116 16 18 86 87 85 144 145 147 24 129 89 100 31 136 137 33 138 102 112 12 13 42 123 21 158 55 65 155 68 35 48 105 
61 18 53 98 10 100 113 42 1 45 148 90 7 93 130 27 132 29 30 28 106 141 39 37 76 4 79 5 6 81 159 87 85 124 22 127 23 24 129 57 152 59 60 58 62 2 136 33 138 156 73 71 75 3 74 15 114 16 17 116 19 20 162 121 119 123 21 122 50 149 51 52 151 54 55 96 97 95 99 8 9 153 65 155 67 68 66 110 108 112 12 111 13 14 40 41 142 43 44 46 145 143 147 47 146 48 49 88 89 160 91 92 94 131 25 26 102 161 104 105 103 107 11 140 34 139 35 36 38 77 78 80 158 82 157 83 84 86 125 126 128 56 134 135 133 137 31 32 69 70 72 115 117 118 120 150 154 63 64 109 144 101 
62 5 23 99 100 9 38 16 18 19 86 51 53 54 131 132 26 30 28 29 107 72 74 75 40 42 43 1 45 46 120 122 123 88 90 91 7 93 94 152 56 60 58 59 2 61 137 138 32 109 111 112 14 113 13 76 77 4 79 80 6 81 144 146 147 49 148 48 124 125 22 127 128 24 129 97 95 96 8 98 10 154 155 64 68 66 67 139 140 36 141 35 39 37 15 114 115 17 116 20 157 158 84 159 83 87 85 50 149 150 52 151 55 25 130 27 161 101 105 103 104 11 106 70 156 69 73 71 3 41 142 44 118 162 117 121 119 21 89 160 92 57 135 133 134 31 136 33 110 108 12 78 145 143 47 126 63 153 65 34 82 102 
63 92 76 33 101 102 147 126 128 22 140 45 15 114 65 67 68 133 134 135 58 158 159 83 7 150 50 151 51 52 13 156 69 79 6 81 40 41 142 104 105 106 107 11 153 154 95 8 98 48 162 117 121 119 120 23 24 160 88 89 90 91 35 37 38 110 108 109 17 116 19 20 18 77 78 136 137 31 138 32 161 61 25 130 26 27 132 85 86 145 143 144 47 146 53 54 55 124 125 127 71 72 3 74 75 34 139 43 44 42 46 1 115 155 64 66 10 100 56 57 152 59 60 21 122 123 82 157 84 93 94 149 12 111 112 14 113 70 80 4 5 103 29 30 28 96 97 99 49 148 118 129 36 141 39 16 62 2 131 87 73 9 
64 125 79 101 103 104 145 94 149 150 12 114 17 116 67 133 134 31 136 137 152 21 158 82 128 129 23 89 160 88 34 35 36 81 41 142 43 44 42 106 107 63 153 154 65 155 28 97 95 47 48 49 162 117 118 151 51 55 53 54 126 124 14 69 70 71 72 73 20 18 77 78 76 80 4 33 138 32 102 161 105 58 2 61 131 25 130 83 84 85 86 87 143 144 92 90 91 7 93 50 38 39 108 109 110 111 112 46 1 45 115 15 16 68 66 135 8 98 9 10 100 56 57 119 120 121 122 123 157 22 127 24 74 75 3 139 140 141 5 6 40 11 26 27 132 29 30 96 146 147 148 52 113 13 156 19 59 60 62 159 37 99 
65 89 43 102 104 105 157 55 125 126 141 77 79 80 68 134 135 136 137 31 56 148 118 162 92 94 7 149 150 50 156 73 71 46 114 115 17 116 16 107 11 153 154 63 155 64 29 95 96 159 87 85 144 145 143 128 22 129 23 24 160 88 37 110 108 112 12 111 81 5 41 142 40 44 42 138 32 33 161 101 103 59 61 62 25 130 131 121 119 123 21 122 158 82 151 51 52 53 54 124 3 74 140 34 139 35 36 20 18 19 78 76 4 66 67 133 98 99 10 100 9 57 152 147 47 146 48 49 117 90 91 93 13 14 113 69 70 72 1 45 15 106 27 132 26 30 28 97 83 84 86 127 38 39 109 6 60 58 2 120 75 8 
66 93 81 103 11 106 85 127 24 129 74 116 20 18 133 31 136 32 33 138 100 119 21 122 149 52 151 54 55 53 111 14 113 142 44 42 46 1 45 63 153 64 65 155 67 68 132 30 28 143 47 146 48 49 148 89 160 91 92 90 94 7 139 36 141 38 39 37 78 76 80 4 79 5 6 101 102 161 104 105 107 152 60 58 62 2 61 82 157 83 84 159 86 87 125 126 124 128 22 23 70 156 72 73 71 75 3 115 15 114 16 17 19 134 135 137 97 95 99 8 98 9 10 117 118 162 120 121 123 150 50 51 109 110 108 112 12 13 40 41 43 154 131 25 130 26 27 29 144 145 147 88 140 34 35 77 56 57 59 158 69 96 
67 54 46 104 106 107 123 91 93 94 13 80 81 5 134 136 137 33 138 32 9 147 148 48 125 127 128 24 129 23 35 37 38 115 116 16 20 18 19 153 154 65 155 64 68 66 26 28 29 158 159 83 87 85 86 149 150 52 151 51 55 53 69 71 72 3 74 75 142 40 44 42 43 1 45 102 161 101 105 103 11 56 58 59 2 61 62 162 117 121 119 120 21 122 89 160 88 92 90 7 108 109 12 111 112 14 113 78 76 77 4 79 6 135 133 31 95 96 8 98 99 10 100 145 143 144 47 146 49 126 124 22 34 139 140 36 141 39 15 114 17 63 25 130 131 27 132 30 82 157 84 50 70 156 73 41 57 152 60 118 110 97 
68 24 20 105 107 11 49 52 54 55 39 44 46 1 135 137 31 138 32 33 10 84 86 87 89 91 92 93 94 7 73 75 3 78 80 4 81 5 6 154 63 155 64 65 66 67 27 29 30 118 120 121 122 123 21 125 126 127 128 22 129 23 110 112 12 113 13 14 115 15 116 16 17 18 19 161 101 102 103 104 106 57 59 60 61 62 2 144 145 146 147 47 148 48 149 150 50 151 51 53 140 34 141 35 36 37 38 142 40 41 42 43 45 133 134 136 96 97 98 99 8 100 9 157 158 82 159 83 85 160 88 90 156 69 70 71 72 74 76 77 79 153 130 131 25 132 26 28 162 117 119 124 108 109 111 114 152 56 58 143 139 95 
69 120 102 38 108 109 132 144 146 147 114 68 134 135 72 74 75 34 139 140 52 152 60 58 123 157 158 84 159 83 81 41 142 105 107 11 153 154 63 111 112 14 113 13 70 156 89 91 92 28 97 95 99 8 98 148 48 118 162 117 121 119 116 20 18 77 78 76 137 31 138 32 33 161 101 36 141 35 39 37 110 55 125 126 127 128 22 2 61 131 25 130 26 27 87 85 86 145 143 47 44 42 46 1 45 115 15 155 64 65 66 67 133 73 71 3 94 7 149 150 50 151 51 9 10 100 56 57 59 21 122 82 80 4 79 5 6 40 103 104 106 12 129 23 24 160 88 90 29 30 96 49 16 17 19 136 53 54 124 62 43 93 
70 84 153 39 109 110 59 118 120 121 40 138 102 161 73 75 3 139 140 34 151 96 98 99 87 144 145 146 147 47 19 76 77 155 68 66 134 135 133 112 12 113 13 14 156 69 160 92 90 62 130 131 27 132 26 123 21 157 158 82 159 83 43 45 46 15 114 115 105 103 107 11 106 154 63 141 35 36 37 38 108 53 126 124 128 22 127 100 9 57 152 56 60 58 148 48 49 162 117 119 79 80 6 81 5 41 142 137 31 136 32 33 101 71 72 74 7 93 150 50 149 51 52 30 28 29 97 95 8 85 86 143 17 116 16 20 18 78 64 65 67 111 23 24 129 88 89 91 2 61 25 122 44 42 1 104 54 55 125 10 4 94 
71 143 105 108 12 111 131 122 82 157 80 135 137 31 74 34 139 35 36 141 50 9 152 56 146 49 148 117 118 162 115 116 16 11 154 63 155 64 65 14 113 69 70 156 72 73 24 88 89 26 28 29 97 95 96 84 159 86 87 85 144 145 5 142 40 44 42 43 32 33 161 101 102 103 104 38 39 37 109 110 112 52 54 55 124 125 126 58 59 2 61 62 25 130 120 121 119 123 21 158 18 19 78 76 77 4 79 66 67 68 133 134 136 75 3 140 91 92 93 94 7 149 150 8 98 99 10 100 57 147 47 48 1 45 46 15 114 17 106 107 153 13 127 128 22 129 23 160 27 132 30 83 6 81 41 138 151 51 53 60 20 90 
72 117 155 109 111 112 57 86 143 144 17 161 105 103 75 139 140 36 141 35 149 30 96 97 120 122 123 82 157 158 41 43 44 66 135 133 137 31 136 113 13 70 156 69 73 71 129 89 160 60 62 2 130 131 25 146 147 49 148 48 118 162 20 77 78 79 80 4 11 106 154 63 153 64 65 39 37 38 110 108 12 151 55 53 125 126 124 99 8 100 9 10 152 56 84 159 83 87 85 145 46 1 114 115 15 116 16 32 33 138 101 102 104 3 74 34 92 90 94 7 93 150 50 132 26 27 28 29 95 121 119 21 81 5 6 142 40 42 67 68 134 14 128 22 127 23 24 88 58 59 61 47 18 19 76 107 51 52 54 98 45 91 
73 82 137 110 112 12 95 49 117 118 42 154 155 64 3 140 34 141 35 36 150 61 25 130 84 86 87 143 144 145 76 4 79 32 161 101 105 103 104 13 14 156 69 70 71 72 23 160 88 98 10 100 56 57 152 120 121 122 123 21 157 158 45 15 114 16 17 116 66 67 135 133 134 31 136 37 38 39 108 109 111 51 53 54 126 124 125 27 132 29 30 28 96 97 146 147 47 148 48 162 6 81 40 41 142 43 44 11 106 107 63 153 65 74 75 139 90 91 7 93 94 50 149 59 60 58 62 2 131 159 83 85 19 20 18 77 78 80 33 138 102 113 22 127 128 24 129 89 99 8 9 119 46 1 115 68 52 151 55 26 5 92 
74 85 66 111 14 113 100 119 21 122 81 103 11 106 139 36 141 38 39 37 93 132 30 28 143 47 146 48 49 148 116 20 18 133 31 136 32 33 138 70 156 72 73 71 75 3 127 24 129 152 60 58 62 2 61 82 157 83 84 159 86 87 142 44 42 46 1 45 63 153 64 65 155 67 68 109 110 108 112 12 13 149 52 151 54 55 53 97 95 99 8 98 9 10 117 118 162 120 121 123 78 76 80 4 79 5 6 101 102 161 104 105 107 140 34 35 89 160 91 92 90 94 7 131 25 130 26 27 29 144 145 147 115 15 114 16 17 19 134 135 137 69 125 126 124 128 22 23 56 57 59 158 40 41 43 154 150 50 51 96 77 88 
75 48 32 112 113 13 29 83 85 86 19 64 66 67 140 141 35 39 37 38 94 59 61 62 117 119 120 21 122 123 43 45 46 101 103 104 11 106 107 156 69 73 71 72 3 74 128 129 23 96 98 99 10 100 9 143 144 47 146 147 49 148 77 79 80 6 81 5 133 134 31 136 137 33 138 110 108 109 12 111 14 150 151 51 55 53 54 130 131 27 132 26 30 28 82 157 158 84 159 87 114 115 17 116 16 20 18 63 153 154 65 155 68 34 139 36 160 88 92 90 91 7 93 57 152 56 60 58 2 118 162 121 41 142 40 44 42 1 102 161 105 70 126 124 125 22 127 24 97 95 8 145 78 76 4 135 50 149 52 25 15 89 
76 58 140 45 15 114 92 95 8 98 63 13 156 69 79 6 81 40 41 142 147 126 128 22 61 25 130 26 27 132 33 101 102 35 37 38 110 108 109 17 116 19 20 18 77 78 158 159 83 7 150 50 151 51 52 10 100 56 57 152 59 60 65 67 68 133 134 135 71 72 3 74 75 34 139 43 44 42 46 1 115 48 162 117 121 119 120 23 24 160 88 89 90 91 29 30 28 96 97 99 104 105 106 107 11 153 154 12 111 112 14 113 70 80 4 5 85 86 145 143 144 47 146 53 54 55 124 125 127 62 2 131 136 137 31 138 32 161 36 141 39 16 21 122 123 82 157 84 93 94 149 9 155 64 66 73 49 148 118 129 103 87 
77 26 110 46 114 115 127 56 58 59 161 3 140 34 80 81 5 41 142 40 47 149 52 151 29 95 96 8 98 99 66 135 133 12 13 14 156 69 70 116 16 20 18 19 78 76 82 83 84 129 89 160 91 92 90 61 62 25 130 131 27 132 103 11 106 154 63 153 35 36 37 38 39 108 109 44 42 43 1 45 15 49 117 118 119 120 121 55 53 125 126 124 128 22 10 100 9 57 152 60 31 136 32 33 138 101 102 71 72 73 74 75 139 4 79 6 86 87 143 144 145 146 147 94 7 93 150 50 51 30 28 97 64 65 155 67 68 134 111 112 113 17 122 123 21 157 158 159 23 24 88 2 104 105 107 141 148 48 162 54 137 85 
78 8 156 1 115 15 51 25 26 27 134 37 110 108 4 5 6 142 40 41 146 88 90 91 10 56 57 58 59 60 107 153 154 71 3 74 140 34 139 16 17 18 19 20 76 77 157 84 159 54 124 125 22 127 128 29 30 95 96 97 98 99 137 138 32 102 161 101 12 111 13 14 113 69 70 42 43 44 45 46 114 148 118 162 120 121 119 93 94 50 149 150 52 151 61 62 2 130 131 132 155 64 68 66 67 135 133 35 36 141 38 39 109 79 80 81 87 85 144 145 143 147 47 24 129 23 89 160 92 100 9 152 105 103 104 11 106 63 72 73 75 116 123 21 122 158 82 83 55 53 126 28 31 136 33 112 48 49 117 7 65 86 
79 152 12 114 17 116 125 28 97 95 64 34 35 36 81 41 142 43 44 42 145 94 149 150 58 2 61 131 25 130 101 103 104 14 69 70 71 72 73 20 18 77 78 76 80 4 21 158 82 128 129 23 89 160 88 8 98 9 10 100 56 57 67 133 134 31 136 137 38 39 108 109 110 111 112 46 1 45 115 15 16 47 48 49 162 117 118 151 51 55 53 54 126 124 26 27 132 29 30 96 106 107 63 153 154 65 155 74 75 3 139 140 141 5 6 40 83 84 85 86 87 143 144 92 90 91 7 93 50 59 60 62 33 138 32 102 161 105 113 13 156 19 119 120 121 122 123 157 22 127 24 99 68 66 135 37 146 147 148 52 11 159 
80 131 71 115 116 16 50 9 152 56 105 108 12 111 5 142 40 44 42 43 143 24 88 89 26 28 29 97 95 96 135 137 31 74 34 139 35 36 141 18 19 78 76 77 4 79 122 82 157 52 54 55 124 125 126 58 59 2 61 62 25 130 11 154 63 155 64 65 14 113 69 70 156 72 73 1 45 46 15 114 17 146 49 148 117 118 162 91 92 93 94 7 149 150 8 98 99 10 100 57 32 33 161 101 102 103 104 38 39 37 109 110 112 6 81 41 84 159 86 87 85 144 145 127 128 22 129 23 160 27 132 30 66 67 68 133 134 136 75 3 140 20 120 121 119 123 21 158 151 51 53 60 106 107 153 13 147 47 48 90 138 83 
81 100 74 116 20 18 93 132 30 28 66 111 14 113 142 44 42 46 1 45 85 127 24 129 152 60 58 62 2 61 103 11 106 139 36 141 38 39 37 78 76 80 4 79 5 6 119 21 122 149 52 151 54 55 53 97 95 99 8 98 9 10 133 31 136 32 33 138 70 156 72 73 71 75 3 115 15 114 16 17 19 143 47 146 48 49 148 89 160 91 92 90 94 7 131 25 130 26 27 29 63 153 64 65 155 67 68 109 110 108 112 12 13 40 41 43 82 157 83 84 159 86 87 125 126 124 128 22 23 56 57 59 101 102 161 104 105 107 140 34 35 77 117 118 162 120 121 123 150 50 51 96 134 135 137 69 144 145 147 88 154 158 
82 73 95 49 117 118 137 110 112 12 150 61 25 130 84 86 87 143 144 145 42 154 155 64 3 140 34 141 35 36 23 160 88 98 10 100 56 57 152 120 121 122 123 21 157 158 76 4 79 32 161 101 105 103 104 13 14 156 69 70 71 72 51 53 54 126 124 125 27 132 29 30 28 96 97 146 147 47 148 48 162 45 15 114 16 17 116 66 67 135 133 134 31 136 37 38 39 108 109 111 90 91 7 93 94 50 149 59 60 58 62 2 131 159 83 85 6 81 40 41 142 43 44 11 106 107 63 153 65 74 75 139 22 127 128 24 129 89 99 8 9 119 19 20 18 77 78 80 33 138 102 113 52 151 55 26 46 1 115 68 92 5 
83 109 98 117 119 120 135 75 139 140 22 130 27 132 86 143 144 47 146 147 142 11 154 63 112 113 13 70 156 69 50 51 52 100 57 152 59 60 58 122 123 82 157 158 84 159 18 78 76 31 32 33 161 101 102 141 35 39 37 38 110 108 24 88 89 90 91 92 30 28 96 97 95 99 8 49 148 48 118 162 121 42 1 45 115 15 114 64 65 66 67 68 133 134 73 71 72 3 74 34 54 55 124 125 126 127 128 62 2 61 131 25 26 87 85 145 4 79 5 6 81 40 41 103 104 105 106 107 153 12 111 14 93 94 7 149 150 151 9 10 56 21 16 17 116 19 20 77 136 137 138 36 129 23 160 29 43 44 46 155 53 80 
84 70 59 118 120 121 153 39 109 110 151 96 98 99 87 144 145 146 147 47 40 138 102 161 73 75 3 139 140 34 160 92 90 62 130 131 27 132 26 123 21 157 158 82 159 83 19 76 77 155 68 66 134 135 133 112 12 113 13 14 156 69 53 126 124 128 22 127 100 9 57 152 56 60 58 148 48 49 162 117 119 43 45 46 15 114 115 105 103 107 11 106 154 63 141 35 36 37 38 108 7 93 150 50 149 51 52 30 28 29 97 95 8 85 86 143 79 80 6 81 5 41 142 137 31 136 32 33 101 71 72 74 23 24 129 88 89 91 2 61 25 122 17 116 16 20 18 78 64 65 67 111 54 55 125 10 44 42 1 104 94 4 
85 74 100 119 21 122 66 111 14 113 93 132 30 28 143 47 146 48 49 148 81 103 11 106 139 36 141 38 39 37 127 24 129 152 60 58 62 2 61 82 157 83 84 159 86 87 116 20 18 133 31 136 32 33 138 70 156 72 73 71 75 3 149 52 151 54 55 53 97 95 99 8 98 9 10 117 118 162 120 121 123 142 44 42 46 1 45 63 153 64 65 155 67 68 109 110 108 112 12 13 89 160 91 92 90 94 7 131 25 130 26 27 29 144 145 147 78 76 80 4 79 5 6 101 102 161 104 105 107 140 34 35 125 126 124 128 22 23 56 57 59 158 115 15 114 16 17 19 134 135 137 69 150 50 51 96 40 41 43 154 88 77 
86 38 62 120 122 123 107 72 74 75 23 99 100 9 144 146 147 49 148 48 5 137 138 32 109 111 112 14 113 13 51 53 54 131 132 26 30 28 29 157 158 84 159 83 87 85 16 18 19 154 155 64 68 66 67 139 140 36 141 35 39 37 88 90 91 7 93 94 152 56 60 58 59 2 61 118 162 117 121 119 21 40 42 43 1 45 46 161 101 105 103 104 11 106 70 156 69 73 71 3 124 125 22 127 128 24 129 97 95 96 8 98 10 145 143 47 76 77 4 79 80 6 81 135 133 134 31 136 33 110 108 12 50 149 150 52 151 55 25 130 27 82 15 114 115 17 116 20 63 153 65 34 89 160 92 57 41 142 44 102 126 78 
87 14 30 121 123 21 33 36 38 39 55 60 62 2 145 147 47 148 48 49 6 65 67 68 70 72 73 74 75 3 92 94 7 97 99 8 100 9 10 158 82 159 83 84 85 86 17 19 20 102 104 105 106 107 11 109 110 111 112 12 113 13 126 128 22 129 23 24 131 25 132 26 27 28 29 162 117 118 119 120 122 41 43 44 45 46 1 134 135 136 137 31 138 32 139 140 34 141 35 37 150 50 151 51 52 53 54 152 56 57 58 59 61 143 144 146 77 78 79 80 4 81 5 153 154 63 155 64 66 156 69 71 160 88 89 90 91 93 95 96 98 157 114 115 15 116 16 18 161 101 103 108 124 125 127 130 142 40 42 133 149 76 
88 104 118 54 124 125 116 134 136 137 130 87 144 145 91 93 94 50 149 150 36 142 44 42 107 153 154 65 155 64 100 57 152 121 123 21 157 158 82 127 128 24 129 23 89 160 70 72 73 18 78 76 80 4 79 138 32 102 161 101 105 103 132 30 28 96 97 95 147 47 148 48 49 162 117 52 151 51 55 53 126 39 109 110 111 112 12 1 45 115 15 114 16 17 68 66 67 135 133 31 60 58 62 2 61 131 25 159 83 84 85 86 143 92 90 7 75 3 139 140 34 141 35 5 6 81 40 41 43 11 106 63 99 8 98 9 10 56 119 120 122 22 113 13 14 156 69 71 19 20 77 33 26 27 29 146 37 38 108 46 59 74 
89 65 157 55 125 126 43 102 104 105 56 148 118 162 92 94 7 149 150 50 141 77 79 80 68 134 135 136 137 31 29 95 96 159 87 85 144 145 143 128 22 129 23 24 160 88 156 73 71 46 114 115 17 116 16 107 11 153 154 63 155 64 59 61 62 25 130 131 121 119 123 21 122 158 82 151 51 52 53 54 124 37 110 108 112 12 111 81 5 41 142 40 44 42 138 32 33 161 101 103 98 99 10 100 9 57 152 147 47 146 48 49 117 90 91 93 3 74 140 34 139 35 36 20 18 19 78 76 4 66 67 133 27 132 26 30 28 97 83 84 86 127 13 14 113 69 70 72 1 45 15 106 60 58 2 120 38 39 109 6 8 75 
90 133 121 124 22 127 115 106 63 153 99 145 147 47 93 50 149 51 52 151 34 5 142 40 136 33 138 101 102 161 131 132 26 21 158 82 159 83 84 24 129 88 89 160 91 92 14 69 70 16 18 19 78 76 77 65 155 67 68 66 134 135 9 152 56 60 58 59 48 49 162 117 118 119 120 54 55 53 125 126 128 36 38 39 108 109 110 42 43 1 45 46 15 114 104 105 103 107 11 154 28 29 97 95 96 8 98 85 86 87 143 144 146 94 7 150 72 73 74 75 3 139 140 4 79 80 6 81 41 137 31 32 2 61 62 25 130 27 122 123 157 23 111 112 12 113 13 156 17 116 20 64 10 100 57 148 141 35 37 44 30 71 
91 101 159 125 127 128 41 67 133 134 27 162 121 119 94 149 150 52 151 51 139 20 77 78 104 106 107 63 153 154 57 59 60 85 145 143 147 47 146 129 23 89 160 88 92 90 113 70 156 44 46 1 114 115 15 136 137 33 138 32 102 161 30 96 97 98 99 8 21 122 158 82 157 83 84 55 53 54 126 124 22 141 39 37 109 110 108 80 4 81 5 6 142 40 65 155 64 68 66 135 62 2 130 131 25 132 26 48 49 148 117 118 120 7 93 50 73 71 75 3 74 140 34 116 16 17 18 19 76 105 103 11 100 9 10 152 56 58 86 87 144 24 112 12 111 13 14 69 42 43 45 31 28 29 95 123 35 36 38 79 61 72 
92 63 147 126 128 22 76 33 101 102 58 158 159 83 7 150 50 151 51 52 140 45 15 114 65 67 68 133 134 135 95 8 98 48 162 117 121 119 120 23 24 160 88 89 90 91 13 156 69 79 6 81 40 41 142 104 105 106 107 11 153 154 61 25 130 26 27 132 85 86 145 143 144 47 146 53 54 55 124 125 127 35 37 38 110 108 109 17 116 19 20 18 77 78 136 137 31 138 32 161 10 100 56 57 152 59 60 21 122 123 82 157 84 93 94 149 71 72 3 74 75 34 139 43 44 42 46 1 115 155 64 66 29 30 28 96 97 99 49 148 118 129 12 111 112 14 113 70 80 4 5 103 62 2 131 87 36 141 39 16 9 73 
93 66 85 127 24 129 81 103 11 106 100 119 21 122 149 52 151 54 55 53 74 116 20 18 133 31 136 32 33 138 132 30 28 143 47 146 48 49 148 89 160 91 92 90 94 7 111 14 113 142 44 42 46 1 45 63 153 64 65 155 67 68 152 60 58 62 2 61 82 157 83 84 159 86 87 125 126 124 128 22 23 139 36 141 38 39 37 78 76 80 4 79 5 6 101 102 161 104 105 107 97 95 99 8 98 9 10 117 118 162 120 121 123 150 50 51 70 156 72 73 71 75 3 115 15 114 16 17 19 134 135 137 131 25 130 26 27 29 144 145 147 88 109 110 108 112 12 13 40 41 43 154 56 57 59 158 140 34 35 77 96 69 
94 32 48 128 129 23 19 64 66 67 29 83 85 86 150 151 51 55 53 54 75 43 45 46 101 103 104 11 106 107 59 61 62 117 119 120 21 122 123 160 88 92 90 91 7 93 112 113 13 77 79 80 6 81 5 133 134 31 136 137 33 138 96 98 99 10 100 9 143 144 47 146 147 49 148 126 124 125 22 127 24 140 141 35 39 37 38 114 115 17 116 16 20 18 63 153 154 65 155 68 130 131 27 132 26 30 28 82 157 158 84 159 87 50 149 52 156 69 73 71 72 3 74 41 142 40 44 42 1 102 161 105 57 152 56 60 58 2 118 162 121 89 110 108 109 12 111 14 78 76 4 135 97 95 8 145 34 139 36 15 25 70 
95 42 150 61 25 130 73 76 4 79 82 23 160 88 98 10 100 56 57 152 137 110 112 12 45 15 114 16 17 116 49 117 118 51 53 54 126 124 125 27 132 29 30 28 96 97 154 155 64 3 140 34 141 35 36 6 81 40 41 142 43 44 84 86 87 143 144 145 90 91 7 93 94 50 149 59 60 58 62 2 131 32 161 101 105 103 104 13 14 156 69 70 71 72 19 20 18 77 78 80 120 121 122 123 21 157 158 22 127 128 24 129 89 99 8 9 66 67 135 133 134 31 136 37 38 39 108 109 111 46 1 115 146 147 47 148 48 162 52 151 55 26 11 106 107 63 153 65 74 75 139 5 159 83 85 92 33 138 102 113 119 68 
96 16 126 62 130 131 111 40 42 43 162 7 150 50 99 100 9 57 152 56 31 139 36 141 19 76 77 4 79 80 85 145 143 22 23 24 160 88 89 132 26 30 28 29 97 95 63 64 65 113 70 156 72 73 71 45 46 15 114 115 17 116 119 21 122 158 82 157 51 52 53 54 55 124 125 60 58 59 2 61 25 33 101 102 103 104 105 39 37 109 110 108 112 12 6 81 5 41 142 44 47 146 48 49 148 117 118 90 91 92 93 94 149 8 98 10 67 68 133 134 135 136 137 75 3 74 140 34 35 20 18 78 83 84 159 86 87 144 127 128 129 27 106 107 11 153 154 155 13 14 69 1 120 121 123 151 138 32 161 38 147 66 
97 4 160 2 131 25 35 15 16 17 144 53 126 124 8 9 10 152 56 57 136 69 71 72 6 40 41 42 43 44 123 157 158 90 7 93 150 50 149 26 27 28 29 30 95 96 153 65 155 38 108 109 12 111 112 19 20 76 77 78 79 80 147 148 48 118 162 117 22 127 23 24 129 88 89 58 59 60 61 62 130 138 102 161 104 105 103 74 75 34 139 140 36 141 45 46 1 114 115 116 159 83 87 85 86 145 143 51 52 151 54 55 125 98 99 100 68 66 134 135 133 137 31 14 113 13 70 156 73 81 5 142 121 119 120 21 122 82 91 92 94 132 107 11 106 154 63 64 39 37 110 18 47 146 49 128 32 33 101 3 84 67 
98 142 22 130 27 132 109 18 78 76 83 50 51 52 100 57 152 59 60 58 135 75 139 140 42 1 45 115 15 114 117 119 120 24 88 89 90 91 92 30 28 96 97 95 99 8 11 154 63 112 113 13 70 156 69 4 79 5 6 81 40 41 86 143 144 47 146 147 54 55 124 125 126 127 128 62 2 61 131 25 26 31 32 33 161 101 102 141 35 39 37 38 110 108 16 17 116 19 20 77 122 123 82 157 158 84 159 93 94 7 149 150 151 9 10 56 64 65 66 67 68 133 134 73 71 72 3 74 34 43 44 46 49 148 48 118 162 121 129 23 160 29 103 104 105 106 107 153 12 111 14 80 87 85 145 53 136 137 138 36 21 155 
99 115 90 131 132 26 34 5 142 40 121 124 22 127 9 152 56 60 58 59 133 14 69 70 16 18 19 78 76 77 145 147 47 93 50 149 51 52 151 28 29 97 95 96 8 98 106 63 153 36 38 39 108 109 110 42 43 1 45 46 15 114 21 158 82 159 83 84 24 129 88 89 160 91 92 2 61 62 25 130 27 136 33 138 101 102 161 72 73 74 75 3 139 140 4 79 80 6 81 41 48 49 162 117 118 119 120 54 55 53 125 126 128 10 100 57 65 155 67 68 66 134 135 111 112 12 113 13 156 17 116 20 85 86 87 143 144 146 94 7 150 30 104 105 103 107 11 154 141 35 37 44 122 123 157 23 137 31 32 71 148 64 
100 81 93 132 30 28 74 116 20 18 85 127 24 129 152 60 58 62 2 61 66 111 14 113 142 44 42 46 1 45 119 21 122 149 52 151 54 55 53 97 95 99 8 98 9 10 103 11 106 139 36 141 38 39 37 78 76 80 4 79 5 6 143 47 146 48 49 148 89 160 91 92 90 94 7 131 25 130 26 27 29 133 31 136 32 33 138 70 156 72 73 71 75 3 115 15 114 16 17 19 82 157 83 84 159 86 87 125 126 124 128 22 23 56 57 59 63 153 64 65 155 67 68 109 110 108 112 12 13 40 41 43 117 118 162 120 121 123 150 50 51 96 101 102 161 104 105 107 140 34 35 77 144 145 147 88 134 135 137 69 158 154 
101 91 41 67 133 134 159 125 127 128 139 20 77 78 104 106 107 63 153 154 27 162 121 119 94 149 150 52 151 51 113 70 156 44 46 1 114 115 15 136 137 33 138 32 102 161 57 59 60 85 145 143 147 47 146 129 23 89 160 88 92 90 141 39 37 109 110 108 80 4 81 5 6 142 40 65 155 64 68 66 135 30 96 97 98 99 8 21 122 158 82 157 83 84 55 53 54 126 124 22 73 71 75 3 74 140 34 116 16 17 18 19 76 105 103 11 62 2 130 131 25 132 26 48 49 148 117 118 120 7 93 50 112 12 111 13 14 69 42 43 45 31 100 9 10 152 56 58 86 87 144 24 35 36 38 79 28 29 95 123 72 61 
102 52 114 68 134 135 120 89 91 92 69 81 41 142 105 107 11 153 154 63 132 144 146 147 55 125 126 127 128 22 38 108 109 116 20 18 77 78 76 137 31 138 32 33 161 101 152 60 58 123 157 158 84 159 83 94 7 149 150 50 151 51 72 74 75 34 139 140 44 42 46 1 45 115 15 155 64 65 66 67 133 28 97 95 99 8 98 148 48 118 162 117 121 119 129 23 24 160 88 90 111 112 14 113 13 70 156 80 4 79 5 6 40 103 104 106 2 61 131 25 130 26 27 87 85 86 145 143 47 53 54 124 36 141 35 39 37 110 16 17 19 136 9 10 100 56 57 59 21 122 82 93 73 71 3 43 29 30 96 49 12 62 
103 124 44 133 31 136 158 93 50 149 112 78 80 4 106 63 153 64 65 155 25 48 162 117 127 24 129 88 89 160 140 141 35 1 115 15 116 16 17 33 138 101 102 161 104 105 10 56 57 83 85 86 145 143 144 52 151 54 55 53 125 126 13 156 69 73 71 72 5 6 142 40 41 42 43 67 68 66 134 135 137 27 29 30 95 96 97 119 120 21 122 123 82 157 91 92 90 94 7 150 37 38 110 108 109 12 111 18 19 20 76 77 79 107 11 154 59 60 61 62 2 130 131 47 146 147 49 148 118 128 22 23 3 74 75 34 139 36 45 46 114 32 98 99 8 100 9 152 84 159 87 51 14 113 70 81 132 26 28 121 39 58 
104 88 116 134 136 137 118 54 124 125 36 142 44 42 107 153 154 65 155 64 130 87 144 145 91 93 94 50 149 150 70 72 73 18 78 76 80 4 79 138 32 102 161 101 105 103 100 57 152 121 123 21 157 158 82 127 128 24 129 23 89 160 39 109 110 111 112 12 1 45 115 15 114 16 17 68 66 67 135 133 31 132 30 28 96 97 95 147 47 148 48 49 162 117 52 151 51 55 53 126 75 3 139 140 34 141 35 5 6 81 40 41 43 11 106 63 60 58 62 2 61 131 25 159 83 84 85 86 143 92 90 7 113 13 14 156 69 71 19 20 77 33 99 8 98 9 10 56 119 120 122 22 37 38 108 46 26 27 29 146 74 59 
105 50 80 135 137 31 143 24 88 89 71 115 116 16 11 154 63 155 64 65 131 122 82 157 52 54 55 124 125 126 108 12 111 5 142 40 44 42 43 32 33 161 101 102 103 104 9 152 56 146 49 148 117 118 162 91 92 93 94 7 149 150 74 34 139 35 36 141 18 19 78 76 77 4 79 66 67 68 133 134 136 26 28 29 97 95 96 84 159 86 87 85 144 145 127 128 22 129 23 160 14 113 69 70 156 72 73 1 45 46 15 114 17 106 107 153 58 59 2 61 62 25 130 120 121 119 123 21 158 151 51 53 38 39 37 109 110 112 6 81 41 138 8 98 99 10 100 57 147 47 48 90 75 3 140 20 27 132 30 83 13 60 
106 53 18 136 33 138 148 90 7 93 113 42 1 45 153 65 155 67 68 66 61 159 87 85 124 22 127 23 24 129 141 39 37 76 4 79 5 6 81 102 161 104 105 103 107 11 98 10 100 162 121 119 123 21 122 50 149 51 52 151 54 55 156 73 71 75 3 74 15 114 16 17 116 19 20 134 135 133 137 31 32 130 27 132 29 30 28 145 143 147 47 146 48 49 88 89 160 91 92 94 110 108 112 12 111 13 14 40 41 142 43 44 46 154 63 64 57 152 59 60 58 62 2 158 82 157 83 84 86 125 126 128 140 34 139 35 36 38 77 78 80 101 96 97 95 99 8 9 117 118 120 150 69 70 72 115 131 25 26 144 109 56 
107 23 5 137 138 32 86 51 53 54 38 16 18 19 154 155 64 68 66 67 62 120 122 123 88 90 91 7 93 94 72 74 75 40 42 43 1 45 46 161 101 105 103 104 11 106 99 100 9 144 146 147 49 148 48 124 125 22 127 128 24 129 109 111 112 14 113 13 76 77 4 79 80 6 81 135 133 134 31 136 33 131 132 26 30 28 29 157 158 84 159 83 87 85 50 149 150 52 151 55 139 140 36 141 35 39 37 15 114 115 17 116 20 63 153 65 152 56 60 58 59 2 61 118 162 117 121 119 21 89 160 92 70 156 69 73 71 3 41 142 44 102 97 95 96 8 98 10 145 143 47 126 110 108 12 78 25 130 27 82 34 57 
108 119 154 74 34 139 60 143 47 146 15 32 161 101 111 14 113 69 70 156 128 97 99 8 122 82 157 83 84 159 6 40 41 64 66 67 135 133 134 36 141 38 39 37 109 110 150 151 51 2 131 25 132 26 27 49 148 117 118 162 120 121 17 19 20 76 77 78 103 104 11 106 107 63 153 72 73 71 75 3 140 23 160 88 92 90 91 9 10 152 56 57 58 59 86 87 85 144 145 147 43 44 45 46 1 114 115 31 136 137 33 138 102 112 12 13 53 54 126 124 125 22 127 28 29 30 95 96 98 123 21 158 79 80 4 81 5 142 65 155 68 35 7 93 94 50 149 52 61 62 130 48 116 16 18 105 24 129 89 100 42 55 
109 83 135 75 139 140 98 117 119 120 142 11 154 63 112 113 13 70 156 69 22 130 27 132 86 143 144 47 146 147 18 78 76 31 32 33 161 101 102 141 35 39 37 38 110 108 50 51 52 100 57 152 59 60 58 122 123 82 157 158 84 159 42 1 45 115 15 114 64 65 66 67 68 133 134 73 71 72 3 74 34 24 88 89 90 91 92 30 28 96 97 95 99 8 49 148 48 118 162 121 4 79 5 6 81 40 41 103 104 105 106 107 153 12 111 14 54 55 124 125 126 127 128 62 2 61 131 25 26 87 85 145 16 17 116 19 20 77 136 137 138 36 93 94 7 149 150 151 9 10 56 21 43 44 46 155 129 23 160 29 80 53 
110 47 161 3 140 34 26 82 83 84 77 66 135 133 12 13 14 156 69 70 127 56 58 59 49 117 118 119 120 121 46 114 115 103 11 106 154 63 153 35 36 37 38 39 108 109 149 52 151 29 95 96 8 98 99 86 87 143 144 145 146 147 80 81 5 41 142 40 31 136 32 33 138 101 102 71 72 73 74 75 139 129 89 160 91 92 90 61 62 25 130 131 27 132 122 123 21 157 158 159 116 16 20 18 19 78 76 64 65 155 67 68 134 111 112 113 55 53 125 126 124 128 22 10 100 9 57 152 60 148 48 162 44 42 43 1 45 15 104 105 107 141 94 7 93 150 50 51 30 28 97 85 4 79 6 137 23 24 88 2 17 54 
111 162 31 139 36 141 96 85 145 143 16 63 64 65 113 70 156 72 73 71 126 62 130 131 119 21 122 158 82 157 40 42 43 33 101 102 103 104 105 39 37 109 110 108 112 12 7 150 50 99 100 9 57 152 56 47 146 48 49 148 117 118 19 76 77 4 79 80 67 68 133 134 135 136 137 75 3 74 140 34 35 22 23 24 160 88 89 132 26 30 28 29 97 95 83 84 159 86 87 144 45 46 15 114 115 17 116 106 107 11 153 154 155 13 14 69 51 52 53 54 55 124 125 60 58 59 2 61 25 120 121 123 6 81 5 41 142 44 138 32 161 38 90 91 92 93 94 149 8 98 10 147 20 18 78 66 127 128 129 27 1 151 
112 158 103 140 141 35 25 48 162 117 44 133 31 136 13 156 69 73 71 72 124 10 56 57 83 85 86 145 143 144 78 80 4 106 63 153 64 65 155 37 38 110 108 109 12 111 93 50 149 27 29 30 95 96 97 119 120 21 122 123 82 157 1 115 15 116 16 17 33 138 101 102 161 104 105 3 74 75 34 139 36 127 24 129 88 89 160 59 60 61 62 2 130 131 47 146 147 49 148 118 5 6 142 40 41 42 43 67 68 66 134 135 137 14 113 70 52 151 54 55 53 125 126 98 99 8 100 9 152 84 159 87 18 19 20 76 77 79 107 11 154 39 91 92 90 94 7 150 132 26 28 121 45 46 114 32 128 22 23 58 81 51 
113 148 106 141 39 37 61 159 87 85 18 136 33 138 156 73 71 75 3 74 53 98 10 100 162 121 119 123 21 122 42 1 45 153 65 155 67 68 66 110 108 112 12 111 13 14 90 7 93 130 27 132 29 30 28 145 143 147 47 146 48 49 76 4 79 5 6 81 102 161 104 105 103 107 11 140 34 139 35 36 38 124 22 127 23 24 129 57 152 59 60 58 62 2 158 82 157 83 84 86 15 114 16 17 116 19 20 134 135 133 137 31 32 69 70 72 50 149 51 52 151 54 55 96 97 95 99 8 9 117 118 120 40 41 142 43 44 46 154 63 64 109 88 89 160 91 92 94 131 25 26 144 77 78 80 101 125 126 128 56 115 150 
114 132 69 81 41 142 52 152 60 58 102 38 108 109 116 20 18 77 78 76 120 89 91 92 28 97 95 99 8 98 68 134 135 72 74 75 34 139 140 44 42 46 1 45 115 15 144 146 147 55 125 126 127 128 22 2 61 131 25 130 26 27 105 107 11 153 154 63 111 112 14 113 13 70 156 80 4 79 5 6 40 123 157 158 84 159 83 94 7 149 150 50 151 51 9 10 100 56 57 59 137 31 138 32 33 161 101 36 141 35 39 37 110 16 17 19 148 48 118 162 117 121 119 129 23 24 160 88 90 29 30 96 155 64 65 66 67 133 73 71 3 43 87 85 86 145 143 47 53 54 124 62 103 104 106 12 21 122 82 93 136 49 
115 99 34 5 142 40 90 131 132 26 133 14 69 70 16 18 19 78 76 77 121 124 22 127 9 152 56 60 58 59 106 63 153 36 38 39 108 109 110 42 43 1 45 46 15 114 145 147 47 93 50 149 51 52 151 28 29 97 95 96 8 98 136 33 138 101 102 161 72 73 74 75 3 139 140 4 79 80 6 81 41 21 158 82 159 83 84 24 129 88 89 160 91 92 2 61 62 25 130 27 65 155 67 68 66 134 135 111 112 12 113 13 156 17 116 20 48 49 162 117 118 119 120 54 55 53 125 126 128 10 100 57 104 105 103 107 11 154 141 35 37 44 85 86 87 143 144 146 94 7 150 30 137 31 32 71 122 123 157 23 64 148 
116 130 36 142 44 42 88 100 57 152 104 70 72 73 18 78 76 80 4 79 118 54 124 125 132 30 28 96 97 95 134 136 137 39 109 110 111 112 12 1 45 115 15 114 16 17 87 144 145 91 93 94 50 149 150 60 58 62 2 61 131 25 107 153 154 65 155 64 75 3 139 140 34 141 35 5 6 81 40 41 43 121 123 21 157 158 82 127 128 24 129 23 89 160 99 8 98 9 10 56 138 32 102 161 101 105 103 113 13 14 156 69 71 19 20 77 147 47 148 48 49 162 117 52 151 51 55 53 126 26 27 29 68 66 67 135 133 31 37 38 108 46 159 83 84 85 86 143 92 90 7 59 11 106 63 74 119 120 122 22 33 146 
117 72 57 86 143 144 155 109 111 112 149 30 96 97 120 122 123 82 157 158 17 161 105 103 75 139 140 36 141 35 129 89 160 60 62 2 130 131 25 146 147 49 148 48 118 162 41 43 44 66 135 133 137 31 136 113 13 70 156 69 73 71 151 55 53 125 126 124 99 8 100 9 10 152 56 84 159 83 87 85 145 20 77 78 79 80 4 11 106 154 63 153 64 65 39 37 38 110 108 12 92 90 94 7 93 150 50 132 26 27 28 29 95 121 119 21 46 1 114 115 15 116 16 32 33 138 101 102 104 3 74 34 128 22 127 23 24 88 58 59 61 47 81 5 6 142 40 42 67 68 134 14 51 52 54 98 18 19 76 107 91 45 
118 36 130 87 144 145 104 70 72 73 88 100 57 152 121 123 21 157 158 82 116 134 136 137 39 109 110 111 112 12 54 124 125 132 30 28 96 97 95 147 47 148 48 49 162 117 142 44 42 107 153 154 65 155 64 75 3 139 140 34 141 35 91 93 94 50 149 150 60 58 62 2 61 131 25 159 83 84 85 86 143 18 78 76 80 4 79 138 32 102 161 101 105 103 113 13 14 156 69 71 127 128 24 129 23 89 160 99 8 98 9 10 56 119 120 122 1 45 115 15 114 16 17 68 66 67 135 133 31 37 38 108 52 151 51 55 53 126 26 27 29 146 5 6 81 40 41 43 11 106 63 74 92 90 7 59 19 20 77 33 22 46 
119 108 60 143 47 146 154 74 34 139 128 97 99 8 122 82 157 83 84 159 15 32 161 101 111 14 113 69 70 156 150 151 51 2 131 25 132 26 27 49 148 117 118 162 120 121 6 40 41 64 66 67 135 133 134 36 141 38 39 37 109 110 23 160 88 92 90 91 9 10 152 56 57 58 59 86 87 85 144 145 147 17 19 20 76 77 78 103 104 11 106 107 63 153 72 73 71 75 3 140 53 54 126 124 125 22 127 28 29 30 95 96 98 123 21 158 43 44 45 46 1 114 115 31 136 137 33 138 102 112 12 13 7 93 94 50 149 52 61 62 130 48 79 80 4 81 5 142 65 155 68 35 24 129 89 100 116 16 18 105 55 42 
120 69 132 144 146 147 102 38 108 109 52 152 60 58 123 157 158 84 159 83 114 68 134 135 72 74 75 34 139 140 89 91 92 28 97 95 99 8 98 148 48 118 162 117 121 119 81 41 142 105 107 11 153 154 63 111 112 14 113 13 70 156 55 125 126 127 128 22 2 61 131 25 130 26 27 87 85 86 145 143 47 116 20 18 77 78 76 137 31 138 32 33 161 101 36 141 35 39 37 110 94 7 149 150 50 151 51 9 10 100 56 57 59 21 122 82 44 42 46 1 45 115 15 155 64 65 66 67 133 73 71 3 129 23 24 160 88 90 29 30 96 49 80 4 79 5 6 40 103 104 106 12 53 54 124 62 16 17 19 136 93 43 
121 34 99 145 147 47 133 14 69 70 90 131 132 26 21 158 82 159 83 84 115 106 63 153 36 38 39 108 109 110 124 22 127 9 152 56 60 58 59 48 49 162 117 118 119 120 5 142 40 136 33 138 101 102 161 72 73 74 75 3 139 140 93 50 149 51 52 151 28 29 97 95 96 8 98 85 86 87 143 144 146 16 18 19 78 76 77 65 155 67 68 66 134 135 111 112 12 113 13 156 24 129 88 89 160 91 92 2 61 62 25 130 27 122 123 157 42 43 1 45 46 15 114 104 105 103 107 11 154 141 35 37 54 55 53 125 126 128 10 100 57 148 4 79 80 6 81 41 137 31 32 71 94 7 150 30 17 116 20 64 23 44 
122 37 28 146 49 148 138 71 3 74 129 58 2 61 157 84 159 86 87 85 45 155 68 66 108 12 111 13 14 113 151 55 53 95 8 98 9 10 100 118 162 120 121 119 123 21 79 6 81 161 105 103 107 11 106 34 139 35 36 141 38 39 160 92 90 94 7 93 25 130 26 27 132 29 30 144 145 143 147 47 48 114 17 116 19 20 18 135 133 137 31 136 32 33 69 70 156 72 73 75 126 124 128 22 127 23 24 56 57 152 59 60 62 158 82 83 41 142 43 44 42 46 1 154 63 153 64 65 67 109 110 112 150 50 149 51 52 54 96 97 99 117 77 78 76 80 4 5 101 102 104 140 88 89 91 131 115 15 16 134 125 40 
123 13 9 147 148 48 67 35 37 38 54 26 28 29 158 159 83 87 85 86 46 104 106 107 69 71 72 3 74 75 91 93 94 56 58 59 2 61 62 162 117 121 119 120 21 122 80 81 5 134 136 137 33 138 32 108 109 12 111 112 14 113 125 127 128 24 129 23 95 96 8 98 99 10 100 145 143 144 47 146 49 115 116 16 20 18 19 153 154 65 155 64 68 66 34 139 140 36 141 39 149 150 52 151 51 55 53 25 130 131 27 132 30 82 157 84 142 40 44 42 43 1 45 102 161 101 105 103 11 70 156 73 89 160 88 92 90 7 57 152 60 118 78 76 77 4 79 6 135 133 31 110 126 124 22 97 15 114 17 63 50 41 
124 103 158 93 50 149 44 133 31 136 25 48 162 117 127 24 129 88 89 160 112 78 80 4 106 63 153 64 65 155 10 56 57 83 85 86 145 143 144 52 151 54 55 53 125 126 140 141 35 1 115 15 116 16 17 33 138 101 102 161 104 105 27 29 30 95 96 97 119 120 21 122 123 82 157 91 92 90 94 7 150 13 156 69 73 71 72 5 6 142 40 41 42 43 67 68 66 134 135 137 59 60 61 62 2 130 131 47 146 147 49 148 118 128 22 23 37 38 110 108 109 12 111 18 19 20 76 77 79 107 11 154 98 99 8 100 9 152 84 159 87 51 3 74 75 34 139 36 45 46 114 32 132 26 28 121 14 113 70 81 58 39 
125 64 145 94 149 150 79 101 103 104 152 21 158 82 128 129 23 89 160 88 12 114 17 116 67 133 134 31 136 137 28 97 95 47 48 49 162 117 118 151 51 55 53 54 126 124 34 35 36 81 41 142 43 44 42 106 107 63 153 154 65 155 58 2 61 131 25 130 83 84 85 86 87 143 144 92 90 91 7 93 50 14 69 70 71 72 73 20 18 77 78 76 80 4 33 138 32 102 161 105 8 98 9 10 100 56 57 119 120 121 122 123 157 22 127 24 38 39 108 109 110 111 112 46 1 45 115 15 16 68 66 135 26 27 132 29 30 96 146 147 148 52 74 75 3 139 140 141 5 6 40 11 59 60 62 159 113 13 156 19 99 37 
126 31 162 7 150 50 16 63 64 65 96 85 145 143 22 23 24 160 88 89 111 40 42 43 33 101 102 103 104 105 62 130 131 119 21 122 158 82 157 51 52 53 54 55 124 125 139 36 141 19 76 77 4 79 80 67 68 133 134 135 136 137 99 100 9 57 152 56 47 146 48 49 148 117 118 90 91 92 93 94 149 113 70 156 72 73 71 45 46 15 114 115 17 116 106 107 11 153 154 155 132 26 30 28 29 97 95 83 84 159 86 87 144 127 128 129 39 37 109 110 108 112 12 6 81 5 41 142 44 138 32 161 60 58 59 2 61 25 120 121 123 151 75 3 74 140 34 35 20 18 78 66 8 98 10 147 13 14 69 1 27 38 
127 161 47 149 52 151 77 66 135 133 26 82 83 84 129 89 160 91 92 90 110 46 114 115 103 11 106 154 63 153 56 58 59 49 117 118 119 120 121 55 53 125 126 124 128 22 3 140 34 80 81 5 41 142 40 31 136 32 33 138 101 102 29 95 96 8 98 99 86 87 143 144 145 146 147 94 7 93 150 50 51 12 13 14 156 69 70 116 16 20 18 19 78 76 64 65 155 67 68 134 61 62 25 130 131 27 132 122 123 21 157 158 159 23 24 88 35 36 37 38 39 108 109 44 42 43 1 45 15 104 105 107 10 100 9 57 152 60 148 48 162 54 71 72 73 74 75 139 4 79 6 137 30 28 97 85 111 112 113 17 2 141 
128 154 119 150 151 51 15 32 161 101 60 143 47 146 23 160 88 92 90 91 108 6 40 41 64 66 67 135 133 134 97 99 8 122 82 157 83 84 159 53 54 126 124 125 22 127 74 34 139 17 19 20 76 77 78 103 104 11 106 107 63 153 2 131 25 132 26 27 49 148 117 118 162 120 121 7 93 94 50 149 52 111 14 113 69 70 156 43 44 45 46 1 114 115 31 136 137 33 138 102 9 10 152 56 57 58 59 86 87 85 144 145 147 24 129 89 36 141 38 39 37 109 110 79 80 4 81 5 142 65 155 68 28 29 30 95 96 98 123 21 158 55 72 73 71 75 3 140 116 16 18 105 61 62 130 48 112 12 13 42 100 35 
129 138 122 151 55 53 45 155 68 66 28 146 49 148 160 92 90 94 7 93 37 79 6 81 161 105 103 107 11 106 58 2 61 157 84 159 86 87 85 126 124 128 22 127 23 24 71 3 74 114 17 116 19 20 18 135 133 137 31 136 32 33 95 8 98 9 10 100 118 162 120 121 119 123 21 150 50 149 51 52 54 108 12 111 13 14 113 41 142 43 44 42 46 1 154 63 153 64 65 67 25 130 26 27 132 29 30 144 145 143 147 47 48 88 89 91 34 139 35 36 141 38 39 77 78 76 80 4 5 101 102 104 56 57 152 59 60 62 158 82 83 125 69 70 156 72 73 75 115 15 16 134 96 97 99 117 109 110 112 40 131 140 
130 116 88 100 57 152 36 142 44 42 118 54 124 125 132 30 28 96 97 95 104 70 72 73 18 78 76 80 4 79 87 144 145 91 93 94 50 149 150 60 58 62 2 61 131 25 134 136 137 39 109 110 111 112 12 1 45 115 15 114 16 17 121 123 21 157 158 82 127 128 24 129 23 89 160 99 8 98 9 10 56 107 153 154 65 155 64 75 3 139 140 34 141 35 5 6 81 40 41 43 147 47 148 48 49 162 117 52 151 51 55 53 126 26 27 29 138 32 102 161 101 105 103 113 13 14 156 69 71 19 20 77 159 83 84 85 86 143 92 90 7 59 68 66 67 135 133 31 37 38 108 46 119 120 122 22 11 106 63 74 146 33 
131 80 50 9 152 56 71 115 116 16 143 24 88 89 26 28 29 97 95 96 105 108 12 111 5 142 40 44 42 43 122 82 157 52 54 55 124 125 126 58 59 2 61 62 25 130 135 137 31 74 34 139 35 36 141 18 19 78 76 77 4 79 146 49 148 117 118 162 91 92 93 94 7 149 150 8 98 99 10 100 57 11 154 63 155 64 65 14 113 69 70 156 72 73 1 45 46 15 114 17 84 159 86 87 85 144 145 127 128 22 129 23 160 27 132 30 32 33 161 101 102 103 104 38 39 37 109 110 112 6 81 41 120 121 119 123 21 158 151 51 53 60 66 67 68 133 134 136 75 3 140 20 147 47 48 90 106 107 153 13 83 138 
132 114 52 152 60 58 69 81 41 142 120 89 91 92 28 97 95 99 8 98 102 38 108 109 116 20 18 77 78 76 144 146 147 55 125 126 127 128 22 2 61 131 25 130 26 27 68 134 135 72 74 75 34 139 140 44 42 46 1 45 115 15 123 157 158 84 159 83 94 7 149 150 50 151 51 9 10 100 56 57 59 105 107 11 153 154 63 111 112 14 113 13 70 156 80 4 79 5 6 40 148 48 118 162 117 121 119 129 23 24 160 88 90 29 30 96 137 31 138 32 33 161 101 36 141 35 39 37 110 16 17 19 87 85 86 145 143 47 53 54 124 62 155 64 65 66 67 133 73 71 3 43 21 122 82 93 103 104 106 12 49 136 
133 90 115 106 63 153 121 124 22 127 34 5 142 40 136 33 138 101 102 161 99 145 147 47 93 50 149 51 52 151 14 69 70 16 18 19 78 76 77 65 155 67 68 66 134 135 131 132 26 21 158 82 159 83 84 24 129 88 89 160 91 92 36 38 39 108 109 110 42 43 1 45 46 15 114 104 105 103 107 11 154 9 152 56 60 58 59 48 49 162 117 118 119 120 54 55 53 125 126 128 72 73 74 75 3 139 140 4 79 80 6 81 41 137 31 32 28 29 97 95 96 8 98 85 86 87 143 144 146 94 7 150 111 112 12 113 13 156 17 116 20 64 2 61 62 25 130 27 122 123 157 23 141 35 37 44 10 100 57 148 71 30 
134 51 78 107 153 154 146 88 90 91 156 1 115 15 137 138 32 102 161 101 8 157 84 159 54 124 125 22 127 128 37 110 108 4 5 6 142 40 41 155 64 68 66 67 135 133 25 26 27 148 118 162 120 121 119 93 94 50 149 150 52 151 71 3 74 140 34 139 16 17 18 19 20 76 77 105 103 104 11 106 63 10 56 57 58 59 60 87 85 144 145 143 147 47 24 129 23 89 160 92 12 111 13 14 113 69 70 42 43 44 45 46 114 31 136 33 29 30 95 96 97 98 99 123 21 122 158 82 83 55 53 126 35 36 141 38 39 109 79 80 81 65 61 62 2 130 131 132 48 49 117 7 72 73 75 116 100 9 152 86 112 28 
135 22 142 11 154 63 83 50 51 52 109 18 78 76 31 32 33 161 101 102 98 117 119 120 24 88 89 90 91 92 75 139 140 42 1 45 115 15 114 64 65 66 67 68 133 134 130 27 132 86 143 144 47 146 147 54 55 124 125 126 127 128 112 113 13 70 156 69 4 79 5 6 81 40 41 103 104 105 106 107 153 100 57 152 59 60 58 122 123 82 157 158 84 159 93 94 7 149 150 151 141 35 39 37 38 110 108 16 17 116 19 20 77 136 137 138 30 28 96 97 95 99 8 49 148 48 118 162 121 129 23 160 73 71 72 3 74 34 43 44 46 155 62 2 61 131 25 26 87 85 145 53 12 111 14 80 9 10 56 21 36 29 
136 160 4 153 65 155 144 53 126 124 35 15 16 17 138 102 161 104 105 103 97 123 157 158 90 7 93 150 50 149 69 71 72 6 40 41 42 43 44 68 66 134 135 133 137 31 2 131 25 147 148 48 118 162 117 22 127 23 24 129 88 89 38 108 109 12 111 112 19 20 76 77 78 79 80 107 11 106 154 63 64 8 9 10 152 56 57 159 83 87 85 86 145 143 51 52 151 54 55 125 74 75 34 139 140 36 141 45 46 1 114 115 116 32 33 101 26 27 28 29 30 95 96 121 119 120 21 122 82 91 92 94 14 113 13 70 156 73 81 5 142 67 58 59 60 61 62 130 47 146 49 128 39 37 110 18 98 99 100 84 3 132 
137 150 42 154 155 64 82 23 160 88 73 76 4 79 32 161 101 105 103 104 95 49 117 118 51 53 54 126 124 125 110 112 12 45 15 114 16 17 116 66 67 135 133 134 31 136 61 25 130 84 86 87 143 144 145 90 91 7 93 94 50 149 3 140 34 141 35 36 6 81 40 41 142 43 44 11 106 107 63 153 65 98 10 100 56 57 152 120 121 122 123 21 157 158 22 127 128 24 129 89 13 14 156 69 70 71 72 19 20 18 77 78 80 33 138 102 27 132 29 30 28 96 97 146 147 47 148 48 162 52 151 55 37 38 39 108 109 111 46 1 115 68 59 60 58 62 2 131 159 83 85 92 74 75 139 5 99 8 9 119 113 26 
138 129 45 155 68 66 122 151 55 53 37 79 6 81 161 105 103 107 11 106 28 146 49 148 160 92 90 94 7 93 71 3 74 114 17 116 19 20 18 135 133 137 31 136 32 33 58 2 61 157 84 159 86 87 85 126 124 128 22 127 23 24 108 12 111 13 14 113 41 142 43 44 42 46 1 154 63 153 64 65 67 95 8 98 9 10 100 118 162 120 121 119 123 21 150 50 149 51 52 54 34 139 35 36 141 38 39 77 78 76 80 4 5 101 102 104 25 130 26 27 132 29 30 144 145 143 147 47 48 88 89 91 69 70 156 72 73 75 115 15 16 134 56 57 152 59 60 62 158 82 83 125 109 110 112 40 96 97 99 117 140 131 
139 159 101 113 70 156 27 162 121 119 41 67 133 134 141 39 37 109 110 108 91 57 59 60 85 145 143 147 47 146 20 77 78 104 106 107 63 153 154 73 71 75 3 74 140 34 125 127 128 30 96 97 98 99 8 21 122 158 82 157 83 84 44 46 1 114 115 15 136 137 33 138 32 102 161 112 12 111 13 14 69 94 149 150 52 151 51 62 2 130 131 25 132 26 48 49 148 117 118 120 80 4 81 5 6 142 40 65 155 64 68 66 135 35 36 38 129 23 89 160 88 92 90 100 9 10 152 56 58 86 87 144 116 16 17 18 19 76 105 103 11 72 55 53 54 126 124 22 28 29 95 123 42 43 45 31 7 93 50 61 79 24 
140 147 63 13 156 69 58 158 159 83 76 33 101 102 35 37 38 110 108 109 92 95 8 98 48 162 117 121 119 120 45 15 114 65 67 68 133 134 135 71 72 3 74 75 34 139 126 128 22 61 25 130 26 27 132 85 86 145 143 144 47 146 79 6 81 40 41 142 104 105 106 107 11 153 154 12 111 112 14 113 70 7 150 50 151 51 52 10 100 56 57 152 59 60 21 122 123 82 157 84 17 116 19 20 18 77 78 136 137 31 138 32 161 36 141 39 23 24 160 88 89 90 91 29 30 28 96 97 99 49 148 118 43 44 42 46 1 115 155 64 66 73 53 54 55 124 125 127 62 2 131 87 80 4 5 103 93 94 149 9 16 129 
141 157 65 156 73 71 56 148 118 162 43 102 104 105 37 110 108 112 12 111 89 29 95 96 159 87 85 144 145 143 77 79 80 68 134 135 136 137 31 3 74 140 34 139 35 36 55 125 126 59 61 62 25 130 131 121 119 123 21 122 158 82 46 114 115 17 116 16 107 11 153 154 63 155 64 13 14 113 69 70 72 92 94 7 149 150 50 98 99 10 100 9 57 152 147 47 146 48 49 117 81 5 41 142 40 44 42 138 32 33 161 101 103 38 39 109 128 22 129 23 24 160 88 27 132 26 30 28 97 83 84 86 20 18 19 78 76 4 66 67 133 75 151 51 52 53 54 124 60 58 2 120 1 45 15 106 90 91 93 8 6 127 
142 98 109 18 78 76 22 130 27 132 135 75 139 140 42 1 45 115 15 114 83 50 51 52 100 57 152 59 60 58 11 154 63 112 113 13 70 156 69 4 79 5 6 81 40 41 117 119 120 24 88 89 90 91 92 30 28 96 97 95 99 8 31 32 33 161 101 102 141 35 39 37 38 110 108 16 17 116 19 20 77 86 143 144 47 146 147 54 55 124 125 126 127 128 62 2 61 131 25 26 64 65 66 67 68 133 134 73 71 72 3 74 34 43 44 46 122 123 82 157 158 84 159 93 94 7 149 150 151 9 10 56 103 104 105 106 107 153 12 111 14 80 49 148 48 118 162 121 129 23 160 29 136 137 138 36 87 85 145 53 155 21 
143 71 131 122 82 157 105 108 12 111 50 9 152 56 146 49 148 117 118 162 80 135 137 31 74 34 139 35 36 141 24 88 89 26 28 29 97 95 96 84 159 86 87 85 144 145 115 116 16 11 154 63 155 64 65 14 113 69 70 156 72 73 52 54 55 124 125 126 58 59 2 61 62 25 130 120 121 119 123 21 158 5 142 40 44 42 43 32 33 161 101 102 103 104 38 39 37 109 110 112 91 92 93 94 7 149 150 8 98 99 10 100 57 147 47 48 18 19 78 76 77 4 79 66 67 68 133 134 136 75 3 140 127 128 22 129 23 160 27 132 30 83 1 45 46 15 114 17 106 107 153 13 151 51 53 60 6 81 41 138 90 20 
144 35 97 123 157 158 136 69 71 72 160 2 131 25 147 148 48 118 162 117 4 153 65 155 38 108 109 12 111 112 53 126 124 8 9 10 152 56 57 159 83 87 85 86 145 143 15 16 17 138 102 161 104 105 103 74 75 34 139 140 36 141 90 7 93 150 50 149 26 27 28 29 30 95 96 121 119 120 21 122 82 6 40 41 42 43 44 68 66 134 135 133 137 31 14 113 13 70 156 73 22 127 23 24 129 88 89 58 59 60 61 62 130 47 146 49 19 20 76 77 78 79 80 107 11 106 154 63 64 39 37 110 51 52 151 54 55 125 98 99 100 84 45 46 1 114 115 116 32 33 101 3 91 92 94 132 81 5 142 67 128 18 
145 12 152 21 158 82 64 34 35 36 125 28 97 95 47 48 49 162 117 118 79 101 103 104 14 69 70 71 72 73 94 149 150 58 2 61 131 25 130 83 84 85 86 87 143 144 114 17 116 67 133 134 31 136 137 38 39 108 109 110 111 112 128 129 23 89 160 88 8 98 9 10 100 56 57 119 120 121 122 123 157 81 41 142 43 44 42 106 107 63 153 154 65 155 74 75 3 139 140 141 151 51 55 53 54 126 124 26 27 132 29 30 96 146 147 148 20 18 77 78 76 80 4 33 138 32 102 161 105 113 13 156 92 90 91 7 93 50 59 60 62 159 46 1 45 115 15 16 68 66 135 37 22 127 24 99 5 6 40 11 52 19 
146 156 8 157 84 159 134 37 110 108 51 25 26 27 148 118 162 120 121 119 78 107 153 154 71 3 74 140 34 139 88 90 91 10 56 57 58 59 60 87 85 144 145 143 147 47 1 115 15 137 138 32 102 161 101 12 111 13 14 113 69 70 54 124 125 22 127 128 29 30 95 96 97 98 99 123 21 122 158 82 83 4 5 6 142 40 41 155 64 68 66 67 135 133 35 36 141 38 39 109 93 94 50 149 150 52 151 61 62 2 130 131 132 48 49 117 16 17 18 19 20 76 77 105 103 104 11 106 63 72 73 75 24 129 23 89 160 92 100 9 152 86 42 43 44 45 46 114 31 136 33 112 55 53 126 28 79 80 81 65 7 116 
147 140 58 158 159 83 63 13 156 69 92 95 8 98 48 162 117 121 119 120 76 33 101 102 35 37 38 110 108 109 126 128 22 61 25 130 26 27 132 85 86 145 143 144 47 146 45 15 114 65 67 68 133 134 135 71 72 3 74 75 34 139 7 150 50 151 51 52 10 100 56 57 152 59 60 21 122 123 82 157 84 79 6 81 40 41 142 104 105 106 107 11 153 154 12 111 112 14 113 70 23 24 160 88 89 90 91 29 30 28 96 97 99 49 148 118 17 116 19 20 18 77 78 136 137 31 138 32 161 36 141 39 53 54 55 124 125 127 62 2 131 87 43 44 42 46 1 115 155 64 66 73 93 94 149 9 80 4 5 103 129 16 
148 113 61 159 87 85 106 141 39 37 53 98 10 100 162 121 119 123 21 122 18 136 33 138 156 73 71 75 3 74 90 7 93 130 27 132 29 30 28 145 143 147 47 146 48 49 42 1 45 153 65 155 67 68 66 110 108 112 12 111 13 14 124 22 127 23 24 129 57 152 59 60 58 62 2 158 82 157 83 84 86 76 4 79 5 6 81 102 161 104 105 103 107 11 140 34 139 35 36 38 50 149 51 52 151 54 55 96 97 95 99 8 9 117 118 120 15 114 16 17 116 19 20 134 135 133 137 31 32 69 70 72 88 89 160 91 92 94 131 25 26 144 40 41 142 43 44 46 154 63 64 109 125 126 128 56 77 78 80 101 150 115 
149 155 117 129 89 160 17 161 105 103 57 86 143 144 151 55 53 125 126 124 72 41 43 44 66 135 133 137 31 136 30 96 97 120 122 123 82 157 158 92 90 94 7 93 150 50 109 111 112 20 77 78 79 80 4 11 106 154 63 153 64 65 60 62 2 130 131 25 146 147 49 148 48 118 162 128 22 127 23 24 88 75 139 140 36 141 35 46 1 114 115 15 116 16 32 33 138 101 102 104 99 8 100 9 10 152 56 84 159 83 87 85 145 51 52 54 113 13 70 156 69 73 71 81 5 6 142 40 42 67 68 134 132 26 27 28 29 95 121 119 21 91 39 37 38 110 108 12 18 19 76 107 58 59 61 47 3 74 34 45 98 14 
150 137 82 23 160 88 42 154 155 64 95 49 117 118 51 53 54 126 124 125 73 76 4 79 32 161 101 105 103 104 61 25 130 84 86 87 143 144 145 90 91 7 93 94 50 149 110 112 12 45 15 114 16 17 116 66 67 135 133 134 31 136 98 10 100 56 57 152 120 121 122 123 21 157 158 22 127 128 24 129 89 3 140 34 141 35 36 6 81 40 41 142 43 44 11 106 107 63 153 65 27 132 29 30 28 96 97 146 147 47 148 48 162 52 151 55 13 14 156 69 70 71 72 19 20 18 77 78 80 33 138 102 59 60 58 62 2 131 159 83 85 92 37 38 39 108 109 111 46 1 115 68 99 8 9 119 74 75 139 5 26 113 
151 153 84 160 92 90 40 138 102 161 59 118 120 121 53 126 124 128 22 127 70 19 76 77 155 68 66 134 135 133 96 98 99 87 144 145 146 147 47 7 93 150 50 149 51 52 39 109 110 43 45 46 15 114 115 105 103 107 11 106 154 63 62 130 131 27 132 26 123 21 157 158 82 159 83 23 24 129 88 89 91 73 75 3 139 140 34 79 80 6 81 5 41 142 137 31 136 32 33 101 100 9 57 152 56 60 58 148 48 49 162 117 119 54 55 125 112 12 113 13 14 156 69 17 116 16 20 18 78 64 65 67 30 28 29 97 95 8 85 86 143 94 141 35 36 37 38 108 44 42 1 104 2 61 25 122 71 72 74 4 10 111 
152 79 125 28 97 95 12 114 17 116 145 94 149 150 58 2 61 131 25 130 64 34 35 36 81 41 142 43 44 42 21 158 82 128 129 23 89 160 88 8 98 9 10 100 56 57 101 103 104 14 69 70 71 72 73 20 18 77 78 76 80 4 47 48 49 162 117 118 151 51 55 53 54 126 124 26 27 132 29 30 96 67 133 134 31 136 137 38 39 108 109 110 111 112 46 1 45 115 15 16 83 84 85 86 87 143 144 92 90 91 7 93 50 59 60 62 106 107 63 153 154 65 155 74 75 3 139 140 141 5 6 40 119 120 121 122 123 157 22 127 24 99 33 138 32 102 161 105 113 13 156 19 146 147 148 52 68 66 135 37 159 11 
153 151 40 138 102 161 84 160 92 90 70 19 76 77 155 68 66 134 135 133 59 118 120 121 53 126 124 128 22 127 39 109 110 43 45 46 15 114 115 105 103 107 11 106 154 63 96 98 99 87 144 145 146 147 47 7 93 150 50 149 51 52 73 75 3 139 140 34 79 80 6 81 5 41 142 137 31 136 32 33 101 62 130 131 27 132 26 123 21 157 158 82 159 83 23 24 129 88 89 91 112 12 113 13 14 156 69 17 116 16 20 18 78 64 65 67 100 9 57 152 56 60 58 148 48 49 162 117 119 54 55 125 141 35 36 37 38 108 44 42 1 104 30 28 29 97 95 8 85 86 143 94 71 72 74 4 2 61 25 122 111 10 
154 128 15 32 161 101 119 150 151 51 108 6 40 41 64 66 67 135 133 134 60 143 47 146 23 160 88 92 90 91 74 34 139 17 19 20 76 77 78 103 104 11 106 107 63 153 97 99 8 122 82 157 83 84 159 53 54 126 124 125 22 127 111 14 113 69 70 156 43 44 45 46 1 114 115 31 136 137 33 138 102 2 131 25 132 26 27 49 148 117 118 162 120 121 7 93 94 50 149 52 36 141 38 39 37 109 110 79 80 4 81 5 142 65 155 68 9 10 152 56 57 58 59 86 87 85 144 145 147 24 129 89 72 73 71 75 3 140 116 16 18 105 28 29 30 95 96 98 123 21 158 55 112 12 13 42 61 62 130 48 35 100 
155 149 17 161 105 103 117 129 89 160 72 41 43 44 66 135 133 137 31 136 57 86 143 144 151 55 53 125 126 124 109 111 112 20 77 78 79 80 4 11 106 154 63 153 64 65 30 96 97 120 122 123 82 157 158 92 90 94 7 93 150 50 75 139 140 36 141 35 46 1 114 115 15 116 16 32 33 138 101 102 104 60 62 2 130 131 25 146 147 49 148 48 118 162 128 22 127 23 24 88 113 13 70 156 69 73 71 81 5 6 142 40 42 67 68 134 99 8 100 9 10 152 56 84 159 83 87 85 145 51 52 54 39 37 38 110 108 12 18 19 76 107 132 26 27 28 29 95 121 119 21 91 3 74 34 45 58 59 61 47 14 98 
156 146 134 37 110 108 8 157 84 159 78 107 153 154 71 3 74 140 34 139 51 25 26 27 148 118 162 120 121 119 1 115 15 137 138 32 102 161 101 12 111 13 14 113 69 70 88 90 91 10 56 57 58 59 60 87 85 144 145 143 147 47 4 5 6 142 40 41 155 64 68 66 67 135 133 35 36 141 38 39 109 54 124 125 22 127 128 29 30 95 96 97 98 99 123 21 122 158 82 83 16 17 18 19 20 76 77 105 103 104 11 106 63 72 73 75 93 94 50 149 150 52 151 61 62 2 130 131 132 48 49 117 42 43 44 45 46 114 31 136 33 112 24 129 23 89 160 92 100 9 152 86 79 80 81 65 55 53 126 28 116 7 
157 141 56 148 118 162 65 156 73 71 89 29 95 96 159 87 85 144 145 143 43 102 104 105 37 110 108 112 12 111 55 125 126 59 61 62 25 130 131 121 119 123 21 122 158 82 77 79 80 68 134 135 136 137 31 3 74 140 34 139 35 36 92 94 7 149 150 50 98 99 10 100 9 57 152 147 47 146 48 49 117 46 114 115 17 116 16 107 11 153 154 63 155 64 13 14 113 69 70 72 128 22 129 23 24 160 88 27 132 26 30 28 97 83 84 86 81 5 41 142 40 44 42 138 32 33 161 101 103 38 39 109 151 51 52 53 54 124 60 58 2 120 20 18 19 78 76 4 66 67 133 75 90 91 93 8 1 45 15 106 127 6 
158 112 25 48 162 117 103 140 141 35 124 10 56 57 83 85 86 145 143 144 44 133 31 136 13 156 69 73 71 72 93 50 149 27 29 30 95 96 97 119 120 21 122 123 82 157 78 80 4 106 63 153 64 65 155 37 38 110 108 109 12 111 127 24 129 88 89 160 59 60 61 62 2 130 131 47 146 147 49 148 118 1 115 15 116 16 17 33 138 101 102 161 104 105 3 74 75 34 139 36 52 151 54 55 53 125 126 98 99 8 100 9 152 84 159 87 5 6 142 40 41 42 43 67 68 66 134 135 137 14 113 70 91 92 90 94 7 150 132 26 28 121 18 19 20 76 77 79 107 11 154 39 128 22 23 58 45 46 114 32 51 81 
159 139 27 162 121 119 101 113 70 156 91 57 59 60 85 145 143 147 47 146 41 67 133 134 141 39 37 109 110 108 125 127 128 30 96 97 98 99 8 21 122 158 82 157 83 84 20 77 78 104 106 107 63 153 154 73 71 75 3 74 140 34 94 149 150 52 151 51 62 2 130 131 25 132 26 48 49 148 117 118 120 44 46 1 114 115 15 136 137 33 138 32 102 161 112 12 111 13 14 69 129 23 89 160 88 92 90 100 9 10 152 56 58 86 87 144 80 4 81 5 6 142 40 65 155 64 68 66 135 35 36 38 55 53 54 126 124 22 28 29 95 123 116 16 17 18 19 76 105 103 11 72 7 93 50 61 42 43 45 31 24 79 
160 136 144 53 126 124 4 153 65 155 97 123 157 158 90 7 93 150 50 149 35 15 16 17 138 102 161 104 105 103 2 131 25 147 148 48 118 162 117 22 127 23 24 129 88 89 69 71 72 6 40 41 42 43 44 68 66 134 135 133 137 31 8 9 10 152 56 57 159 83 87 85 86 145 143 51 52 151 54 55 125 38 108 109 12 111 112 19 20 76 77 78 79 80 107 11 106 154 63 64 26 27 28 29 30 95 96 121 119 120 21 122 82 91 92 94 74 75 34 139 140 36 141 45 46 1 114 115 116 32 33 101 58 59 60 61 62 130 47 146 49 128 14 113 13 70 156 73 81 5 142 67 98 99 100 84 39 37 110 18 132 3 
161 127 77 66 135 133 47 149 52 151 110 46 114 115 103 11 106 154 63 153 26 82 83 84 129 89 160 91 92 90 3 140 34 80 81 5 41 142 40 31 136 32 33 138 101 102 56 58 59 49 117 118 119 120 121 55 53 125 126 124 128 22 12 13 14 156 69 70 116 16 20 18 19 78 76 64 65 155 67 68 134 29 95 96 8 98 99 86 87 143 144 145 146 147 94 7 93 150 50 51 35 36 37 38 39 108 109 44 42 43 1 45 15 104 105 107 61 62 25 130 131 27 132 122 123 21 157 158 159 23 24 88 71 72 73 74 75 139 4 79 6 137 10 100 9 57 152 60 148 48 162 54 111 112 113 17 30 28 97 85 141 2 
162 111 96 85 145 143 31 139 36 141 126 62 130 131 119 21 122 158 82 157 16 63 64 65 113 70 156 72 73 71 7 150 50 99 100 9 57 152 56 47 146 48 49 148 117 118 40 42 43 33 101 102 103 104 105 39 37 109 110 108 112 12 22 23 24 160 88 89 132 26 30 28 29 97 95 83 84 159 86 87 144 19 76 77 4 79 80 67 68 133 134 135 136 137 75 3 74 140 34 35 51 52 53 54 55 124 125 60 58 59 2 61 25 120 121 123 45 46 15 114 115 17 116 106 107 11 153 154 155 13 14 69 90 91 92 93 94 149 8 98 10 147 6 81 5 41 142 44 138 32 161 38 127 128 129 27 20 18 78 66 151 1 
