150 13
1 2 3 4 5 6 7 8 9 10 11 12 13 14 15 16 17 18 19 20 21 22 23 24 25 26 27 28 29 30 31 32 33 34 35 36 37 38 39 40 41 42 43 44 45 46 47 48 49 50 51 52 53 54 55 56 57 58 59 60 61 62 63 64 65 66 67 68 69 70 71 72 73 74 75 76 77 78 79 80 81 82 83 84 85 86 87 88 89 90 91 92 93 94 95 96 97 98 99 100 101 102 103 104 105 106 107 108 109 110 111 112 113 114 115 116 117 118 119 120 121 122 123 124 125 126 127 128 129 130 131 132 133 134 135 136 137 138 139 140 141 142 143 144 145 146 147 148 149 150 
2 1 6 7 8 3 4 5 15 16 17 18 19 20 9 10 11 12 13 14 30 31 32 33 34 35 36 37 38 21 22 23 24 25 26 27 28 29 51 52 53 54 55 56 57 58 59 60 61 62 39 40 41 42 43 44 45 46 47 48 49 50 76 77 78 79 80 81 82 83 84 85 86 87 88 63 64 65 66 67 68 69 70 71 72 73 74 75 101 102 103 104 105 106 107 108 109 110 111 112 89 90 91 92 93 94 95 96 97 98 99 100 122 123 124 125 126 127 128 129 130 113 114 115 116 117 118 119 120 121 137 138 139 140 141 142 131 132 133 134 135 136 146 147 148 143 144 145 150 149 
3 6 9 10 11 15 16 17 1 21 22 23 24 25 2 30 31 32 33 34 4 5 39 40 41 42 43 44 45 7 8 51 52 53 54 55 56 57 12 13 14 63 64 65 66 67 68 69 70 71 18 19 20 76 77 78 79 80 81 82 83 84 26 27 28 29 89 90 91 92 93 94 95 96 97 35 36 37 38 101 102 103 104 105 106 107 108 109 46 47 48 49 50 113 114 115 116 117 118 119 58 59 60 61 62 122 123 124 125 126 127 128 72 73 74 75 131 132 133 134 135 85 86 87 88 137 138 139 140 141 98 99 100 143 144 145 110 111 112 146 147 148 120 121 149 129 130 150 136 142 
4 7 10 12 13 16 18 19 21 23 24 26 27 28 30 32 33 35 36 37 39 40 42 43 44 46 47 48 49 51 52 54 55 56 58 59 60 61 63 64 65 67 68 69 70 1 72 73 74 75 76 77 78 80 81 82 83 2 85 86 87 88 89 90 91 92 3 94 95 96 97 5 98 99 100 101 102 103 104 6 106 107 108 109 8 110 111 112 9 113 114 115 116 11 117 118 119 14 120 121 15 122 123 124 125 17 126 127 128 20 129 130 22 131 132 133 25 134 135 29 136 31 137 138 139 34 140 141 38 142 41 143 144 45 145 50 53 146 147 57 148 62 66 149 71 79 150 84 93 105 
5 8 11 13 14 17 19 20 22 24 25 27 28 29 31 33 34 36 37 38 40 41 43 44 45 47 48 49 50 52 53 55 56 57 59 60 61 62 64 65 66 68 69 70 71 72 73 74 75 1 77 78 79 81 82 83 84 85 86 87 88 2 90 91 92 93 94 95 96 97 3 98 99 100 4 102 103 104 105 106 107 108 109 6 110 111 112 7 113 114 115 116 9 117 118 119 10 120 121 12 122 123 124 125 15 126 127 128 16 129 130 18 131 132 133 21 134 135 23 136 26 137 138 139 30 140 141 32 142 35 143 144 39 145 42 46 146 147 51 148 54 58 149 63 67 150 76 80 89 101 
6 3 15 16 17 9 10 11 2 30 31 32 33 34 1 21 22 23 24 25 7 8 51 52 53 54 55 56 57 4 5 39 40 41 42 43 44 45 18 19 20 76 77 78 79 80 81 82 83 84 12 13 14 63 64 65 66 67 68 69 70 71 35 36 37 38 101 102 103 104 105 106 107 108 109 26 27 28 29 89 90 91 92 93 94 95 96 97 58 59 60 61 62 122 123 124 125 126 127 128 46 47 48 49 50 113 114 115 116 117 118 119 85 86 87 88 137 138 139 140 141 72 73 74 75 131 132 133 134 135 110 111 112 146 147 148 98 99 100 143 144 145 129 130 150 120 121 149 142 136 
7 4 16 18 19 10 12 13 30 32 33 35 36 37 21 23 24 26 27 28 51 52 54 55 56 58 59 60 61 39 40 42 43 44 46 47 48 49 76 77 78 80 81 82 83 2 85 86 87 88 63 64 65 67 68 69 70 1 72 73 74 75 101 102 103 104 6 106 107 108 109 8 110 111 112 89 90 91 92 3 94 95 96 97 5 98 99 100 15 122 123 124 125 17 126 127 128 20 129 130 9 113 114 115 116 11 117 118 119 14 120 121 31 137 138 139 34 140 141 38 142 22 131 132 133 25 134 135 29 136 53 146 147 57 148 62 41 143 144 45 145 50 79 150 84 66 149 71 105 93 
8 5 17 19 20 11 13 14 31 33 34 36 37 38 22 24 25 27 28 29 52 53 55 56 57 59 60 61 62 40 41 43 44 45 47 48 49 50 77 78 79 81 82 83 84 85 86 87 88 2 64 65 66 68 69 70 71 72 73 74 75 1 102 103 104 105 106 107 108 109 6 110 111 112 7 90 91 92 93 94 95 96 97 3 98 99 100 4 122 123 124 125 15 126 127 128 16 129 130 18 113 114 115 116 9 117 118 119 10 120 121 12 137 138 139 30 140 141 32 142 35 131 132 133 21 134 135 23 136 26 146 147 51 148 54 58 143 144 39 145 42 46 150 76 80 149 63 67 101 89 
9 15 1 21 22 2 30 31 3 4 5 39 40 41 6 7 8 51 52 53 10 11 12 13 14 63 64 65 66 16 17 18 19 20 76 77 78 79 23 24 25 26 27 28 29 89 90 91 92 93 32 33 34 35 36 37 38 101 102 103 104 105 42 43 44 45 46 47 48 49 50 113 114 115 116 54 55 56 57 58 59 60 61 62 122 123 124 125 67 68 69 70 71 72 73 74 75 131 132 133 80 81 82 83 84 85 86 87 88 137 138 139 94 95 96 97 98 99 100 143 144 106 107 108 109 110 111 112 146 147 117 118 119 120 121 149 126 127 128 129 130 150 134 135 136 140 141 142 145 148 
10 16 21 23 24 30 32 33 4 39 40 42 43 44 7 51 52 54 55 56 12 13 63 64 65 67 68 69 70 18 19 76 77 78 80 81 82 83 26 27 28 89 90 91 92 3 94 95 96 97 35 36 37 101 102 103 104 6 106 107 108 109 46 47 48 49 9 113 114 115 116 11 117 118 119 58 59 60 61 15 122 123 124 125 17 126 127 128 1 72 73 74 75 22 131 132 133 25 134 135 2 85 86 87 88 31 137 138 139 34 140 141 5 98 99 100 41 143 144 45 145 8 110 111 112 53 146 147 57 148 14 120 121 66 149 71 20 129 130 79 150 84 29 136 93 38 142 105 50 62 
11 17 22 24 25 31 33 34 5 40 41 43 44 45 8 52 53 55 56 57 13 14 64 65 66 68 69 70 71 19 20 77 78 79 81 82 83 84 27 28 29 90 91 92 93 94 95 96 97 3 36 37 38 102 103 104 105 106 107 108 109 6 47 48 49 50 113 114 115 116 9 117 118 119 10 59 60 61 62 122 123 124 125 15 126 127 128 16 72 73 74 75 1 131 132 133 21 134 135 23 85 86 87 88 2 137 138 139 30 140 141 32 98 99 100 4 143 144 39 145 42 110 111 112 7 146 147 51 148 54 120 121 12 149 63 67 129 130 18 150 76 80 136 26 89 142 35 101 46 58 
12 18 23 26 27 32 35 36 39 42 43 46 47 48 51 54 55 58 59 60 63 64 67 68 69 1 72 73 74 76 77 80 81 82 2 85 86 87 89 90 91 3 94 95 96 4 5 98 99 100 101 102 103 6 106 107 108 7 8 110 111 112 9 113 114 115 10 11 117 118 119 13 14 120 121 15 122 123 124 16 17 126 127 128 19 20 129 130 21 22 131 132 133 24 25 134 135 28 29 136 30 31 137 138 139 33 34 140 141 37 38 142 40 41 143 144 44 45 145 49 50 52 53 146 147 56 57 148 61 62 65 66 149 70 71 75 78 79 150 83 84 88 92 93 97 104 105 109 116 125 
13 19 24 27 28 33 36 37 40 43 44 47 48 49 52 55 56 59 60 61 64 65 68 69 70 72 73 74 75 77 78 81 82 83 85 86 87 88 90 91 92 94 95 96 97 5 98 99 100 4 102 103 104 106 107 108 109 8 110 111 112 7 113 114 115 116 11 117 118 119 10 14 120 121 12 122 123 124 125 17 126 127 128 16 20 129 130 18 22 131 132 133 21 25 134 135 23 29 136 26 31 137 138 139 30 34 140 141 32 38 142 35 41 143 144 39 45 145 42 50 46 53 146 147 51 57 148 54 62 58 66 149 63 71 67 1 79 150 76 84 80 2 93 89 3 105 101 6 9 15 
14 20 25 28 29 34 37 38 41 44 45 48 49 50 53 56 57 60 61 62 65 66 69 70 71 73 74 75 1 78 79 82 83 84 86 87 88 2 91 92 93 95 96 97 3 98 99 100 4 5 103 104 105 107 108 109 6 110 111 112 7 8 114 115 116 9 117 118 119 10 11 120 121 12 13 123 124 125 15 126 127 128 16 17 129 130 18 19 131 132 133 21 22 134 135 23 24 136 26 27 137 138 139 30 31 140 141 32 33 142 35 36 143 144 39 40 145 42 43 46 47 146 147 51 52 148 54 55 58 59 149 63 64 67 68 72 150 76 77 80 81 85 89 90 94 101 102 106 113 122 
15 9 2 30 31 1 21 22 6 7 8 51 52 53 3 4 5 39 40 41 16 17 18 19 20 76 77 78 79 10 11 12 13 14 63 64 65 66 32 33 34 35 36 37 38 101 102 103 104 105 23 24 25 26 27 28 29 89 90 91 92 93 54 55 56 57 58 59 60 61 62 122 123 124 125 42 43 44 45 46 47 48 49 50 113 114 115 116 80 81 82 83 84 85 86 87 88 137 138 139 67 68 69 70 71 72 73 74 75 131 132 133 106 107 108 109 110 111 112 146 147 94 95 96 97 98 99 100 143 144 126 127 128 129 130 150 117 118 119 120 121 149 140 141 142 134 135 136 148 145 
16 10 30 32 33 21 23 24 7 51 52 54 55 56 4 39 40 42 43 44 18 19 76 77 78 80 81 82 83 12 13 63 64 65 67 68 69 70 35 36 37 101 102 103 104 6 106 107 108 109 26 27 28 89 90 91 92 3 94 95 96 97 58 59 60 61 15 122 123 124 125 17 126 127 128 46 47 48 49 9 113 114 115 116 11 117 118 119 2 85 86 87 88 31 137 138 139 34 140 141 1 72 73 74 75 22 131 132 133 25 134 135 8 110 111 112 53 146 147 57 148 5 98 99 100 41 143 144 45 145 20 129 130 79 150 84 14 120 121 66 149 71 38 142 105 29 136 93 62 50 
17 11 31 33 34 22 24 25 8 52 53 55 56 57 5 40 41 43 44 45 19 20 77 78 79 81 82 83 84 13 14 64 65 66 68 69 70 71 36 37 38 102 103 104 105 106 107 108 109 6 27 28 29 90 91 92 93 94 95 96 97 3 59 60 61 62 122 123 124 125 15 126 127 128 16 47 48 49 50 113 114 115 116 9 117 118 119 10 85 86 87 88 2 137 138 139 30 140 141 32 72 73 74 75 1 131 132 133 21 134 135 23 110 111 112 7 146 147 51 148 54 98 99 100 4 143 144 39 145 42 129 130 18 150 76 80 120 121 12 149 63 67 142 35 101 136 26 89 58 46 
18 12 32 35 36 23 26 27 51 54 55 58 59 60 39 42 43 46 47 48 76 77 80 81 82 2 85 86 87 63 64 67 68 69 1 72 73 74 101 102 103 6 106 107 108 7 8 110 111 112 89 90 91 3 94 95 96 4 5 98 99 100 15 122 123 124 16 17 126 127 128 19 20 129 130 9 113 114 115 10 11 117 118 119 13 14 120 121 30 31 137 138 139 33 34 140 141 37 38 142 21 22 131 132 133 24 25 134 135 28 29 136 52 53 146 147 56 57 148 61 62 40 41 143 144 44 45 145 49 50 78 79 150 83 84 88 65 66 149 70 71 75 104 105 109 92 93 97 125 116 
19 13 33 36 37 24 27 28 52 55 56 59 60 61 40 43 44 47 48 49 77 78 81 82 83 85 86 87 88 64 65 68 69 70 72 73 74 75 102 103 104 106 107 108 109 8 110 111 112 7 90 91 92 94 95 96 97 5 98 99 100 4 122 123 124 125 17 126 127 128 16 20 129 130 18 113 114 115 116 11 117 118 119 10 14 120 121 12 31 137 138 139 30 34 140 141 32 38 142 35 22 131 132 133 21 25 134 135 23 29 136 26 53 146 147 51 57 148 54 62 58 41 143 144 39 45 145 42 50 46 79 150 76 84 80 2 66 149 63 71 67 1 105 101 6 93 89 3 15 9 
20 14 34 37 38 25 28 29 53 56 57 60 61 62 41 44 45 48 49 50 78 79 82 83 84 86 87 88 2 65 66 69 70 71 73 74 75 1 103 104 105 107 108 109 6 110 111 112 7 8 91 92 93 95 96 97 3 98 99 100 4 5 123 124 125 15 126 127 128 16 17 129 130 18 19 114 115 116 9 117 118 119 10 11 120 121 12 13 137 138 139 30 31 140 141 32 33 142 35 36 131 132 133 21 22 134 135 23 24 136 26 27 146 147 51 52 148 54 55 58 59 143 144 39 40 145 42 43 46 47 150 76 77 80 81 85 149 63 64 67 68 72 101 102 106 89 90 94 122 113 
21 30 4 39 40 7 51 52 10 12 13 63 64 65 16 18 19 76 77 78 23 24 26 27 28 89 90 91 92 32 33 35 36 37 101 102 103 104 42 43 44 46 47 48 49 9 113 114 115 116 54 55 56 58 59 60 61 15 122 123 124 125 67 68 69 70 1 72 73 74 75 22 131 132 133 80 81 82 83 2 85 86 87 88 31 137 138 139 3 94 95 96 97 5 98 99 100 41 143 144 6 106 107 108 109 8 110 111 112 53 146 147 11 117 118 119 14 120 121 66 149 17 126 127 128 20 129 130 79 150 25 134 135 29 136 93 34 140 141 38 142 105 45 145 50 57 148 62 71 84 
22 31 5 40 41 8 52 53 11 13 14 64 65 66 17 19 20 77 78 79 24 25 27 28 29 90 91 92 93 33 34 36 37 38 102 103 104 105 43 44 45 47 48 49 50 113 114 115 116 9 55 56 57 59 60 61 62 122 123 124 125 15 68 69 70 71 72 73 74 75 1 131 132 133 21 81 82 83 84 85 86 87 88 2 137 138 139 30 94 95 96 97 3 98 99 100 4 143 144 39 106 107 108 109 6 110 111 112 7 146 147 51 117 118 119 10 120 121 12 149 63 126 127 128 16 129 130 18 150 76 134 135 23 136 26 89 140 141 32 142 35 101 145 42 46 148 54 58 67 80 
23 32 39 42 43 51 54 55 12 63 64 67 68 69 18 76 77 80 81 82 26 27 89 90 91 3 94 95 96 35 36 101 102 103 6 106 107 108 46 47 48 9 113 114 115 10 11 117 118 119 58 59 60 15 122 123 124 16 17 126 127 128 1 72 73 74 21 22 131 132 133 24 25 134 135 2 85 86 87 30 31 137 138 139 33 34 140 141 4 5 98 99 100 40 41 143 144 44 45 145 7 8 110 111 112 52 53 146 147 56 57 148 13 14 120 121 65 66 149 70 71 19 20 129 130 78 79 150 83 84 28 29 136 92 93 97 37 38 142 104 105 109 49 50 116 61 62 125 75 88 
24 33 40 43 44 52 55 56 13 64 65 68 69 70 19 77 78 81 82 83 27 28 90 91 92 94 95 96 97 36 37 102 103 104 106 107 108 109 47 48 49 113 114 115 116 11 117 118 119 10 59 60 61 122 123 124 125 17 126 127 128 16 72 73 74 75 22 131 132 133 21 25 134 135 23 85 86 87 88 31 137 138 139 30 34 140 141 32 5 98 99 100 4 41 143 144 39 45 145 42 8 110 111 112 7 53 146 147 51 57 148 54 14 120 121 12 66 149 63 71 67 20 129 130 18 79 150 76 84 80 29 136 26 93 89 3 38 142 35 105 101 6 50 46 9 62 58 15 1 2 
25 34 41 44 45 53 56 57 14 65 66 69 70 71 20 78 79 82 83 84 28 29 91 92 93 95 96 97 3 37 38 103 104 105 107 108 109 6 48 49 50 114 115 116 9 117 118 119 10 11 60 61 62 123 124 125 15 126 127 128 16 17 73 74 75 1 131 132 133 21 22 134 135 23 24 86 87 88 2 137 138 139 30 31 140 141 32 33 98 99 100 4 5 143 144 39 40 145 42 43 110 111 112 7 8 146 147 51 52 148 54 55 120 121 12 13 149 63 64 67 68 129 130 18 19 150 76 77 80 81 136 26 27 89 90 94 142 35 36 101 102 106 46 47 113 58 59 122 72 85 
26 35 42 46 47 54 58 59 63 67 68 1 72 73 76 80 81 2 85 86 89 90 3 94 95 4 5 98 99 101 102 6 106 107 7 8 110 111 9 113 114 10 11 117 118 12 13 14 120 121 15 122 123 16 17 126 127 18 19 20 129 130 21 22 131 132 23 24 25 134 135 27 28 29 136 30 31 137 138 32 33 34 140 141 36 37 38 142 39 40 41 143 144 43 44 45 145 48 49 50 51 52 53 146 147 55 56 57 148 60 61 62 64 65 66 149 69 70 71 74 75 77 78 79 150 82 83 84 87 88 91 92 93 96 97 100 103 104 105 108 109 112 115 116 119 124 125 128 133 139 
27 36 43 47 48 55 59 60 64 68 69 72 73 74 77 81 82 85 86 87 90 91 94 95 96 5 98 99 100 102 103 106 107 108 8 110 111 112 113 114 115 11 117 118 119 13 14 120 121 12 122 123 124 17 126 127 128 19 20 129 130 18 22 131 132 133 24 25 134 135 23 28 29 136 26 31 137 138 139 33 34 140 141 32 37 38 142 35 40 41 143 144 39 44 45 145 42 49 50 46 52 53 146 147 51 56 57 148 54 61 62 58 65 66 149 63 70 71 67 75 1 78 79 150 76 83 84 80 88 2 92 93 89 97 3 4 104 105 101 109 6 7 116 9 10 125 15 16 21 30 
28 37 44 48 49 56 60 61 65 69 70 73 74 75 78 82 83 86 87 88 91 92 95 96 97 98 99 100 4 103 104 107 108 109 110 111 112 7 114 115 116 117 118 119 10 14 120 121 12 13 123 124 125 126 127 128 16 20 129 130 18 19 131 132 133 21 25 134 135 23 24 29 136 26 27 137 138 139 30 34 140 141 32 33 38 142 35 36 41 143 144 39 40 45 145 42 43 50 46 47 53 146 147 51 52 57 148 54 55 62 58 59 66 149 63 64 71 67 68 1 72 79 150 76 77 84 80 81 2 85 93 89 90 3 94 5 105 101 102 6 106 8 9 113 11 15 122 17 22 31 
29 38 45 49 50 57 61 62 66 70 71 74 75 1 79 83 84 87 88 2 92 93 96 97 3 99 100 4 5 104 105 108 109 6 111 112 7 8 115 116 9 118 119 10 11 120 121 12 13 14 124 125 15 127 128 16 17 129 130 18 19 20 132 133 21 22 134 135 23 24 25 136 26 27 28 138 139 30 31 140 141 32 33 34 142 35 36 37 143 144 39 40 41 145 42 43 44 46 47 48 146 147 51 52 53 148 54 55 56 58 59 60 149 63 64 65 67 68 69 72 73 150 76 77 78 80 81 82 85 86 89 90 91 94 95 98 101 102 103 106 107 110 113 114 117 122 123 126 131 137 
30 21 7 51 52 4 39 40 16 18 19 76 77 78 10 12 13 63 64 65 32 33 35 36 37 101 102 103 104 23 24 26 27 28 89 90 91 92 54 55 56 58 59 60 61 15 122 123 124 125 42 43 44 46 47 48 49 9 113 114 115 116 80 81 82 83 2 85 86 87 88 31 137 138 139 67 68 69 70 1 72 73 74 75 22 131 132 133 6 106 107 108 109 8 110 111 112 53 146 147 3 94 95 96 97 5 98 99 100 41 143 144 17 126 127 128 20 129 130 79 150 11 117 118 119 14 120 121 66 149 34 140 141 38 142 105 25 134 135 29 136 93 57 148 62 45 145 50 84 71 
31 22 8 52 53 5 40 41 17 19 20 77 78 79 11 13 14 64 65 66 33 34 36 37 38 102 103 104 105 24 25 27 28 29 90 91 92 93 55 56 57 59 60 61 62 122 123 124 125 15 43 44 45 47 48 49 50 113 114 115 116 9 81 82 83 84 85 86 87 88 2 137 138 139 30 68 69 70 71 72 73 74 75 1 131 132 133 21 106 107 108 109 6 110 111 112 7 146 147 51 94 95 96 97 3 98 99 100 4 143 144 39 126 127 128 16 129 130 18 150 76 117 118 119 10 120 121 12 149 63 140 141 32 142 35 101 134 135 23 136 26 89 148 54 58 145 42 46 80 67 
32 23 51 54 55 39 42 43 18 76 77 80 81 82 12 63 64 67 68 69 35 36 101 102 103 6 106 107 108 26 27 89 90 91 3 94 95 96 58 59 60 15 122 123 124 16 17 126 127 128 46 47 48 9 113 114 115 10 11 117 118 119 2 85 86 87 30 31 137 138 139 33 34 140 141 1 72 73 74 21 22 131 132 133 24 25 134 135 7 8 110 111 112 52 53 146 147 56 57 148 4 5 98 99 100 40 41 143 144 44 45 145 19 20 129 130 78 79 150 83 84 13 14 120 121 65 66 149 70 71 37 38 142 104 105 109 28 29 136 92 93 97 61 62 125 49 50 116 88 75 
33 24 52 55 56 40 43 44 19 77 78 81 82 83 13 64 65 68 69 70 36 37 102 103 104 106 107 108 109 27 28 90 91 92 94 95 96 97 59 60 61 122 123 124 125 17 126 127 128 16 47 48 49 113 114 115 116 11 117 118 119 10 85 86 87 88 31 137 138 139 30 34 140 141 32 72 73 74 75 22 131 132 133 21 25 134 135 23 8 110 111 112 7 53 146 147 51 57 148 54 5 98 99 100 4 41 143 144 39 45 145 42 20 129 130 18 79 150 76 84 80 14 120 121 12 66 149 63 71 67 38 142 35 105 101 6 29 136 26 93 89 3 62 58 15 50 46 9 2 1 
34 25 53 56 57 41 44 45 20 78 79 82 83 84 14 65 66 69 70 71 37 38 103 104 105 107 108 109 6 28 29 91 92 93 95 96 97 3 60 61 62 123 124 125 15 126 127 128 16 17 48 49 50 114 115 116 9 117 118 119 10 11 86 87 88 2 137 138 139 30 31 140 141 32 33 73 74 75 1 131 132 133 21 22 134 135 23 24 110 111 112 7 8 146 147 51 52 148 54 55 98 99 100 4 5 143 144 39 40 145 42 43 129 130 18 19 150 76 77 80 81 120 121 12 13 149 63 64 67 68 142 35 36 101 102 106 136 26 27 89 90 94 58 59 122 46 47 113 85 72 
35 26 54 58 59 42 46 47 76 80 81 2 85 86 63 67 68 1 72 73 101 102 6 106 107 7 8 110 111 89 90 3 94 95 4 5 98 99 15 122 123 16 17 126 127 18 19 20 129 130 9 113 114 10 11 117 118 12 13 14 120 121 30 31 137 138 32 33 34 140 141 36 37 38 142 21 22 131 132 23 24 25 134 135 27 28 29 136 51 52 53 146 147 55 56 57 148 60 61 62 39 40 41 143 144 43 44 45 145 48 49 50 77 78 79 150 82 83 84 87 88 64 65 66 149 69 70 71 74 75 103 104 105 108 109 112 91 92 93 96 97 100 124 125 128 115 116 119 139 133 
36 27 55 59 60 43 47 48 77 81 82 85 86 87 64 68 69 72 73 74 102 103 106 107 108 8 110 111 112 90 91 94 95 96 5 98 99 100 122 123 124 17 126 127 128 19 20 129 130 18 113 114 115 11 117 118 119 13 14 120 121 12 31 137 138 139 33 34 140 141 32 37 38 142 35 22 131 132 133 24 25 134 135 23 28 29 136 26 52 53 146 147 51 56 57 148 54 61 62 58 40 41 143 144 39 44 45 145 42 49 50 46 78 79 150 76 83 84 80 88 2 65 66 149 63 70 71 67 75 1 104 105 101 109 6 7 92 93 89 97 3 4 125 15 16 116 9 10 30 21 
37 28 56 60 61 44 48 49 78 82 83 86 87 88 65 69 70 73 74 75 103 104 107 108 109 110 111 112 7 91 92 95 96 97 98 99 100 4 123 124 125 126 127 128 16 20 129 130 18 19 114 115 116 117 118 119 10 14 120 121 12 13 137 138 139 30 34 140 141 32 33 38 142 35 36 131 132 133 21 25 134 135 23 24 29 136 26 27 53 146 147 51 52 57 148 54 55 62 58 59 41 143 144 39 40 45 145 42 43 50 46 47 79 150 76 77 84 80 81 2 85 66 149 63 64 71 67 68 1 72 105 101 102 6 106 8 93 89 90 3 94 5 15 122 17 9 113 11 31 22 
38 29 57 61 62 45 49 50 79 83 84 87 88 2 66 70 71 74 75 1 104 105 108 109 6 111 112 7 8 92 93 96 97 3 99 100 4 5 124 125 15 127 128 16 17 129 130 18 19 20 115 116 9 118 119 10 11 120 121 12 13 14 138 139 30 31 140 141 32 33 34 142 35 36 37 132 133 21 22 134 135 23 24 25 136 26 27 28 146 147 51 52 53 148 54 55 56 58 59 60 143 144 39 40 41 145 42 43 44 46 47 48 150 76 77 78 80 81 82 85 86 149 63 64 65 67 68 69 72 73 101 102 103 106 107 110 89 90 91 94 95 98 122 123 126 113 114 117 137 131 
39 51 12 63 64 18 76 77 23 26 27 89 90 91 32 35 36 101 102 103 42 43 46 47 48 9 113 114 115 54 55 58 59 60 15 122 123 124 67 68 69 1 72 73 74 21 22 131 132 133 80 81 82 2 85 86 87 30 31 137 138 139 3 94 95 96 4 5 98 99 100 40 41 143 144 6 106 107 108 7 8 110 111 112 52 53 146 147 10 11 117 118 119 13 14 120 121 65 66 149 16 17 126 127 128 19 20 129 130 78 79 150 24 25 134 135 28 29 136 92 93 33 34 140 141 37 38 142 104 105 44 45 145 49 50 116 56 57 148 61 62 125 70 71 75 83 84 88 97 109 
40 52 13 64 65 19 77 78 24 27 28 90 91 92 33 36 37 102 103 104 43 44 47 48 49 113 114 115 116 55 56 59 60 61 122 123 124 125 68 69 70 72 73 74 75 22 131 132 133 21 81 82 83 85 86 87 88 31 137 138 139 30 94 95 96 97 5 98 99 100 4 41 143 144 39 106 107 108 109 8 110 111 112 7 53 146 147 51 11 117 118 119 10 14 120 121 12 66 149 63 17 126 127 128 16 20 129 130 18 79 150 76 25 134 135 23 29 136 26 93 89 34 140 141 32 38 142 35 105 101 45 145 42 50 46 9 57 148 54 62 58 15 71 67 1 84 80 2 3 6 
41 53 14 65 66 20 78 79 25 28 29 91 92 93 34 37 38 103 104 105 44 45 48 49 50 114 115 116 9 56 57 60 61 62 123 124 125 15 69 70 71 73 74 75 1 131 132 133 21 22 82 83 84 86 87 88 2 137 138 139 30 31 95 96 97 3 98 99 100 4 5 143 144 39 40 107 108 109 6 110 111 112 7 8 146 147 51 52 117 118 119 10 11 120 121 12 13 149 63 64 126 127 128 16 17 129 130 18 19 150 76 77 134 135 23 24 136 26 27 89 90 140 141 32 33 142 35 36 101 102 145 42 43 46 47 113 148 54 55 58 59 122 67 68 72 80 81 85 94 106 
42 54 63 67 68 76 80 81 26 89 90 3 94 95 35 101 102 6 106 107 46 47 9 113 114 10 11 117 118 58 59 15 122 123 16 17 126 127 1 72 73 21 22 131 132 23 24 25 134 135 2 85 86 30 31 137 138 32 33 34 140 141 4 5 98 99 39 40 41 143 144 43 44 45 145 7 8 110 111 51 52 53 146 147 55 56 57 148 12 13 14 120 121 64 65 66 149 69 70 71 18 19 20 129 130 77 78 79 150 82 83 84 27 28 29 136 91 92 93 96 97 36 37 38 142 103 104 105 108 109 48 49 50 115 116 119 60 61 62 124 125 128 74 75 133 87 88 139 100 112 
43 55 64 68 69 77 81 82 27 90 91 94 95 96 36 102 103 106 107 108 47 48 113 114 115 11 117 118 119 59 60 122 123 124 17 126 127 128 72 73 74 22 131 132 133 24 25 134 135 23 85 86 87 31 137 138 139 33 34 140 141 32 5 98 99 100 40 41 143 144 39 44 45 145 42 8 110 111 112 52 53 146 147 51 56 57 148 54 13 14 120 121 12 65 66 149 63 70 71 67 19 20 129 130 18 78 79 150 76 83 84 80 28 29 136 26 92 93 89 97 3 37 38 142 35 104 105 101 109 6 49 50 46 116 9 10 61 62 58 125 15 16 75 1 21 88 2 30 4 7 
44 56 65 69 70 78 82 83 28 91 92 95 96 97 37 103 104 107 108 109 48 49 114 115 116 117 118 119 10 60 61 123 124 125 126 127 128 16 73 74 75 131 132 133 21 25 134 135 23 24 86 87 88 137 138 139 30 34 140 141 32 33 98 99 100 4 41 143 144 39 40 45 145 42 43 110 111 112 7 53 146 147 51 52 57 148 54 55 14 120 121 12 13 66 149 63 64 71 67 68 20 129 130 18 19 79 150 76 77 84 80 81 29 136 26 27 93 89 90 3 94 38 142 35 36 105 101 102 6 106 50 46 47 9 113 11 62 58 59 15 122 17 1 72 22 2 85 31 5 8 
45 57 66 70 71 79 83 84 29 92 93 96 97 3 38 104 105 108 109 6 49 50 115 116 9 118 119 10 11 61 62 124 125 15 127 128 16 17 74 75 1 132 133 21 22 134 135 23 24 25 87 88 2 138 139 30 31 140 141 32 33 34 99 100 4 5 143 144 39 40 41 145 42 43 44 111 112 7 8 146 147 51 52 53 148 54 55 56 120 121 12 13 14 149 63 64 65 67 68 69 129 130 18 19 20 150 76 77 78 80 81 82 136 26 27 28 89 90 91 94 95 142 35 36 37 101 102 103 106 107 46 47 48 113 114 117 58 59 60 122 123 126 72 73 131 85 86 137 98 110 
46 58 67 1 72 80 2 85 89 3 94 4 5 98 101 6 106 7 8 110 9 113 10 11 117 12 13 14 120 15 122 16 17 126 18 19 20 129 21 22 131 23 24 25 134 26 27 28 29 136 30 31 137 32 33 34 140 35 36 37 38 142 39 40 41 143 42 43 44 45 145 47 48 49 50 51 52 53 146 54 55 56 57 148 59 60 61 62 63 64 65 66 149 68 69 70 71 73 74 75 76 77 78 79 150 81 82 83 84 86 87 88 90 91 92 93 95 96 97 99 100 102 103 104 105 107 108 109 111 112 114 115 116 118 119 121 123 124 125 127 128 130 132 133 135 138 139 141 144 147 
47 59 68 72 73 81 85 86 90 94 95 5 98 99 102 106 107 8 110 111 113 114 11 117 118 13 14 120 121 122 123 17 126 127 19 20 129 130 22 131 132 24 25 134 135 27 28 29 136 26 31 137 138 33 34 140 141 36 37 38 142 35 40 41 143 144 43 44 45 145 42 48 49 50 46 52 53 146 147 55 56 57 148 54 60 61 62 58 64 65 66 149 63 69 70 71 67 74 75 1 77 78 79 150 76 82 83 84 80 87 88 2 91 92 93 89 96 97 3 100 4 103 104 105 101 108 109 6 112 7 115 116 9 119 10 12 124 125 15 128 16 18 133 21 23 139 30 32 39 51 
48 60 69 73 74 82 86 87 91 95 96 98 99 100 103 107 108 110 111 112 114 115 117 118 119 14 120 121 12 123 124 126 127 128 20 129 130 18 131 132 133 25 134 135 23 28 29 136 26 27 137 138 139 34 140 141 32 37 38 142 35 36 41 143 144 39 44 45 145 42 43 49 50 46 47 53 146 147 51 56 57 148 54 55 61 62 58 59 65 66 149 63 64 70 71 67 68 75 1 72 78 79 150 76 77 83 84 80 81 88 2 85 92 93 89 90 97 3 94 4 5 104 105 101 102 109 6 106 7 8 116 9 113 10 11 13 125 15 122 16 17 19 21 22 24 30 31 33 40 52 
49 61 70 74 75 83 87 88 92 96 97 99 100 4 104 108 109 111 112 7 115 116 118 119 10 120 121 12 13 124 125 127 128 16 129 130 18 19 132 133 21 134 135 23 24 29 136 26 27 28 138 139 30 140 141 32 33 38 142 35 36 37 143 144 39 40 45 145 42 43 44 50 46 47 48 146 147 51 52 57 148 54 55 56 62 58 59 60 66 149 63 64 65 71 67 68 69 1 72 73 79 150 76 77 78 84 80 81 82 2 85 86 93 89 90 91 3 94 95 5 98 105 101 102 103 6 106 107 8 110 9 113 114 11 117 14 15 122 123 17 126 20 22 131 25 31 137 34 41 53 
50 62 71 75 1 84 88 2 93 97 3 100 4 5 105 109 6 112 7 8 116 9 119 10 11 121 12 13 14 125 15 128 16 17 130 18 19 20 133 21 22 135 23 24 25 136 26 27 28 29 139 30 31 141 32 33 34 142 35 36 37 38 144 39 40 41 145 42 43 44 45 46 47 48 49 147 51 52 53 148 54 55 56 57 58 59 60 61 149 63 64 65 66 67 68 69 70 72 73 74 150 76 77 78 79 80 81 82 83 85 86 87 89 90 91 92 94 95 96 98 99 101 102 103 104 106 107 108 110 111 113 114 115 117 118 120 122 123 124 126 127 129 131 132 134 137 138 140 143 146 
51 39 18 76 77 12 63 64 32 35 36 101 102 103 23 26 27 89 90 91 54 55 58 59 60 15 122 123 124 42 43 46 47 48 9 113 114 115 80 81 82 2 85 86 87 30 31 137 138 139 67 68 69 1 72 73 74 21 22 131 132 133 6 106 107 108 7 8 110 111 112 52 53 146 147 3 94 95 96 4 5 98 99 100 40 41 143 144 16 17 126 127 128 19 20 129 130 78 79 150 10 11 117 118 119 13 14 120 121 65 66 149 33 34 140 141 37 38 142 104 105 24 25 134 135 28 29 136 92 93 56 57 148 61 62 125 44 45 145 49 50 116 83 84 88 70 71 75 109 97 
52 40 19 77 78 13 64 65 33 36 37 102 103 104 24 27 28 90 91 92 55 56 59 60 61 122 123 124 125 43 44 47 48 49 113 114 115 116 81 82 83 85 86 87 88 31 137 138 139 30 68 69 70 72 73 74 75 22 131 132 133 21 106 107 108 109 8 110 111 112 7 53 146 147 51 94 95 96 97 5 98 99 100 4 41 143 144 39 17 126 127 128 16 20 129 130 18 79 150 76 11 117 118 119 10 14 120 121 12 66 149 63 34 140 141 32 38 142 35 105 101 25 134 135 23 29 136 26 93 89 57 148 54 62 58 15 45 145 42 50 46 9 84 80 2 71 67 1 6 3 
53 41 20 78 79 14 65 66 34 37 38 103 104 105 25 28 29 91 92 93 56 57 60 61 62 123 124 125 15 44 45 48 49 50 114 115 116 9 82 83 84 86 87 88 2 137 138 139 30 31 69 70 71 73 74 75 1 131 132 133 21 22 107 108 109 6 110 111 112 7 8 146 147 51 52 95 96 97 3 98 99 100 4 5 143 144 39 40 126 127 128 16 17 129 130 18 19 150 76 77 117 118 119 10 11 120 121 12 13 149 63 64 140 141 32 33 142 35 36 101 102 134 135 23 24 136 26 27 89 90 148 54 55 58 59 122 145 42 43 46 47 113 80 81 85 67 68 72 106 94 
54 42 76 80 81 63 67 68 35 101 102 6 106 107 26 89 90 3 94 95 58 59 15 122 123 16 17 126 127 46 47 9 113 114 10 11 117 118 2 85 86 30 31 137 138 32 33 34 140 141 1 72 73 21 22 131 132 23 24 25 134 135 7 8 110 111 51 52 53 146 147 55 56 57 148 4 5 98 99 39 40 41 143 144 43 44 45 145 18 19 20 129 130 77 78 79 150 82 83 84 12 13 14 120 121 64 65 66 149 69 70 71 36 37 38 142 103 104 105 108 109 27 28 29 136 91 92 93 96 97 60 61 62 124 125 128 48 49 50 115 116 119 87 88 139 74 75 133 112 100 
55 43 77 81 82 64 68 69 36 102 103 106 107 108 27 90 91 94 95 96 59 60 122 123 124 17 126 127 128 47 48 113 114 115 11 117 118 119 85 86 87 31 137 138 139 33 34 140 141 32 72 73 74 22 131 132 133 24 25 134 135 23 8 110 111 112 52 53 146 147 51 56 57 148 54 5 98 99 100 40 41 143 144 39 44 45 145 42 19 20 129 130 18 78 79 150 76 83 84 80 13 14 120 121 12 65 66 149 63 70 71 67 37 38 142 35 104 105 101 109 6 28 29 136 26 92 93 89 97 3 61 62 58 125 15 16 49 50 46 116 9 10 88 2 30 75 1 21 7 4 
56 44 78 82 83 65 69 70 37 103 104 107 108 109 28 91 92 95 96 97 60 61 123 124 125 126 127 128 16 48 49 114 115 116 117 118 119 10 86 87 88 137 138 139 30 34 140 141 32 33 73 74 75 131 132 133 21 25 134 135 23 24 110 111 112 7 53 146 147 51 52 57 148 54 55 98 99 100 4 41 143 144 39 40 45 145 42 43 20 129 130 18 19 79 150 76 77 84 80 81 14 120 121 12 13 66 149 63 64 71 67 68 38 142 35 36 105 101 102 6 106 29 136 26 27 93 89 90 3 94 62 58 59 15 122 17 50 46 47 9 113 11 2 85 31 1 72 22 8 5 
57 45 79 83 84 66 70 71 38 104 105 108 109 6 29 92 93 96 97 3 61 62 124 125 15 127 128 16 17 49 50 115 116 9 118 119 10 11 87 88 2 138 139 30 31 140 141 32 33 34 74 75 1 132 133 21 22 134 135 23 24 25 111 112 7 8 146 147 51 52 53 148 54 55 56 99 100 4 5 143 144 39 40 41 145 42 43 44 129 130 18 19 20 150 76 77 78 80 81 82 120 121 12 13 14 149 63 64 65 67 68 69 142 35 36 37 101 102 103 106 107 136 26 27 28 89 90 91 94 95 58 59 60 122 123 126 46 47 48 113 114 117 85 86 137 72 73 131 110 98 
58 46 80 2 85 67 1 72 101 6 106 7 8 110 89 3 94 4 5 98 15 122 16 17 126 18 19 20 129 9 113 10 11 117 12 13 14 120 30 31 137 32 33 34 140 35 36 37 38 142 21 22 131 23 24 25 134 26 27 28 29 136 51 52 53 146 54 55 56 57 148 59 60 61 62 39 40 41 143 42 43 44 45 145 47 48 49 50 76 77 78 79 150 81 82 83 84 86 87 88 63 64 65 66 149 68 69 70 71 73 74 75 102 103 104 105 107 108 109 111 112 90 91 92 93 95 96 97 99 100 123 124 125 127 128 130 114 115 116 118 119 121 138 139 141 132 133 135 147 144 
59 47 81 85 86 68 72 73 102 106 107 8 110 111 90 94 95 5 98 99 122 123 17 126 127 19 20 129 130 113 114 11 117 118 13 14 120 121 31 137 138 33 34 140 141 36 37 38 142 35 22 131 132 24 25 134 135 27 28 29 136 26 52 53 146 147 55 56 57 148 54 60 61 62 58 40 41 143 144 43 44 45 145 42 48 49 50 46 77 78 79 150 76 82 83 84 80 87 88 2 64 65 66 149 63 69 70 71 67 74 75 1 103 104 105 101 108 109 6 112 7 91 92 93 89 96 97 3 100 4 124 125 15 128 16 18 115 116 9 119 10 12 139 30 32 133 21 23 51 39 
60 48 82 86 87 69 73 74 103 107 108 110 111 112 91 95 96 98 99 100 123 124 126 127 128 20 129 130 18 114 115 117 118 119 14 120 121 12 137 138 139 34 140 141 32 37 38 142 35 36 131 132 133 25 134 135 23 28 29 136 26 27 53 146 147 51 56 57 148 54 55 61 62 58 59 41 143 144 39 44 45 145 42 43 49 50 46 47 78 79 150 76 77 83 84 80 81 88 2 85 65 66 149 63 64 70 71 67 68 75 1 72 104 105 101 102 109 6 106 7 8 92 93 89 90 97 3 94 4 5 125 15 122 16 17 19 116 9 113 10 11 13 30 31 33 21 22 24 52 40 
61 49 83 87 88 70 74 75 104 108 109 111 112 7 92 96 97 99 100 4 124 125 127 128 16 129 130 18 19 115 116 118 119 10 120 121 12 13 138 139 30 140 141 32 33 38 142 35 36 37 132 133 21 134 135 23 24 29 136 26 27 28 146 147 51 52 57 148 54 55 56 62 58 59 60 143 144 39 40 45 145 42 43 44 50 46 47 48 79 150 76 77 78 84 80 81 82 2 85 86 66 149 63 64 65 71 67 68 69 1 72 73 105 101 102 103 6 106 107 8 110 93 89 90 91 3 94 95 5 98 15 122 123 17 126 20 9 113 114 11 117 14 31 137 34 22 131 25 53 41 
62 50 84 88 2 71 75 1 105 109 6 112 7 8 93 97 3 100 4 5 125 15 128 16 17 130 18 19 20 116 9 119 10 11 121 12 13 14 139 30 31 141 32 33 34 142 35 36 37 38 133 21 22 135 23 24 25 136 26 27 28 29 147 51 52 53 148 54 55 56 57 58 59 60 61 144 39 40 41 145 42 43 44 45 46 47 48 49 150 76 77 78 79 80 81 82 83 85 86 87 149 63 64 65 66 67 68 69 70 72 73 74 101 102 103 104 106 107 108 110 111 89 90 91 92 94 95 96 98 99 122 123 124 126 127 129 113 114 115 117 118 120 137 138 140 131 132 134 146 143 
63 76 26 89 90 35 101 102 42 46 47 9 113 114 54 58 59 15 122 123 67 68 1 72 73 21 22 131 132 80 81 2 85 86 30 31 137 138 3 94 95 4 5 98 99 39 40 41 143 144 6 106 107 7 8 110 111 51 52 53 146 147 10 11 117 118 12 13 14 120 121 64 65 66 149 16 17 126 127 18 19 20 129 130 77 78 79 150 23 24 25 134 135 27 28 29 136 91 92 93 32 33 34 140 141 36 37 38 142 103 104 105 43 44 45 145 48 49 50 115 116 55 56 57 148 60 61 62 124 125 69 70 71 74 75 133 82 83 84 87 88 139 96 97 100 108 109 112 119 128 
64 77 27 90 91 36 102 103 43 47 48 113 114 115 55 59 60 122 123 124 68 69 72 73 74 22 131 132 133 81 82 85 86 87 31 137 138 139 94 95 96 5 98 99 100 40 41 143 144 39 106 107 108 8 110 111 112 52 53 146 147 51 11 117 118 119 13 14 120 121 12 65 66 149 63 17 126 127 128 19 20 129 130 18 78 79 150 76 24 25 134 135 23 28 29 136 26 92 93 89 33 34 140 141 32 37 38 142 35 104 105 101 44 45 145 42 49 50 46 116 9 56 57 148 54 61 62 58 125 15 70 71 67 75 1 21 83 84 80 88 2 30 97 3 4 109 6 7 10 16 
65 78 28 91 92 37 103 104 44 48 49 114 115 116 56 60 61 123 124 125 69 70 73 74 75 131 132 133 21 82 83 86 87 88 137 138 139 30 95 96 97 98 99 100 4 41 143 144 39 40 107 108 109 110 111 112 7 53 146 147 51 52 117 118 119 10 14 120 121 12 13 66 149 63 64 126 127 128 16 20 129 130 18 19 79 150 76 77 25 134 135 23 24 29 136 26 27 93 89 90 34 140 141 32 33 38 142 35 36 105 101 102 45 145 42 43 50 46 47 9 113 57 148 54 55 62 58 59 15 122 71 67 68 1 72 22 84 80 81 2 85 31 3 94 5 6 106 8 11 17 
66 79 29 92 93 38 104 105 45 49 50 115 116 9 57 61 62 124 125 15 70 71 74 75 1 132 133 21 22 83 84 87 88 2 138 139 30 31 96 97 3 99 100 4 5 143 144 39 40 41 108 109 6 111 112 7 8 146 147 51 52 53 118 119 10 11 120 121 12 13 14 149 63 64 65 127 128 16 17 129 130 18 19 20 150 76 77 78 134 135 23 24 25 136 26 27 28 89 90 91 140 141 32 33 34 142 35 36 37 101 102 103 145 42 43 44 46 47 48 113 114 148 54 55 56 58 59 60 122 123 67 68 69 72 73 131 80 81 82 85 86 137 94 95 98 106 107 110 117 126 
67 80 89 3 94 101 6 106 46 9 113 10 11 117 58 15 122 16 17 126 1 72 21 22 131 23 24 25 134 2 85 30 31 137 32 33 34 140 4 5 98 39 40 41 143 42 43 44 45 145 7 8 110 51 52 53 146 54 55 56 57 148 12 13 14 120 63 64 65 66 149 68 69 70 71 18 19 20 129 76 77 78 79 150 81 82 83 84 26 27 28 29 136 90 91 92 93 95 96 97 35 36 37 38 142 102 103 104 105 107 108 109 47 48 49 50 114 115 116 118 119 59 60 61 62 123 124 125 127 128 73 74 75 132 133 135 86 87 88 138 139 141 99 100 144 111 112 147 121 130 
68 81 90 94 95 102 106 107 47 113 114 11 117 118 59 122 123 17 126 127 72 73 22 131 132 24 25 134 135 85 86 31 137 138 33 34 140 141 5 98 99 40 41 143 144 43 44 45 145 42 8 110 111 52 53 146 147 55 56 57 148 54 13 14 120 121 64 65 66 149 63 69 70 71 67 19 20 129 130 77 78 79 150 76 82 83 84 80 27 28 29 136 26 91 92 93 89 96 97 3 36 37 38 142 35 103 104 105 101 108 109 6 48 49 50 46 115 116 9 119 10 60 61 62 58 124 125 15 128 16 74 75 1 133 21 23 87 88 2 139 30 32 100 4 39 112 7 51 12 18 
69 82 91 95 96 103 107 108 48 114 115 117 118 119 60 123 124 126 127 128 73 74 131 132 133 25 134 135 23 86 87 137 138 139 34 140 141 32 98 99 100 41 143 144 39 44 45 145 42 43 110 111 112 53 146 147 51 56 57 148 54 55 14 120 121 12 65 66 149 63 64 70 71 67 68 20 129 130 18 78 79 150 76 77 83 84 80 81 28 29 136 26 27 92 93 89 90 97 3 94 37 38 142 35 36 104 105 101 102 109 6 106 49 50 46 47 116 9 113 10 11 61 62 58 59 125 15 122 16 17 75 1 72 21 22 24 88 2 85 30 31 33 4 5 40 7 8 52 13 19 
70 83 92 96 97 104 108 109 49 115 116 118 119 10 61 124 125 127 128 16 74 75 132 133 21 134 135 23 24 87 88 138 139 30 140 141 32 33 99 100 4 143 144 39 40 45 145 42 43 44 111 112 7 146 147 51 52 57 148 54 55 56 120 121 12 13 66 149 63 64 65 71 67 68 69 129 130 18 19 79 150 76 77 78 84 80 81 82 29 136 26 27 28 93 89 90 91 3 94 95 38 142 35 36 37 105 101 102 103 6 106 107 50 46 47 48 9 113 114 11 117 62 58 59 60 15 122 123 17 126 1 72 73 22 131 25 2 85 86 31 137 34 5 98 41 8 110 53 14 20 
71 84 93 97 3 105 109 6 50 116 9 119 10 11 62 125 15 128 16 17 75 1 133 21 22 135 23 24 25 88 2 139 30 31 141 32 33 34 100 4 5 144 39 40 41 145 42 43 44 45 112 7 8 147 51 52 53 148 54 55 56 57 121 12 13 14 149 63 64 65 66 67 68 69 70 130 18 19 20 150 76 77 78 79 80 81 82 83 136 26 27 28 29 89 90 91 92 94 95 96 142 35 36 37 38 101 102 103 104 106 107 108 46 47 48 49 113 114 115 117 118 58 59 60 61 122 123 124 126 127 72 73 74 131 132 134 85 86 87 137 138 140 98 99 143 110 111 146 120 129 
72 85 94 5 98 106 8 110 113 11 117 13 14 120 122 17 126 19 20 129 22 131 24 25 134 27 28 29 136 31 137 33 34 140 36 37 38 142 40 41 143 43 44 45 145 47 48 49 50 46 52 53 146 55 56 57 148 59 60 61 62 58 64 65 66 149 68 69 70 71 67 73 74 75 1 77 78 79 150 81 82 83 84 80 86 87 88 2 90 91 92 93 89 95 96 97 3 99 100 4 102 103 104 105 101 107 108 109 6 111 112 7 114 115 116 9 118 119 10 121 12 123 124 125 15 127 128 16 130 18 132 133 21 135 23 26 138 139 30 141 32 35 144 39 42 147 51 54 63 76 
73 86 95 98 99 107 110 111 114 117 118 14 120 121 123 126 127 20 129 130 131 132 25 134 135 28 29 136 26 137 138 34 140 141 37 38 142 35 41 143 144 44 45 145 42 48 49 50 46 47 53 146 147 56 57 148 54 60 61 62 58 59 65 66 149 63 69 70 71 67 68 74 75 1 72 78 79 150 76 82 83 84 80 81 87 88 2 85 91 92 93 89 90 96 97 3 94 100 4 5 103 104 105 101 102 108 109 6 106 112 7 8 115 116 9 113 119 10 11 12 13 124 125 15 122 128 16 17 18 19 133 21 22 23 24 27 139 30 31 32 33 36 39 40 43 51 52 55 64 77 
74 87 96 99 100 108 111 112 115 118 119 120 121 12 124 127 128 129 130 18 132 133 134 135 23 29 136 26 27 138 139 140 141 32 38 142 35 36 143 144 39 45 145 42 43 49 50 46 47 48 146 147 51 57 148 54 55 61 62 58 59 60 66 149 63 64 70 71 67 68 69 75 1 72 73 79 150 76 77 83 84 80 81 82 88 2 85 86 92 93 89 90 91 97 3 94 95 4 5 98 104 105 101 102 103 109 6 106 107 7 8 110 116 9 113 114 10 11 117 13 14 125 15 122 123 16 17 126 19 20 21 22 131 24 25 28 30 31 137 33 34 37 40 41 44 52 53 56 65 78 
75 88 97 100 4 109 112 7 116 119 10 121 12 13 125 128 16 130 18 19 133 21 135 23 24 136 26 27 28 139 30 141 32 33 142 35 36 37 144 39 40 145 42 43 44 50 46 47 48 49 147 51 52 148 54 55 56 62 58 59 60 61 149 63 64 65 71 67 68 69 70 1 72 73 74 150 76 77 78 84 80 81 82 83 2 85 86 87 93 89 90 91 92 3 94 95 96 5 98 99 105 101 102 103 104 6 106 107 108 8 110 111 9 113 114 115 11 117 118 14 120 15 122 123 124 17 126 127 20 129 22 131 132 25 134 29 31 137 138 34 140 38 41 143 45 53 146 57 66 79 
76 63 35 101 102 26 89 90 54 58 59 15 122 123 42 46 47 9 113 114 80 81 2 85 86 30 31 137 138 67 68 1 72 73 21 22 131 132 6 106 107 7 8 110 111 51 52 53 146 147 3 94 95 4 5 98 99 39 40 41 143 144 16 17 126 127 18 19 20 129 130 77 78 79 150 10 11 117 118 12 13 14 120 121 64 65 66 149 32 33 34 140 141 36 37 38 142 103 104 105 23 24 25 134 135 27 28 29 136 91 92 93 55 56 57 148 60 61 62 124 125 43 44 45 145 48 49 50 115 116 82 83 84 87 88 139 69 70 71 74 75 133 108 109 112 96 97 100 128 119 
77 64 36 102 103 27 90 91 55 59 60 122 123 124 43 47 48 113 114 115 81 82 85 86 87 31 137 138 139 68 69 72 73 74 22 131 132 133 106 107 108 8 110 111 112 52 53 146 147 51 94 95 96 5 98 99 100 40 41 143 144 39 17 126 127 128 19 20 129 130 18 78 79 150 76 11 117 118 119 13 14 120 121 12 65 66 149 63 33 34 140 141 32 37 38 142 35 104 105 101 24 25 134 135 23 28 29 136 26 92 93 89 56 57 148 54 61 62 58 125 15 44 45 145 42 49 50 46 116 9 83 84 80 88 2 30 70 71 67 75 1 21 109 6 7 97 3 4 16 10 
78 65 37 103 104 28 91 92 56 60 61 123 124 125 44 48 49 114 115 116 82 83 86 87 88 137 138 139 30 69 70 73 74 75 131 132 133 21 107 108 109 110 111 112 7 53 146 147 51 52 95 96 97 98 99 100 4 41 143 144 39 40 126 127 128 16 20 129 130 18 19 79 150 76 77 117 118 119 10 14 120 121 12 13 66 149 63 64 34 140 141 32 33 38 142 35 36 105 101 102 25 134 135 23 24 29 136 26 27 93 89 90 57 148 54 55 62 58 59 15 122 45 145 42 43 50 46 47 9 113 84 80 81 2 85 31 71 67 68 1 72 22 6 106 8 3 94 5 17 11 
79 66 38 104 105 29 92 93 57 61 62 124 125 15 45 49 50 115 116 9 83 84 87 88 2 138 139 30 31 70 71 74 75 1 132 133 21 22 108 109 6 111 112 7 8 146 147 51 52 53 96 97 3 99 100 4 5 143 144 39 40 41 127 128 16 17 129 130 18 19 20 150 76 77 78 118 119 10 11 120 121 12 13 14 149 63 64 65 140 141 32 33 34 142 35 36 37 101 102 103 134 135 23 24 25 136 26 27 28 89 90 91 148 54 55 56 58 59 60 122 123 145 42 43 44 46 47 48 113 114 80 81 82 85 86 137 67 68 69 72 73 131 106 107 110 94 95 98 126 117 
80 67 101 6 106 89 3 94 58 15 122 16 17 126 46 9 113 10 11 117 2 85 30 31 137 32 33 34 140 1 72 21 22 131 23 24 25 134 7 8 110 51 52 53 146 54 55 56 57 148 4 5 98 39 40 41 143 42 43 44 45 145 18 19 20 129 76 77 78 79 150 81 82 83 84 12 13 14 120 63 64 65 66 149 68 69 70 71 35 36 37 38 142 102 103 104 105 107 108 109 26 27 28 29 136 90 91 92 93 95 96 97 59 60 61 62 123 124 125 127 128 47 48 49 50 114 115 116 118 119 86 87 88 138 139 141 73 74 75 132 133 135 111 112 147 99 100 144 130 121 
81 68 102 106 107 90 94 95 59 122 123 17 126 127 47 113 114 11 117 118 85 86 31 137 138 33 34 140 141 72 73 22 131 132 24 25 134 135 8 110 111 52 53 146 147 55 56 57 148 54 5 98 99 40 41 143 144 43 44 45 145 42 19 20 129 130 77 78 79 150 76 82 83 84 80 13 14 120 121 64 65 66 149 63 69 70 71 67 36 37 38 142 35 103 104 105 101 108 109 6 27 28 29 136 26 91 92 93 89 96 97 3 60 61 62 58 124 125 15 128 16 48 49 50 46 115 116 9 119 10 87 88 2 139 30 32 74 75 1 133 21 23 112 7 51 100 4 39 18 12 
82 69 103 107 108 91 95 96 60 123 124 126 127 128 48 114 115 117 118 119 86 87 137 138 139 34 140 141 32 73 74 131 132 133 25 134 135 23 110 111 112 53 146 147 51 56 57 148 54 55 98 99 100 41 143 144 39 44 45 145 42 43 20 129 130 18 78 79 150 76 77 83 84 80 81 14 120 121 12 65 66 149 63 64 70 71 67 68 37 38 142 35 36 104 105 101 102 109 6 106 28 29 136 26 27 92 93 89 90 97 3 94 61 62 58 59 125 15 122 16 17 49 50 46 47 116 9 113 10 11 88 2 85 30 31 33 75 1 72 21 22 24 7 8 52 4 5 40 19 13 
83 70 104 108 109 92 96 97 61 124 125 127 128 16 49 115 116 118 119 10 87 88 138 139 30 140 141 32 33 74 75 132 133 21 134 135 23 24 111 112 7 146 147 51 52 57 148 54 55 56 99 100 4 143 144 39 40 45 145 42 43 44 129 130 18 19 79 150 76 77 78 84 80 81 82 120 121 12 13 66 149 63 64 65 71 67 68 69 38 142 35 36 37 105 101 102 103 6 106 107 29 136 26 27 28 93 89 90 91 3 94 95 62 58 59 60 15 122 123 17 126 50 46 47 48 9 113 114 11 117 2 85 86 31 137 34 1 72 73 22 131 25 8 110 53 5 98 41 20 14 
84 71 105 109 6 93 97 3 62 125 15 128 16 17 50 116 9 119 10 11 88 2 139 30 31 141 32 33 34 75 1 133 21 22 135 23 24 25 112 7 8 147 51 52 53 148 54 55 56 57 100 4 5 144 39 40 41 145 42 43 44 45 130 18 19 20 150 76 77 78 79 80 81 82 83 121 12 13 14 149 63 64 65 66 67 68 69 70 142 35 36 37 38 101 102 103 104 106 107 108 136 26 27 28 29 89 90 91 92 94 95 96 58 59 60 61 122 123 124 126 127 46 47 48 49 113 114 115 117 118 85 86 87 137 138 140 72 73 74 131 132 134 110 111 146 98 99 143 129 120 
85 72 106 8 110 94 5 98 122 17 126 19 20 129 113 11 117 13 14 120 31 137 33 34 140 36 37 38 142 22 131 24 25 134 27 28 29 136 52 53 146 55 56 57 148 59 60 61 62 58 40 41 143 43 44 45 145 47 48 49 50 46 77 78 79 150 81 82 83 84 80 86 87 88 2 64 65 66 149 68 69 70 71 67 73 74 75 1 102 103 104 105 101 107 108 109 6 111 112 7 90 91 92 93 89 95 96 97 3 99 100 4 123 124 125 15 127 128 16 130 18 114 115 116 9 118 119 10 121 12 138 139 30 141 32 35 132 133 21 135 23 26 147 51 54 144 39 42 76 63 
86 73 107 110 111 95 98 99 123 126 127 20 129 130 114 117 118 14 120 121 137 138 34 140 141 37 38 142 35 131 132 25 134 135 28 29 136 26 53 146 147 56 57 148 54 60 61 62 58 59 41 143 144 44 45 145 42 48 49 50 46 47 78 79 150 76 82 83 84 80 81 87 88 2 85 65 66 149 63 69 70 71 67 68 74 75 1 72 103 104 105 101 102 108 109 6 106 112 7 8 91 92 93 89 90 96 97 3 94 100 4 5 124 125 15 122 128 16 17 18 19 115 116 9 113 119 10 11 12 13 139 30 31 32 33 36 133 21 22 23 24 27 51 52 55 39 40 43 77 64 
87 74 108 111 112 96 99 100 124 127 128 129 130 18 115 118 119 120 121 12 138 139 140 141 32 38 142 35 36 132 133 134 135 23 29 136 26 27 146 147 51 57 148 54 55 61 62 58 59 60 143 144 39 45 145 42 43 49 50 46 47 48 79 150 76 77 83 84 80 81 82 88 2 85 86 66 149 63 64 70 71 67 68 69 75 1 72 73 104 105 101 102 103 109 6 106 107 7 8 110 92 93 89 90 91 97 3 94 95 4 5 98 125 15 122 123 16 17 126 19 20 116 9 113 114 10 11 117 13 14 30 31 137 33 34 37 21 22 131 24 25 28 52 53 56 40 41 44 78 65 
88 75 109 112 7 97 100 4 125 128 16 130 18 19 116 119 10 121 12 13 139 30 141 32 33 142 35 36 37 133 21 135 23 24 136 26 27 28 147 51 52 148 54 55 56 62 58 59 60 61 144 39 40 145 42 43 44 50 46 47 48 49 150 76 77 78 84 80 81 82 83 2 85 86 87 149 63 64 65 71 67 68 69 70 1 72 73 74 105 101 102 103 104 6 106 107 108 8 110 111 93 89 90 91 92 3 94 95 96 5 98 99 15 122 123 124 17 126 127 20 129 9 113 114 115 11 117 118 14 120 31 137 138 34 140 38 22 131 132 25 134 29 53 146 57 41 143 45 79 66 
89 101 46 9 113 58 15 122 67 1 72 21 22 131 80 2 85 30 31 137 3 94 4 5 98 39 40 41 143 6 106 7 8 110 51 52 53 146 10 11 117 12 13 14 120 63 64 65 66 149 16 17 126 18 19 20 129 76 77 78 79 150 23 24 25 134 26 27 28 29 136 90 91 92 93 32 33 34 140 35 36 37 38 142 102 103 104 105 42 43 44 45 145 47 48 49 50 114 115 116 54 55 56 57 148 59 60 61 62 123 124 125 68 69 70 71 73 74 75 132 133 81 82 83 84 86 87 88 138 139 95 96 97 99 100 144 107 108 109 111 112 147 118 119 121 127 128 130 135 141 
90 102 47 113 114 59 122 123 68 72 73 22 131 132 81 85 86 31 137 138 94 95 5 98 99 40 41 143 144 106 107 8 110 111 52 53 146 147 11 117 118 13 14 120 121 64 65 66 149 63 17 126 127 19 20 129 130 77 78 79 150 76 24 25 134 135 27 28 29 136 26 91 92 93 89 33 34 140 141 36 37 38 142 35 103 104 105 101 43 44 45 145 42 48 49 50 46 115 116 9 55 56 57 148 54 60 61 62 58 124 125 15 69 70 71 67 74 75 1 133 21 82 83 84 80 87 88 2 139 30 96 97 3 100 4 39 108 109 6 112 7 51 119 10 12 128 16 18 23 32 
91 103 48 114 115 60 123 124 69 73 74 131 132 133 82 86 87 137 138 139 95 96 98 99 100 41 143 144 39 107 108 110 111 112 53 146 147 51 117 118 119 14 120 121 12 65 66 149 63 64 126 127 128 20 129 130 18 78 79 150 76 77 25 134 135 23 28 29 136 26 27 92 93 89 90 34 140 141 32 37 38 142 35 36 104 105 101 102 44 45 145 42 43 49 50 46 47 116 9 113 56 57 148 54 55 61 62 58 59 125 15 122 70 71 67 68 75 1 72 21 22 83 84 80 81 88 2 85 30 31 97 3 94 4 5 40 109 6 106 7 8 52 10 11 13 16 17 19 24 33 
92 104 49 115 116 61 124 125 70 74 75 132 133 21 83 87 88 138 139 30 96 97 99 100 4 143 144 39 40 108 109 111 112 7 146 147 51 52 118 119 10 120 121 12 13 66 149 63 64 65 127 128 16 129 130 18 19 79 150 76 77 78 134 135 23 24 29 136 26 27 28 93 89 90 91 140 141 32 33 38 142 35 36 37 105 101 102 103 45 145 42 43 44 50 46 47 48 9 113 114 57 148 54 55 56 62 58 59 60 15 122 123 71 67 68 69 1 72 73 22 131 84 80 81 82 2 85 86 31 137 3 94 95 5 98 41 6 106 107 8 110 53 11 117 14 17 126 20 25 34 
93 105 50 116 9 62 125 15 71 75 1 133 21 22 84 88 2 139 30 31 97 3 100 4 5 144 39 40 41 109 6 112 7 8 147 51 52 53 119 10 11 121 12 13 14 149 63 64 65 66 128 16 17 130 18 19 20 150 76 77 78 79 135 23 24 25 136 26 27 28 29 89 90 91 92 141 32 33 34 142 35 36 37 38 101 102 103 104 145 42 43 44 45 46 47 48 49 113 114 115 148 54 55 56 57 58 59 60 61 122 123 124 67 68 69 70 72 73 74 131 132 80 81 82 83 85 86 87 137 138 94 95 96 98 99 143 106 107 108 110 111 146 117 118 120 126 127 129 134 140 
94 106 113 11 117 122 17 126 72 22 131 24 25 134 85 31 137 33 34 140 5 98 40 41 143 43 44 45 145 8 110 52 53 146 55 56 57 148 13 14 120 64 65 66 149 68 69 70 71 67 19 20 129 77 78 79 150 81 82 83 84 80 27 28 29 136 90 91 92 93 89 95 96 97 3 36 37 38 142 102 103 104 105 101 107 108 109 6 47 48 49 50 46 114 115 116 9 118 119 10 59 60 61 62 58 123 124 125 15 127 128 16 73 74 75 1 132 133 21 135 23 86 87 88 2 138 139 30 141 32 99 100 4 144 39 42 111 112 7 147 51 54 121 12 63 130 18 76 26 35 
95 107 114 117 118 123 126 127 73 131 132 25 134 135 86 137 138 34 140 141 98 99 41 143 144 44 45 145 42 110 111 53 146 147 56 57 148 54 14 120 121 65 66 149 63 69 70 71 67 68 20 129 130 78 79 150 76 82 83 84 80 81 28 29 136 26 91 92 93 89 90 96 97 3 94 37 38 142 35 103 104 105 101 102 108 109 6 106 48 49 50 46 47 115 116 9 113 119 10 11 60 61 62 58 59 124 125 15 122 128 16 17 74 75 1 72 133 21 22 23 24 87 88 2 85 139 30 31 32 33 100 4 5 39 40 43 112 7 8 51 52 55 12 13 64 18 19 77 27 36 
96 108 115 118 119 124 127 128 74 132 133 134 135 23 87 138 139 140 141 32 99 100 143 144 39 45 145 42 43 111 112 146 147 51 57 148 54 55 120 121 12 66 149 63 64 70 71 67 68 69 129 130 18 79 150 76 77 83 84 80 81 82 29 136 26 27 92 93 89 90 91 97 3 94 95 38 142 35 36 104 105 101 102 103 109 6 106 107 49 50 46 47 48 116 9 113 114 10 11 117 61 62 58 59 60 125 15 122 123 16 17 126 75 1 72 73 21 22 131 24 25 88 2 85 86 30 31 137 33 34 4 5 98 40 41 44 7 8 110 52 53 56 13 14 65 19 20 78 28 37 
97 109 116 119 10 125 128 16 75 133 21 135 23 24 88 139 30 141 32 33 100 4 144 39 40 145 42 43 44 112 7 147 51 52 148 54 55 56 121 12 13 149 63 64 65 71 67 68 69 70 130 18 19 150 76 77 78 84 80 81 82 83 136 26 27 28 93 89 90 91 92 3 94 95 96 142 35 36 37 105 101 102 103 104 6 106 107 108 50 46 47 48 49 9 113 114 115 11 117 118 62 58 59 60 61 15 122 123 124 17 126 127 1 72 73 74 22 131 132 25 134 2 85 86 87 31 137 138 34 140 5 98 99 41 143 45 8 110 111 53 146 57 14 120 66 20 129 79 29 38 
98 110 117 14 120 126 20 129 131 25 134 28 29 136 137 34 140 37 38 142 41 143 44 45 145 48 49 50 46 53 146 56 57 148 60 61 62 58 65 66 149 69 70 71 67 73 74 75 1 72 78 79 150 82 83 84 80 86 87 88 2 85 91 92 93 89 95 96 97 3 94 99 100 4 5 103 104 105 101 107 108 109 6 106 111 112 7 8 114 115 116 9 113 118 119 10 11 121 12 13 123 124 125 15 122 127 128 16 17 130 18 19 132 133 21 22 135 23 24 26 27 138 139 30 31 141 32 33 35 36 144 39 40 42 43 47 147 51 52 54 55 59 63 64 68 76 77 81 90 102 
99 111 118 120 121 127 129 130 132 134 135 29 136 26 138 140 141 38 142 35 143 144 45 145 42 49 50 46 47 146 147 57 148 54 61 62 58 59 66 149 63 70 71 67 68 74 75 1 72 73 79 150 76 83 84 80 81 87 88 2 85 86 92 93 89 90 96 97 3 94 95 100 4 5 98 104 105 101 102 108 109 6 106 107 112 7 8 110 115 116 9 113 114 119 10 11 117 12 13 14 124 125 15 122 123 128 16 17 126 18 19 20 133 21 22 131 23 24 25 27 28 139 30 31 137 32 33 34 36 37 39 40 41 43 44 48 51 52 53 55 56 60 64 65 69 77 78 82 91 103 
100 112 119 121 12 128 130 18 133 135 23 136 26 27 139 141 32 142 35 36 144 39 145 42 43 50 46 47 48 147 51 148 54 55 62 58 59 60 149 63 64 71 67 68 69 75 1 72 73 74 150 76 77 84 80 81 82 88 2 85 86 87 93 89 90 91 97 3 94 95 96 4 5 98 99 105 101 102 103 109 6 106 107 108 7 8 110 111 116 9 113 114 115 10 11 117 118 13 14 120 125 15 122 123 124 16 17 126 127 19 20 129 21 22 131 132 24 25 134 28 29 30 31 137 138 33 34 140 37 38 40 41 143 44 45 49 52 53 146 56 57 61 65 66 70 78 79 83 92 104 
101 89 58 15 122 46 9 113 80 2 85 30 31 137 67 1 72 21 22 131 6 106 7 8 110 51 52 53 146 3 94 4 5 98 39 40 41 143 16 17 126 18 19 20 129 76 77 78 79 150 10 11 117 12 13 14 120 63 64 65 66 149 32 33 34 140 35 36 37 38 142 102 103 104 105 23 24 25 134 26 27 28 29 136 90 91 92 93 54 55 56 57 148 59 60 61 62 123 124 125 42 43 44 45 145 47 48 49 50 114 115 116 81 82 83 84 86 87 88 138 139 68 69 70 71 73 74 75 132 133 107 108 109 111 112 147 95 96 97 99 100 144 127 128 130 118 119 121 141 135 
102 90 59 122 123 47 113 114 81 85 86 31 137 138 68 72 73 22 131 132 106 107 8 110 111 52 53 146 147 94 95 5 98 99 40 41 143 144 17 126 127 19 20 129 130 77 78 79 150 76 11 117 118 13 14 120 121 64 65 66 149 63 33 34 140 141 36 37 38 142 35 103 104 105 101 24 25 134 135 27 28 29 136 26 91 92 93 89 55 56 57 148 54 60 61 62 58 124 125 15 43 44 45 145 42 48 49 50 46 115 116 9 82 83 84 80 87 88 2 139 30 69 70 71 67 74 75 1 133 21 108 109 6 112 7 51 96 97 3 100 4 39 128 16 18 119 10 12 32 23 
103 91 60 123 124 48 114 115 82 86 87 137 138 139 69 73 74 131 132 133 107 108 110 111 112 53 146 147 51 95 96 98 99 100 41 143 144 39 126 127 128 20 129 130 18 78 79 150 76 77 117 118 119 14 120 121 12 65 66 149 63 64 34 140 141 32 37 38 142 35 36 104 105 101 102 25 134 135 23 28 29 136 26 27 92 93 89 90 56 57 148 54 55 61 62 58 59 125 15 122 44 45 145 42 43 49 50 46 47 116 9 113 83 84 80 81 88 2 85 30 31 70 71 67 68 75 1 72 21 22 109 6 106 7 8 52 97 3 94 4 5 40 16 17 19 10 11 13 33 24 
104 92 61 124 125 49 115 116 83 87 88 138 139 30 70 74 75 132 133 21 108 109 111 112 7 146 147 51 52 96 97 99 100 4 143 144 39 40 127 128 16 129 130 18 19 79 150 76 77 78 118 119 10 120 121 12 13 66 149 63 64 65 140 141 32 33 38 142 35 36 37 105 101 102 103 134 135 23 24 29 136 26 27 28 93 89 90 91 57 148 54 55 56 62 58 59 60 15 122 123 45 145 42 43 44 50 46 47 48 9 113 114 84 80 81 82 2 85 86 31 137 71 67 68 69 1 72 73 22 131 6 106 107 8 110 53 3 94 95 5 98 41 17 126 20 11 117 14 34 25 
105 93 62 125 15 50 116 9 84 88 2 139 30 31 71 75 1 133 21 22 109 6 112 7 8 147 51 52 53 97 3 100 4 5 144 39 40 41 128 16 17 130 18 19 20 150 76 77 78 79 119 10 11 121 12 13 14 149 63 64 65 66 141 32 33 34 142 35 36 37 38 101 102 103 104 135 23 24 25 136 26 27 28 29 89 90 91 92 148 54 55 56 57 58 59 60 61 122 123 124 145 42 43 44 45 46 47 48 49 113 114 115 80 81 82 83 85 86 87 137 138 67 68 69 70 72 73 74 131 132 106 107 108 110 111 146 94 95 96 98 99 143 126 127 129 117 118 120 140 134 
106 94 122 17 126 113 11 117 85 31 137 33 34 140 72 22 131 24 25 134 8 110 52 53 146 55 56 57 148 5 98 40 41 143 43 44 45 145 19 20 129 77 78 79 150 81 82 83 84 80 13 14 120 64 65 66 149 68 69 70 71 67 36 37 38 142 102 103 104 105 101 107 108 109 6 27 28 29 136 90 91 92 93 89 95 96 97 3 59 60 61 62 58 123 124 125 15 127 128 16 47 48 49 50 46 114 115 116 9 118 119 10 86 87 88 2 138 139 30 141 32 73 74 75 1 132 133 21 135 23 111 112 7 147 51 54 99 100 4 144 39 42 130 18 76 121 12 63 35 26 
107 95 123 126 127 114 117 118 86 137 138 34 140 141 73 131 132 25 134 135 110 111 53 146 147 56 57 148 54 98 99 41 143 144 44 45 145 42 20 129 130 78 79 150 76 82 83 84 80 81 14 120 121 65 66 149 63 69 70 71 67 68 37 38 142 35 103 104 105 101 102 108 109 6 106 28 29 136 26 91 92 93 89 90 96 97 3 94 60 61 62 58 59 124 125 15 122 128 16 17 48 49 50 46 47 115 116 9 113 119 10 11 87 88 2 85 139 30 31 32 33 74 75 1 72 133 21 22 23 24 112 7 8 51 52 55 100 4 5 39 40 43 18 19 77 12 13 64 36 27 
108 96 124 127 128 115 118 119 87 138 139 140 141 32 74 132 133 134 135 23 111 112 146 147 51 57 148 54 55 99 100 143 144 39 45 145 42 43 129 130 18 79 150 76 77 83 84 80 81 82 120 121 12 66 149 63 64 70 71 67 68 69 38 142 35 36 104 105 101 102 103 109 6 106 107 29 136 26 27 92 93 89 90 91 97 3 94 95 61 62 58 59 60 125 15 122 123 16 17 126 49 50 46 47 48 116 9 113 114 10 11 117 88 2 85 86 30 31 137 33 34 75 1 72 73 21 22 131 24 25 7 8 110 52 53 56 4 5 98 40 41 44 19 20 78 13 14 65 37 28 
109 97 125 128 16 116 119 10 88 139 30 141 32 33 75 133 21 135 23 24 112 7 147 51 52 148 54 55 56 100 4 144 39 40 145 42 43 44 130 18 19 150 76 77 78 84 80 81 82 83 121 12 13 149 63 64 65 71 67 68 69 70 142 35 36 37 105 101 102 103 104 6 106 107 108 136 26 27 28 93 89 90 91 92 3 94 95 96 62 58 59 60 61 15 122 123 124 17 126 127 50 46 47 48 49 9 113 114 115 11 117 118 2 85 86 87 31 137 138 34 140 1 72 73 74 22 131 132 25 134 8 110 111 53 146 57 5 98 99 41 143 45 20 129 79 14 120 66 38 29 
110 98 126 20 129 117 14 120 137 34 140 37 38 142 131 25 134 28 29 136 53 146 56 57 148 60 61 62 58 41 143 44 45 145 48 49 50 46 78 79 150 82 83 84 80 86 87 88 2 85 65 66 149 69 70 71 67 73 74 75 1 72 103 104 105 101 107 108 109 6 106 111 112 7 8 91 92 93 89 95 96 97 3 94 99 100 4 5 123 124 125 15 122 127 128 16 17 130 18 19 114 115 116 9 113 118 119 10 11 121 12 13 138 139 30 31 141 32 33 35 36 132 133 21 22 135 23 24 26 27 147 51 52 54 55 59 144 39 40 42 43 47 76 77 81 63 64 68 102 90 
111 99 127 129 130 118 120 121 138 140 141 38 142 35 132 134 135 29 136 26 146 147 57 148 54 61 62 58 59 143 144 45 145 42 49 50 46 47 79 150 76 83 84 80 81 87 88 2 85 86 66 149 63 70 71 67 68 74 75 1 72 73 104 105 101 102 108 109 6 106 107 112 7 8 110 92 93 89 90 96 97 3 94 95 100 4 5 98 124 125 15 122 123 128 16 17 126 18 19 20 115 116 9 113 114 119 10 11 117 12 13 14 139 30 31 137 32 33 34 36 37 133 21 22 131 23 24 25 27 28 51 52 53 55 56 60 39 40 41 43 44 48 77 78 82 64 65 69 103 91 
112 100 128 130 18 119 121 12 139 141 32 142 35 36 133 135 23 136 26 27 147 51 148 54 55 62 58 59 60 144 39 145 42 43 50 46 47 48 150 76 77 84 80 81 82 88 2 85 86 87 149 63 64 71 67 68 69 75 1 72 73 74 105 101 102 103 109 6 106 107 108 7 8 110 111 93 89 90 91 97 3 94 95 96 4 5 98 99 125 15 122 123 124 16 17 126 127 19 20 129 116 9 113 114 115 10 11 117 118 13 14 120 30 31 137 138 33 34 140 37 38 21 22 131 132 24 25 134 28 29 52 53 146 56 57 61 40 41 143 44 45 49 78 79 83 65 66 70 104 92 
113 122 72 22 131 85 31 137 94 5 98 40 41 143 106 8 110 52 53 146 11 117 13 14 120 64 65 66 149 17 126 19 20 129 77 78 79 150 24 25 134 27 28 29 136 90 91 92 93 89 33 34 140 36 37 38 142 102 103 104 105 101 43 44 45 145 47 48 49 50 46 114 115 116 9 55 56 57 148 59 60 61 62 58 123 124 125 15 68 69 70 71 67 73 74 75 1 132 133 21 81 82 83 84 80 86 87 88 2 138 139 30 95 96 97 3 99 100 4 144 39 107 108 109 6 111 112 7 147 51 118 119 10 121 12 63 127 128 16 130 18 76 135 23 26 141 32 35 42 54 
114 123 73 131 132 86 137 138 95 98 99 41 143 144 107 110 111 53 146 147 117 118 14 120 121 65 66 149 63 126 127 20 129 130 78 79 150 76 25 134 135 28 29 136 26 91 92 93 89 90 34 140 141 37 38 142 35 103 104 105 101 102 44 45 145 42 48 49 50 46 47 115 116 9 113 56 57 148 54 60 61 62 58 59 124 125 15 122 69 70 71 67 68 74 75 1 72 133 21 22 82 83 84 80 81 87 88 2 85 139 30 31 96 97 3 94 100 4 5 39 40 108 109 6 106 112 7 8 51 52 119 10 11 12 13 64 128 16 17 18 19 77 23 24 27 32 33 36 43 55 
115 124 74 132 133 87 138 139 96 99 100 143 144 39 108 111 112 146 147 51 118 119 120 121 12 66 149 63 64 127 128 129 130 18 79 150 76 77 134 135 23 29 136 26 27 92 93 89 90 91 140 141 32 38 142 35 36 104 105 101 102 103 45 145 42 43 49 50 46 47 48 116 9 113 114 57 148 54 55 61 62 58 59 60 125 15 122 123 70 71 67 68 69 75 1 72 73 21 22 131 83 84 80 81 82 88 2 85 86 30 31 137 97 3 94 95 4 5 98 40 41 109 6 106 107 7 8 110 52 53 10 11 117 13 14 65 16 17 126 19 20 78 24 25 28 33 34 37 44 56 
116 125 75 133 21 88 139 30 97 100 4 144 39 40 109 112 7 147 51 52 119 10 121 12 13 149 63 64 65 128 16 130 18 19 150 76 77 78 135 23 24 136 26 27 28 93 89 90 91 92 141 32 33 142 35 36 37 105 101 102 103 104 145 42 43 44 50 46 47 48 49 9 113 114 115 148 54 55 56 62 58 59 60 61 15 122 123 124 71 67 68 69 70 1 72 73 74 22 131 132 84 80 81 82 83 2 85 86 87 31 137 138 3 94 95 96 5 98 99 41 143 6 106 107 108 8 110 111 53 146 11 117 118 14 120 66 17 126 127 20 129 79 25 134 29 34 140 38 45 57 
117 126 131 25 134 137 34 140 98 41 143 44 45 145 110 53 146 56 57 148 14 120 65 66 149 69 70 71 67 20 129 78 79 150 82 83 84 80 28 29 136 91 92 93 89 95 96 97 3 94 37 38 142 103 104 105 101 107 108 109 6 106 48 49 50 46 114 115 116 9 113 118 119 10 11 60 61 62 58 123 124 125 15 122 127 128 16 17 73 74 75 1 72 132 133 21 22 135 23 24 86 87 88 2 85 138 139 30 31 141 32 33 99 100 4 5 144 39 40 42 43 111 112 7 8 147 51 52 54 55 121 12 13 63 64 68 130 18 19 76 77 81 26 27 90 35 36 102 47 59 
118 127 132 134 135 138 140 141 99 143 144 45 145 42 111 146 147 57 148 54 120 121 66 149 63 70 71 67 68 129 130 79 150 76 83 84 80 81 29 136 26 92 93 89 90 96 97 3 94 95 38 142 35 104 105 101 102 108 109 6 106 107 49 50 46 47 115 116 9 113 114 119 10 11 117 61 62 58 59 124 125 15 122 123 128 16 17 126 74 75 1 72 73 133 21 22 131 23 24 25 87 88 2 85 86 139 30 31 137 32 33 34 100 4 5 98 39 40 41 43 44 112 7 8 110 51 52 53 55 56 12 13 14 64 65 69 18 19 20 77 78 82 27 28 91 36 37 103 48 60 
119 128 133 135 23 139 141 32 100 144 39 145 42 43 112 147 51 148 54 55 121 12 149 63 64 71 67 68 69 130 18 150 76 77 84 80 81 82 136 26 27 93 89 90 91 97 3 94 95 96 142 35 36 105 101 102 103 109 6 106 107 108 50 46 47 48 116 9 113 114 115 10 11 117 118 62 58 59 60 125 15 122 123 124 16 17 126 127 75 1 72 73 74 21 22 131 132 24 25 134 88 2 85 86 87 30 31 137 138 33 34 140 4 5 98 99 40 41 143 44 45 7 8 110 111 52 53 146 56 57 13 14 120 65 66 70 19 20 129 78 79 83 28 29 92 37 38 104 49 61 
120 129 134 29 136 140 38 142 143 45 145 49 50 46 146 57 148 61 62 58 66 149 70 71 67 74 75 1 72 79 150 83 84 80 87 88 2 85 92 93 89 96 97 3 94 99 100 4 5 98 104 105 101 108 109 6 106 111 112 7 8 110 115 116 9 113 118 119 10 11 117 121 12 13 14 124 125 15 122 127 128 16 17 126 130 18 19 20 132 133 21 22 131 135 23 24 25 26 27 28 138 139 30 31 137 141 32 33 34 35 36 37 144 39 40 41 42 43 44 47 48 147 51 52 53 54 55 56 59 60 63 64 65 68 69 73 76 77 78 81 82 86 90 91 95 102 103 107 114 123 
121 130 135 136 26 141 142 35 144 145 42 50 46 47 147 148 54 62 58 59 149 63 71 67 68 75 1 72 73 150 76 84 80 81 88 2 85 86 93 89 90 97 3 94 95 100 4 5 98 99 105 101 102 109 6 106 107 112 7 8 110 111 116 9 113 114 119 10 11 117 118 12 13 14 120 125 15 122 123 128 16 17 126 127 18 19 20 129 133 21 22 131 132 23 24 25 134 27 28 29 139 30 31 137 138 32 33 34 140 36 37 38 39 40 41 143 43 44 45 48 49 51 52 53 146 55 56 57 60 61 64 65 66 69 70 74 77 78 79 82 83 87 91 92 96 103 104 108 115 124 
122 113 85 31 137 72 22 131 106 8 110 52 53 146 94 5 98 40 41 143 17 126 19 20 129 77 78 79 150 11 117 13 14 120 64 65 66 149 33 34 140 36 37 38 142 102 103 104 105 101 24 25 134 27 28 29 136 90 91 92 93 89 55 56 57 148 59 60 61 62 58 123 124 125 15 43 44 45 145 47 48 49 50 46 114 115 116 9 81 82 83 84 80 86 87 88 2 138 139 30 68 69 70 71 67 73 74 75 1 132 133 21 107 108 109 6 111 112 7 147 51 95 96 97 3 99 100 4 144 39 127 128 16 130 18 76 118 119 10 121 12 63 141 32 35 135 23 26 54 42 
123 114 86 137 138 73 131 132 107 110 111 53 146 147 95 98 99 41 143 144 126 127 20 129 130 78 79 150 76 117 118 14 120 121 65 66 149 63 34 140 141 37 38 142 35 103 104 105 101 102 25 134 135 28 29 136 26 91 92 93 89 90 56 57 148 54 60 61 62 58 59 124 125 15 122 44 45 145 42 48 49 50 46 47 115 116 9 113 82 83 84 80 81 87 88 2 85 139 30 31 69 70 71 67 68 74 75 1 72 133 21 22 108 109 6 106 112 7 8 51 52 96 97 3 94 100 4 5 39 40 128 16 17 18 19 77 119 10 11 12 13 64 32 33 36 23 24 27 55 43 
124 115 87 138 139 74 132 133 108 111 112 146 147 51 96 99 100 143 144 39 127 128 129 130 18 79 150 76 77 118 119 120 121 12 66 149 63 64 140 141 32 38 142 35 36 104 105 101 102 103 134 135 23 29 136 26 27 92 93 89 90 91 57 148 54 55 61 62 58 59 60 125 15 122 123 45 145 42 43 49 50 46 47 48 116 9 113 114 83 84 80 81 82 88 2 85 86 30 31 137 70 71 67 68 69 75 1 72 73 21 22 131 109 6 106 107 7 8 110 52 53 97 3 94 95 4 5 98 40 41 16 17 126 19 20 78 10 11 117 13 14 65 33 34 37 24 25 28 56 44 
125 116 88 139 30 75 133 21 109 112 7 147 51 52 97 100 4 144 39 40 128 16 130 18 19 150 76 77 78 119 10 121 12 13 149 63 64 65 141 32 33 142 35 36 37 105 101 102 103 104 135 23 24 136 26 27 28 93 89 90 91 92 148 54 55 56 62 58 59 60 61 15 122 123 124 145 42 43 44 50 46 47 48 49 9 113 114 115 84 80 81 82 83 2 85 86 87 31 137 138 71 67 68 69 70 1 72 73 74 22 131 132 6 106 107 108 8 110 111 53 146 3 94 95 96 5 98 99 41 143 17 126 127 20 129 79 11 117 118 14 120 66 34 140 38 25 134 29 57 45 
126 117 137 34 140 131 25 134 110 53 146 56 57 148 98 41 143 44 45 145 20 129 78 79 150 82 83 84 80 14 120 65 66 149 69 70 71 67 37 38 142 103 104 105 101 107 108 109 6 106 28 29 136 91 92 93 89 95 96 97 3 94 60 61 62 58 123 124 125 15 122 127 128 16 17 48 49 50 46 114 115 116 9 113 118 119 10 11 86 87 88 2 85 138 139 30 31 141 32 33 73 74 75 1 72 132 133 21 22 135 23 24 111 112 7 8 147 51 52 54 55 99 100 4 5 144 39 40 42 43 130 18 19 76 77 81 121 12 13 63 64 68 35 36 102 26 27 90 59 47 
127 118 138 140 141 132 134 135 111 146 147 57 148 54 99 143 144 45 145 42 129 130 79 150 76 83 84 80 81 120 121 66 149 63 70 71 67 68 38 142 35 104 105 101 102 108 109 6 106 107 29 136 26 92 93 89 90 96 97 3 94 95 61 62 58 59 124 125 15 122 123 128 16 17 126 49 50 46 47 115 116 9 113 114 119 10 11 117 87 88 2 85 86 139 30 31 137 32 33 34 74 75 1 72 73 133 21 22 131 23 24 25 112 7 8 110 51 52 53 55 56 100 4 5 98 39 40 41 43 44 18 19 20 77 78 82 12 13 14 64 65 69 36 37 103 27 28 91 60 48 
128 119 139 141 32 133 135 23 112 147 51 148 54 55 100 144 39 145 42 43 130 18 150 76 77 84 80 81 82 121 12 149 63 64 71 67 68 69 142 35 36 105 101 102 103 109 6 106 107 108 136 26 27 93 89 90 91 97 3 94 95 96 62 58 59 60 125 15 122 123 124 16 17 126 127 50 46 47 48 116 9 113 114 115 10 11 117 118 88 2 85 86 87 30 31 137 138 33 34 140 75 1 72 73 74 21 22 131 132 24 25 134 7 8 110 111 52 53 146 56 57 4 5 98 99 40 41 143 44 45 19 20 129 78 79 83 13 14 120 65 66 70 37 38 104 28 29 92 61 49 
129 120 140 38 142 134 29 136 146 57 148 61 62 58 143 45 145 49 50 46 79 150 83 84 80 87 88 2 85 66 149 70 71 67 74 75 1 72 104 105 101 108 109 6 106 111 112 7 8 110 92 93 89 96 97 3 94 99 100 4 5 98 124 125 15 122 127 128 16 17 126 130 18 19 20 115 116 9 113 118 119 10 11 117 121 12 13 14 138 139 30 31 137 141 32 33 34 35 36 37 132 133 21 22 131 135 23 24 25 26 27 28 147 51 52 53 54 55 56 59 60 144 39 40 41 42 43 44 47 48 76 77 78 81 82 86 63 64 65 68 69 73 102 103 107 90 91 95 123 114 
130 121 141 142 35 135 136 26 147 148 54 62 58 59 144 145 42 50 46 47 150 76 84 80 81 88 2 85 86 149 63 71 67 68 75 1 72 73 105 101 102 109 6 106 107 112 7 8 110 111 93 89 90 97 3 94 95 100 4 5 98 99 125 15 122 123 128 16 17 126 127 18 19 20 129 116 9 113 114 119 10 11 117 118 12 13 14 120 139 30 31 137 138 32 33 34 140 36 37 38 133 21 22 131 132 23 24 25 134 27 28 29 51 52 53 146 55 56 57 60 61 39 40 41 143 43 44 45 48 49 77 78 79 82 83 87 64 65 66 69 70 74 103 104 108 91 92 96 124 115 
131 137 98 41 143 110 53 146 117 14 120 65 66 149 126 20 129 78 79 150 25 134 28 29 136 91 92 93 89 34 140 37 38 142 103 104 105 101 44 45 145 48 49 50 46 114 115 116 9 113 56 57 148 60 61 62 58 123 124 125 15 122 69 70 71 67 73 74 75 1 72 132 133 21 22 82 83 84 80 86 87 88 2 85 138 139 30 31 95 96 97 3 94 99 100 4 5 144 39 40 107 108 109 6 106 111 112 7 8 147 51 52 118 119 10 11 121 12 13 63 64 127 128 16 17 130 18 19 76 77 135 23 24 26 27 90 141 32 33 35 36 102 42 43 47 54 55 59 68 81 
132 138 99 143 144 111 146 147 118 120 121 66 149 63 127 129 130 79 150 76 134 135 29 136 26 92 93 89 90 140 141 38 142 35 104 105 101 102 45 145 42 49 50 46 47 115 116 9 113 114 57 148 54 61 62 58 59 124 125 15 122 123 70 71 67 68 74 75 1 72 73 133 21 22 131 83 84 80 81 87 88 2 85 86 139 30 31 137 96 97 3 94 95 100 4 5 98 39 40 41 108 109 6 106 107 112 7 8 110 51 52 53 119 10 11 117 12 13 14 64 65 128 16 17 126 18 19 20 77 78 23 24 25 27 28 91 32 33 34 36 37 103 43 44 48 55 56 60 69 82 
133 139 100 144 39 112 147 51 119 121 12 149 63 64 128 130 18 150 76 77 135 23 136 26 27 93 89 90 91 141 32 142 35 36 105 101 102 103 145 42 43 50 46 47 48 116 9 113 114 115 148 54 55 62 58 59 60 125 15 122 123 124 71 67 68 69 75 1 72 73 74 21 22 131 132 84 80 81 82 88 2 85 86 87 30 31 137 138 97 3 94 95 96 4 5 98 99 40 41 143 109 6 106 107 108 7 8 110 111 52 53 146 10 11 117 118 13 14 120 65 66 16 17 126 127 19 20 129 78 79 24 25 134 28 29 92 33 34 140 37 38 104 44 45 49 56 57 61 70 83 
134 140 143 45 145 146 57 148 120 66 149 70 71 67 129 79 150 83 84 80 29 136 92 93 89 96 97 3 94 38 142 104 105 101 108 109 6 106 49 50 46 115 116 9 113 118 119 10 11 117 61 62 58 124 125 15 122 127 128 16 17 126 74 75 1 72 132 133 21 22 131 135 23 24 25 87 88 2 85 138 139 30 31 137 141 32 33 34 99 100 4 5 98 144 39 40 41 42 43 44 111 112 7 8 110 147 51 52 53 54 55 56 121 12 13 14 63 64 65 68 69 130 18 19 20 76 77 78 81 82 26 27 28 90 91 95 35 36 37 102 103 107 47 48 114 59 60 123 73 86 
135 141 144 145 42 147 148 54 121 149 63 71 67 68 130 150 76 84 80 81 136 26 93 89 90 97 3 94 95 142 35 105 101 102 109 6 106 107 50 46 47 116 9 113 114 119 10 11 117 118 62 58 59 125 15 122 123 128 16 17 126 127 75 1 72 73 133 21 22 131 132 23 24 25 134 88 2 85 86 139 30 31 137 138 32 33 34 140 100 4 5 98 99 39 40 41 143 43 44 45 112 7 8 110 111 51 52 53 146 55 56 57 12 13 14 120 64 65 66 69 70 18 19 20 129 77 78 79 82 83 27 28 29 91 92 96 36 37 38 103 104 108 48 49 115 60 61 124 74 87 
136 142 145 50 46 148 62 58 149 71 67 75 1 72 150 84 80 88 2 85 93 89 97 3 94 100 4 5 98 105 101 109 6 106 112 7 8 110 116 9 113 119 10 11 117 121 12 13 14 120 125 15 122 128 16 17 126 130 18 19 20 129 133 21 22 131 135 23 24 25 134 26 27 28 29 139 30 31 137 141 32 33 34 140 35 36 37 38 144 39 40 41 143 42 43 44 45 47 48 49 147 51 52 53 146 54 55 56 57 59 60 61 63 64 65 66 68 69 70 73 74 76 77 78 79 81 82 83 86 87 90 91 92 95 96 99 102 103 104 107 108 111 114 115 118 123 124 127 132 138 
137 131 110 53 146 98 41 143 126 20 129 78 79 150 117 14 120 65 66 149 34 140 37 38 142 103 104 105 101 25 134 28 29 136 91 92 93 89 56 57 148 60 61 62 58 123 124 125 15 122 44 45 145 48 49 50 46 114 115 116 9 113 82 83 84 80 86 87 88 2 85 138 139 30 31 69 70 71 67 73 74 75 1 72 132 133 21 22 107 108 109 6 106 111 112 7 8 147 51 52 95 96 97 3 94 99 100 4 5 144 39 40 127 128 16 17 130 18 19 76 77 118 119 10 11 121 12 13 63 64 141 32 33 35 36 102 135 23 24 26 27 90 54 55 59 42 43 47 81 68 
138 132 111 146 147 99 143 144 127 129 130 79 150 76 118 120 121 66 149 63 140 141 38 142 35 104 105 101 102 134 135 29 136 26 92 93 89 90 57 148 54 61 62 58 59 124 125 15 122 123 45 145 42 49 50 46 47 115 116 9 113 114 83 84 80 81 87 88 2 85 86 139 30 31 137 70 71 67 68 74 75 1 72 73 133 21 22 131 108 109 6 106 107 112 7 8 110 51 52 53 96 97 3 94 95 100 4 5 98 39 40 41 128 16 17 126 18 19 20 77 78 119 10 11 117 12 13 14 64 65 32 33 34 36 37 103 23 24 25 27 28 91 55 56 60 43 44 48 82 69 
139 133 112 147 51 100 144 39 128 130 18 150 76 77 119 121 12 149 63 64 141 32 142 35 36 105 101 102 103 135 23 136 26 27 93 89 90 91 148 54 55 62 58 59 60 125 15 122 123 124 145 42 43 50 46 47 48 116 9 113 114 115 84 80 81 82 88 2 85 86 87 30 31 137 138 71 67 68 69 75 1 72 73 74 21 22 131 132 109 6 106 107 108 7 8 110 111 52 53 146 97 3 94 95 96 4 5 98 99 40 41 143 16 17 126 127 19 20 129 78 79 10 11 117 118 13 14 120 65 66 33 34 140 37 38 104 24 25 134 28 29 92 56 57 61 44 45 49 83 70 
140 134 146 57 148 143 45 145 129 79 150 83 84 80 120 66 149 70 71 67 38 142 104 105 101 108 109 6 106 29 136 92 93 89 96 97 3 94 61 62 58 124 125 15 122 127 128 16 17 126 49 50 46 115 116 9 113 118 119 10 11 117 87 88 2 85 138 139 30 31 137 141 32 33 34 74 75 1 72 132 133 21 22 131 135 23 24 25 111 112 7 8 110 147 51 52 53 54 55 56 99 100 4 5 98 144 39 40 41 42 43 44 130 18 19 20 76 77 78 81 82 121 12 13 14 63 64 65 68 69 35 36 37 102 103 107 26 27 28 90 91 95 59 60 123 47 48 114 86 73 
141 135 147 148 54 144 145 42 130 150 76 84 80 81 121 149 63 71 67 68 142 35 105 101 102 109 6 106 107 136 26 93 89 90 97 3 94 95 62 58 59 125 15 122 123 128 16 17 126 127 50 46 47 116 9 113 114 119 10 11 117 118 88 2 85 86 139 30 31 137 138 32 33 34 140 75 1 72 73 133 21 22 131 132 23 24 25 134 112 7 8 110 111 51 52 53 146 55 56 57 100 4 5 98 99 39 40 41 143 43 44 45 18 19 20 129 77 78 79 82 83 12 13 14 120 64 65 66 69 70 36 37 38 103 104 108 27 28 29 91 92 96 60 61 124 48 49 115 87 74 
142 136 148 62 58 145 50 46 150 84 80 88 2 85 149 71 67 75 1 72 105 101 109 6 106 112 7 8 110 93 89 97 3 94 100 4 5 98 125 15 122 128 16 17 126 130 18 19 20 129 116 9 113 119 10 11 117 121 12 13 14 120 139 30 31 137 141 32 33 34 140 35 36 37 38 133 21 22 131 135 23 24 25 134 26 27 28 29 147 51 52 53 146 54 55 56 57 59 60 61 144 39 40 41 143 42 43 44 45 47 48 49 76 77 78 79 81 82 83 86 87 63 64 65 66 68 69 70 73 74 102 103 104 107 108 111 90 91 92 95 96 99 123 124 127 114 115 118 138 132 
143 146 120 66 149 129 79 150 134 29 136 92 93 89 140 38 142 104 105 101 45 145 49 50 46 115 116 9 113 57 148 61 62 58 124 125 15 122 70 71 67 74 75 1 72 132 133 21 22 131 83 84 80 87 88 2 85 138 139 30 31 137 96 97 3 94 99 100 4 5 98 144 39 40 41 108 109 6 106 111 112 7 8 110 147 51 52 53 118 119 10 11 117 121 12 13 14 63 64 65 127 128 16 17 126 130 18 19 20 76 77 78 135 23 24 25 26 27 28 90 91 141 32 33 34 35 36 37 102 103 42 43 44 47 48 114 54 55 56 59 60 123 68 69 73 81 82 86 95 107 
144 147 121 149 63 130 150 76 135 136 26 93 89 90 141 142 35 105 101 102 145 42 50 46 47 116 9 113 114 148 54 62 58 59 125 15 122 123 71 67 68 75 1 72 73 133 21 22 131 132 84 80 81 88 2 85 86 139 30 31 137 138 97 3 94 95 100 4 5 98 99 39 40 41 143 109 6 106 107 112 7 8 110 111 51 52 53 146 119 10 11 117 118 12 13 14 120 64 65 66 128 16 17 126 127 18 19 20 129 77 78 79 23 24 25 134 27 28 29 91 92 32 33 34 140 36 37 38 103 104 43 44 45 48 49 115 55 56 57 60 61 124 69 70 74 82 83 87 96 108 
145 148 149 71 67 150 84 80 136 93 89 97 3 94 142 105 101 109 6 106 50 46 116 9 113 119 10 11 117 62 58 125 15 122 128 16 17 126 75 1 72 133 21 22 131 135 23 24 25 134 88 2 85 139 30 31 137 141 32 33 34 140 100 4 5 98 144 39 40 41 143 42 43 44 45 112 7 8 110 147 51 52 53 146 54 55 56 57 121 12 13 14 120 63 64 65 66 68 69 70 130 18 19 20 129 76 77 78 79 81 82 83 26 27 28 29 90 91 92 95 96 35 36 37 38 102 103 104 107 108 47 48 49 114 115 118 59 60 61 123 124 127 73 74 132 86 87 138 99 111 
146 143 129 79 150 120 66 149 140 38 142 104 105 101 134 29 136 92 93 89 57 148 61 62 58 124 125 15 122 45 145 49 50 46 115 116 9 113 83 84 80 87 88 2 85 138 139 30 31 137 70 71 67 74 75 1 72 132 133 21 22 131 108 109 6 106 111 112 7 8 110 147 51 52 53 96 97 3 94 99 100 4 5 98 144 39 40 41 127 128 16 17 126 130 18 19 20 76 77 78 118 119 10 11 117 121 12 13 14 63 64 65 141 32 33 34 35 36 37 102 103 135 23 24 25 26 27 28 90 91 54 55 56 59 60 123 42 43 44 47 48 114 81 82 86 68 69 73 107 95 
147 144 130 150 76 121 149 63 141 142 35 105 101 102 135 136 26 93 89 90 148 54 62 58 59 125 15 122 123 145 42 50 46 47 116 9 113 114 84 80 81 88 2 85 86 139 30 31 137 138 71 67 68 75 1 72 73 133 21 22 131 132 109 6 106 107 112 7 8 110 111 51 52 53 146 97 3 94 95 100 4 5 98 99 39 40 41 143 128 16 17 126 127 18 19 20 129 77 78 79 119 10 11 117 118 12 13 14 120 64 65 66 32 33 34 140 36 37 38 103 104 23 24 25 134 27 28 29 91 92 55 56 57 60 61 124 43 44 45 48 49 115 82 83 87 69 70 74 108 96 
148 145 150 84 80 149 71 67 142 105 101 109 6 106 136 93 89 97 3 94 62 58 125 15 122 128 16 17 126 50 46 116 9 113 119 10 11 117 88 2 85 139 30 31 137 141 32 33 34 140 75 1 72 133 21 22 131 135 23 24 25 134 112 7 8 110 147 51 52 53 146 54 55 56 57 100 4 5 98 144 39 40 41 143 42 43 44 45 130 18 19 20 129 76 77 78 79 81 82 83 121 12 13 14 120 63 64 65 66 68 69 70 35 36 37 38 102 103 104 107 108 26 27 28 29 90 91 92 95 96 59 60 61 123 124 127 47 48 49 114 115 118 86 87 138 73 74 132 111 99 
149 150 136 93 89 142 105 101 145 50 46 116 9 113 148 62 58 125 15 122 71 67 75 1 72 133 21 22 131 84 80 88 2 85 139 30 31 137 97 3 94 100 4 5 98 144 39 40 41 143 109 6 106 112 7 8 110 147 51 52 53 146 119 10 11 117 121 12 13 14 120 63 64 65 66 128 16 17 126 130 18 19 20 129 76 77 78 79 135 23 24 25 134 26 27 28 29 90 91 92 141 32 33 34 140 35 36 37 38 102 103 104 42 43 44 45 47 48 49 114 115 54 55 56 57 59 60 61 123 124 68 69 70 73 74 132 81 82 83 86 87 138 95 96 99 107 108 111 118 127 
150 149 142 105 101 136 93 89 148 62 58 125 15 122 145 50 46 116 9 113 84 80 88 2 85 139 30 31 137 71 67 75 1 72 133 21 22 131 109 6 106 112 7 8 110 147 51 52 53 146 97 3 94 100 4 5 98 144 39 40 41 143 128 16 17 126 130 18 19 20 129 76 77 78 79 119 10 11 117 121 12 13 14 120 63 64 65 66 141 32 33 34 140 35 36 37 38 102 103 104 135 23 24 25 134 26 27 28 29 90 91 92 54 55 56 57 59 60 61 123 124 42 43 44 45 47 48 49 114 115 81 82 83 86 87 138 68 69 70 73 74 132 107 108 111 95 96 99 127 118 
