162 50
1 2 3 4 5 6 7 8 9 10 11 12 13 14 15 16 17 18 19 20 21 22 23 24 25 26 27 28 29 30 31 32 33 34 35 36 37 38 39 40 41 42 43 44 45 46 47 48 49 50 51 52 53 54 55 56 57 58 59 60 61 62 63 64 65 66 67 68 69 70 71 72 73 74 75 76 77 78 79 80 81 82 83 84 85 86 87 88 89 90 91 92 93 94 95 96 97 98 99 100 101 102 103 104 105 106 107 108 109 110 111 112 113 114 115 116 117 118 119 120 121 122 123 124 125 126 127 128 129 130 131 132 133 134 135 136 137 138 139 140 141 142 143 144 145 146 147 148 149 150 151 152 153 154 155 156 157 158 159 160 161 162 
2 1 7 8 9 10 3 4 5 6 21 22 23 24 25 26 27 28 29 30 11 12 13 14 15 16 17 18 19 20 47 48 49 50 51 52 53 54 55 56 57 58 59 60 61 62 31 32 33 34 35 36 37 38 39 40 41 42 43 44 45 46 82 83 84 85 86 87 88 89 90 91 92 93 94 95 96 97 98 99 100 63 64 65 66 67 68 69 70 71 72 73 74 75 76 77 78 79 80 81 117 118 119 120 121 122 123 124 125 126 127 128 129 130 131 132 101 102 103 104 105 106 107 108 109 110 111 112 113 114 115 116 143 144 145 146 147 148 149 150 151 152 133 134 135 136 137 138 139 140 141 142 157 158 159 160 153 154 155 156 162 161 
3 7 11 12 13 14 21 22 23 24 1 31 32 33 34 35 36 37 38 39 2 47 48 49 50 51 52 53 54 55 4 5 6 63 64 65 66 67 68 69 70 71 72 73 74 75 8 9 10 82 83 84 85 86 87 88 89 90 91 92 93 94 15 16 17 18 19 20 101 102 103 104 105 106 107 108 109 110 111 112 113 25 26 27 28 29 30 117 118 119 120 121 122 123 124 125 126 127 128 129 40 41 42 43 44 45 46 133 134 135 136 137 138 139 140 141 56 57 58 59 60 61 62 143 144 145 146 147 148 149 150 151 76 77 78 79 80 81 153 154 155 156 95 96 97 98 99 100 157 158 159 160 114 115 116 161 130 131 132 162 142 152 
4 8 36 15 16 17 52 25 26 27 105 70 72 73 1 40 41 42 43 44 121 89 91 92 2 56 57 58 59 60 135 137 31 14 109 110 111 112 12 5 6 76 77 78 79 80 145 147 47 24 125 126 127 128 22 9 10 95 96 97 98 99 68 154 63 155 64 65 38 39 139 140 34 141 35 18 19 20 114 115 116 87 158 82 159 83 84 54 55 149 150 50 151 51 28 29 30 130 131 132 107 11 161 101 102 103 104 74 75 3 156 69 71 45 46 142 123 21 162 117 118 119 120 93 94 7 160 88 90 61 62 152 138 32 33 133 134 136 113 13 108 81 148 48 49 143 144 146 129 23 124 100 66 67 153 37 85 86 157 53 106 122 
5 9 13 16 18 19 23 26 28 29 32 35 37 38 40 42 43 6 45 46 48 51 53 54 56 58 59 10 61 62 64 66 67 69 71 72 14 74 75 76 77 17 79 80 20 81 83 85 86 88 90 91 24 93 94 95 96 27 98 99 30 100 101 103 104 33 106 107 108 109 36 111 112 39 113 41 114 115 44 116 1 117 119 120 49 122 123 124 125 52 127 128 55 129 57 130 131 60 132 2 133 134 65 136 137 68 138 70 139 140 73 141 3 78 142 4 143 144 84 146 147 87 148 89 149 150 92 151 7 97 152 8 102 153 154 105 155 11 110 156 12 15 118 157 158 121 159 21 126 160 22 25 135 161 31 34 145 162 47 50 63 82 
6 10 14 17 19 20 24 27 29 30 33 36 38 39 41 43 44 45 46 1 49 52 54 55 57 59 60 61 62 2 65 67 68 70 72 73 74 75 3 77 78 79 80 4 81 5 84 86 87 89 91 92 93 94 7 96 97 98 99 8 100 9 102 104 105 106 107 11 109 110 111 112 12 113 13 114 115 15 116 16 18 118 120 121 122 123 21 125 126 127 128 22 129 23 130 131 25 132 26 28 134 135 136 137 31 138 32 139 140 34 141 35 37 142 40 42 144 145 146 147 47 148 48 149 150 50 151 51 53 152 56 58 153 154 63 155 64 66 156 69 71 76 157 158 82 159 83 85 160 88 90 95 161 101 103 108 162 117 119 124 133 143 
7 3 21 22 23 24 11 12 13 14 2 47 48 49 50 51 52 53 54 55 1 31 32 33 34 35 36 37 38 39 8 9 10 82 83 84 85 86 87 88 89 90 91 92 93 94 4 5 6 63 64 65 66 67 68 69 70 71 72 73 74 75 25 26 27 28 29 30 117 118 119 120 121 122 123 124 125 126 127 128 129 15 16 17 18 19 20 101 102 103 104 105 106 107 108 109 110 111 112 113 56 57 58 59 60 61 62 143 144 145 146 147 148 149 150 151 40 41 42 43 44 45 46 133 134 135 136 137 138 139 140 141 95 96 97 98 99 100 157 158 159 160 76 77 78 79 80 81 153 154 155 156 130 131 132 162 114 115 116 161 152 142 
8 4 52 25 26 27 36 15 16 17 121 89 91 92 2 56 57 58 59 60 105 70 72 73 1 40 41 42 43 44 145 147 47 24 125 126 127 128 22 9 10 95 96 97 98 99 135 137 31 14 109 110 111 112 12 5 6 76 77 78 79 80 87 158 82 159 83 84 54 55 149 150 50 151 51 28 29 30 130 131 132 68 154 63 155 64 65 38 39 139 140 34 141 35 18 19 20 114 115 116 123 21 162 117 118 119 120 93 94 7 160 88 90 61 62 152 107 11 161 101 102 103 104 74 75 3 156 69 71 45 46 142 148 48 49 143 144 146 129 23 124 100 138 32 33 133 134 136 113 13 108 81 85 86 157 53 66 67 153 37 122 106 
9 5 23 26 28 29 13 16 18 19 48 51 53 54 56 58 59 10 61 62 32 35 37 38 40 42 43 6 45 46 83 85 86 88 90 91 24 93 94 95 96 27 98 99 30 100 64 66 67 69 71 72 14 74 75 76 77 17 79 80 20 81 117 119 120 49 122 123 124 125 52 127 128 55 129 57 130 131 60 132 2 101 103 104 33 106 107 108 109 36 111 112 39 113 41 114 115 44 116 1 143 144 84 146 147 87 148 89 149 150 92 151 7 97 152 8 133 134 65 136 137 68 138 70 139 140 73 141 3 78 142 4 118 157 158 121 159 21 126 160 22 25 102 153 154 105 155 11 110 156 12 15 145 162 47 50 135 161 31 34 82 63 
10 6 24 27 29 30 14 17 19 20 49 52 54 55 57 59 60 61 62 2 33 36 38 39 41 43 44 45 46 1 84 86 87 89 91 92 93 94 7 96 97 98 99 8 100 9 65 67 68 70 72 73 74 75 3 77 78 79 80 4 81 5 118 120 121 122 123 21 125 126 127 128 22 129 23 130 131 25 132 26 28 102 104 105 106 107 11 109 110 111 112 12 113 13 114 115 15 116 16 18 144 145 146 147 47 148 48 149 150 50 151 51 53 152 56 58 134 135 136 137 31 138 32 139 140 34 141 35 37 142 40 42 157 158 82 159 83 85 160 88 90 95 153 154 63 155 64 66 156 69 71 76 162 117 119 124 161 101 103 108 143 133 
11 21 1 31 32 33 2 47 48 49 3 4 5 6 63 64 65 66 67 68 7 8 9 10 82 83 84 85 86 87 12 13 14 15 16 17 18 19 20 101 102 103 104 105 106 107 22 23 24 25 26 27 28 29 30 117 118 119 120 121 122 123 34 35 36 37 38 39 40 41 42 43 44 45 46 133 134 135 136 137 138 50 51 52 53 54 55 56 57 58 59 60 61 62 143 144 145 146 147 148 69 70 71 72 73 74 75 76 77 78 79 80 81 153 154 155 88 89 90 91 92 93 94 95 96 97 98 99 100 157 158 159 108 109 110 111 112 113 114 115 116 161 124 125 126 127 128 129 130 131 132 162 139 140 141 142 149 150 151 152 156 160 
12 22 65 34 35 36 84 50 51 52 44 102 104 105 3 69 70 71 72 73 60 118 120 121 7 88 89 90 91 92 78 80 4 33 134 135 136 137 31 13 14 108 109 110 111 112 97 99 8 49 144 145 146 147 47 23 24 124 125 126 127 128 20 115 15 116 16 17 67 68 153 154 63 155 64 37 38 39 139 140 141 30 131 25 132 26 27 86 87 157 158 82 159 83 53 54 55 149 150 151 46 1 142 40 41 42 43 106 107 11 161 101 103 74 75 156 62 2 152 56 57 58 59 122 123 21 162 117 119 93 94 160 81 5 6 76 77 79 138 32 133 113 100 9 10 95 96 98 148 48 143 129 18 19 114 66 28 29 130 85 45 61 
13 23 32 35 37 38 48 51 53 54 5 64 66 67 69 71 72 14 74 75 9 83 85 86 88 90 91 24 93 94 16 18 19 101 103 104 33 106 107 108 109 36 111 112 39 113 26 28 29 117 119 120 49 122 123 124 125 52 127 128 55 129 40 42 43 6 45 46 133 134 65 136 137 68 138 70 139 140 73 141 3 56 58 59 10 61 62 143 144 84 146 147 87 148 89 149 150 92 151 7 76 77 17 79 80 20 81 102 153 154 105 155 11 110 156 12 95 96 27 98 99 30 100 118 157 158 121 159 21 126 160 22 41 114 115 44 116 1 135 161 31 34 57 130 131 60 132 2 145 162 47 50 78 142 4 63 97 152 8 82 15 25 
14 24 33 36 38 39 49 52 54 55 6 65 67 68 70 72 73 74 75 3 10 84 86 87 89 91 92 93 94 7 17 19 20 102 104 105 106 107 11 109 110 111 112 12 113 13 27 29 30 118 120 121 122 123 21 125 126 127 128 22 129 23 41 43 44 45 46 1 134 135 136 137 31 138 32 139 140 34 141 35 37 57 59 60 61 62 2 144 145 146 147 47 148 48 149 150 50 151 51 53 77 78 79 80 4 81 5 153 154 63 155 64 66 156 69 71 96 97 98 99 8 100 9 157 158 82 159 83 85 160 88 90 114 115 15 116 16 18 161 101 103 108 130 131 25 132 26 28 162 117 119 124 142 40 42 133 152 56 58 143 76 95 
15 25 110 1 40 41 126 2 56 57 102 39 140 34 4 5 6 76 77 78 118 55 150 50 8 9 10 95 96 97 33 134 135 73 75 3 156 69 70 16 17 18 19 20 114 115 49 144 145 92 94 7 160 88 89 26 27 28 29 30 130 131 65 67 68 153 154 63 112 12 113 13 14 108 109 42 43 44 45 46 142 84 86 87 157 158 82 128 22 129 23 24 124 125 58 59 60 61 62 152 104 105 106 107 11 161 101 141 35 36 37 38 139 79 80 81 120 121 122 123 21 162 117 151 51 52 53 54 149 98 99 100 136 137 31 138 32 133 71 72 74 116 146 147 47 148 48 143 90 91 93 132 155 64 66 111 159 83 85 127 103 119 
16 26 72 40 42 43 91 56 58 59 137 109 111 112 5 76 77 17 79 80 147 125 127 128 9 95 96 27 98 99 154 155 64 38 139 140 73 141 35 18 19 41 114 115 44 116 158 159 83 54 149 150 92 151 51 28 29 57 130 131 60 132 107 161 101 31 103 104 74 75 110 156 69 12 71 6 45 46 78 142 4 123 162 117 47 119 120 93 94 126 160 88 22 90 10 61 62 97 152 8 138 32 63 133 134 65 136 39 113 13 34 108 36 20 81 15 148 48 82 143 144 84 146 55 129 23 50 124 52 30 100 25 11 66 67 102 153 105 3 37 70 1 21 85 86 118 157 121 7 53 89 2 33 106 135 14 49 122 145 24 68 87 
17 27 73 41 43 44 92 57 59 60 31 110 112 12 6 77 78 79 80 4 47 126 128 22 10 96 97 98 99 8 63 64 65 39 140 34 141 35 36 19 20 114 115 15 116 16 82 83 84 55 150 50 151 51 52 29 30 130 131 25 132 26 11 101 102 103 104 105 75 3 156 69 70 71 72 45 46 1 142 40 42 21 117 118 119 120 121 94 7 160 88 89 90 91 61 62 2 152 56 58 32 33 133 134 135 136 137 113 13 14 108 109 111 81 5 76 48 49 143 144 145 146 147 129 23 24 124 125 127 100 9 95 66 67 68 153 154 155 37 38 139 18 85 86 87 157 158 159 53 54 149 28 106 107 161 74 122 123 162 93 138 148 
18 28 37 42 6 45 53 58 10 61 66 71 14 74 76 17 79 19 20 81 85 90 24 93 95 27 98 29 30 100 103 33 106 108 36 111 38 39 113 41 114 43 44 116 46 1 119 49 122 124 52 127 54 55 129 57 130 59 60 132 62 2 133 65 136 67 68 138 70 139 72 73 141 75 3 77 78 142 80 4 5 143 84 146 86 87 148 89 149 91 92 151 94 7 96 97 152 99 8 9 102 153 104 105 155 107 11 109 110 156 112 12 13 115 15 16 118 157 120 121 159 123 21 125 126 160 128 22 23 131 25 26 134 135 161 137 31 32 140 34 35 40 144 145 162 147 47 48 150 50 51 56 154 63 64 69 158 82 83 88 101 117 
19 29 38 43 45 46 54 59 61 62 67 72 74 75 77 79 80 20 81 5 86 91 93 94 96 98 99 30 100 9 104 106 107 109 111 112 39 113 13 114 115 44 116 16 1 18 120 122 123 125 127 128 55 129 23 130 131 60 132 26 2 28 134 136 137 68 138 32 139 140 73 141 35 3 37 78 142 40 4 42 6 144 146 147 87 148 48 149 150 92 151 51 7 53 97 152 56 8 58 10 153 154 105 155 64 11 66 110 156 69 12 71 14 15 76 17 157 158 121 159 83 21 85 126 160 88 22 90 24 25 95 27 135 161 101 31 103 33 34 108 36 41 145 162 117 47 119 49 50 124 52 57 63 133 65 70 82 143 84 89 102 118 
20 30 39 44 46 1 55 60 62 2 68 73 75 3 78 80 4 81 5 6 87 92 94 7 97 99 8 100 9 10 105 107 11 110 112 12 113 13 14 115 15 116 16 17 18 19 121 123 21 126 128 22 129 23 24 131 25 132 26 27 28 29 135 137 31 138 32 33 140 34 141 35 36 37 38 142 40 41 42 43 45 145 147 47 148 48 49 150 50 151 51 52 53 54 152 56 57 58 59 61 154 63 155 64 65 66 67 156 69 70 71 72 74 76 77 79 158 82 159 83 84 85 86 160 88 89 90 91 93 95 96 98 161 101 102 103 104 106 108 109 111 114 162 117 118 119 120 122 124 125 127 130 133 134 136 139 143 144 146 149 153 157 
21 11 2 47 48 49 1 31 32 33 7 8 9 10 82 83 84 85 86 87 3 4 5 6 63 64 65 66 67 68 22 23 24 25 26 27 28 29 30 117 118 119 120 121 122 123 12 13 14 15 16 17 18 19 20 101 102 103 104 105 106 107 50 51 52 53 54 55 56 57 58 59 60 61 62 143 144 145 146 147 148 34 35 36 37 38 39 40 41 42 43 44 45 46 133 134 135 136 137 138 88 89 90 91 92 93 94 95 96 97 98 99 100 157 158 159 69 70 71 72 73 74 75 76 77 78 79 80 81 153 154 155 124 125 126 127 128 129 130 131 132 162 108 109 110 111 112 113 114 115 116 161 149 150 151 152 139 140 141 142 160 156 
22 12 84 50 51 52 65 34 35 36 60 118 120 121 7 88 89 90 91 92 44 102 104 105 3 69 70 71 72 73 97 99 8 49 144 145 146 147 47 23 24 124 125 126 127 128 78 80 4 33 134 135 136 137 31 13 14 108 109 110 111 112 30 131 25 132 26 27 86 87 157 158 82 159 83 53 54 55 149 150 151 20 115 15 116 16 17 67 68 153 154 63 155 64 37 38 39 139 140 141 62 2 152 56 57 58 59 122 123 21 162 117 119 93 94 160 46 1 142 40 41 42 43 106 107 11 161 101 103 74 75 156 100 9 10 95 96 98 148 48 143 129 81 5 6 76 77 79 138 32 133 113 28 29 130 85 18 19 114 66 61 45 
23 13 48 51 53 54 32 35 37 38 9 83 85 86 88 90 91 24 93 94 5 64 66 67 69 71 72 14 74 75 26 28 29 117 119 120 49 122 123 124 125 52 127 128 55 129 16 18 19 101 103 104 33 106 107 108 109 36 111 112 39 113 56 58 59 10 61 62 143 144 84 146 147 87 148 89 149 150 92 151 7 40 42 43 6 45 46 133 134 65 136 137 68 138 70 139 140 73 141 3 95 96 27 98 99 30 100 118 157 158 121 159 21 126 160 22 76 77 17 79 80 20 81 102 153 154 105 155 11 110 156 12 57 130 131 60 132 2 145 162 47 50 41 114 115 44 116 1 135 161 31 34 97 152 8 82 78 142 4 63 25 15 
24 14 49 52 54 55 33 36 38 39 10 84 86 87 89 91 92 93 94 7 6 65 67 68 70 72 73 74 75 3 27 29 30 118 120 121 122 123 21 125 126 127 128 22 129 23 17 19 20 102 104 105 106 107 11 109 110 111 112 12 113 13 57 59 60 61 62 2 144 145 146 147 47 148 48 149 150 50 151 51 53 41 43 44 45 46 1 134 135 136 137 31 138 32 139 140 34 141 35 37 96 97 98 99 8 100 9 157 158 82 159 83 85 160 88 90 77 78 79 80 4 81 5 153 154 63 155 64 66 156 69 71 130 131 25 132 26 28 162 117 119 124 114 115 15 116 16 18 161 101 103 108 152 56 58 143 142 40 42 133 95 76 
25 15 126 2 56 57 110 1 40 41 118 55 150 50 8 9 10 95 96 97 102 39 140 34 4 5 6 76 77 78 49 144 145 92 94 7 160 88 89 26 27 28 29 30 130 131 33 134 135 73 75 3 156 69 70 16 17 18 19 20 114 115 84 86 87 157 158 82 128 22 129 23 24 124 125 58 59 60 61 62 152 65 67 68 153 154 63 112 12 113 13 14 108 109 42 43 44 45 46 142 120 121 122 123 21 162 117 151 51 52 53 54 149 98 99 100 104 105 106 107 11 161 101 141 35 36 37 38 139 79 80 81 146 147 47 148 48 143 90 91 93 132 136 137 31 138 32 133 71 72 74 116 159 83 85 127 155 64 66 111 119 103 
26 16 91 56 58 59 72 40 42 43 147 125 127 128 9 95 96 27 98 99 137 109 111 112 5 76 77 17 79 80 158 159 83 54 149 150 92 151 51 28 29 57 130 131 60 132 154 155 64 38 139 140 73 141 35 18 19 41 114 115 44 116 123 162 117 47 119 120 93 94 126 160 88 22 90 10 61 62 97 152 8 107 161 101 31 103 104 74 75 110 156 69 12 71 6 45 46 78 142 4 148 48 82 143 144 84 146 55 129 23 50 124 52 30 100 25 138 32 63 133 134 65 136 39 113 13 34 108 36 20 81 15 21 85 86 118 157 121 7 53 89 2 11 66 67 102 153 105 3 37 70 1 49 122 145 24 33 106 135 14 87 68 
27 17 92 57 59 60 73 41 43 44 47 126 128 22 10 96 97 98 99 8 31 110 112 12 6 77 78 79 80 4 82 83 84 55 150 50 151 51 52 29 30 130 131 25 132 26 63 64 65 39 140 34 141 35 36 19 20 114 115 15 116 16 21 117 118 119 120 121 94 7 160 88 89 90 91 61 62 2 152 56 58 11 101 102 103 104 105 75 3 156 69 70 71 72 45 46 1 142 40 42 48 49 143 144 145 146 147 129 23 24 124 125 127 100 9 95 32 33 133 134 135 136 137 113 13 14 108 109 111 81 5 76 85 86 87 157 158 159 53 54 149 28 66 67 68 153 154 155 37 38 139 18 122 123 162 93 106 107 161 74 148 138 
28 18 53 58 10 61 37 42 6 45 85 90 24 93 95 27 98 29 30 100 66 71 14 74 76 17 79 19 20 81 119 49 122 124 52 127 54 55 129 57 130 59 60 132 62 2 103 33 106 108 36 111 38 39 113 41 114 43 44 116 46 1 143 84 146 86 87 148 89 149 91 92 151 94 7 96 97 152 99 8 9 133 65 136 67 68 138 70 139 72 73 141 75 3 77 78 142 80 4 5 118 157 120 121 159 123 21 125 126 160 128 22 23 131 25 26 102 153 104 105 155 107 11 109 110 156 112 12 13 115 15 16 144 145 162 147 47 48 150 50 51 56 134 135 161 137 31 32 140 34 35 40 158 82 83 88 154 63 64 69 117 101 
29 19 54 59 61 62 38 43 45 46 86 91 93 94 96 98 99 30 100 9 67 72 74 75 77 79 80 20 81 5 120 122 123 125 127 128 55 129 23 130 131 60 132 26 2 28 104 106 107 109 111 112 39 113 13 114 115 44 116 16 1 18 144 146 147 87 148 48 149 150 92 151 51 7 53 97 152 56 8 58 10 134 136 137 68 138 32 139 140 73 141 35 3 37 78 142 40 4 42 6 157 158 121 159 83 21 85 126 160 88 22 90 24 25 95 27 153 154 105 155 64 11 66 110 156 69 12 71 14 15 76 17 145 162 117 47 119 49 50 124 52 57 135 161 101 31 103 33 34 108 36 41 82 143 84 89 63 133 65 70 118 102 
30 20 55 60 62 2 39 44 46 1 87 92 94 7 97 99 8 100 9 10 68 73 75 3 78 80 4 81 5 6 121 123 21 126 128 22 129 23 24 131 25 132 26 27 28 29 105 107 11 110 112 12 113 13 14 115 15 116 16 17 18 19 145 147 47 148 48 49 150 50 151 51 52 53 54 152 56 57 58 59 61 135 137 31 138 32 33 140 34 141 35 36 37 38 142 40 41 42 43 45 158 82 159 83 84 85 86 160 88 89 90 91 93 95 96 98 154 63 155 64 65 66 67 156 69 70 71 72 74 76 77 79 162 117 118 119 120 122 124 125 127 130 161 101 102 103 104 106 108 109 111 114 143 144 146 149 133 134 136 139 157 153 
31 47 17 63 64 65 27 82 83 84 73 41 43 44 11 101 102 103 104 105 92 57 59 60 21 117 118 119 120 121 110 112 12 6 77 78 79 80 4 32 33 133 134 135 136 137 126 128 22 10 96 97 98 99 8 48 49 143 144 145 146 147 39 140 34 141 35 36 19 20 114 115 15 116 16 66 67 68 153 154 155 55 150 50 151 51 52 29 30 130 131 25 132 26 85 86 87 157 158 159 75 3 156 69 70 71 72 45 46 1 142 40 42 106 107 161 94 7 160 88 89 90 91 61 62 2 152 56 58 122 123 162 113 13 14 108 109 111 81 5 76 138 129 23 24 124 125 127 100 9 95 148 37 38 139 18 53 54 149 28 74 93 
32 48 5 64 66 67 9 83 85 86 13 16 18 19 101 103 104 33 106 107 23 26 28 29 117 119 120 49 122 123 35 37 38 40 42 43 6 45 46 133 134 65 136 137 68 138 51 53 54 56 58 59 10 61 62 143 144 84 146 147 87 148 69 71 72 14 74 75 76 77 17 79 80 20 81 102 153 154 105 155 11 88 90 91 24 93 94 95 96 27 98 99 30 100 118 157 158 121 159 21 108 109 36 111 112 39 113 41 114 115 44 116 1 135 161 31 124 125 52 127 128 55 129 57 130 131 60 132 2 145 162 47 70 139 140 73 141 3 78 142 4 63 89 149 150 92 151 7 97 152 8 82 110 156 12 15 126 160 22 25 34 50 
33 49 6 65 67 68 10 84 86 87 14 17 19 20 102 104 105 106 107 11 24 27 29 30 118 120 121 122 123 21 36 38 39 41 43 44 45 46 1 134 135 136 137 31 138 32 52 54 55 57 59 60 61 62 2 144 145 146 147 47 148 48 70 72 73 74 75 3 77 78 79 80 4 81 5 153 154 63 155 64 66 89 91 92 93 94 7 96 97 98 99 8 100 9 157 158 82 159 83 85 109 110 111 112 12 113 13 114 115 15 116 16 18 161 101 103 125 126 127 128 22 129 23 130 131 25 132 26 28 162 117 119 139 140 34 141 35 37 142 40 42 133 149 150 50 151 51 53 152 56 58 143 156 69 71 76 160 88 90 95 108 124 
34 50 135 3 69 70 145 7 88 89 41 68 154 63 12 13 14 108 109 110 57 87 158 82 22 23 24 124 125 126 6 77 78 105 107 11 161 101 102 35 36 37 38 39 139 140 10 96 97 121 123 21 162 117 118 51 52 53 54 55 149 150 17 19 20 114 115 15 137 31 138 32 33 133 134 71 72 73 74 75 156 27 29 30 130 131 25 147 47 148 48 49 143 144 90 91 92 93 94 160 43 44 45 46 1 142 40 155 64 65 66 67 153 111 112 113 59 60 61 62 2 152 56 159 83 84 85 86 157 127 128 129 79 80 4 81 5 76 103 104 106 141 98 99 8 100 9 95 119 120 122 151 116 16 18 136 132 26 28 146 42 58 
35 51 104 69 71 72 120 88 90 91 80 134 136 137 13 108 109 36 111 112 99 144 146 147 23 124 125 52 127 128 115 116 16 67 153 154 105 155 64 37 38 70 139 140 73 141 131 132 26 86 157 158 121 159 83 53 54 89 149 150 92 151 46 142 40 4 42 43 106 107 135 161 101 31 103 14 74 75 110 156 12 62 152 56 8 58 59 122 123 145 162 117 47 119 24 93 94 126 160 22 81 5 15 76 77 17 79 68 138 32 63 133 65 39 113 34 100 9 25 95 96 27 98 87 148 48 82 143 84 55 129 50 1 18 19 41 114 44 11 66 102 3 2 28 29 57 130 60 21 85 118 7 6 45 78 33 10 61 97 49 20 30 
36 52 105 70 72 73 121 89 91 92 4 135 137 31 14 109 110 111 112 12 8 145 147 47 24 125 126 127 128 22 15 16 17 68 154 63 155 64 65 38 39 139 140 34 141 35 25 26 27 87 158 82 159 83 84 54 55 149 150 50 151 51 1 40 41 42 43 44 107 11 161 101 102 103 104 74 75 3 156 69 71 2 56 57 58 59 60 123 21 162 117 118 119 120 93 94 7 160 88 90 5 6 76 77 78 79 80 138 32 33 133 134 136 113 13 108 9 10 95 96 97 98 99 148 48 49 143 144 146 129 23 124 18 19 20 114 115 116 66 67 153 37 28 29 30 130 131 132 85 86 157 53 45 46 142 106 61 62 152 122 81 100 
37 53 66 71 14 74 85 90 24 93 18 103 33 106 108 36 111 38 39 113 28 119 49 122 124 52 127 54 55 129 42 6 45 133 65 136 67 68 138 70 139 72 73 141 75 3 58 10 61 143 84 146 86 87 148 89 149 91 92 151 94 7 76 17 79 19 20 81 102 153 104 105 155 107 11 109 110 156 112 12 13 95 27 98 29 30 100 118 157 120 121 159 123 21 125 126 160 128 22 23 41 114 43 44 116 46 1 134 135 161 137 31 32 140 34 35 57 130 59 60 132 62 2 144 145 162 147 47 48 150 50 51 77 78 142 80 4 5 154 63 64 69 96 97 152 99 8 9 158 82 83 88 115 15 16 101 131 25 26 117 40 56 
38 54 67 72 74 75 86 91 93 94 19 104 106 107 109 111 112 39 113 13 29 120 122 123 125 127 128 55 129 23 43 45 46 134 136 137 68 138 32 139 140 73 141 35 3 37 59 61 62 144 146 147 87 148 48 149 150 92 151 51 7 53 77 79 80 20 81 5 153 154 105 155 64 11 66 110 156 69 12 71 14 96 98 99 30 100 9 157 158 121 159 83 21 85 126 160 88 22 90 24 114 115 44 116 16 1 18 135 161 101 31 103 33 34 108 36 130 131 60 132 26 2 28 145 162 117 47 119 49 50 124 52 78 142 40 4 42 6 63 133 65 70 97 152 56 8 58 10 82 143 84 89 15 76 17 102 25 95 27 118 41 57 
39 55 68 73 75 3 87 92 94 7 20 105 107 11 110 112 12 113 13 14 30 121 123 21 126 128 22 129 23 24 44 46 1 135 137 31 138 32 33 140 34 141 35 36 37 38 60 62 2 145 147 47 148 48 49 150 50 151 51 52 53 54 78 80 4 81 5 6 154 63 155 64 65 66 67 156 69 70 71 72 74 97 99 8 100 9 10 158 82 159 83 84 85 86 160 88 89 90 91 93 115 15 116 16 17 18 19 161 101 102 103 104 106 108 109 111 131 25 132 26 27 28 29 162 117 118 119 120 122 124 125 127 142 40 41 42 43 45 133 134 136 139 152 56 57 58 59 61 143 144 146 149 76 77 79 153 95 96 98 157 114 130 
40 56 140 5 76 77 150 9 95 96 134 75 156 69 16 18 19 41 114 115 144 94 160 88 26 28 29 57 130 131 67 153 154 112 113 13 34 108 109 42 43 6 45 46 78 142 86 157 158 128 129 23 50 124 125 58 59 10 61 62 97 152 104 106 107 135 161 101 141 35 3 37 38 70 139 17 79 80 20 81 15 120 122 123 145 162 117 151 51 7 53 54 89 149 27 98 99 30 100 25 136 137 68 138 32 63 133 12 71 72 14 74 110 44 116 1 146 147 87 148 48 82 143 22 90 91 24 93 126 60 132 2 105 155 64 11 66 102 36 111 39 4 121 159 83 21 85 118 52 127 55 8 31 103 33 73 47 119 49 92 65 84 
41 57 34 6 77 78 50 10 96 97 135 3 69 70 17 19 20 114 115 15 145 7 88 89 27 29 30 130 131 25 68 154 63 12 13 14 108 109 110 43 44 45 46 1 142 40 87 158 82 22 23 24 124 125 126 59 60 61 62 2 152 56 105 107 11 161 101 102 35 36 37 38 39 139 140 79 80 4 81 5 76 121 123 21 162 117 118 51 52 53 54 55 149 150 98 99 8 100 9 95 137 31 138 32 33 133 134 71 72 73 74 75 156 116 16 18 147 47 148 48 49 143 144 90 91 92 93 94 160 132 26 28 155 64 65 66 67 153 111 112 113 42 159 83 84 85 86 157 127 128 129 58 103 104 106 141 119 120 122 151 136 146 
42 58 111 76 17 79 127 95 27 98 155 139 73 141 18 41 114 43 44 116 159 149 92 151 28 57 130 59 60 132 161 31 103 74 110 156 112 12 71 6 45 77 78 142 80 4 162 47 119 93 126 160 128 22 90 10 61 96 97 152 99 8 138 63 133 64 65 136 39 113 140 34 108 35 36 19 20 81 115 15 16 148 82 143 83 84 146 55 129 150 50 124 51 52 29 30 100 131 25 26 11 66 101 102 153 104 105 75 3 37 69 70 72 46 1 40 21 85 117 118 157 120 121 94 7 53 88 89 91 62 2 56 32 33 106 134 135 137 13 14 109 5 48 49 122 144 145 147 23 24 125 9 67 68 154 38 86 87 158 54 107 123 
43 59 112 77 79 80 128 96 98 99 64 140 141 35 19 114 115 44 116 16 83 150 151 51 29 130 131 60 132 26 101 103 104 75 156 69 12 71 72 45 46 78 142 40 4 42 117 119 120 94 160 88 22 90 91 61 62 97 152 56 8 58 32 133 134 65 136 137 113 13 34 108 109 36 111 20 81 5 15 76 17 48 143 144 84 146 147 129 23 50 124 125 52 127 30 100 9 25 95 27 66 67 102 153 154 105 155 3 37 38 70 139 73 1 18 41 85 86 118 157 158 121 159 7 53 54 89 149 92 2 28 57 33 106 107 135 161 31 14 74 110 6 49 122 123 145 162 47 24 93 126 10 68 138 63 39 87 148 82 55 11 21 
44 60 12 78 80 4 22 97 99 8 65 34 35 36 20 115 15 116 16 17 84 50 51 52 30 131 25 132 26 27 102 104 105 3 69 70 71 72 73 46 1 142 40 41 42 43 118 120 121 7 88 89 90 91 92 62 2 152 56 57 58 59 33 134 135 136 137 31 13 14 108 109 110 111 112 81 5 6 76 77 79 49 144 145 146 147 47 23 24 124 125 126 127 128 100 9 10 95 96 98 67 68 153 154 63 155 64 37 38 39 139 140 141 18 19 114 86 87 157 158 82 159 83 53 54 55 149 150 151 28 29 130 106 107 11 161 101 103 74 75 156 45 122 123 21 162 117 119 93 94 160 61 138 32 133 113 148 48 143 129 66 85 
45 61 74 79 20 81 93 98 30 100 106 111 39 113 114 44 116 46 1 18 122 127 55 129 130 60 132 62 2 28 136 68 138 139 73 141 75 3 37 78 142 80 4 42 5 6 146 87 148 149 92 151 94 7 53 97 152 99 8 58 9 10 153 105 155 107 11 66 110 156 112 12 71 13 14 115 15 76 16 17 19 157 121 159 123 21 85 126 160 128 22 90 23 24 131 25 95 26 27 29 135 161 137 31 103 32 33 140 34 108 35 36 38 40 41 43 145 162 147 47 119 48 49 150 50 124 51 52 54 56 57 59 154 63 133 64 65 67 69 70 72 77 158 82 143 83 84 86 88 89 91 96 101 102 104 109 117 118 120 125 134 144 
46 62 75 80 81 5 94 99 100 9 107 112 113 13 115 116 16 1 18 19 123 128 129 23 131 132 26 2 28 29 137 138 32 140 141 35 3 37 38 142 40 4 42 43 6 45 147 148 48 150 151 51 7 53 54 152 56 8 58 59 10 61 154 155 64 11 66 67 156 69 12 71 72 14 74 15 76 77 17 79 20 158 159 83 21 85 86 160 88 22 90 91 24 93 25 95 96 27 98 30 161 101 31 103 104 33 106 34 108 109 36 111 39 41 114 44 162 117 47 119 120 49 122 50 124 125 52 127 55 57 130 60 63 133 134 65 136 68 70 139 73 78 82 143 144 84 146 87 89 149 92 97 102 153 105 110 118 157 121 126 135 145 
47 31 27 82 83 84 17 63 64 65 92 57 59 60 21 117 118 119 120 121 73 41 43 44 11 101 102 103 104 105 126 128 22 10 96 97 98 99 8 48 49 143 144 145 146 147 110 112 12 6 77 78 79 80 4 32 33 133 134 135 136 137 55 150 50 151 51 52 29 30 130 131 25 132 26 85 86 87 157 158 159 39 140 34 141 35 36 19 20 114 115 15 116 16 66 67 68 153 154 155 94 7 160 88 89 90 91 61 62 2 152 56 58 122 123 162 75 3 156 69 70 71 72 45 46 1 142 40 42 106 107 161 129 23 24 124 125 127 100 9 95 148 113 13 14 108 109 111 81 5 76 138 53 54 149 28 37 38 139 18 93 74 
48 32 9 83 85 86 5 64 66 67 23 26 28 29 117 119 120 49 122 123 13 16 18 19 101 103 104 33 106 107 51 53 54 56 58 59 10 61 62 143 144 84 146 147 87 148 35 37 38 40 42 43 6 45 46 133 134 65 136 137 68 138 88 90 91 24 93 94 95 96 27 98 99 30 100 118 157 158 121 159 21 69 71 72 14 74 75 76 77 17 79 80 20 81 102 153 154 105 155 11 124 125 52 127 128 55 129 57 130 131 60 132 2 145 162 47 108 109 36 111 112 39 113 41 114 115 44 116 1 135 161 31 89 149 150 92 151 7 97 152 8 82 70 139 140 73 141 3 78 142 4 63 126 160 22 25 110 156 12 15 50 34 
49 33 10 84 86 87 6 65 67 68 24 27 29 30 118 120 121 122 123 21 14 17 19 20 102 104 105 106 107 11 52 54 55 57 59 60 61 62 2 144 145 146 147 47 148 48 36 38 39 41 43 44 45 46 1 134 135 136 137 31 138 32 89 91 92 93 94 7 96 97 98 99 8 100 9 157 158 82 159 83 85 70 72 73 74 75 3 77 78 79 80 4 81 5 153 154 63 155 64 66 125 126 127 128 22 129 23 130 131 25 132 26 28 162 117 119 109 110 111 112 12 113 13 114 115 15 116 16 18 161 101 103 149 150 50 151 51 53 152 56 58 143 139 140 34 141 35 37 142 40 42 133 160 88 90 95 156 69 71 76 124 108 
50 34 145 7 88 89 135 3 69 70 57 87 158 82 22 23 24 124 125 126 41 68 154 63 12 13 14 108 109 110 10 96 97 121 123 21 162 117 118 51 52 53 54 55 149 150 6 77 78 105 107 11 161 101 102 35 36 37 38 39 139 140 27 29 30 130 131 25 147 47 148 48 49 143 144 90 91 92 93 94 160 17 19 20 114 115 15 137 31 138 32 33 133 134 71 72 73 74 75 156 59 60 61 62 2 152 56 159 83 84 85 86 157 127 128 129 43 44 45 46 1 142 40 155 64 65 66 67 153 111 112 113 98 99 8 100 9 95 119 120 122 151 79 80 4 81 5 76 103 104 106 141 132 26 28 146 116 16 18 136 58 42 
51 35 120 88 90 91 104 69 71 72 99 144 146 147 23 124 125 52 127 128 80 134 136 137 13 108 109 36 111 112 131 132 26 86 157 158 121 159 83 53 54 89 149 150 92 151 115 116 16 67 153 154 105 155 64 37 38 70 139 140 73 141 62 152 56 8 58 59 122 123 145 162 117 47 119 24 93 94 126 160 22 46 142 40 4 42 43 106 107 135 161 101 31 103 14 74 75 110 156 12 100 9 25 95 96 27 98 87 148 48 82 143 84 55 129 50 81 5 15 76 77 17 79 68 138 32 63 133 65 39 113 34 2 28 29 57 130 60 21 85 118 7 1 18 19 41 114 44 11 66 102 3 10 61 97 49 6 45 78 33 30 20 
52 36 121 89 91 92 105 70 72 73 8 145 147 47 24 125 126 127 128 22 4 135 137 31 14 109 110 111 112 12 25 26 27 87 158 82 159 83 84 54 55 149 150 50 151 51 15 16 17 68 154 63 155 64 65 38 39 139 140 34 141 35 2 56 57 58 59 60 123 21 162 117 118 119 120 93 94 7 160 88 90 1 40 41 42 43 44 107 11 161 101 102 103 104 74 75 3 156 69 71 9 10 95 96 97 98 99 148 48 49 143 144 146 129 23 124 5 6 76 77 78 79 80 138 32 33 133 134 136 113 13 108 28 29 30 130 131 132 85 86 157 53 18 19 20 114 115 116 66 67 153 37 61 62 152 122 45 46 142 106 100 81 
53 37 85 90 24 93 66 71 14 74 28 119 49 122 124 52 127 54 55 129 18 103 33 106 108 36 111 38 39 113 58 10 61 143 84 146 86 87 148 89 149 91 92 151 94 7 42 6 45 133 65 136 67 68 138 70 139 72 73 141 75 3 95 27 98 29 30 100 118 157 120 121 159 123 21 125 126 160 128 22 23 76 17 79 19 20 81 102 153 104 105 155 107 11 109 110 156 112 12 13 57 130 59 60 132 62 2 144 145 162 147 47 48 150 50 51 41 114 43 44 116 46 1 134 135 161 137 31 32 140 34 35 96 97 152 99 8 9 158 82 83 88 77 78 142 80 4 5 154 63 64 69 131 25 26 117 115 15 16 101 56 40 
54 38 86 91 93 94 67 72 74 75 29 120 122 123 125 127 128 55 129 23 19 104 106 107 109 111 112 39 113 13 59 61 62 144 146 147 87 148 48 149 150 92 151 51 7 53 43 45 46 134 136 137 68 138 32 139 140 73 141 35 3 37 96 98 99 30 100 9 157 158 121 159 83 21 85 126 160 88 22 90 24 77 79 80 20 81 5 153 154 105 155 64 11 66 110 156 69 12 71 14 130 131 60 132 26 2 28 145 162 117 47 119 49 50 124 52 114 115 44 116 16 1 18 135 161 101 31 103 33 34 108 36 97 152 56 8 58 10 82 143 84 89 78 142 40 4 42 6 63 133 65 70 25 95 27 118 15 76 17 102 57 41 
55 39 87 92 94 7 68 73 75 3 30 121 123 21 126 128 22 129 23 24 20 105 107 11 110 112 12 113 13 14 60 62 2 145 147 47 148 48 49 150 50 151 51 52 53 54 44 46 1 135 137 31 138 32 33 140 34 141 35 36 37 38 97 99 8 100 9 10 158 82 159 83 84 85 86 160 88 89 90 91 93 78 80 4 81 5 6 154 63 155 64 65 66 67 156 69 70 71 72 74 131 25 132 26 27 28 29 162 117 118 119 120 122 124 125 127 115 15 116 16 17 18 19 161 101 102 103 104 106 108 109 111 152 56 57 58 59 61 143 144 146 149 142 40 41 42 43 45 133 134 136 139 95 96 98 157 76 77 79 153 130 114 
56 40 150 9 95 96 140 5 76 77 144 94 160 88 26 28 29 57 130 131 134 75 156 69 16 18 19 41 114 115 86 157 158 128 129 23 50 124 125 58 59 10 61 62 97 152 67 153 154 112 113 13 34 108 109 42 43 6 45 46 78 142 120 122 123 145 162 117 151 51 7 53 54 89 149 27 98 99 30 100 25 104 106 107 135 161 101 141 35 3 37 38 70 139 17 79 80 20 81 15 146 147 87 148 48 82 143 22 90 91 24 93 126 60 132 2 136 137 68 138 32 63 133 12 71 72 14 74 110 44 116 1 121 159 83 21 85 118 52 127 55 8 105 155 64 11 66 102 36 111 39 4 47 119 49 92 31 103 33 73 84 65 
57 41 50 10 96 97 34 6 77 78 145 7 88 89 27 29 30 130 131 25 135 3 69 70 17 19 20 114 115 15 87 158 82 22 23 24 124 125 126 59 60 61 62 2 152 56 68 154 63 12 13 14 108 109 110 43 44 45 46 1 142 40 121 123 21 162 117 118 51 52 53 54 55 149 150 98 99 8 100 9 95 105 107 11 161 101 102 35 36 37 38 39 139 140 79 80 4 81 5 76 147 47 148 48 49 143 144 90 91 92 93 94 160 132 26 28 137 31 138 32 33 133 134 71 72 73 74 75 156 116 16 18 159 83 84 85 86 157 127 128 129 58 155 64 65 66 67 153 111 112 113 42 119 120 122 151 103 104 106 141 146 136 
58 42 127 95 27 98 111 76 17 79 159 149 92 151 28 57 130 59 60 132 155 139 73 141 18 41 114 43 44 116 162 47 119 93 126 160 128 22 90 10 61 96 97 152 99 8 161 31 103 74 110 156 112 12 71 6 45 77 78 142 80 4 148 82 143 83 84 146 55 129 150 50 124 51 52 29 30 100 131 25 26 138 63 133 64 65 136 39 113 140 34 108 35 36 19 20 81 115 15 16 21 85 117 118 157 120 121 94 7 53 88 89 91 62 2 56 11 66 101 102 153 104 105 75 3 37 69 70 72 46 1 40 48 49 122 144 145 147 23 24 125 9 32 33 106 134 135 137 13 14 109 5 86 87 158 54 67 68 154 38 123 107 
59 43 128 96 98 99 112 77 79 80 83 150 151 51 29 130 131 60 132 26 64 140 141 35 19 114 115 44 116 16 117 119 120 94 160 88 22 90 91 61 62 97 152 56 8 58 101 103 104 75 156 69 12 71 72 45 46 78 142 40 4 42 48 143 144 84 146 147 129 23 50 124 125 52 127 30 100 9 25 95 27 32 133 134 65 136 137 113 13 34 108 109 36 111 20 81 5 15 76 17 85 86 118 157 158 121 159 7 53 54 89 149 92 2 28 57 66 67 102 153 154 105 155 3 37 38 70 139 73 1 18 41 49 122 123 145 162 47 24 93 126 10 33 106 107 135 161 31 14 74 110 6 87 148 82 55 68 138 63 39 21 11 
60 44 22 97 99 8 12 78 80 4 84 50 51 52 30 131 25 132 26 27 65 34 35 36 20 115 15 116 16 17 118 120 121 7 88 89 90 91 92 62 2 152 56 57 58 59 102 104 105 3 69 70 71 72 73 46 1 142 40 41 42 43 49 144 145 146 147 47 23 24 124 125 126 127 128 100 9 10 95 96 98 33 134 135 136 137 31 13 14 108 109 110 111 112 81 5 6 76 77 79 86 87 157 158 82 159 83 53 54 55 149 150 151 28 29 130 67 68 153 154 63 155 64 37 38 39 139 140 141 18 19 114 122 123 21 162 117 119 93 94 160 61 106 107 11 161 101 103 74 75 156 45 148 48 143 129 138 32 133 113 85 66 
61 45 93 98 30 100 74 79 20 81 122 127 55 129 130 60 132 62 2 28 106 111 39 113 114 44 116 46 1 18 146 87 148 149 92 151 94 7 53 97 152 99 8 58 9 10 136 68 138 139 73 141 75 3 37 78 142 80 4 42 5 6 157 121 159 123 21 85 126 160 128 22 90 23 24 131 25 95 26 27 29 153 105 155 107 11 66 110 156 112 12 71 13 14 115 15 76 16 17 19 145 162 147 47 119 48 49 150 50 124 51 52 54 56 57 59 135 161 137 31 103 32 33 140 34 108 35 36 38 40 41 43 158 82 143 83 84 86 88 89 91 96 154 63 133 64 65 67 69 70 72 77 117 118 120 125 101 102 104 109 144 134 
62 46 94 99 100 9 75 80 81 5 123 128 129 23 131 132 26 2 28 29 107 112 113 13 115 116 16 1 18 19 147 148 48 150 151 51 7 53 54 152 56 8 58 59 10 61 137 138 32 140 141 35 3 37 38 142 40 4 42 43 6 45 158 159 83 21 85 86 160 88 22 90 91 24 93 25 95 96 27 98 30 154 155 64 11 66 67 156 69 12 71 72 14 74 15 76 77 17 79 20 162 117 47 119 120 49 122 50 124 125 52 127 55 57 130 60 161 101 31 103 104 33 106 34 108 109 36 111 39 41 114 44 82 143 144 84 146 87 89 149 92 97 63 133 134 65 136 68 70 139 73 78 118 157 121 126 102 153 105 110 145 135 
63 82 78 11 101 102 97 21 117 118 70 20 115 15 31 32 33 133 134 135 89 30 131 25 47 48 49 143 144 145 14 109 110 44 46 1 142 40 41 64 65 66 67 68 153 154 24 125 126 60 62 2 152 56 57 83 84 85 86 87 157 158 36 38 39 139 140 34 80 4 81 5 6 76 77 103 104 105 106 107 161 52 54 55 149 150 50 99 8 100 9 10 95 96 119 120 121 122 123 162 72 73 74 75 3 156 69 116 16 17 18 19 114 136 137 138 91 92 93 94 7 160 88 132 26 27 28 29 130 146 147 148 111 112 12 113 13 108 42 43 45 155 127 128 22 129 23 124 58 59 61 159 141 35 37 79 151 51 53 98 71 90 
64 83 43 101 103 104 59 117 119 120 112 77 79 80 32 133 134 65 136 137 128 96 98 99 48 143 144 84 146 147 140 141 35 19 114 115 44 116 16 66 67 102 153 154 105 155 150 151 51 29 130 131 60 132 26 85 86 118 157 158 121 159 75 156 69 12 71 72 45 46 78 142 40 4 42 33 106 107 135 161 31 94 160 88 22 90 91 61 62 97 152 56 8 58 49 122 123 145 162 47 113 13 34 108 109 36 111 20 81 5 15 76 17 68 138 63 129 23 50 124 125 52 127 30 100 9 25 95 27 87 148 82 3 37 38 70 139 73 1 18 41 11 7 53 54 89 149 92 2 28 57 21 14 74 110 6 24 93 126 10 39 55 
65 84 44 102 104 105 60 118 120 121 12 78 80 4 33 134 135 136 137 31 22 97 99 8 49 144 145 146 147 47 34 35 36 20 115 15 116 16 17 67 68 153 154 63 155 64 50 51 52 30 131 25 132 26 27 86 87 157 158 82 159 83 3 69 70 71 72 73 46 1 142 40 41 42 43 106 107 11 161 101 103 7 88 89 90 91 92 62 2 152 56 57 58 59 122 123 21 162 117 119 13 14 108 109 110 111 112 81 5 6 76 77 79 138 32 133 23 24 124 125 126 127 128 100 9 10 95 96 98 148 48 143 37 38 39 139 140 141 18 19 114 66 53 54 55 149 150 151 28 29 130 85 74 75 156 45 93 94 160 61 113 129 
66 85 18 103 33 106 28 119 49 122 37 42 6 45 133 65 136 67 68 138 53 58 10 61 143 84 146 86 87 148 71 14 74 76 17 79 19 20 81 102 153 104 105 155 107 11 90 24 93 95 27 98 29 30 100 118 157 120 121 159 123 21 108 36 111 38 39 113 41 114 43 44 116 46 1 134 135 161 137 31 32 124 52 127 54 55 129 57 130 59 60 132 62 2 144 145 162 147 47 48 70 139 72 73 141 75 3 77 78 142 80 4 5 154 63 64 89 149 91 92 151 94 7 96 97 152 99 8 9 158 82 83 109 110 156 112 12 13 115 15 16 101 125 126 160 128 22 23 131 25 26 117 140 34 35 40 150 50 51 56 69 88 
67 86 19 104 106 107 29 120 122 123 38 43 45 46 134 136 137 68 138 32 54 59 61 62 144 146 147 87 148 48 72 74 75 77 79 80 20 81 5 153 154 105 155 64 11 66 91 93 94 96 98 99 30 100 9 157 158 121 159 83 21 85 109 111 112 39 113 13 114 115 44 116 16 1 18 135 161 101 31 103 33 125 127 128 55 129 23 130 131 60 132 26 2 28 145 162 117 47 119 49 139 140 73 141 35 3 37 78 142 40 4 42 6 63 133 65 149 150 92 151 51 7 53 97 152 56 8 58 10 82 143 84 110 156 69 12 71 14 15 76 17 102 126 160 88 22 90 24 25 95 27 118 34 108 36 41 50 124 52 57 70 89 
68 87 20 105 107 11 30 121 123 21 39 44 46 1 135 137 31 138 32 33 55 60 62 2 145 147 47 148 48 49 73 75 3 78 80 4 81 5 6 154 63 155 64 65 66 67 92 94 7 97 99 8 100 9 10 158 82 159 83 84 85 86 110 112 12 113 13 14 115 15 116 16 17 18 19 161 101 102 103 104 106 126 128 22 129 23 24 131 25 132 26 27 28 29 162 117 118 119 120 122 140 34 141 35 36 37 38 142 40 41 42 43 45 133 134 136 150 50 151 51 52 53 54 152 56 57 58 59 61 143 144 146 156 69 70 71 72 74 76 77 79 153 160 88 89 90 91 93 95 96 98 157 108 109 111 114 124 125 127 130 139 149 
69 88 154 13 108 109 158 23 124 125 77 107 161 101 35 37 38 70 139 140 96 123 162 117 51 53 54 89 149 150 19 114 115 137 138 32 63 133 134 71 72 14 74 75 110 156 29 130 131 147 148 48 82 143 144 90 91 24 93 94 126 160 43 45 46 78 142 40 155 64 11 66 67 102 153 36 111 112 39 113 34 59 61 62 97 152 56 159 83 21 85 86 118 157 52 127 128 55 129 50 79 80 20 81 5 15 76 31 103 104 33 106 135 73 141 3 98 99 30 100 9 25 95 47 119 120 49 122 145 92 151 7 44 116 16 1 18 41 65 136 68 12 60 132 26 2 28 57 84 146 87 22 4 42 6 105 8 58 10 121 17 27 
70 89 63 14 109 110 82 24 125 126 78 11 101 102 36 38 39 139 140 34 97 21 117 118 52 54 55 149 150 50 20 115 15 31 32 33 133 134 135 72 73 74 75 3 156 69 30 131 25 47 48 49 143 144 145 91 92 93 94 7 160 88 44 46 1 142 40 41 64 65 66 67 68 153 154 111 112 12 113 13 108 60 62 2 152 56 57 83 84 85 86 87 157 158 127 128 22 129 23 124 80 4 81 5 6 76 77 103 104 105 106 107 161 141 35 37 99 8 100 9 10 95 96 119 120 121 122 123 162 151 51 53 116 16 17 18 19 114 136 137 138 71 132 26 27 28 29 130 146 147 148 90 42 43 45 155 58 59 61 159 79 98 
71 90 136 108 36 111 146 124 52 127 116 153 105 155 37 70 139 72 73 141 132 157 121 159 53 89 149 91 92 151 142 4 42 106 135 161 137 31 103 14 74 109 110 156 112 12 152 8 58 122 145 162 147 47 119 24 93 125 126 160 128 22 81 15 76 16 17 79 68 138 154 63 133 64 65 38 39 113 140 34 35 100 25 95 26 27 98 87 148 158 82 143 83 84 54 55 129 150 50 51 1 18 40 41 114 43 44 107 11 66 101 102 104 75 3 69 2 28 56 57 130 59 60 123 21 85 117 118 120 94 7 88 5 6 45 77 78 80 32 33 134 13 9 10 61 96 97 99 48 49 144 23 19 20 115 67 29 30 131 86 46 62 
72 91 137 109 111 112 147 125 127 128 16 154 155 64 38 139 140 73 141 35 26 158 159 83 54 149 150 92 151 51 40 42 43 107 161 101 31 103 104 74 75 110 156 69 12 71 56 58 59 123 162 117 47 119 120 93 94 126 160 88 22 90 5 76 77 17 79 80 138 32 63 133 134 65 136 39 113 13 34 108 36 9 95 96 27 98 99 148 48 82 143 144 84 146 55 129 23 50 124 52 18 19 41 114 115 44 116 11 66 67 102 153 105 3 37 70 28 29 57 130 131 60 132 21 85 86 118 157 121 7 53 89 6 45 46 78 142 4 33 106 135 14 10 61 62 97 152 8 49 122 145 24 20 81 15 68 30 100 25 87 1 2 
73 92 31 110 112 12 47 126 128 22 17 63 64 65 39 140 34 141 35 36 27 82 83 84 55 150 50 151 51 52 41 43 44 11 101 102 103 104 105 75 3 156 69 70 71 72 57 59 60 21 117 118 119 120 121 94 7 160 88 89 90 91 6 77 78 79 80 4 32 33 133 134 135 136 137 113 13 14 108 109 111 10 96 97 98 99 8 48 49 143 144 145 146 147 129 23 24 124 125 127 19 20 114 115 15 116 16 66 67 68 153 154 155 37 38 139 29 30 130 131 25 132 26 85 86 87 157 158 159 53 54 149 45 46 1 142 40 42 106 107 161 74 61 62 2 152 56 58 122 123 162 93 81 5 76 138 100 9 95 148 18 28 
74 93 106 111 39 113 122 127 55 129 45 136 68 138 139 73 141 75 3 37 61 146 87 148 149 92 151 94 7 53 79 20 81 153 105 155 107 11 66 110 156 112 12 71 13 14 98 30 100 157 121 159 123 21 85 126 160 128 22 90 23 24 114 44 116 46 1 18 135 161 137 31 103 32 33 140 34 108 35 36 38 130 60 132 62 2 28 145 162 147 47 119 48 49 150 50 124 51 52 54 78 142 80 4 42 5 6 154 63 133 64 65 67 69 70 72 97 152 99 8 58 9 10 158 82 143 83 84 86 88 89 91 115 15 76 16 17 19 101 102 104 109 131 25 95 26 27 29 117 118 120 125 40 41 43 134 56 57 59 144 77 96 
75 94 107 112 113 13 123 128 129 23 46 137 138 32 140 141 35 3 37 38 62 147 148 48 150 151 51 7 53 54 80 81 5 154 155 64 11 66 67 156 69 12 71 72 14 74 99 100 9 158 159 83 21 85 86 160 88 22 90 91 24 93 115 116 16 1 18 19 161 101 31 103 104 33 106 34 108 109 36 111 39 131 132 26 2 28 29 162 117 47 119 120 49 122 50 124 125 52 127 55 142 40 4 42 43 6 45 63 133 134 65 136 68 70 139 73 152 56 8 58 59 10 61 82 143 144 84 146 87 89 149 92 15 76 77 17 79 20 102 153 105 110 25 95 96 27 98 30 118 157 121 126 41 114 44 135 57 130 60 145 78 97 
76 95 156 18 41 114 160 28 57 130 153 113 34 108 42 6 45 77 78 142 157 129 50 124 58 10 61 96 97 152 106 135 161 141 3 37 69 70 139 17 79 19 20 81 115 15 122 145 162 151 7 53 88 89 149 27 98 29 30 100 131 25 136 68 138 154 63 133 12 71 13 14 74 109 110 43 44 116 46 1 40 146 87 148 158 82 143 22 90 23 24 93 125 126 59 60 132 62 2 56 105 155 107 11 66 101 102 35 36 111 38 39 140 80 4 5 121 159 123 21 85 117 118 51 52 127 54 55 150 99 8 9 137 31 103 32 33 134 72 73 75 16 147 47 119 48 49 144 91 92 94 26 64 65 67 112 83 84 86 128 104 120 
77 96 69 19 114 115 88 29 130 131 154 13 108 109 43 45 46 78 142 40 158 23 124 125 59 61 62 97 152 56 107 161 101 35 37 38 70 139 140 79 80 20 81 5 15 76 123 162 117 51 53 54 89 149 150 98 99 30 100 9 25 95 137 138 32 63 133 134 71 72 14 74 75 110 156 44 116 16 1 18 41 147 148 48 82 143 144 90 91 24 93 94 126 160 60 132 26 2 28 57 155 64 11 66 67 102 153 36 111 112 39 113 34 4 42 6 159 83 21 85 86 118 157 52 127 128 55 129 50 8 58 10 31 103 104 33 106 135 73 141 3 17 47 119 120 49 122 145 92 151 7 27 65 136 68 12 84 146 87 22 105 121 
78 97 70 20 115 15 89 30 131 25 63 14 109 110 44 46 1 142 40 41 82 24 125 126 60 62 2 152 56 57 11 101 102 36 38 39 139 140 34 80 4 81 5 6 76 77 21 117 118 52 54 55 149 150 50 99 8 100 9 10 95 96 31 32 33 133 134 135 72 73 74 75 3 156 69 116 16 17 18 19 114 47 48 49 143 144 145 91 92 93 94 7 160 88 132 26 27 28 29 130 64 65 66 67 68 153 154 111 112 12 113 13 108 42 43 45 83 84 85 86 87 157 158 127 128 22 129 23 124 58 59 61 103 104 105 106 107 161 141 35 37 79 119 120 121 122 123 162 151 51 53 98 136 137 138 71 146 147 148 90 155 159 
79 98 141 114 44 116 151 130 60 132 103 156 12 71 45 78 142 80 4 42 119 160 22 90 61 97 152 99 8 58 133 65 136 113 34 108 35 36 111 20 81 115 15 76 16 17 143 84 146 129 50 124 51 52 127 30 100 131 25 95 26 27 66 102 153 104 105 155 3 37 69 70 139 72 73 46 1 18 40 41 43 85 118 157 120 121 159 7 53 88 89 149 91 92 62 2 28 56 57 59 33 106 134 135 161 137 31 13 14 74 109 110 112 5 6 77 49 122 144 145 162 147 47 23 24 93 125 126 128 9 10 96 67 68 138 154 63 64 38 39 140 19 86 87 148 158 82 83 54 55 150 29 107 11 101 75 123 21 117 94 32 48 
80 99 35 115 116 16 51 131 132 26 104 69 71 72 46 142 40 4 42 43 120 88 90 91 62 152 56 8 58 59 134 136 137 13 108 109 36 111 112 81 5 15 76 77 17 79 144 146 147 23 124 125 52 127 128 100 9 25 95 96 27 98 67 153 154 105 155 64 37 38 70 139 140 73 141 1 18 19 41 114 44 86 157 158 121 159 83 53 54 89 149 150 92 151 2 28 29 57 130 60 106 107 135 161 101 31 103 14 74 75 110 156 12 6 45 78 122 123 145 162 117 47 119 24 93 94 126 160 22 10 61 97 68 138 32 63 133 65 39 113 34 20 87 148 48 82 143 84 55 129 50 30 11 66 102 3 21 85 118 7 33 49 
81 100 113 116 1 18 129 132 2 28 138 141 3 37 142 4 42 5 6 45 148 151 7 53 152 8 58 9 10 61 155 11 66 156 12 71 13 14 74 15 76 16 17 79 19 20 159 21 85 160 22 90 23 24 93 25 95 26 27 98 29 30 161 31 103 32 33 106 34 108 35 36 111 38 39 40 41 114 43 44 46 162 47 119 48 49 122 50 124 51 52 127 54 55 56 57 130 59 60 62 63 133 64 65 136 67 68 69 70 139 72 73 75 77 78 80 82 143 83 84 146 86 87 88 89 149 91 92 94 96 97 99 101 102 153 104 105 107 109 110 112 115 117 118 157 120 121 123 125 126 128 131 134 135 137 140 144 145 147 150 154 158 
82 63 97 21 117 118 78 11 101 102 89 30 131 25 47 48 49 143 144 145 70 20 115 15 31 32 33 133 134 135 24 125 126 60 62 2 152 56 57 83 84 85 86 87 157 158 14 109 110 44 46 1 142 40 41 64 65 66 67 68 153 154 52 54 55 149 150 50 99 8 100 9 10 95 96 119 120 121 122 123 162 36 38 39 139 140 34 80 4 81 5 6 76 77 103 104 105 106 107 161 91 92 93 94 7 160 88 132 26 27 28 29 130 146 147 148 72 73 74 75 3 156 69 116 16 17 18 19 114 136 137 138 127 128 22 129 23 124 58 59 61 159 111 112 12 113 13 108 42 43 45 155 151 51 53 98 141 35 37 79 90 71 
83 64 59 117 119 120 43 101 103 104 128 96 98 99 48 143 144 84 146 147 112 77 79 80 32 133 134 65 136 137 150 151 51 29 130 131 60 132 26 85 86 118 157 158 121 159 140 141 35 19 114 115 44 116 16 66 67 102 153 154 105 155 94 160 88 22 90 91 61 62 97 152 56 8 58 49 122 123 145 162 47 75 156 69 12 71 72 45 46 78 142 40 4 42 33 106 107 135 161 31 129 23 50 124 125 52 127 30 100 9 25 95 27 87 148 82 113 13 34 108 109 36 111 20 81 5 15 76 17 68 138 63 7 53 54 89 149 92 2 28 57 21 3 37 38 70 139 73 1 18 41 11 24 93 126 10 14 74 110 6 55 39 
84 65 60 118 120 121 44 102 104 105 22 97 99 8 49 144 145 146 147 47 12 78 80 4 33 134 135 136 137 31 50 51 52 30 131 25 132 26 27 86 87 157 158 82 159 83 34 35 36 20 115 15 116 16 17 67 68 153 154 63 155 64 7 88 89 90 91 92 62 2 152 56 57 58 59 122 123 21 162 117 119 3 69 70 71 72 73 46 1 142 40 41 42 43 106 107 11 161 101 103 23 24 124 125 126 127 128 100 9 10 95 96 98 148 48 143 13 14 108 109 110 111 112 81 5 6 76 77 79 138 32 133 53 54 55 149 150 151 28 29 130 85 37 38 39 139 140 141 18 19 114 66 93 94 160 61 74 75 156 45 129 113 
85 66 28 119 49 122 18 103 33 106 53 58 10 61 143 84 146 86 87 148 37 42 6 45 133 65 136 67 68 138 90 24 93 95 27 98 29 30 100 118 157 120 121 159 123 21 71 14 74 76 17 79 19 20 81 102 153 104 105 155 107 11 124 52 127 54 55 129 57 130 59 60 132 62 2 144 145 162 147 47 48 108 36 111 38 39 113 41 114 43 44 116 46 1 134 135 161 137 31 32 89 149 91 92 151 94 7 96 97 152 99 8 9 158 82 83 70 139 72 73 141 75 3 77 78 142 80 4 5 154 63 64 125 126 160 128 22 23 131 25 26 117 109 110 156 112 12 13 115 15 16 101 150 50 51 56 140 34 35 40 88 69 
86 67 29 120 122 123 19 104 106 107 54 59 61 62 144 146 147 87 148 48 38 43 45 46 134 136 137 68 138 32 91 93 94 96 98 99 30 100 9 157 158 121 159 83 21 85 72 74 75 77 79 80 20 81 5 153 154 105 155 64 11 66 125 127 128 55 129 23 130 131 60 132 26 2 28 145 162 117 47 119 49 109 111 112 39 113 13 114 115 44 116 16 1 18 135 161 101 31 103 33 149 150 92 151 51 7 53 97 152 56 8 58 10 82 143 84 139 140 73 141 35 3 37 78 142 40 4 42 6 63 133 65 126 160 88 22 90 24 25 95 27 118 110 156 69 12 71 14 15 76 17 102 50 124 52 57 34 108 36 41 89 70 
87 68 30 121 123 21 20 105 107 11 55 60 62 2 145 147 47 148 48 49 39 44 46 1 135 137 31 138 32 33 92 94 7 97 99 8 100 9 10 158 82 159 83 84 85 86 73 75 3 78 80 4 81 5 6 154 63 155 64 65 66 67 126 128 22 129 23 24 131 25 132 26 27 28 29 162 117 118 119 120 122 110 112 12 113 13 14 115 15 116 16 17 18 19 161 101 102 103 104 106 150 50 151 51 52 53 54 152 56 57 58 59 61 143 144 146 140 34 141 35 36 37 38 142 40 41 42 43 45 133 134 136 160 88 89 90 91 93 95 96 98 157 156 69 70 71 72 74 76 77 79 153 124 125 127 130 108 109 111 114 149 139 
88 69 158 23 124 125 154 13 108 109 96 123 162 117 51 53 54 89 149 150 77 107 161 101 35 37 38 70 139 140 29 130 131 147 148 48 82 143 144 90 91 24 93 94 126 160 19 114 115 137 138 32 63 133 134 71 72 14 74 75 110 156 59 61 62 97 152 56 159 83 21 85 86 118 157 52 127 128 55 129 50 43 45 46 78 142 40 155 64 11 66 67 102 153 36 111 112 39 113 34 98 99 30 100 9 25 95 47 119 120 49 122 145 92 151 7 79 80 20 81 5 15 76 31 103 104 33 106 135 73 141 3 60 132 26 2 28 57 84 146 87 22 44 116 16 1 18 41 65 136 68 12 8 58 10 121 4 42 6 105 27 17 
89 70 82 24 125 126 63 14 109 110 97 21 117 118 52 54 55 149 150 50 78 11 101 102 36 38 39 139 140 34 30 131 25 47 48 49 143 144 145 91 92 93 94 7 160 88 20 115 15 31 32 33 133 134 135 72 73 74 75 3 156 69 60 62 2 152 56 57 83 84 85 86 87 157 158 127 128 22 129 23 124 44 46 1 142 40 41 64 65 66 67 68 153 154 111 112 12 113 13 108 99 8 100 9 10 95 96 119 120 121 122 123 162 151 51 53 80 4 81 5 6 76 77 103 104 105 106 107 161 141 35 37 132 26 27 28 29 130 146 147 148 90 116 16 17 18 19 114 136 137 138 71 58 59 61 159 42 43 45 155 98 79 
90 71 146 124 52 127 136 108 36 111 132 157 121 159 53 89 149 91 92 151 116 153 105 155 37 70 139 72 73 141 152 8 58 122 145 162 147 47 119 24 93 125 126 160 128 22 142 4 42 106 135 161 137 31 103 14 74 109 110 156 112 12 100 25 95 26 27 98 87 148 158 82 143 83 84 54 55 129 150 50 51 81 15 76 16 17 79 68 138 154 63 133 64 65 38 39 113 140 34 35 2 28 56 57 130 59 60 123 21 85 117 118 120 94 7 88 1 18 40 41 114 43 44 107 11 66 101 102 104 75 3 69 9 10 61 96 97 99 48 49 144 23 5 6 45 77 78 80 32 33 134 13 29 30 131 86 19 20 115 67 62 46 
91 72 147 125 127 128 137 109 111 112 26 158 159 83 54 149 150 92 151 51 16 154 155 64 38 139 140 73 141 35 56 58 59 123 162 117 47 119 120 93 94 126 160 88 22 90 40 42 43 107 161 101 31 103 104 74 75 110 156 69 12 71 9 95 96 27 98 99 148 48 82 143 144 84 146 55 129 23 50 124 52 5 76 77 17 79 80 138 32 63 133 134 65 136 39 113 13 34 108 36 28 29 57 130 131 60 132 21 85 86 118 157 121 7 53 89 18 19 41 114 115 44 116 11 66 67 102 153 105 3 37 70 10 61 62 97 152 8 49 122 145 24 6 45 46 78 142 4 33 106 135 14 30 100 25 87 20 81 15 68 2 1 
92 73 47 126 128 22 31 110 112 12 27 82 83 84 55 150 50 151 51 52 17 63 64 65 39 140 34 141 35 36 57 59 60 21 117 118 119 120 121 94 7 160 88 89 90 91 41 43 44 11 101 102 103 104 105 75 3 156 69 70 71 72 10 96 97 98 99 8 48 49 143 144 145 146 147 129 23 24 124 125 127 6 77 78 79 80 4 32 33 133 134 135 136 137 113 13 14 108 109 111 29 30 130 131 25 132 26 85 86 87 157 158 159 53 54 149 19 20 114 115 15 116 16 66 67 68 153 154 155 37 38 139 61 62 2 152 56 58 122 123 162 93 45 46 1 142 40 42 106 107 161 74 100 9 95 148 81 5 76 138 28 18 
93 74 122 127 55 129 106 111 39 113 61 146 87 148 149 92 151 94 7 53 45 136 68 138 139 73 141 75 3 37 98 30 100 157 121 159 123 21 85 126 160 128 22 90 23 24 79 20 81 153 105 155 107 11 66 110 156 112 12 71 13 14 130 60 132 62 2 28 145 162 147 47 119 48 49 150 50 124 51 52 54 114 44 116 46 1 18 135 161 137 31 103 32 33 140 34 108 35 36 38 97 152 99 8 58 9 10 158 82 143 83 84 86 88 89 91 78 142 80 4 42 5 6 154 63 133 64 65 67 69 70 72 131 25 95 26 27 29 117 118 120 125 115 15 76 16 17 19 101 102 104 109 56 57 59 144 40 41 43 134 96 77 
94 75 123 128 129 23 107 112 113 13 62 147 148 48 150 151 51 7 53 54 46 137 138 32 140 141 35 3 37 38 99 100 9 158 159 83 21 85 86 160 88 22 90 91 24 93 80 81 5 154 155 64 11 66 67 156 69 12 71 72 14 74 131 132 26 2 28 29 162 117 47 119 120 49 122 50 124 125 52 127 55 115 116 16 1 18 19 161 101 31 103 104 33 106 34 108 109 36 111 39 152 56 8 58 59 10 61 82 143 144 84 146 87 89 149 92 142 40 4 42 43 6 45 63 133 134 65 136 68 70 139 73 25 95 96 27 98 30 118 157 121 126 15 76 77 17 79 20 102 153 105 110 57 130 60 145 41 114 44 135 97 78 
95 76 160 28 57 130 156 18 41 114 157 129 50 124 58 10 61 96 97 152 153 113 34 108 42 6 45 77 78 142 122 145 162 151 7 53 88 89 149 27 98 29 30 100 131 25 106 135 161 141 3 37 69 70 139 17 79 19 20 81 115 15 146 87 148 158 82 143 22 90 23 24 93 125 126 59 60 132 62 2 56 136 68 138 154 63 133 12 71 13 14 74 109 110 43 44 116 46 1 40 121 159 123 21 85 117 118 51 52 127 54 55 150 99 8 9 105 155 107 11 66 101 102 35 36 111 38 39 140 80 4 5 147 47 119 48 49 144 91 92 94 26 137 31 103 32 33 134 72 73 75 16 83 84 86 128 64 65 67 112 120 104 
96 77 88 29 130 131 69 19 114 115 158 23 124 125 59 61 62 97 152 56 154 13 108 109 43 45 46 78 142 40 123 162 117 51 53 54 89 149 150 98 99 30 100 9 25 95 107 161 101 35 37 38 70 139 140 79 80 20 81 5 15 76 147 148 48 82 143 144 90 91 24 93 94 126 160 60 132 26 2 28 57 137 138 32 63 133 134 71 72 14 74 75 110 156 44 116 16 1 18 41 159 83 21 85 86 118 157 52 127 128 55 129 50 8 58 10 155 64 11 66 67 102 153 36 111 112 39 113 34 4 42 6 47 119 120 49 122 145 92 151 7 27 31 103 104 33 106 135 73 141 3 17 84 146 87 22 65 136 68 12 121 105 
97 78 89 30 131 25 70 20 115 15 82 24 125 126 60 62 2 152 56 57 63 14 109 110 44 46 1 142 40 41 21 117 118 52 54 55 149 150 50 99 8 100 9 10 95 96 11 101 102 36 38 39 139 140 34 80 4 81 5 6 76 77 47 48 49 143 144 145 91 92 93 94 7 160 88 132 26 27 28 29 130 31 32 33 133 134 135 72 73 74 75 3 156 69 116 16 17 18 19 114 83 84 85 86 87 157 158 127 128 22 129 23 124 58 59 61 64 65 66 67 68 153 154 111 112 12 113 13 108 42 43 45 119 120 121 122 123 162 151 51 53 98 103 104 105 106 107 161 141 35 37 79 146 147 148 90 136 137 138 71 159 155 
98 79 151 130 60 132 141 114 44 116 119 160 22 90 61 97 152 99 8 58 103 156 12 71 45 78 142 80 4 42 143 84 146 129 50 124 51 52 127 30 100 131 25 95 26 27 133 65 136 113 34 108 35 36 111 20 81 115 15 76 16 17 85 118 157 120 121 159 7 53 88 89 149 91 92 62 2 28 56 57 59 66 102 153 104 105 155 3 37 69 70 139 72 73 46 1 18 40 41 43 49 122 144 145 162 147 47 23 24 93 125 126 128 9 10 96 33 106 134 135 161 137 31 13 14 74 109 110 112 5 6 77 86 87 148 158 82 83 54 55 150 29 67 68 138 154 63 64 38 39 140 19 123 21 117 94 107 11 101 75 48 32 
99 80 51 131 132 26 35 115 116 16 120 88 90 91 62 152 56 8 58 59 104 69 71 72 46 142 40 4 42 43 144 146 147 23 124 125 52 127 128 100 9 25 95 96 27 98 134 136 137 13 108 109 36 111 112 81 5 15 76 77 17 79 86 157 158 121 159 83 53 54 89 149 150 92 151 2 28 29 57 130 60 67 153 154 105 155 64 37 38 70 139 140 73 141 1 18 19 41 114 44 122 123 145 162 117 47 119 24 93 94 126 160 22 10 61 97 106 107 135 161 101 31 103 14 74 75 110 156 12 6 45 78 87 148 48 82 143 84 55 129 50 30 68 138 32 63 133 65 39 113 34 20 21 85 118 7 11 66 102 3 49 33 
100 81 129 132 2 28 113 116 1 18 148 151 7 53 152 8 58 9 10 61 138 141 3 37 142 4 42 5 6 45 159 21 85 160 22 90 23 24 93 25 95 26 27 98 29 30 155 11 66 156 12 71 13 14 74 15 76 16 17 79 19 20 162 47 119 48 49 122 50 124 51 52 127 54 55 56 57 130 59 60 62 161 31 103 32 33 106 34 108 35 36 111 38 39 40 41 114 43 44 46 82 143 83 84 146 86 87 88 89 149 91 92 94 96 97 99 63 133 64 65 136 67 68 69 70 139 72 73 75 77 78 80 117 118 157 120 121 123 125 126 128 131 101 102 153 104 105 107 109 110 112 115 144 145 147 150 134 135 137 140 158 154 
101 117 115 32 133 134 131 48 143 144 109 46 142 40 64 66 67 102 153 154 125 62 152 56 83 85 86 118 157 158 38 139 140 80 81 5 15 76 77 103 104 33 106 107 135 161 54 149 150 99 100 9 25 95 96 119 120 49 122 123 145 162 72 74 75 110 156 69 116 16 1 18 19 41 114 65 136 137 68 138 63 91 93 94 126 160 88 132 26 2 28 29 57 130 84 146 147 87 148 82 111 112 39 113 13 34 108 4 42 43 6 45 78 105 155 11 127 128 55 129 23 50 124 8 58 59 10 61 97 121 159 21 73 141 35 3 37 70 17 79 20 31 92 151 51 7 53 89 27 98 30 47 12 71 14 44 22 90 24 60 36 52 
102 118 15 33 134 135 25 49 144 145 110 1 40 41 65 67 68 153 154 63 126 2 56 57 84 86 87 157 158 82 39 140 34 4 5 6 76 77 78 104 105 106 107 11 161 101 55 150 50 8 9 10 95 96 97 120 121 122 123 21 162 117 73 75 3 156 69 70 16 17 18 19 20 114 115 136 137 31 138 32 133 92 94 7 160 88 89 26 27 28 29 30 130 131 146 147 47 148 48 143 112 12 113 13 14 108 109 42 43 44 45 46 142 155 64 66 128 22 129 23 24 124 125 58 59 60 61 62 152 159 83 85 141 35 36 37 38 139 79 80 81 103 151 51 52 53 54 149 98 99 100 119 71 72 74 116 90 91 93 132 111 127 
103 119 79 133 65 136 98 143 84 146 141 114 44 116 66 102 153 104 105 155 151 130 60 132 85 118 157 120 121 159 156 12 71 45 78 142 80 4 42 33 106 134 135 161 137 31 160 22 90 61 97 152 99 8 58 49 122 144 145 162 147 47 113 34 108 35 36 111 20 81 115 15 76 16 17 67 68 138 154 63 64 129 50 124 51 52 127 30 100 131 25 95 26 27 86 87 148 158 82 83 3 37 69 70 139 72 73 46 1 18 40 41 43 107 11 101 7 53 88 89 149 91 92 62 2 28 56 57 59 123 21 117 13 14 74 109 110 112 5 6 77 32 23 24 93 125 126 128 9 10 96 48 38 39 140 19 54 55 150 29 75 94 
104 120 80 134 136 137 99 144 146 147 35 115 116 16 67 153 154 105 155 64 51 131 132 26 86 157 158 121 159 83 69 71 72 46 142 40 4 42 43 106 107 135 161 101 31 103 88 90 91 62 152 56 8 58 59 122 123 145 162 117 47 119 13 108 109 36 111 112 81 5 15 76 77 17 79 68 138 32 63 133 65 23 124 125 52 127 128 100 9 25 95 96 27 98 87 148 48 82 143 84 37 38 70 139 140 73 141 1 18 19 41 114 44 11 66 102 53 54 89 149 150 92 151 2 28 29 57 130 60 21 85 118 14 74 75 110 156 12 6 45 78 33 24 93 94 126 160 22 10 61 97 49 39 113 34 20 55 129 50 30 3 7 
105 121 4 135 137 31 8 145 147 47 36 15 16 17 68 154 63 155 64 65 52 25 26 27 87 158 82 159 83 84 70 72 73 1 40 41 42 43 44 107 11 161 101 102 103 104 89 91 92 2 56 57 58 59 60 123 21 162 117 118 119 120 14 109 110 111 112 12 5 6 76 77 78 79 80 138 32 33 133 134 136 24 125 126 127 128 22 9 10 95 96 97 98 99 148 48 49 143 144 146 38 39 139 140 34 141 35 18 19 20 114 115 116 66 67 153 54 55 149 150 50 151 51 28 29 30 130 131 132 85 86 157 74 75 3 156 69 71 45 46 142 106 93 94 7 160 88 90 61 62 152 122 113 13 108 81 129 23 124 100 37 53 
106 122 45 136 68 138 61 146 87 148 74 79 20 81 153 105 155 107 11 66 93 98 30 100 157 121 159 123 21 85 111 39 113 114 44 116 46 1 18 135 161 137 31 103 32 33 127 55 129 130 60 132 62 2 28 145 162 147 47 119 48 49 139 73 141 75 3 37 78 142 80 4 42 5 6 154 63 133 64 65 67 149 92 151 94 7 53 97 152 99 8 58 9 10 158 82 143 83 84 86 110 156 112 12 71 13 14 115 15 76 16 17 19 101 102 104 126 160 128 22 90 23 24 131 25 95 26 27 29 117 118 120 140 34 108 35 36 38 40 41 43 134 150 50 124 51 52 54 56 57 59 144 69 70 72 77 88 89 91 96 109 125 
107 123 46 137 138 32 62 147 148 48 75 80 81 5 154 155 64 11 66 67 94 99 100 9 158 159 83 21 85 86 112 113 13 115 116 16 1 18 19 161 101 31 103 104 33 106 128 129 23 131 132 26 2 28 29 162 117 47 119 120 49 122 140 141 35 3 37 38 142 40 4 42 43 6 45 63 133 134 65 136 68 150 151 51 7 53 54 152 56 8 58 59 10 61 82 143 144 84 146 87 156 69 12 71 72 14 74 15 76 77 17 79 20 102 153 105 160 88 22 90 91 24 93 25 95 96 27 98 30 118 157 121 34 108 109 36 111 39 41 114 44 135 50 124 125 52 127 55 57 130 60 145 70 139 73 78 89 149 92 97 110 126 
108 124 161 37 70 139 162 53 89 149 114 138 63 133 71 14 74 109 110 156 130 148 82 143 90 24 93 125 126 160 45 78 142 155 11 66 101 102 153 36 111 38 39 113 140 34 61 97 152 159 21 85 117 118 157 52 127 54 55 129 150 50 79 20 81 115 15 76 31 103 32 33 106 134 135 72 73 141 75 3 69 98 30 100 131 25 95 47 119 48 49 122 144 145 91 92 151 94 7 88 44 116 46 1 18 40 41 64 65 136 67 68 154 112 12 13 60 132 62 2 28 56 57 83 84 146 86 87 158 128 22 23 80 4 42 5 6 77 104 105 107 35 99 8 58 9 10 96 120 121 123 51 16 17 19 137 26 27 29 147 43 59 
109 125 101 38 139 140 117 54 149 150 115 32 133 134 72 74 75 110 156 69 131 48 143 144 91 93 94 126 160 88 46 142 40 64 66 67 102 153 154 111 112 39 113 13 34 108 62 152 56 83 85 86 118 157 158 127 128 55 129 23 50 124 80 81 5 15 76 77 103 104 33 106 107 135 161 73 141 35 3 37 70 99 100 9 25 95 96 119 120 49 122 123 145 162 92 151 51 7 53 89 116 16 1 18 19 41 114 65 136 137 68 138 63 12 71 14 132 26 2 28 29 57 130 84 146 147 87 148 82 22 90 24 4 42 43 6 45 78 105 155 11 36 8 58 59 10 61 97 121 159 21 52 17 79 20 31 27 98 30 47 44 60 
110 126 102 39 140 34 118 55 150 50 15 33 134 135 73 75 3 156 69 70 25 49 144 145 92 94 7 160 88 89 1 40 41 65 67 68 153 154 63 112 12 113 13 14 108 109 2 56 57 84 86 87 157 158 82 128 22 129 23 24 124 125 4 5 6 76 77 78 104 105 106 107 11 161 101 141 35 36 37 38 139 8 9 10 95 96 97 120 121 122 123 21 162 117 151 51 52 53 54 149 16 17 18 19 20 114 115 136 137 31 138 32 133 71 72 74 26 27 28 29 30 130 131 146 147 47 148 48 143 90 91 93 42 43 44 45 46 142 155 64 66 111 58 59 60 61 62 152 159 83 85 127 79 80 81 103 98 99 100 119 116 132 
111 127 155 139 73 141 159 149 92 151 42 161 31 103 74 110 156 112 12 71 58 162 47 119 93 126 160 128 22 90 76 17 79 138 63 133 64 65 136 39 113 140 34 108 35 36 95 27 98 148 82 143 83 84 146 55 129 150 50 124 51 52 18 41 114 43 44 116 11 66 101 102 153 104 105 75 3 37 69 70 72 28 57 130 59 60 132 21 85 117 118 157 120 121 94 7 53 88 89 91 6 45 77 78 142 80 4 32 33 106 134 135 137 13 14 109 10 61 96 97 152 99 8 48 49 122 144 145 147 23 24 125 19 20 81 115 15 16 67 68 154 38 29 30 100 131 25 26 86 87 158 54 46 1 40 107 62 2 56 123 5 9 
112 128 64 140 141 35 83 150 151 51 43 101 103 104 75 156 69 12 71 72 59 117 119 120 94 160 88 22 90 91 77 79 80 32 133 134 65 136 137 113 13 34 108 109 36 111 96 98 99 48 143 144 84 146 147 129 23 50 124 125 52 127 19 114 115 44 116 16 66 67 102 153 154 105 155 3 37 38 70 139 73 29 130 131 60 132 26 85 86 118 157 158 121 159 7 53 54 89 149 92 45 46 78 142 40 4 42 33 106 107 135 161 31 14 74 110 61 62 97 152 56 8 58 49 122 123 145 162 47 24 93 126 20 81 5 15 76 17 68 138 63 39 30 100 9 25 95 27 87 148 82 55 1 18 41 11 2 28 57 21 6 10 
113 129 138 141 3 37 148 151 7 53 81 155 11 66 156 12 71 13 14 74 100 159 21 85 160 22 90 23 24 93 116 1 18 161 31 103 32 33 106 34 108 35 36 111 38 39 132 2 28 162 47 119 48 49 122 50 124 51 52 127 54 55 142 4 42 5 6 45 63 133 64 65 136 67 68 69 70 139 72 73 75 152 8 58 9 10 61 82 143 83 84 146 86 87 88 89 149 91 92 94 15 76 16 17 79 19 20 101 102 153 104 105 107 109 110 112 25 95 26 27 98 29 30 117 118 157 120 121 123 125 126 128 40 41 114 43 44 46 134 135 137 140 56 57 130 59 60 62 144 145 147 150 77 78 80 154 96 97 99 158 115 131 
114 130 108 45 78 142 124 61 97 152 161 37 70 139 79 20 81 115 15 76 162 53 89 149 98 30 100 131 25 95 138 63 133 71 14 74 109 110 156 44 116 46 1 18 40 41 148 82 143 90 24 93 125 126 160 60 132 62 2 28 56 57 155 11 66 101 102 153 36 111 38 39 113 140 34 80 4 42 5 6 77 159 21 85 117 118 157 52 127 54 55 129 150 50 99 8 58 9 10 96 31 103 32 33 106 134 135 72 73 141 75 3 69 16 17 19 47 119 48 49 122 144 145 91 92 151 94 7 88 26 27 29 64 65 136 67 68 154 112 12 13 43 83 84 146 86 87 158 128 22 23 59 104 105 107 35 120 121 123 51 137 147 
115 131 109 46 142 40 125 62 152 56 101 38 139 140 80 81 5 15 76 77 117 54 149 150 99 100 9 25 95 96 32 133 134 72 74 75 110 156 69 116 16 1 18 19 41 114 48 143 144 91 93 94 126 160 88 132 26 2 28 29 57 130 64 66 67 102 153 154 111 112 39 113 13 34 108 4 42 43 6 45 78 83 85 86 118 157 158 127 128 55 129 23 50 124 8 58 59 10 61 97 103 104 33 106 107 135 161 73 141 35 3 37 70 17 79 20 119 120 49 122 123 145 162 92 151 51 7 53 89 27 98 30 65 136 137 68 138 63 12 71 14 44 84 146 147 87 148 82 22 90 24 60 105 155 11 36 121 159 21 52 31 47 
116 132 71 142 4 42 90 152 8 58 136 108 36 111 81 15 76 16 17 79 146 124 52 127 100 25 95 26 27 98 153 105 155 37 70 139 72 73 141 1 18 40 41 114 43 44 157 121 159 53 89 149 91 92 151 2 28 56 57 130 59 60 106 135 161 137 31 103 14 74 109 110 156 112 12 5 6 45 77 78 80 122 145 162 147 47 119 24 93 125 126 160 128 22 9 10 61 96 97 99 68 138 154 63 133 64 65 38 39 113 140 34 35 19 20 115 87 148 158 82 143 83 84 54 55 129 150 50 51 29 30 131 107 11 66 101 102 104 75 3 69 46 123 21 85 117 118 120 94 7 88 62 32 33 134 13 48 49 144 23 67 86 
117 101 131 48 143 144 115 32 133 134 125 62 152 56 83 85 86 118 157 158 109 46 142 40 64 66 67 102 153 154 54 149 150 99 100 9 25 95 96 119 120 49 122 123 145 162 38 139 140 80 81 5 15 76 77 103 104 33 106 107 135 161 91 93 94 126 160 88 132 26 2 28 29 57 130 84 146 147 87 148 82 72 74 75 110 156 69 116 16 1 18 19 41 114 65 136 137 68 138 63 127 128 55 129 23 50 124 8 58 59 10 61 97 121 159 21 111 112 39 113 13 34 108 4 42 43 6 45 78 105 155 11 92 151 51 7 53 89 27 98 30 47 73 141 35 3 37 70 17 79 20 31 22 90 24 60 12 71 14 44 52 36 
118 102 25 49 144 145 15 33 134 135 126 2 56 57 84 86 87 157 158 82 110 1 40 41 65 67 68 153 154 63 55 150 50 8 9 10 95 96 97 120 121 122 123 21 162 117 39 140 34 4 5 6 76 77 78 104 105 106 107 11 161 101 92 94 7 160 88 89 26 27 28 29 30 130 131 146 147 47 148 48 143 73 75 3 156 69 70 16 17 18 19 20 114 115 136 137 31 138 32 133 128 22 129 23 24 124 125 58 59 60 61 62 152 159 83 85 112 12 113 13 14 108 109 42 43 44 45 46 142 155 64 66 151 51 52 53 54 149 98 99 100 119 141 35 36 37 38 139 79 80 81 103 90 91 93 132 71 72 74 116 127 111 
119 103 98 143 84 146 79 133 65 136 151 130 60 132 85 118 157 120 121 159 141 114 44 116 66 102 153 104 105 155 160 22 90 61 97 152 99 8 58 49 122 144 145 162 147 47 156 12 71 45 78 142 80 4 42 33 106 134 135 161 137 31 129 50 124 51 52 127 30 100 131 25 95 26 27 86 87 148 158 82 83 113 34 108 35 36 111 20 81 115 15 76 16 17 67 68 138 154 63 64 7 53 88 89 149 91 92 62 2 28 56 57 59 123 21 117 3 37 69 70 139 72 73 46 1 18 40 41 43 107 11 101 23 24 93 125 126 128 9 10 96 48 13 14 74 109 110 112 5 6 77 32 54 55 150 29 38 39 140 19 94 75 
120 104 99 144 146 147 80 134 136 137 51 131 132 26 86 157 158 121 159 83 35 115 116 16 67 153 154 105 155 64 88 90 91 62 152 56 8 58 59 122 123 145 162 117 47 119 69 71 72 46 142 40 4 42 43 106 107 135 161 101 31 103 23 124 125 52 127 128 100 9 25 95 96 27 98 87 148 48 82 143 84 13 108 109 36 111 112 81 5 15 76 77 17 79 68 138 32 63 133 65 53 54 89 149 150 92 151 2 28 29 57 130 60 21 85 118 37 38 70 139 140 73 141 1 18 19 41 114 44 11 66 102 24 93 94 126 160 22 10 61 97 49 14 74 75 110 156 12 6 45 78 33 55 129 50 30 39 113 34 20 7 3 
121 105 8 145 147 47 4 135 137 31 52 25 26 27 87 158 82 159 83 84 36 15 16 17 68 154 63 155 64 65 89 91 92 2 56 57 58 59 60 123 21 162 117 118 119 120 70 72 73 1 40 41 42 43 44 107 11 161 101 102 103 104 24 125 126 127 128 22 9 10 95 96 97 98 99 148 48 49 143 144 146 14 109 110 111 112 12 5 6 76 77 78 79 80 138 32 33 133 134 136 54 55 149 150 50 151 51 28 29 30 130 131 132 85 86 157 38 39 139 140 34 141 35 18 19 20 114 115 116 66 67 153 93 94 7 160 88 90 61 62 152 122 74 75 3 156 69 71 45 46 142 106 129 23 124 100 113 13 108 81 53 37 
122 106 61 146 87 148 45 136 68 138 93 98 30 100 157 121 159 123 21 85 74 79 20 81 153 105 155 107 11 66 127 55 129 130 60 132 62 2 28 145 162 147 47 119 48 49 111 39 113 114 44 116 46 1 18 135 161 137 31 103 32 33 149 92 151 94 7 53 97 152 99 8 58 9 10 158 82 143 83 84 86 139 73 141 75 3 37 78 142 80 4 42 5 6 154 63 133 64 65 67 126 160 128 22 90 23 24 131 25 95 26 27 29 117 118 120 110 156 112 12 71 13 14 115 15 76 16 17 19 101 102 104 150 50 124 51 52 54 56 57 59 144 140 34 108 35 36 38 40 41 43 134 88 89 91 96 69 70 72 77 125 109 
123 107 62 147 148 48 46 137 138 32 94 99 100 9 158 159 83 21 85 86 75 80 81 5 154 155 64 11 66 67 128 129 23 131 132 26 2 28 29 162 117 47 119 120 49 122 112 113 13 115 116 16 1 18 19 161 101 31 103 104 33 106 150 151 51 7 53 54 152 56 8 58 59 10 61 82 143 144 84 146 87 140 141 35 3 37 38 142 40 4 42 43 6 45 63 133 134 65 136 68 160 88 22 90 91 24 93 25 95 96 27 98 30 118 157 121 156 69 12 71 72 14 74 15 76 77 17 79 20 102 153 105 50 124 125 52 127 55 57 130 60 145 34 108 109 36 111 39 41 114 44 135 89 149 92 97 70 139 73 78 126 110 
124 108 162 53 89 149 161 37 70 139 130 148 82 143 90 24 93 125 126 160 114 138 63 133 71 14 74 109 110 156 61 97 152 159 21 85 117 118 157 52 127 54 55 129 150 50 45 78 142 155 11 66 101 102 153 36 111 38 39 113 140 34 98 30 100 131 25 95 47 119 48 49 122 144 145 91 92 151 94 7 88 79 20 81 115 15 76 31 103 32 33 106 134 135 72 73 141 75 3 69 60 132 62 2 28 56 57 83 84 146 86 87 158 128 22 23 44 116 46 1 18 40 41 64 65 136 67 68 154 112 12 13 99 8 58 9 10 96 120 121 123 51 80 4 42 5 6 77 104 105 107 35 26 27 29 147 16 17 19 137 59 43 
125 109 117 54 149 150 101 38 139 140 131 48 143 144 91 93 94 126 160 88 115 32 133 134 72 74 75 110 156 69 62 152 56 83 85 86 118 157 158 127 128 55 129 23 50 124 46 142 40 64 66 67 102 153 154 111 112 39 113 13 34 108 99 100 9 25 95 96 119 120 49 122 123 145 162 92 151 51 7 53 89 80 81 5 15 76 77 103 104 33 106 107 135 161 73 141 35 3 37 70 132 26 2 28 29 57 130 84 146 147 87 148 82 22 90 24 116 16 1 18 19 41 114 65 136 137 68 138 63 12 71 14 8 58 59 10 61 97 121 159 21 52 4 42 43 6 45 78 105 155 11 36 27 98 30 47 17 79 20 31 60 44 
126 110 118 55 150 50 102 39 140 34 25 49 144 145 92 94 7 160 88 89 15 33 134 135 73 75 3 156 69 70 2 56 57 84 86 87 157 158 82 128 22 129 23 24 124 125 1 40 41 65 67 68 153 154 63 112 12 113 13 14 108 109 8 9 10 95 96 97 120 121 122 123 21 162 117 151 51 52 53 54 149 4 5 6 76 77 78 104 105 106 107 11 161 101 141 35 36 37 38 139 26 27 28 29 30 130 131 146 147 47 148 48 143 90 91 93 16 17 18 19 20 114 115 136 137 31 138 32 133 71 72 74 58 59 60 61 62 152 159 83 85 127 42 43 44 45 46 142 155 64 66 111 98 99 100 119 79 80 81 103 132 116 
127 111 159 149 92 151 155 139 73 141 58 162 47 119 93 126 160 128 22 90 42 161 31 103 74 110 156 112 12 71 95 27 98 148 82 143 83 84 146 55 129 150 50 124 51 52 76 17 79 138 63 133 64 65 136 39 113 140 34 108 35 36 28 57 130 59 60 132 21 85 117 118 157 120 121 94 7 53 88 89 91 18 41 114 43 44 116 11 66 101 102 153 104 105 75 3 37 69 70 72 10 61 96 97 152 99 8 48 49 122 144 145 147 23 24 125 6 45 77 78 142 80 4 32 33 106 134 135 137 13 14 109 29 30 100 131 25 26 86 87 158 54 19 20 81 115 15 16 67 68 154 38 62 2 56 123 46 1 40 107 9 5 
128 112 83 150 151 51 64 140 141 35 59 117 119 120 94 160 88 22 90 91 43 101 103 104 75 156 69 12 71 72 96 98 99 48 143 144 84 146 147 129 23 50 124 125 52 127 77 79 80 32 133 134 65 136 137 113 13 34 108 109 36 111 29 130 131 60 132 26 85 86 118 157 158 121 159 7 53 54 89 149 92 19 114 115 44 116 16 66 67 102 153 154 105 155 3 37 38 70 139 73 61 62 97 152 56 8 58 49 122 123 145 162 47 24 93 126 45 46 78 142 40 4 42 33 106 107 135 161 31 14 74 110 30 100 9 25 95 27 87 148 82 55 20 81 5 15 76 17 68 138 63 39 2 28 57 21 1 18 41 11 10 6 
129 113 148 151 7 53 138 141 3 37 100 159 21 85 160 22 90 23 24 93 81 155 11 66 156 12 71 13 14 74 132 2 28 162 47 119 48 49 122 50 124 51 52 127 54 55 116 1 18 161 31 103 32 33 106 34 108 35 36 111 38 39 152 8 58 9 10 61 82 143 83 84 146 86 87 88 89 149 91 92 94 142 4 42 5 6 45 63 133 64 65 136 67 68 69 70 139 72 73 75 25 95 26 27 98 29 30 117 118 157 120 121 123 125 126 128 15 76 16 17 79 19 20 101 102 153 104 105 107 109 110 112 56 57 130 59 60 62 144 145 147 150 40 41 114 43 44 46 134 135 137 140 96 97 99 158 77 78 80 154 131 115 
130 114 124 61 97 152 108 45 78 142 162 53 89 149 98 30 100 131 25 95 161 37 70 139 79 20 81 115 15 76 148 82 143 90 24 93 125 126 160 60 132 62 2 28 56 57 138 63 133 71 14 74 109 110 156 44 116 46 1 18 40 41 159 21 85 117 118 157 52 127 54 55 129 150 50 99 8 58 9 10 96 155 11 66 101 102 153 36 111 38 39 113 140 34 80 4 42 5 6 77 47 119 48 49 122 144 145 91 92 151 94 7 88 26 27 29 31 103 32 33 106 134 135 72 73 141 75 3 69 16 17 19 83 84 146 86 87 158 128 22 23 59 64 65 136 67 68 154 112 12 13 43 120 121 123 51 104 105 107 35 147 137 
131 115 125 62 152 56 109 46 142 40 117 54 149 150 99 100 9 25 95 96 101 38 139 140 80 81 5 15 76 77 48 143 144 91 93 94 126 160 88 132 26 2 28 29 57 130 32 133 134 72 74 75 110 156 69 116 16 1 18 19 41 114 83 85 86 118 157 158 127 128 55 129 23 50 124 8 58 59 10 61 97 64 66 67 102 153 154 111 112 39 113 13 34 108 4 42 43 6 45 78 119 120 49 122 123 145 162 92 151 51 7 53 89 27 98 30 103 104 33 106 107 135 161 73 141 35 3 37 70 17 79 20 84 146 147 87 148 82 22 90 24 60 65 136 137 68 138 63 12 71 14 44 121 159 21 52 105 155 11 36 47 31 
132 116 90 152 8 58 71 142 4 42 146 124 52 127 100 25 95 26 27 98 136 108 36 111 81 15 76 16 17 79 157 121 159 53 89 149 91 92 151 2 28 56 57 130 59 60 153 105 155 37 70 139 72 73 141 1 18 40 41 114 43 44 122 145 162 147 47 119 24 93 125 126 160 128 22 9 10 61 96 97 99 106 135 161 137 31 103 14 74 109 110 156 112 12 5 6 45 77 78 80 87 148 158 82 143 83 84 54 55 129 150 50 51 29 30 131 68 138 154 63 133 64 65 38 39 113 140 34 35 19 20 115 123 21 85 117 118 120 94 7 88 62 107 11 66 101 102 104 75 3 69 46 48 49 144 23 32 33 134 13 86 67 
133 143 142 66 102 153 152 85 118 157 139 81 15 76 103 33 106 134 135 161 149 100 25 95 119 49 122 144 145 162 74 110 156 116 1 18 40 41 114 65 136 67 68 138 154 63 93 126 160 132 2 28 56 57 130 84 146 86 87 148 158 82 111 39 113 140 34 108 4 42 5 6 45 77 78 104 105 155 107 11 101 127 55 129 150 50 124 8 58 9 10 61 96 97 120 121 159 123 21 117 73 141 75 3 37 69 70 16 17 79 19 20 115 137 31 32 92 151 94 7 53 88 89 26 27 98 29 30 131 147 47 48 112 12 71 13 14 109 43 44 46 64 128 22 90 23 24 125 59 60 62 83 35 36 38 80 51 52 54 99 72 91 
134 144 40 67 153 154 56 86 157 158 140 5 76 77 104 106 107 135 161 101 150 9 95 96 120 122 123 145 162 117 75 156 69 16 18 19 41 114 115 136 137 68 138 32 63 133 94 160 88 26 28 29 57 130 131 146 147 87 148 48 82 143 112 113 13 34 108 109 42 43 6 45 46 78 142 105 155 64 11 66 102 128 129 23 50 124 125 58 59 10 61 62 97 152 121 159 83 21 85 118 141 35 3 37 38 70 139 17 79 80 20 81 15 31 103 33 151 51 7 53 54 89 149 27 98 99 30 100 25 47 119 49 12 71 72 14 74 110 44 116 1 65 22 90 91 24 93 126 60 132 2 84 36 111 39 4 52 127 55 8 73 92 
135 145 41 68 154 63 57 87 158 82 34 6 77 78 105 107 11 161 101 102 50 10 96 97 121 123 21 162 117 118 3 69 70 17 19 20 114 115 15 137 31 138 32 33 133 134 7 88 89 27 29 30 130 131 25 147 47 148 48 49 143 144 12 13 14 108 109 110 43 44 45 46 1 142 40 155 64 65 66 67 153 22 23 24 124 125 126 59 60 61 62 2 152 56 159 83 84 85 86 157 35 36 37 38 39 139 140 79 80 4 81 5 76 103 104 106 51 52 53 54 55 149 150 98 99 8 100 9 95 119 120 122 71 72 73 74 75 156 116 16 18 136 90 91 92 93 94 160 132 26 28 146 111 112 113 42 127 128 129 58 141 151 
136 146 116 153 105 155 132 157 121 159 71 142 4 42 106 135 161 137 31 103 90 152 8 58 122 145 162 147 47 119 108 36 111 81 15 76 16 17 79 68 138 154 63 133 64 65 124 52 127 100 25 95 26 27 98 87 148 158 82 143 83 84 37 70 139 72 73 141 1 18 40 41 114 43 44 107 11 66 101 102 104 53 89 149 91 92 151 2 28 56 57 130 59 60 123 21 85 117 118 120 14 74 109 110 156 112 12 5 6 45 77 78 80 32 33 134 24 93 125 126 160 128 22 9 10 61 96 97 99 48 49 144 38 39 113 140 34 35 19 20 115 67 54 55 129 150 50 51 29 30 131 86 75 3 69 46 94 7 88 62 13 23 
137 147 16 154 155 64 26 158 159 83 72 40 42 43 107 161 101 31 103 104 91 56 58 59 123 162 117 47 119 120 109 111 112 5 76 77 17 79 80 138 32 63 133 134 65 136 125 127 128 9 95 96 27 98 99 148 48 82 143 144 84 146 38 139 140 73 141 35 18 19 41 114 115 44 116 11 66 67 102 153 105 54 149 150 92 151 51 28 29 57 130 131 60 132 21 85 86 118 157 121 74 75 110 156 69 12 71 6 45 46 78 142 4 33 106 135 93 94 126 160 88 22 90 10 61 62 97 152 8 49 122 145 39 113 13 34 108 36 20 81 15 68 55 129 23 50 124 52 30 100 25 87 3 37 70 1 7 53 89 2 14 24 
138 148 81 155 11 66 100 159 21 85 113 116 1 18 161 31 103 32 33 106 129 132 2 28 162 47 119 48 49 122 141 3 37 142 4 42 5 6 45 63 133 64 65 136 67 68 151 7 53 152 8 58 9 10 61 82 143 83 84 146 86 87 156 12 71 13 14 74 15 76 16 17 79 19 20 101 102 153 104 105 107 160 22 90 23 24 93 25 95 26 27 98 29 30 117 118 157 120 121 123 34 108 35 36 111 38 39 40 41 114 43 44 46 134 135 137 50 124 51 52 127 54 55 56 57 130 59 60 62 144 145 147 69 70 139 72 73 75 77 78 80 154 88 89 149 91 92 94 96 97 99 158 109 110 112 115 125 126 128 131 140 150 
139 149 133 74 110 156 143 93 126 160 142 66 102 153 111 39 113 140 34 108 152 85 118 157 127 55 129 150 50 124 81 15 76 103 33 106 134 135 161 73 141 75 3 37 69 70 100 25 95 119 49 122 144 145 162 92 151 94 7 53 88 89 116 1 18 40 41 114 65 136 67 68 138 154 63 112 12 71 13 14 109 132 2 28 56 57 130 84 146 86 87 148 158 82 128 22 90 23 24 125 4 42 5 6 45 77 78 104 105 155 107 11 101 35 36 38 8 58 9 10 61 96 97 120 121 159 123 21 117 51 52 54 16 17 79 19 20 115 137 31 32 72 26 27 98 29 30 131 147 47 48 91 43 44 46 64 59 60 62 83 80 99 
140 150 134 75 156 69 144 94 160 88 40 67 153 154 112 113 13 34 108 109 56 86 157 158 128 129 23 50 124 125 5 76 77 104 106 107 135 161 101 141 35 3 37 38 70 139 9 95 96 120 122 123 145 162 117 151 51 7 53 54 89 149 16 18 19 41 114 115 136 137 68 138 32 63 133 12 71 72 14 74 110 26 28 29 57 130 131 146 147 87 148 48 82 143 22 90 91 24 93 126 42 43 6 45 46 78 142 105 155 64 11 66 102 36 111 39 58 59 10 61 62 97 152 121 159 83 21 85 118 52 127 55 17 79 80 20 81 15 31 103 33 73 27 98 99 30 100 25 47 119 49 92 44 116 1 65 60 132 2 84 4 8 
141 151 103 156 12 71 119 160 22 90 79 133 65 136 113 34 108 35 36 111 98 143 84 146 129 50 124 51 52 127 114 44 116 66 102 153 104 105 155 3 37 69 70 139 72 73 130 60 132 85 118 157 120 121 159 7 53 88 89 149 91 92 45 78 142 80 4 42 33 106 134 135 161 137 31 13 14 74 109 110 112 61 97 152 99 8 58 49 122 144 145 162 147 47 23 24 93 125 126 128 20 81 115 15 76 16 17 67 68 138 154 63 64 38 39 140 30 100 131 25 95 26 27 86 87 148 158 82 83 54 55 150 46 1 18 40 41 43 107 11 101 75 62 2 28 56 57 59 123 21 117 94 5 6 77 32 9 10 96 48 19 29 
142 152 139 81 15 76 149 100 25 95 133 74 110 156 116 1 18 40 41 114 143 93 126 160 132 2 28 56 57 130 66 102 153 111 39 113 140 34 108 4 42 5 6 45 77 78 85 118 157 127 55 129 150 50 124 8 58 9 10 61 96 97 103 33 106 134 135 161 73 141 75 3 37 69 70 16 17 79 19 20 115 119 49 122 144 145 162 92 151 94 7 53 88 89 26 27 98 29 30 131 65 136 67 68 138 154 63 112 12 71 13 14 109 43 44 46 84 146 86 87 148 158 82 128 22 90 23 24 125 59 60 62 104 105 155 107 11 101 35 36 38 80 120 121 159 123 21 117 51 52 54 99 137 31 32 72 147 47 48 91 64 83 
143 133 152 85 118 157 142 66 102 153 149 100 25 95 119 49 122 144 145 162 139 81 15 76 103 33 106 134 135 161 93 126 160 132 2 28 56 57 130 84 146 86 87 148 158 82 74 110 156 116 1 18 40 41 114 65 136 67 68 138 154 63 127 55 129 150 50 124 8 58 9 10 61 96 97 120 121 159 123 21 117 111 39 113 140 34 108 4 42 5 6 45 77 78 104 105 155 107 11 101 92 151 94 7 53 88 89 26 27 98 29 30 131 147 47 48 73 141 75 3 37 69 70 16 17 79 19 20 115 137 31 32 128 22 90 23 24 125 59 60 62 83 112 12 71 13 14 109 43 44 46 64 51 52 54 99 35 36 38 80 91 72 
144 134 56 86 157 158 40 67 153 154 150 9 95 96 120 122 123 145 162 117 140 5 76 77 104 106 107 135 161 101 94 160 88 26 28 29 57 130 131 146 147 87 148 48 82 143 75 156 69 16 18 19 41 114 115 136 137 68 138 32 63 133 128 129 23 50 124 125 58 59 10 61 62 97 152 121 159 83 21 85 118 112 113 13 34 108 109 42 43 6 45 46 78 142 105 155 64 11 66 102 151 51 7 53 54 89 149 27 98 99 30 100 25 47 119 49 141 35 3 37 38 70 139 17 79 80 20 81 15 31 103 33 22 90 91 24 93 126 60 132 2 84 12 71 72 14 74 110 44 116 1 65 52 127 55 8 36 111 39 4 92 73 
145 135 57 87 158 82 41 68 154 63 50 10 96 97 121 123 21 162 117 118 34 6 77 78 105 107 11 161 101 102 7 88 89 27 29 30 130 131 25 147 47 148 48 49 143 144 3 69 70 17 19 20 114 115 15 137 31 138 32 33 133 134 22 23 24 124 125 126 59 60 61 62 2 152 56 159 83 84 85 86 157 12 13 14 108 109 110 43 44 45 46 1 142 40 155 64 65 66 67 153 51 52 53 54 55 149 150 98 99 8 100 9 95 119 120 122 35 36 37 38 39 139 140 79 80 4 81 5 76 103 104 106 90 91 92 93 94 160 132 26 28 146 71 72 73 74 75 156 116 16 18 136 127 128 129 58 111 112 113 42 151 141 
146 136 132 157 121 159 116 153 105 155 90 152 8 58 122 145 162 147 47 119 71 142 4 42 106 135 161 137 31 103 124 52 127 100 25 95 26 27 98 87 148 158 82 143 83 84 108 36 111 81 15 76 16 17 79 68 138 154 63 133 64 65 53 89 149 91 92 151 2 28 56 57 130 59 60 123 21 85 117 118 120 37 70 139 72 73 141 1 18 40 41 114 43 44 107 11 66 101 102 104 24 93 125 126 160 128 22 9 10 61 96 97 99 48 49 144 14 74 109 110 156 112 12 5 6 45 77 78 80 32 33 134 54 55 129 150 50 51 29 30 131 86 38 39 113 140 34 35 19 20 115 67 94 7 88 62 75 3 69 46 23 13 
147 137 26 158 159 83 16 154 155 64 91 56 58 59 123 162 117 47 119 120 72 40 42 43 107 161 101 31 103 104 125 127 128 9 95 96 27 98 99 148 48 82 143 144 84 146 109 111 112 5 76 77 17 79 80 138 32 63 133 134 65 136 54 149 150 92 151 51 28 29 57 130 131 60 132 21 85 86 118 157 121 38 139 140 73 141 35 18 19 41 114 115 44 116 11 66 67 102 153 105 93 94 126 160 88 22 90 10 61 62 97 152 8 49 122 145 74 75 110 156 69 12 71 6 45 46 78 142 4 33 106 135 55 129 23 50 124 52 30 100 25 87 39 113 13 34 108 36 20 81 15 68 7 53 89 2 3 37 70 1 24 14 
148 138 100 159 21 85 81 155 11 66 129 132 2 28 162 47 119 48 49 122 113 116 1 18 161 31 103 32 33 106 151 7 53 152 8 58 9 10 61 82 143 83 84 146 86 87 141 3 37 142 4 42 5 6 45 63 133 64 65 136 67 68 160 22 90 23 24 93 25 95 26 27 98 29 30 117 118 157 120 121 123 156 12 71 13 14 74 15 76 16 17 79 19 20 101 102 153 104 105 107 50 124 51 52 127 54 55 56 57 130 59 60 62 144 145 147 34 108 35 36 111 38 39 40 41 114 43 44 46 134 135 137 88 89 149 91 92 94 96 97 99 158 69 70 139 72 73 75 77 78 80 154 125 126 128 131 109 110 112 115 150 140 
149 139 143 93 126 160 133 74 110 156 152 85 118 157 127 55 129 150 50 124 142 66 102 153 111 39 113 140 34 108 100 25 95 119 49 122 144 145 162 92 151 94 7 53 88 89 81 15 76 103 33 106 134 135 161 73 141 75 3 37 69 70 132 2 28 56 57 130 84 146 86 87 148 158 82 128 22 90 23 24 125 116 1 18 40 41 114 65 136 67 68 138 154 63 112 12 71 13 14 109 8 58 9 10 61 96 97 120 121 159 123 21 117 51 52 54 4 42 5 6 45 77 78 104 105 155 107 11 101 35 36 38 26 27 98 29 30 131 147 47 48 91 16 17 79 19 20 115 137 31 32 72 59 60 62 83 43 44 46 64 99 80 
150 140 144 94 160 88 134 75 156 69 56 86 157 158 128 129 23 50 124 125 40 67 153 154 112 113 13 34 108 109 9 95 96 120 122 123 145 162 117 151 51 7 53 54 89 149 5 76 77 104 106 107 135 161 101 141 35 3 37 38 70 139 26 28 29 57 130 131 146 147 87 148 48 82 143 22 90 91 24 93 126 16 18 19 41 114 115 136 137 68 138 32 63 133 12 71 72 14 74 110 58 59 10 61 62 97 152 121 159 83 21 85 118 52 127 55 42 43 6 45 46 78 142 105 155 64 11 66 102 36 111 39 27 98 99 30 100 25 47 119 49 92 17 79 80 20 81 15 31 103 33 73 60 132 2 84 44 116 1 65 8 4 
151 141 119 160 22 90 103 156 12 71 98 143 84 146 129 50 124 51 52 127 79 133 65 136 113 34 108 35 36 111 130 60 132 85 118 157 120 121 159 7 53 88 89 149 91 92 114 44 116 66 102 153 104 105 155 3 37 69 70 139 72 73 61 97 152 99 8 58 49 122 144 145 162 147 47 23 24 93 125 126 128 45 78 142 80 4 42 33 106 134 135 161 137 31 13 14 74 109 110 112 30 100 131 25 95 26 27 86 87 148 158 82 83 54 55 150 20 81 115 15 76 16 17 67 68 138 154 63 64 38 39 140 62 2 28 56 57 59 123 21 117 94 46 1 18 40 41 43 107 11 101 75 9 10 96 48 5 6 77 32 29 19 
152 142 149 100 25 95 139 81 15 76 143 93 126 160 132 2 28 56 57 130 133 74 110 156 116 1 18 40 41 114 85 118 157 127 55 129 150 50 124 8 58 9 10 61 96 97 66 102 153 111 39 113 140 34 108 4 42 5 6 45 77 78 119 49 122 144 145 162 92 151 94 7 53 88 89 26 27 98 29 30 131 103 33 106 134 135 161 73 141 75 3 37 69 70 16 17 79 19 20 115 84 146 86 87 148 158 82 128 22 90 23 24 125 59 60 62 65 136 67 68 138 154 63 112 12 71 13 14 109 43 44 46 120 121 159 123 21 117 51 52 54 99 104 105 155 107 11 101 35 36 38 80 147 47 48 91 137 31 32 72 83 64 
153 157 76 106 135 161 95 122 145 162 156 18 41 114 136 68 138 154 63 133 160 28 57 130 146 87 148 158 82 143 113 34 108 42 6 45 77 78 142 105 155 107 11 66 101 102 129 50 124 58 10 61 96 97 152 121 159 123 21 85 117 118 141 3 37 69 70 139 17 79 19 20 81 115 15 137 31 103 32 33 134 151 7 53 88 89 149 27 98 29 30 100 131 25 147 47 119 48 49 144 12 71 13 14 74 109 110 43 44 116 46 1 40 64 65 67 22 90 23 24 93 125 126 59 60 132 62 2 56 83 84 86 35 36 111 38 39 140 80 4 5 104 51 52 127 54 55 150 99 8 9 120 72 73 75 16 91 92 94 26 112 128 
154 158 77 107 161 101 96 123 162 117 69 19 114 115 137 138 32 63 133 134 88 29 130 131 147 148 48 82 143 144 13 108 109 43 45 46 78 142 40 155 64 11 66 67 102 153 23 124 125 59 61 62 97 152 56 159 83 21 85 86 118 157 35 37 38 70 139 140 79 80 20 81 5 15 76 31 103 104 33 106 135 51 53 54 89 149 150 98 99 30 100 9 25 95 47 119 120 49 122 145 71 72 14 74 75 110 156 44 116 16 1 18 41 65 136 68 90 91 24 93 94 126 160 60 132 26 2 28 57 84 146 87 36 111 112 39 113 34 4 42 6 105 52 127 128 55 129 50 8 58 10 121 73 141 3 17 92 151 7 27 12 22 
155 159 42 161 31 103 58 162 47 119 111 76 17 79 138 63 133 64 65 136 127 95 27 98 148 82 143 83 84 146 139 73 141 18 41 114 43 44 116 11 66 101 102 153 104 105 149 92 151 28 57 130 59 60 132 21 85 117 118 157 120 121 74 110 156 112 12 71 6 45 77 78 142 80 4 32 33 106 134 135 137 93 126 160 128 22 90 10 61 96 97 152 99 8 48 49 122 144 145 147 39 113 140 34 108 35 36 19 20 81 115 15 16 67 68 154 55 129 150 50 124 51 52 29 30 100 131 25 26 86 87 158 75 3 37 69 70 72 46 1 40 107 94 7 53 88 89 91 62 2 56 123 13 14 109 5 23 24 125 9 38 54 
156 160 153 113 34 108 157 129 50 124 76 106 135 161 141 3 37 69 70 139 95 122 145 162 151 7 53 88 89 149 18 41 114 136 68 138 154 63 133 12 71 13 14 74 109 110 28 57 130 146 87 148 158 82 143 22 90 23 24 93 125 126 42 6 45 77 78 142 105 155 107 11 66 101 102 35 36 111 38 39 140 58 10 61 96 97 152 121 159 123 21 85 117 118 51 52 127 54 55 150 17 79 19 20 81 115 15 137 31 103 32 33 134 72 73 75 27 98 29 30 100 131 25 147 47 119 48 49 144 91 92 94 43 44 116 46 1 40 64 65 67 112 59 60 132 62 2 56 83 84 86 128 80 4 5 104 99 8 9 120 16 26 
157 153 95 122 145 162 76 106 135 161 160 28 57 130 146 87 148 158 82 143 156 18 41 114 136 68 138 154 63 133 129 50 124 58 10 61 96 97 152 121 159 123 21 85 117 118 113 34 108 42 6 45 77 78 142 105 155 107 11 66 101 102 151 7 53 88 89 149 27 98 29 30 100 131 25 147 47 119 48 49 144 141 3 37 69 70 139 17 79 19 20 81 115 15 137 31 103 32 33 134 22 90 23 24 93 125 126 59 60 132 62 2 56 83 84 86 12 71 13 14 74 109 110 43 44 116 46 1 40 64 65 67 51 52 127 54 55 150 99 8 9 120 35 36 111 38 39 140 80 4 5 104 91 92 94 26 72 73 75 16 128 112 
158 154 96 123 162 117 77 107 161 101 88 29 130 131 147 148 48 82 143 144 69 19 114 115 137 138 32 63 133 134 23 124 125 59 61 62 97 152 56 159 83 21 85 86 118 157 13 108 109 43 45 46 78 142 40 155 64 11 66 67 102 153 51 53 54 89 149 150 98 99 30 100 9 25 95 47 119 120 49 122 145 35 37 38 70 139 140 79 80 20 81 5 15 76 31 103 104 33 106 135 90 91 24 93 94 126 160 60 132 26 2 28 57 84 146 87 71 72 14 74 75 110 156 44 116 16 1 18 41 65 136 68 52 127 128 55 129 50 8 58 10 121 36 111 112 39 113 34 4 42 6 105 92 151 7 27 73 141 3 17 22 12 
159 155 58 162 47 119 42 161 31 103 127 95 27 98 148 82 143 83 84 146 111 76 17 79 138 63 133 64 65 136 149 92 151 28 57 130 59 60 132 21 85 117 118 157 120 121 139 73 141 18 41 114 43 44 116 11 66 101 102 153 104 105 93 126 160 128 22 90 10 61 96 97 152 99 8 48 49 122 144 145 147 74 110 156 112 12 71 6 45 77 78 142 80 4 32 33 106 134 135 137 55 129 150 50 124 51 52 29 30 100 131 25 26 86 87 158 39 113 140 34 108 35 36 19 20 81 115 15 16 67 68 154 94 7 53 88 89 91 62 2 56 123 75 3 37 69 70 72 46 1 40 107 23 24 125 9 13 14 109 5 54 38 
160 156 157 129 50 124 153 113 34 108 95 122 145 162 151 7 53 88 89 149 76 106 135 161 141 3 37 69 70 139 28 57 130 146 87 148 158 82 143 22 90 23 24 93 125 126 18 41 114 136 68 138 154 63 133 12 71 13 14 74 109 110 58 10 61 96 97 152 121 159 123 21 85 117 118 51 52 127 54 55 150 42 6 45 77 78 142 105 155 107 11 66 101 102 35 36 111 38 39 140 27 98 29 30 100 131 25 147 47 119 48 49 144 91 92 94 17 79 19 20 81 115 15 137 31 103 32 33 134 72 73 75 59 60 132 62 2 56 83 84 86 128 43 44 116 46 1 40 64 65 67 112 99 8 9 120 80 4 5 104 26 16 
161 162 114 138 63 133 130 148 82 143 108 45 78 142 155 11 66 101 102 153 124 61 97 152 159 21 85 117 118 157 37 70 139 79 20 81 115 15 76 31 103 32 33 106 134 135 53 89 149 98 30 100 131 25 95 47 119 48 49 122 144 145 71 14 74 109 110 156 44 116 46 1 18 40 41 64 65 136 67 68 154 90 24 93 125 126 160 60 132 62 2 28 56 57 83 84 146 86 87 158 36 111 38 39 113 140 34 80 4 42 5 6 77 104 105 107 52 127 54 55 129 150 50 99 8 58 9 10 96 120 121 123 72 73 141 75 3 69 16 17 19 137 91 92 151 94 7 88 26 27 29 147 112 12 13 43 128 22 23 59 35 51 
162 161 130 148 82 143 114 138 63 133 124 61 97 152 159 21 85 117 118 157 108 45 78 142 155 11 66 101 102 153 53 89 149 98 30 100 131 25 95 47 119 48 49 122 144 145 37 70 139 79 20 81 115 15 76 31 103 32 33 106 134 135 90 24 93 125 126 160 60 132 62 2 28 56 57 83 84 146 86 87 158 71 14 74 109 110 156 44 116 46 1 18 40 41 64 65 136 67 68 154 52 127 54 55 129 150 50 99 8 58 9 10 96 120 121 123 36 111 38 39 113 140 34 80 4 42 5 6 77 104 105 107 91 92 151 94 7 88 26 27 29 147 72 73 141 75 3 69 16 17 19 137 128 22 23 59 112 12 13 43 51 35 
