160 157
1 2 3 4 5 6 7 8 9 10 11 12 13 14 15 16 17 18 19 20 21 22 23 24 25 26 27 28 29 30 31 32 33 34 35 36 37 38 39 40 41 42 43 44 45 46 47 48 49 50 51 52 53 54 55 56 57 58 59 60 61 62 63 64 65 66 67 68 69 70 71 72 73 74 75 76 77 78 79 80 81 82 83 84 85 86 87 88 89 90 91 92 93 94 95 96 97 98 99 100 101 102 103 104 105 106 107 108 109 110 111 112 113 114 115 116 117 118 119 120 121 122 123 124 125 126 127 128 129 130 131 132 133 134 135 136 137 138 139 140 141 142 143 144 145 146 147 148 149 150 151 152 153 154 155 156 157 158 159 160 
2 6 8 9 10 11 12 15 18 20 1 22 24 25 26 27 28 29 30 31 32 33 34 36 38 3 40 42 4 44 5 46 7 48 50 51 52 53 54 55 56 57 58 59 60 61 62 63 64 65 13 67 14 69 16 71 17 73 19 75 21 77 23 79 81 82 83 84 85 86 87 88 89 90 91 92 93 94 95 96 35 97 37 99 39 101 41 103 43 105 45 107 47 109 49 111 112 113 114 115 116 117 118 119 120 121 122 123 124 125 126 66 127 68 129 70 131 72 133 74 134 76 136 78 137 80 138 139 140 141 142 143 144 145 146 147 148 98 149 100 151 102 152 104 106 153 108 110 154 155 156 157 158 128 159 130 132 135 160 150 
3 8 5 13 14 15 16 10 24 25 26 27 17 1 20 21 35 36 37 38 39 40 41 28 2 31 32 50 51 52 53 54 55 56 4 42 43 6 7 46 47 65 66 67 68 69 70 71 72 9 57 58 11 12 61 62 81 82 83 84 85 86 87 88 18 19 73 74 22 23 77 78 97 98 99 100 101 102 103 104 29 30 89 90 33 34 93 94 112 113 114 115 116 117 118 119 44 45 105 106 48 49 109 110 127 128 129 130 131 132 133 59 60 120 121 63 64 124 125 138 139 140 141 142 143 144 75 76 134 135 79 80 137 149 150 151 152 91 92 145 146 95 96 148 154 155 156 157 107 108 153 111 159 122 123 158 126 160 136 147 
4 57 35 1 17 18 19 51 31 29 28 89 14 13 65 66 5 6 7 42 43 44 45 26 81 24 83 11 10 61 9 59 58 120 3 38 39 36 37 97 98 20 21 22 23 73 74 75 76 53 8 55 50 112 52 114 2 33 32 93 30 91 90 145 15 16 69 70 67 68 127 128 46 47 48 49 105 106 107 108 25 85 27 87 82 138 84 140 12 63 62 124 60 122 121 158 40 41 101 102 99 100 149 150 77 78 79 80 134 135 136 54 116 56 118 113 154 115 156 34 95 94 148 92 147 146 71 72 131 132 129 130 159 109 110 111 153 86 142 88 144 139 160 141 64 126 125 123 103 104 152 151 137 117 157 119 155 96 133 143 
5 10 14 17 1 20 21 25 28 2 31 32 35 3 38 39 4 42 43 6 7 46 47 50 8 53 54 9 57 58 11 12 61 62 13 65 66 15 16 69 70 18 19 73 74 22 23 77 78 24 81 82 26 27 85 86 29 30 89 90 33 34 93 94 36 37 97 98 40 41 101 102 44 45 105 106 48 49 109 110 51 52 112 113 55 56 116 117 59 60 120 121 63 64 124 125 67 68 127 128 71 72 131 132 75 76 134 135 79 80 137 83 84 138 139 87 88 142 143 91 92 145 146 95 96 148 99 100 149 150 103 104 152 107 108 153 111 114 115 154 155 118 119 157 122 123 158 126 129 130 159 133 136 140 141 160 144 147 151 156 
6 11 15 18 20 1 22 26 29 31 2 33 36 38 3 40 42 4 44 5 46 7 48 51 53 8 55 57 9 59 10 61 12 63 65 13 67 14 69 16 71 17 73 19 75 21 77 23 79 81 24 83 25 85 27 87 28 89 30 91 32 93 34 95 35 97 37 99 39 101 41 103 43 105 45 107 47 109 49 111 50 112 52 114 54 116 56 118 58 120 60 122 62 124 64 126 66 127 68 129 70 131 72 133 74 134 76 136 78 137 80 82 138 84 140 86 142 88 144 90 145 92 147 94 148 96 98 149 100 151 102 152 104 106 153 108 110 113 154 115 156 117 157 119 121 158 123 125 128 159 130 132 135 139 160 141 143 146 150 155 
7 96 16 19 21 22 23 119 123 125 126 2 37 39 40 41 43 44 45 46 47 48 49 141 143 144 8 146 147 9 148 10 11 12 66 67 68 69 70 71 72 73 74 75 76 77 78 79 80 155 156 24 157 25 26 27 158 28 29 30 31 32 33 34 97 98 99 100 101 102 103 104 105 106 107 108 109 110 111 1 160 50 51 52 53 54 55 56 57 58 59 60 61 62 63 64 127 128 129 130 131 132 133 3 134 135 136 4 137 5 6 81 82 83 84 85 86 87 88 89 90 91 92 93 94 95 149 150 151 13 152 14 15 153 17 18 20 112 113 114 115 116 117 118 120 121 122 124 159 35 36 38 42 138 139 140 142 145 65 154 
8 15 10 24 25 26 27 20 36 38 3 40 28 2 31 32 50 51 52 53 54 55 56 42 6 5 46 65 13 67 14 69 16 71 9 57 58 11 12 61 62 81 82 83 84 85 86 87 88 18 17 73 1 22 21 77 35 97 37 99 39 101 41 103 29 30 89 90 33 34 93 94 112 113 114 115 116 117 118 119 4 44 43 105 7 48 47 109 66 127 68 129 70 131 72 133 59 60 120 121 63 64 124 125 138 139 140 141 142 143 144 19 75 74 134 23 79 78 137 98 149 100 151 102 152 104 91 92 145 146 95 96 148 154 155 156 157 45 107 106 153 49 111 110 128 159 130 132 122 123 158 126 160 76 136 135 80 150 147 108 
9 17 50 2 28 29 30 13 5 4 42 43 25 24 81 82 10 11 12 57 58 59 60 3 35 36 37 1 20 21 18 19 73 74 8 53 54 51 52 112 113 31 32 33 34 89 90 91 92 14 15 16 65 66 67 68 6 7 46 47 44 45 105 106 26 27 85 86 83 84 138 139 61 62 63 64 120 121 122 123 38 39 40 41 97 98 99 100 22 23 77 78 75 76 134 135 55 56 116 117 114 115 154 155 93 94 95 96 145 146 147 69 70 71 72 127 128 129 130 48 49 109 110 107 108 153 87 88 142 143 140 141 160 124 125 126 158 101 102 103 104 149 150 151 79 80 137 136 118 119 157 156 148 131 132 133 159 111 144 152 
10 20 25 28 2 31 32 38 42 6 5 46 50 8 53 54 9 57 58 11 12 61 62 65 15 14 69 18 17 73 1 22 21 77 24 81 82 26 27 85 86 29 30 89 90 33 34 93 94 36 35 97 3 40 39 101 4 44 43 105 7 48 47 109 51 52 112 113 55 56 116 117 59 60 120 121 63 64 124 125 13 67 66 127 16 71 70 131 19 75 74 134 23 79 78 137 83 84 138 139 87 88 142 143 91 92 145 146 95 96 148 37 99 98 149 41 103 102 152 45 107 106 153 49 111 110 114 115 154 155 118 119 157 122 123 158 126 68 129 128 159 72 133 132 76 136 135 80 140 141 160 144 147 100 151 150 104 108 156 130 
11 1 26 29 31 2 33 3 4 5 6 7 51 53 8 55 57 9 59 10 61 12 63 13 14 15 16 17 18 19 20 21 22 23 81 24 83 25 85 27 87 28 89 30 91 32 93 34 95 35 36 37 38 39 40 41 42 43 44 45 46 47 48 49 50 112 52 114 54 116 56 118 58 120 60 122 62 124 64 126 65 66 67 68 69 70 71 72 73 74 75 76 77 78 79 80 82 138 84 140 86 142 88 144 90 145 92 147 94 148 96 97 98 99 100 101 102 103 104 105 106 107 108 109 110 111 113 154 115 156 117 157 119 121 158 123 125 127 128 129 130 131 132 133 134 135 136 137 139 160 141 143 146 149 150 151 152 153 155 159 
12 111 27 30 32 33 34 133 136 137 80 6 52 54 55 56 58 59 60 61 62 63 64 151 152 104 15 153 108 18 110 20 1 22 82 83 84 85 86 87 88 89 90 91 92 93 94 95 96 159 130 36 132 38 3 40 135 42 4 44 5 46 7 48 112 113 114 115 116 117 118 119 120 121 122 123 124 125 126 2 150 65 13 67 14 69 16 71 17 73 19 75 21 77 23 79 138 139 140 141 142 143 144 8 145 146 147 9 148 10 11 35 97 37 99 39 101 41 103 43 105 45 107 47 109 49 154 155 156 24 157 25 26 158 28 29 31 66 127 68 129 70 131 72 74 134 76 78 160 50 51 53 57 98 149 100 102 106 81 128 
13 81 4 3 35 36 37 57 53 51 50 112 1 17 18 19 14 15 16 65 66 67 68 31 29 28 89 26 25 85 24 83 82 138 5 6 7 42 43 44 45 38 39 40 41 97 98 99 100 11 10 61 9 59 58 120 8 55 54 116 52 114 113 154 20 21 22 23 73 74 75 76 69 70 71 72 127 128 129 130 2 33 32 93 30 91 90 145 27 87 86 142 84 140 139 160 46 47 48 49 105 106 107 108 101 102 103 104 149 150 151 12 63 62 124 60 122 121 158 56 118 117 157 115 156 155 77 78 79 80 134 135 136 131 132 133 159 34 95 94 148 92 147 146 88 144 143 141 109 110 111 153 152 64 126 125 123 119 137 96 
14 25 1 35 3 38 39 2 50 8 53 54 4 5 6 7 13 65 66 15 16 69 70 9 10 11 12 24 81 82 26 27 85 86 17 18 19 20 21 22 23 36 37 97 98 40 41 101 102 28 29 30 31 32 33 34 51 52 112 113 55 56 116 117 42 43 44 45 46 47 48 49 67 68 127 128 71 72 131 132 57 58 59 60 61 62 63 64 83 84 138 139 87 88 142 143 73 74 75 76 77 78 79 80 99 100 149 150 103 104 152 89 90 91 92 93 94 95 96 114 115 154 155 118 119 157 105 106 107 108 109 110 111 129 130 159 133 120 121 122 123 124 125 126 140 141 160 144 134 135 136 137 151 145 146 147 148 156 153 158 
15 26 20 36 38 3 40 31 51 53 8 55 42 6 5 46 65 13 67 14 69 16 71 57 11 10 61 81 24 83 25 85 27 87 18 17 73 1 22 21 77 35 97 37 99 39 101 41 103 29 28 89 2 33 32 93 50 112 52 114 54 116 56 118 4 44 43 105 7 48 47 109 66 127 68 129 70 131 72 133 9 59 58 120 12 63 62 124 82 138 84 140 86 142 88 144 19 75 74 134 23 79 78 137 98 149 100 151 102 152 104 30 91 90 145 34 95 94 148 113 154 115 156 117 157 119 45 107 106 153 49 111 110 128 159 130 132 60 122 121 158 64 126 125 139 160 141 143 76 136 135 80 150 92 147 146 96 155 108 123 
16 119 21 37 39 40 41 125 141 143 144 8 43 7 46 47 66 67 68 69 70 71 72 146 96 148 10 155 156 24 157 25 26 27 19 73 74 22 23 77 78 97 98 99 100 101 102 103 104 123 158 28 126 2 31 32 160 50 51 52 53 54 55 56 44 45 105 106 48 49 109 110 127 128 129 130 131 132 133 3 147 9 57 58 11 12 61 62 81 82 83 84 85 86 87 88 75 76 134 135 79 80 137 5 149 150 151 13 152 14 15 29 30 89 90 33 34 93 94 112 113 114 115 116 117 118 107 108 153 17 111 1 20 159 35 36 38 59 60 120 121 63 64 124 138 139 140 142 136 4 42 6 65 91 92 145 95 154 18 122 
17 29 13 5 4 42 43 81 11 57 9 59 3 35 36 37 1 20 21 18 19 73 74 53 51 50 112 31 2 33 28 89 30 91 14 15 16 65 66 67 68 6 7 46 47 44 45 105 106 26 25 85 24 83 82 138 10 61 12 63 58 120 60 122 38 39 40 41 97 98 99 100 22 23 77 78 75 76 134 135 8 55 54 116 52 114 113 154 32 93 34 95 90 145 92 147 69 70 71 72 127 128 129 130 48 49 109 110 107 108 153 27 87 86 142 84 140 139 160 62 124 64 126 121 158 123 101 102 103 104 149 150 151 79 80 137 136 56 118 117 157 115 156 155 94 148 96 146 131 132 133 159 111 88 144 143 141 125 152 119 
18 28 65 6 42 4 44 24 10 9 57 58 38 36 35 97 20 1 22 17 73 19 75 8 50 51 52 2 31 32 29 30 89 90 15 14 69 13 67 66 127 5 46 7 48 43 105 45 107 25 26 27 81 82 83 84 11 12 61 62 59 60 120 121 3 40 39 101 37 99 98 149 21 77 23 79 74 134 76 136 53 54 55 56 112 113 114 115 33 34 93 94 91 92 145 146 16 71 70 131 68 129 128 159 47 109 49 111 106 153 108 85 86 87 88 138 139 140 141 63 64 124 125 122 123 158 41 103 102 152 100 151 150 78 137 80 135 116 117 118 119 154 155 156 95 96 148 147 72 133 132 130 110 142 143 144 160 126 104 157 
19 158 66 7 43 44 45 156 148 147 146 57 39 37 97 98 21 22 23 73 74 75 76 144 160 141 51 126 125 31 123 29 28 89 16 69 70 67 68 127 128 46 47 48 49 105 106 107 108 157 119 26 155 81 24 83 96 11 10 61 9 59 58 120 40 41 101 102 99 100 149 150 77 78 79 80 134 135 136 4 143 53 8 55 50 112 52 114 2 33 32 93 30 91 90 145 71 72 131 132 129 130 159 35 109 110 111 1 153 17 18 25 85 27 87 82 138 84 140 12 63 62 124 60 122 121 103 104 152 14 151 13 65 137 5 6 42 54 116 56 118 113 154 115 34 95 94 92 133 3 38 36 20 86 142 88 139 64 15 117 
20 31 38 42 6 5 46 53 57 11 10 61 65 15 14 69 18 17 73 1 22 21 77 81 26 25 85 29 28 89 2 33 32 93 36 35 97 3 40 39 101 4 44 43 105 7 48 47 109 51 50 112 8 55 54 116 9 59 58 120 12 63 62 124 13 67 66 127 16 71 70 131 19 75 74 134 23 79 78 137 24 83 82 138 27 87 86 142 30 91 90 145 34 95 94 148 37 99 98 149 41 103 102 152 45 107 106 153 49 111 110 52 114 113 154 56 118 117 157 60 122 121 158 64 126 125 68 129 128 159 72 133 132 76 136 135 80 84 140 139 160 88 144 143 92 147 146 96 100 151 150 104 108 115 156 155 119 123 130 141 
21 125 39 43 7 46 47 143 146 96 148 10 66 16 69 70 19 73 74 22 23 77 78 155 119 157 25 123 158 28 126 2 31 32 37 97 98 40 41 101 102 44 45 105 106 48 49 109 110 141 160 50 144 8 53 54 147 9 57 58 11 12 61 62 67 68 127 128 71 72 131 132 75 76 134 135 79 80 137 5 156 24 81 82 26 27 85 86 29 30 89 90 33 34 93 94 99 100 149 150 103 104 152 14 107 108 153 17 111 1 20 51 52 112 113 55 56 116 117 59 60 120 121 63 64 124 129 130 159 35 133 3 38 136 4 42 6 83 84 138 139 87 88 142 91 92 145 95 151 13 65 15 18 114 115 154 118 122 36 140 
22 126 40 44 46 7 48 144 147 148 96 11 67 69 16 71 73 19 75 21 77 23 79 156 157 119 26 158 123 29 125 31 2 33 97 37 99 39 101 41 103 43 105 45 107 47 109 49 111 160 141 51 143 53 8 55 146 57 9 59 10 61 12 63 66 127 68 129 70 131 72 133 74 134 76 136 78 137 80 6 155 81 24 83 25 85 27 87 28 89 30 91 32 93 34 95 98 149 100 151 102 152 104 15 106 153 108 18 110 20 1 50 112 52 114 54 116 56 118 58 120 60 122 62 124 64 128 159 130 36 132 38 3 135 42 4 5 82 138 84 140 86 142 88 90 145 92 94 150 65 13 14 17 113 154 115 117 121 35 139 
23 64 41 45 47 48 49 88 92 94 95 96 68 70 71 72 74 75 76 77 78 79 80 115 117 118 119 121 122 123 124 125 126 2 98 99 100 101 102 103 104 105 106 107 108 109 110 111 1 139 140 141 142 143 144 8 145 146 147 9 148 10 11 12 127 128 129 130 131 132 133 3 134 135 136 4 137 5 6 7 154 155 156 24 157 25 26 27 158 28 29 30 31 32 33 34 149 150 151 13 152 14 15 16 153 17 18 19 20 21 22 160 50 51 52 53 54 55 56 57 58 59 60 61 62 63 159 35 36 37 38 39 40 42 43 44 46 81 82 83 84 85 86 87 89 90 91 93 65 66 67 69 73 112 113 114 116 120 97 138 
24 35 9 8 50 51 52 17 14 13 65 66 2 28 29 30 25 26 27 81 82 83 84 5 4 42 43 3 38 39 36 37 97 98 10 11 12 57 58 59 60 53 54 55 56 112 113 114 115 1 20 21 18 19 73 74 15 16 69 70 67 68 127 128 31 32 33 34 89 90 91 92 85 86 87 88 138 139 140 141 6 7 46 47 44 45 105 106 40 41 101 102 99 100 149 150 61 62 63 64 120 121 122 123 116 117 118 119 154 155 156 22 23 77 78 75 76 134 135 71 72 131 132 129 130 159 93 94 95 96 145 146 147 142 143 144 160 48 49 109 110 107 108 153 103 104 152 151 124 125 126 158 157 79 80 137 136 133 148 111 
25 38 2 50 8 53 54 6 65 15 14 69 9 10 11 12 24 81 82 26 27 85 86 18 20 1 22 36 35 97 3 40 39 101 28 29 30 31 32 33 34 51 52 112 113 55 56 116 117 42 4 44 5 46 7 48 13 67 66 127 16 71 70 131 57 58 59 60 61 62 63 64 83 84 138 139 87 88 142 143 17 73 19 75 21 77 23 79 37 99 98 149 41 103 102 152 89 90 91 92 93 94 95 96 114 115 154 155 118 119 157 43 105 45 107 47 109 49 111 68 129 128 159 72 133 132 120 121 122 123 124 125 126 140 141 160 144 74 134 76 136 78 137 80 100 151 150 104 145 146 147 148 156 106 153 108 110 130 158 135 
26 3 31 51 53 8 55 5 13 14 15 16 57 11 10 61 81 24 83 25 85 27 87 17 1 20 21 35 36 37 38 39 40 41 29 28 89 2 33 32 93 50 112 52 114 54 116 56 118 4 42 43 6 7 46 47 65 66 67 68 69 70 71 72 9 59 58 120 12 63 62 124 82 138 84 140 86 142 88 144 18 19 73 74 22 23 77 78 97 98 99 100 101 102 103 104 30 91 90 145 34 95 94 148 113 154 115 156 117 157 119 44 45 105 106 48 49 109 110 127 128 129 130 131 132 133 60 122 121 158 64 126 125 139 160 141 143 75 76 134 135 79 80 137 149 150 151 152 92 147 146 96 155 107 108 153 111 159 123 136 
27 133 32 52 54 55 56 137 151 152 104 15 58 12 61 62 82 83 84 85 86 87 88 153 111 110 20 159 130 36 132 38 3 40 30 89 90 33 34 93 94 112 113 114 115 116 117 118 119 136 135 42 80 6 5 46 150 65 13 67 14 69 16 71 59 60 120 121 63 64 124 125 138 139 140 141 142 143 144 8 108 18 17 73 1 22 21 77 35 97 37 99 39 101 41 103 91 92 145 146 95 96 148 10 154 155 156 24 157 25 26 4 44 43 105 7 48 47 109 66 127 68 129 70 131 72 122 123 158 28 126 2 31 160 50 51 53 19 75 74 134 23 79 78 98 149 100 102 147 9 57 11 81 45 107 106 49 128 29 76 
28 4 24 10 9 57 58 35 1 17 18 19 8 50 51 52 2 31 32 29 30 89 90 14 13 65 66 5 6 7 42 43 44 45 25 26 27 81 82 83 84 11 12 61 62 59 60 120 121 3 38 39 36 37 97 98 20 21 22 23 73 74 75 76 53 54 55 56 112 113 114 115 33 34 93 94 91 92 145 146 15 16 69 70 67 68 127 128 46 47 48 49 105 106 107 108 85 86 87 88 138 139 140 141 63 64 124 125 122 123 158 40 41 101 102 99 100 149 150 77 78 79 80 134 135 136 116 117 118 119 154 155 156 95 96 148 147 71 72 131 132 129 130 159 109 110 111 153 142 143 144 160 126 103 104 152 151 137 157 133 
29 42 81 11 57 9 59 36 20 18 17 73 53 51 50 112 31 2 33 28 89 30 91 15 65 13 67 6 5 46 4 44 43 105 26 25 85 24 83 82 138 10 61 12 63 58 120 60 122 38 3 40 35 97 37 99 1 22 21 77 19 75 74 134 8 55 54 116 52 114 113 154 32 93 34 95 90 145 92 147 14 69 16 71 66 127 68 129 7 48 47 109 45 107 106 153 27 87 86 142 84 140 139 160 62 124 64 126 121 158 123 39 101 41 103 98 149 100 151 23 79 78 137 76 136 135 56 118 117 157 115 156 155 94 148 96 146 70 131 72 133 128 159 130 49 111 110 108 88 144 143 141 125 102 152 104 150 80 119 132 
30 135 82 12 58 59 60 130 110 108 153 17 54 52 112 113 32 33 34 89 90 91 92 104 150 151 13 80 137 5 136 4 42 43 27 85 86 83 84 138 139 61 62 63 64 120 121 122 123 132 133 3 159 35 36 37 111 1 20 21 18 19 73 74 55 56 116 117 114 115 154 155 93 94 95 96 145 146 147 9 152 14 15 16 65 66 67 68 6 7 46 47 44 45 105 106 87 88 142 143 140 141 160 50 124 125 126 2 158 28 29 38 39 40 41 97 98 99 100 22 23 77 78 75 76 134 118 119 157 25 156 24 81 148 10 11 57 69 70 71 72 127 128 129 48 49 109 107 144 8 53 51 31 101 102 103 149 79 26 131 
31 5 53 57 11 10 61 14 17 1 20 21 81 26 25 85 29 28 89 2 33 32 93 35 3 38 39 4 42 43 6 7 46 47 51 50 112 8 55 54 116 9 59 58 120 12 63 62 124 13 65 66 15 16 69 70 18 19 73 74 22 23 77 78 24 83 82 138 27 87 86 142 30 91 90 145 34 95 94 148 36 37 97 98 40 41 101 102 44 45 105 106 48 49 109 110 52 114 113 154 56 118 117 157 60 122 121 158 64 126 125 67 68 127 128 71 72 131 132 75 76 134 135 79 80 137 84 140 139 160 88 144 143 92 147 146 96 99 100 149 150 103 104 152 107 108 153 111 115 156 155 119 123 129 130 159 133 136 141 151 
32 137 54 58 12 61 62 152 153 111 110 20 82 27 85 86 30 89 90 33 34 93 94 159 133 132 38 136 135 42 80 6 5 46 52 112 113 55 56 116 117 59 60 120 121 63 64 124 125 151 150 65 104 15 14 69 108 18 17 73 1 22 21 77 83 84 138 139 87 88 142 143 91 92 145 146 95 96 148 10 130 36 35 97 3 40 39 101 4 44 43 105 7 48 47 109 114 115 154 155 118 119 157 25 122 123 158 28 126 2 31 13 67 66 127 16 71 70 131 19 75 74 134 23 79 78 140 141 160 50 144 8 53 147 9 57 11 37 99 98 149 41 103 102 45 107 106 49 156 24 81 26 29 68 129 128 72 76 51 100 
33 80 55 59 61 12 63 104 108 110 111 1 83 85 27 87 89 30 91 32 93 34 95 130 132 133 3 135 136 4 137 5 6 7 112 52 114 54 116 56 118 58 120 60 122 62 124 64 126 150 151 13 152 14 15 16 153 17 18 19 20 21 22 23 82 138 84 140 86 142 88 144 90 145 92 147 94 148 96 11 159 35 36 37 38 39 40 41 42 43 44 45 46 47 48 49 113 154 115 156 117 157 119 26 121 158 123 29 125 31 2 65 66 67 68 69 70 71 72 73 74 75 76 77 78 79 139 160 141 51 143 53 8 146 57 9 10 97 98 99 100 101 102 103 105 106 107 109 155 81 24 25 28 127 128 129 131 134 50 149 
34 79 56 60 62 63 64 103 107 109 49 111 84 86 87 88 90 91 92 93 94 95 96 129 131 72 133 134 76 136 78 137 80 6 113 114 115 116 117 118 119 120 121 122 123 124 125 126 2 149 100 151 102 152 104 15 106 153 108 18 110 20 1 22 138 139 140 141 142 143 144 8 145 146 147 9 148 10 11 12 128 159 130 36 132 38 3 40 135 42 4 44 5 46 7 48 154 155 156 24 157 25 26 27 158 28 29 30 31 32 33 150 65 13 67 14 69 16 71 17 73 19 75 21 77 23 160 50 51 52 53 54 55 57 58 59 61 35 97 37 99 39 101 41 43 105 45 47 81 82 83 85 89 66 127 68 70 74 112 98 
35 51 17 14 13 65 66 29 26 81 24 83 5 4 42 43 3 38 39 36 37 97 98 11 57 9 59 53 8 55 50 112 52 114 1 20 21 18 19 73 74 15 16 69 70 67 68 127 128 31 2 33 28 89 30 91 25 85 27 87 82 138 84 140 6 7 46 47 44 45 105 106 40 41 101 102 99 100 149 150 10 61 12 63 58 120 60 122 54 116 56 118 113 154 115 156 22 23 77 78 75 76 134 135 71 72 131 132 129 130 159 32 93 34 95 90 145 92 147 86 142 88 144 139 160 141 48 49 109 110 107 108 153 103 104 152 151 62 124 64 126 121 158 123 117 157 119 155 79 80 137 136 133 94 148 96 146 143 111 125 
36 50 18 15 65 13 67 28 25 24 81 82 6 42 4 44 38 3 40 35 97 37 99 10 9 57 58 8 53 54 51 52 112 113 20 1 22 17 73 19 75 14 69 16 71 66 127 68 129 2 31 32 29 30 89 90 26 27 85 86 83 84 138 139 5 46 7 48 43 105 45 107 39 101 41 103 98 149 100 151 11 12 61 62 59 60 120 121 55 56 116 117 114 115 154 155 21 77 23 79 74 134 76 136 70 131 72 133 128 159 130 33 34 93 94 91 92 145 146 87 88 142 143 140 141 160 47 109 49 111 106 153 108 102 152 104 150 63 64 124 125 122 123 158 118 119 157 156 78 137 80 135 132 95 96 148 147 144 110 126 
37 160 19 16 66 67 68 158 157 156 155 81 7 43 44 45 39 40 41 97 98 99 100 148 147 146 57 144 143 53 141 51 50 112 21 22 23 73 74 75 76 69 70 71 72 127 128 129 130 126 125 31 123 29 28 89 119 26 25 85 24 83 82 138 46 47 48 49 105 106 107 108 101 102 103 104 149 150 151 13 96 11 10 61 9 59 58 120 8 55 54 116 52 114 113 154 77 78 79 80 134 135 136 4 131 132 133 3 159 35 36 2 33 32 93 30 91 90 145 27 87 86 142 84 140 139 109 110 111 1 153 17 18 152 14 15 65 12 63 62 124 60 122 121 56 118 117 115 137 5 6 42 38 34 95 94 92 88 20 64 
38 53 6 65 15 14 69 11 81 26 25 85 18 20 1 22 36 35 97 3 40 39 101 29 31 2 33 51 50 112 8 55 54 116 42 4 44 5 46 7 48 13 67 66 127 16 71 70 131 57 9 59 10 61 12 63 24 83 82 138 27 87 86 142 17 73 19 75 21 77 23 79 37 99 98 149 41 103 102 152 28 89 30 91 32 93 34 95 52 114 113 154 56 118 117 157 43 105 45 107 47 109 49 111 68 129 128 159 72 133 132 58 120 60 122 62 124 64 126 84 140 139 160 88 144 143 74 134 76 136 78 137 80 100 151 150 104 90 145 92 147 94 148 96 115 156 155 119 106 153 108 110 130 121 158 123 125 141 135 146 
39 143 7 66 16 69 70 96 155 119 157 25 19 21 22 23 37 97 98 40 41 101 102 123 125 126 2 141 160 50 144 8 53 54 43 44 45 46 47 48 49 67 68 127 128 71 72 131 132 146 147 9 148 10 11 12 156 24 81 82 26 27 85 86 73 74 75 76 77 78 79 80 99 100 149 150 103 104 152 14 158 28 29 30 31 32 33 34 51 52 112 113 55 56 116 117 105 106 107 108 109 110 111 1 129 130 159 35 133 3 38 57 58 59 60 61 62 63 64 83 84 138 139 87 88 142 134 135 136 4 137 5 6 151 13 65 15 89 90 91 92 93 94 95 114 115 154 118 153 17 18 20 36 120 121 122 124 140 42 145 
40 144 46 67 69 16 71 148 156 157 119 26 73 22 21 77 97 37 99 39 101 41 103 158 126 125 31 160 141 51 143 53 8 55 44 43 105 7 48 47 109 66 127 68 129 70 131 72 133 147 146 57 96 11 10 61 155 81 24 83 25 85 27 87 19 75 74 134 23 79 78 137 98 149 100 151 102 152 104 15 123 29 28 89 2 33 32 93 50 112 52 114 54 116 56 118 45 107 106 153 49 111 110 20 128 159 130 36 132 38 3 9 59 58 120 12 63 62 124 82 138 84 140 86 142 88 76 136 135 42 80 6 5 150 65 13 14 30 91 90 145 34 95 94 113 154 115 117 108 18 17 1 35 60 122 121 64 139 4 92 
41 88 47 68 70 71 72 94 115 117 118 119 74 23 77 78 98 99 100 101 102 103 104 121 64 124 125 139 140 141 142 143 144 8 45 105 106 48 49 109 110 127 128 129 130 131 132 133 3 92 145 146 95 96 148 10 154 155 156 24 157 25 26 27 75 76 134 135 79 80 137 5 149 150 151 13 152 14 15 16 122 123 158 28 126 2 31 32 160 50 51 52 53 54 55 56 107 108 153 17 111 1 20 21 159 35 36 37 38 39 40 147 9 57 58 11 12 61 62 81 82 83 84 85 86 87 136 4 42 43 6 7 46 65 66 67 69 29 30 89 90 33 34 93 112 113 114 116 18 19 73 22 97 59 60 120 63 138 44 91 
42 9 36 20 18 17 73 50 2 28 29 30 15 65 13 67 6 5 46 4 44 43 105 25 24 81 82 10 11 12 57 58 59 60 38 3 40 35 97 37 99 1 22 21 77 19 75 74 134 8 53 54 51 52 112 113 31 32 33 34 89 90 91 92 14 69 16 71 66 127 68 129 7 48 47 109 45 107 106 153 26 27 85 86 83 84 138 139 61 62 63 64 120 121 122 123 39 101 41 103 98 149 100 151 23 79 78 137 76 136 135 55 56 116 117 114 115 154 155 93 94 95 96 145 146 147 70 131 72 133 128 159 130 49 111 110 108 87 88 142 143 140 141 160 124 125 126 158 102 152 104 150 80 118 119 157 156 148 132 144 
43 147 37 21 19 73 74 160 126 158 123 29 16 66 67 68 7 46 47 44 45 105 106 157 156 155 81 148 96 11 146 57 9 59 39 40 41 97 98 99 100 22 23 77 78 75 76 134 135 144 143 53 141 51 50 112 125 31 2 33 28 89 30 91 69 70 71 72 127 128 129 130 48 49 109 110 107 108 153 17 119 26 25 85 24 83 82 138 10 61 12 63 58 120 60 122 101 102 103 104 149 150 151 13 79 80 137 5 136 4 42 8 55 54 116 52 114 113 154 32 93 34 95 90 145 92 131 132 133 3 159 35 36 111 1 20 18 27 87 86 142 84 140 139 62 124 64 121 152 14 15 65 6 56 118 117 115 94 38 88 
44 146 97 22 73 19 75 141 125 123 158 28 69 67 66 127 46 7 48 43 105 45 107 119 155 156 24 96 148 10 147 9 57 58 40 39 101 37 99 98 149 21 77 23 79 74 134 76 136 143 144 8 160 50 51 52 126 2 31 32 29 30 89 90 16 71 70 131 68 129 128 159 47 109 49 111 106 153 108 18 157 25 26 27 81 82 83 84 11 12 61 62 59 60 120 121 41 103 102 152 100 151 150 65 78 137 80 6 135 42 4 53 54 55 56 112 113 114 115 33 34 93 94 91 92 145 72 133 132 38 130 36 35 110 20 1 17 85 86 87 88 138 139 140 63 64 124 122 104 15 14 13 5 116 117 118 154 95 3 142 
45 145 98 23 74 75 76 140 124 122 121 158 70 68 127 128 47 48 49 105 106 107 108 118 154 115 156 95 94 148 92 147 146 57 41 101 102 99 100 149 150 77 78 79 80 134 135 136 4 142 88 144 139 160 141 51 64 126 125 31 123 29 28 89 71 72 131 132 129 130 159 35 109 110 111 1 153 17 18 19 117 157 119 26 155 81 24 83 96 11 10 61 9 59 58 120 103 104 152 14 151 13 65 66 137 5 6 7 42 43 44 143 53 8 55 50 112 52 114 2 33 32 93 30 91 90 133 3 38 39 36 37 97 20 21 22 73 25 85 27 87 82 138 84 12 63 62 60 15 16 69 67 46 54 116 56 113 34 40 86 
46 148 69 73 22 21 77 157 158 126 125 31 97 40 39 101 44 43 105 7 48 47 109 160 144 143 53 147 146 57 96 11 10 61 67 66 127 16 71 70 131 19 75 74 134 23 79 78 137 156 155 81 119 26 25 85 123 29 28 89 2 33 32 93 37 99 98 149 41 103 102 152 45 107 106 153 49 111 110 20 141 51 50 112 8 55 54 116 9 59 58 120 12 63 62 124 68 129 128 159 72 133 132 38 76 136 135 42 80 6 5 24 83 82 138 27 87 86 142 30 91 90 145 34 95 94 100 151 150 65 104 15 14 108 18 17 1 52 114 113 154 56 118 117 60 122 121 64 130 36 35 3 4 84 140 139 88 92 13 115 
47 94 70 74 23 77 78 117 121 64 124 125 98 41 101 102 45 105 106 48 49 109 110 139 88 142 143 92 145 146 95 96 148 10 68 127 128 71 72 131 132 75 76 134 135 79 80 137 5 115 154 155 118 119 157 25 122 123 158 28 126 2 31 32 99 100 149 150 103 104 152 14 107 108 153 17 111 1 20 21 140 141 160 50 144 8 53 54 147 9 57 58 11 12 61 62 129 130 159 35 133 3 38 39 136 4 42 43 6 7 46 156 24 81 82 26 27 85 86 29 30 89 90 33 34 93 151 13 65 66 15 16 69 18 19 73 22 51 52 112 113 55 56 116 59 60 120 63 36 37 97 40 44 83 84 138 87 91 67 114 
48 95 71 75 77 23 79 118 122 124 64 126 99 101 41 103 105 45 107 47 109 49 111 140 142 88 144 145 92 147 94 148 96 11 127 68 129 70 131 72 133 74 134 76 136 78 137 80 6 154 115 156 117 157 119 26 121 158 123 29 125 31 2 33 98 149 100 151 102 152 104 15 106 153 108 18 110 20 1 22 139 160 141 51 143 53 8 55 146 57 9 59 10 61 12 63 128 159 130 36 132 38 3 40 135 42 4 44 5 46 7 155 81 24 83 25 85 27 87 28 89 30 91 32 93 34 150 65 13 67 14 69 16 17 73 19 21 50 112 52 114 54 116 56 58 120 60 62 35 97 37 39 43 82 138 84 86 90 66 113 
49 34 72 76 78 79 80 56 60 62 63 64 100 102 103 104 106 107 108 109 110 111 1 84 86 87 88 90 91 92 93 94 95 96 128 129 130 131 132 133 3 134 135 136 4 137 5 6 7 113 114 115 116 117 118 119 120 121 122 123 124 125 126 2 149 150 151 13 152 14 15 16 153 17 18 19 20 21 22 23 138 139 140 141 142 143 144 8 145 146 147 9 148 10 11 12 159 35 36 37 38 39 40 41 42 43 44 45 46 47 48 154 155 156 24 157 25 26 27 158 28 29 30 31 32 33 65 66 67 68 69 70 71 73 74 75 77 160 50 51 52 53 54 55 57 58 59 61 97 98 99 101 105 81 82 83 85 89 127 112 
50 13 28 25 24 81 82 4 3 35 36 37 10 9 57 58 8 53 54 51 52 112 113 1 17 18 19 14 15 16 65 66 67 68 2 31 32 29 30 89 90 26 27 85 86 83 84 138 139 5 6 7 42 43 44 45 38 39 40 41 97 98 99 100 11 12 61 62 59 60 120 121 55 56 116 117 114 115 154 155 20 21 22 23 73 74 75 76 69 70 71 72 127 128 129 130 33 34 93 94 91 92 145 146 87 88 142 143 140 141 160 46 47 48 49 105 106 107 108 101 102 103 104 149 150 151 63 64 124 125 122 123 158 118 119 157 156 77 78 79 80 134 135 136 131 132 133 159 95 96 148 147 144 109 110 111 153 152 126 137 
51 65 29 26 81 24 83 42 38 36 35 97 11 57 9 59 53 8 55 50 112 52 114 20 18 17 73 15 14 69 13 67 66 127 31 2 33 28 89 30 91 25 85 27 87 82 138 84 140 6 5 46 4 44 43 105 3 40 39 101 37 99 98 149 10 61 12 63 58 120 60 122 54 116 56 118 113 154 115 156 1 22 21 77 19 75 74 134 16 71 70 131 68 129 128 159 32 93 34 95 90 145 92 147 86 142 88 144 139 160 141 7 48 47 109 45 107 106 153 41 103 102 152 100 151 150 62 124 64 126 121 158 123 117 157 119 155 23 79 78 137 76 136 135 72 133 132 130 94 148 96 146 143 49 111 110 108 104 125 80 
52 150 30 27 82 83 84 135 132 130 159 35 12 58 59 60 54 55 56 112 113 114 115 110 108 153 17 104 152 14 151 13 65 66 32 33 34 89 90 91 92 85 86 87 88 138 139 140 141 80 137 5 136 4 42 43 133 3 38 39 36 37 97 98 61 62 63 64 120 121 122 123 116 117 118 119 154 155 156 24 111 1 20 21 18 19 73 74 15 16 69 70 67 68 127 128 93 94 95 96 145 146 147 9 142 143 144 8 160 50 51 6 7 46 47 44 45 105 106 40 41 101 102 99 100 149 124 125 126 2 158 28 29 157 25 26 81 22 23 77 78 75 76 134 71 72 131 129 148 10 11 57 53 48 49 109 107 103 31 79 
53 14 11 81 26 25 85 1 35 3 38 39 29 31 2 33 51 50 112 8 55 54 116 4 5 6 7 13 65 66 15 16 69 70 57 9 59 10 61 12 63 24 83 82 138 27 87 86 142 17 18 19 20 21 22 23 36 37 97 98 40 41 101 102 28 89 30 91 32 93 34 95 52 114 113 154 56 118 117 157 42 43 44 45 46 47 48 49 67 68 127 128 71 72 131 132 58 120 60 122 62 124 64 126 84 140 139 160 88 144 143 73 74 75 76 77 78 79 80 99 100 149 150 103 104 152 90 145 92 147 94 148 96 115 156 155 119 105 106 107 108 109 110 111 129 130 159 133 121 158 123 125 141 134 135 136 137 151 146 153 
54 152 12 82 27 85 86 111 159 133 132 38 30 32 33 34 52 112 113 55 56 116 117 136 137 80 6 151 150 65 104 15 14 69 58 59 60 61 62 63 64 83 84 138 139 87 88 142 143 153 108 18 110 20 1 22 130 36 35 97 3 40 39 101 89 90 91 92 93 94 95 96 114 115 154 155 118 119 157 25 135 42 4 44 5 46 7 48 13 67 66 127 16 71 70 131 120 121 122 123 124 125 126 2 140 141 160 50 144 8 53 17 73 19 75 21 77 23 79 37 99 98 149 41 103 102 145 146 147 9 148 10 11 156 24 81 26 43 105 45 107 47 109 49 68 129 128 72 158 28 29 31 51 74 134 76 78 100 57 106 
55 104 61 83 85 27 87 110 130 132 133 3 89 33 32 93 112 52 114 54 116 56 118 135 80 137 5 150 151 13 152 14 15 16 59 58 120 12 63 62 124 82 138 84 140 86 142 88 144 108 153 17 111 1 20 21 159 35 36 37 38 39 40 41 30 91 90 145 34 95 94 148 113 154 115 156 117 157 119 26 136 4 42 43 6 7 46 47 65 66 67 68 69 70 71 72 60 122 121 158 64 126 125 31 139 160 141 51 143 53 8 18 19 73 74 22 23 77 78 97 98 99 100 101 102 103 92 147 146 57 96 11 10 155 81 24 25 44 45 105 106 48 49 109 127 128 129 131 123 29 28 2 50 75 76 134 79 149 9 107 
56 103 62 84 86 87 88 109 129 131 72 133 90 34 93 94 113 114 115 116 117 118 119 134 79 78 137 149 100 151 102 152 104 15 60 120 121 63 64 124 125 138 139 140 141 142 143 144 8 107 106 153 49 111 110 20 128 159 130 36 132 38 3 40 91 92 145 146 95 96 148 10 154 155 156 24 157 25 26 27 76 136 135 42 80 6 5 46 150 65 13 67 14 69 16 71 122 123 158 28 126 2 31 32 160 50 51 52 53 54 55 108 18 17 73 1 22 21 77 35 97 37 99 39 101 41 147 9 57 58 11 12 61 81 82 83 85 4 44 43 105 7 48 47 66 127 68 70 29 30 89 33 112 19 75 74 23 98 59 45 
57 18 51 31 29 28 89 65 6 42 4 44 26 81 24 83 11 10 61 9 59 58 120 38 36 35 97 20 1 22 17 73 19 75 53 8 55 50 112 52 114 2 33 32 93 30 91 90 145 15 14 69 13 67 66 127 5 46 7 48 43 105 45 107 25 85 27 87 82 138 84 140 12 63 62 124 60 122 121 158 3 40 39 101 37 99 98 149 21 77 23 79 74 134 76 136 54 116 56 118 113 154 115 156 34 95 94 148 92 147 146 16 71 70 131 68 129 128 159 47 109 49 111 106 153 108 86 142 88 144 139 160 141 64 126 125 123 41 103 102 152 100 151 150 78 137 80 135 117 157 119 155 96 72 133 132 130 110 143 104 
58 108 52 32 30 89 90 150 80 135 136 4 27 82 83 84 12 61 62 59 60 120 121 132 130 159 35 110 111 1 153 17 18 19 54 55 56 112 113 114 115 33 34 93 94 91 92 145 146 104 152 14 151 13 65 66 137 5 6 7 42 43 44 45 85 86 87 88 138 139 140 141 63 64 124 125 122 123 158 28 133 3 38 39 36 37 97 98 20 21 22 23 73 74 75 76 116 117 118 119 154 155 156 24 95 96 148 10 147 9 57 15 16 69 70 67 68 127 128 46 47 48 49 105 106 107 142 143 144 8 160 50 51 126 2 31 29 40 41 101 102 99 100 149 77 78 79 134 157 25 26 81 11 71 72 131 129 109 53 103 
59 153 112 33 89 30 91 151 137 136 135 42 85 83 82 138 61 12 63 58 120 60 122 133 159 130 36 111 110 20 108 18 17 73 55 54 116 52 114 113 154 32 93 34 95 90 145 92 147 152 104 15 150 65 13 67 80 6 5 46 4 44 43 105 27 87 86 142 84 140 139 160 62 124 64 126 121 158 123 29 132 38 3 40 35 97 37 99 1 22 21 77 19 75 74 134 56 118 117 157 115 156 155 81 94 148 96 11 146 57 9 14 69 16 71 66 127 68 129 7 48 47 109 45 107 106 88 144 143 53 141 51 50 125 31 2 28 39 101 41 103 98 149 100 23 79 78 76 119 26 25 24 10 70 131 72 128 49 8 102 
60 106 113 34 90 91 92 100 78 76 134 135 86 84 138 139 62 63 64 120 121 122 123 72 128 129 130 49 109 110 107 108 153 17 56 116 117 114 115 154 155 93 94 95 96 145 146 147 9 102 103 104 149 150 151 13 79 80 137 5 136 4 42 43 87 88 142 143 140 141 160 50 124 125 126 2 158 28 29 30 131 132 133 3 159 35 36 37 111 1 20 21 18 19 73 74 118 119 157 25 156 24 81 82 148 10 11 12 57 58 59 152 14 15 16 65 66 67 68 6 7 46 47 44 45 105 144 8 53 54 51 52 112 31 32 33 89 38 39 40 41 97 98 99 22 23 77 75 26 27 85 83 61 69 70 71 127 48 55 101 
61 110 85 89 33 32 93 132 135 80 137 5 112 55 54 116 59 58 120 12 63 62 124 150 104 152 14 108 153 17 111 1 20 21 83 82 138 27 87 86 142 30 91 90 145 34 95 94 148 130 159 35 133 3 38 39 136 4 42 43 6 7 46 47 52 114 113 154 56 118 117 157 60 122 121 158 64 126 125 31 151 13 65 66 15 16 69 70 18 19 73 74 22 23 77 78 84 140 139 160 88 144 143 53 92 147 146 57 96 11 10 36 37 97 98 40 41 101 102 44 45 105 106 48 49 109 115 156 155 81 119 26 25 123 29 28 2 67 68 127 128 71 72 131 75 76 134 79 141 51 50 8 9 99 100 149 103 107 24 129 
62 109 86 90 34 93 94 131 134 79 78 137 113 56 116 117 60 120 121 63 64 124 125 149 103 102 152 107 106 153 49 111 110 20 84 138 139 87 88 142 143 91 92 145 146 95 96 148 10 129 128 159 72 133 132 38 76 136 135 42 80 6 5 46 114 115 154 155 118 119 157 25 122 123 158 28 126 2 31 32 100 151 150 65 104 15 14 69 108 18 17 73 1 22 21 77 140 141 160 50 144 8 53 54 147 9 57 58 11 12 61 130 36 35 97 3 40 39 101 4 44 43 105 7 48 47 156 24 81 82 26 27 85 29 30 89 33 13 67 66 127 16 71 70 19 75 74 23 51 52 112 55 59 37 99 98 41 45 83 68 
63 49 87 91 93 34 95 72 76 78 79 80 114 116 56 118 120 60 122 62 124 64 126 100 102 103 104 106 107 108 109 110 111 1 138 84 140 86 142 88 144 90 145 92 147 94 148 96 11 128 129 130 131 132 133 3 134 135 136 4 137 5 6 7 113 154 115 156 117 157 119 26 121 158 123 29 125 31 2 33 149 150 151 13 152 14 15 16 153 17 18 19 20 21 22 23 139 160 141 51 143 53 8 55 146 57 9 59 10 61 12 159 35 36 37 38 39 40 41 42 43 44 45 46 47 48 155 81 24 83 25 85 27 28 89 30 32 65 66 67 68 69 70 71 73 74 75 77 50 112 52 54 58 97 98 99 101 105 82 127 
64 48 88 92 94 95 96 71 75 77 23 79 115 117 118 119 121 122 123 124 125 126 2 99 101 41 103 105 45 107 47 109 49 111 139 140 141 142 143 144 8 145 146 147 9 148 10 11 12 127 68 129 70 131 72 133 74 134 76 136 78 137 80 6 154 155 156 24 157 25 26 27 158 28 29 30 31 32 33 34 98 149 100 151 102 152 104 15 106 153 108 18 110 20 1 22 160 50 51 52 53 54 55 56 57 58 59 60 61 62 63 128 159 130 36 132 38 3 40 135 42 4 44 5 46 7 81 82 83 84 85 86 87 89 90 91 93 150 65 13 67 14 69 16 17 73 19 21 112 113 114 116 120 35 97 37 39 43 138 66 
65 24 42 38 36 35 97 9 8 50 51 52 20 18 17 73 15 14 69 13 67 66 127 2 28 29 30 25 26 27 81 82 83 84 6 5 46 4 44 43 105 3 40 39 101 37 99 98 149 10 11 12 57 58 59 60 53 54 55 56 112 113 114 115 1 22 21 77 19 75 74 134 16 71 70 131 68 129 128 159 31 32 33 34 89 90 91 92 85 86 87 88 138 139 140 141 7 48 47 109 45 107 106 153 41 103 102 152 100 151 150 61 62 63 64 120 121 122 123 116 117 118 119 154 155 156 23 79 78 137 76 136 135 72 133 132 130 93 94 95 96 145 146 147 142 143 144 160 49 111 110 108 104 124 125 126 158 157 80 148 
66 156 43 39 37 97 98 147 144 160 141 51 21 19 73 74 16 69 70 67 68 127 128 126 158 123 29 157 119 26 155 81 24 83 7 46 47 44 45 105 106 40 41 101 102 99 100 149 150 148 96 11 146 57 9 59 143 53 8 55 50 112 52 114 22 23 77 78 75 76 134 135 71 72 131 132 129 130 159 35 125 31 2 33 28 89 30 91 25 85 27 87 82 138 84 140 48 49 109 110 107 108 153 17 103 104 152 14 151 13 65 10 61 12 63 58 120 60 122 54 116 56 118 113 154 115 79 80 137 5 136 4 42 133 3 38 36 32 93 34 95 90 145 92 86 142 88 139 111 1 20 18 15 62 124 64 121 117 6 94 
67 155 44 40 97 37 99 146 143 141 160 50 22 73 19 75 69 16 71 66 127 68 129 125 123 158 28 119 157 25 156 24 81 82 46 7 48 43 105 45 107 39 101 41 103 98 149 100 151 96 148 10 147 9 57 58 144 8 53 54 51 52 112 113 21 77 23 79 74 134 76 136 70 131 72 133 128 159 130 36 126 2 31 32 29 30 89 90 26 27 85 86 83 84 138 139 47 109 49 111 106 153 108 18 102 152 104 15 150 65 13 11 12 61 62 59 60 120 121 55 56 116 117 114 115 154 78 137 80 6 135 42 4 132 38 3 35 33 34 93 94 91 92 145 87 88 142 140 110 20 1 17 14 63 64 124 122 118 5 95 
68 154 45 41 98 99 100 145 142 140 139 160 23 74 75 76 70 71 72 127 128 129 130 124 122 121 158 118 117 157 115 156 155 81 47 48 49 105 106 107 108 101 102 103 104 149 150 151 13 95 94 148 92 147 146 57 88 144 143 53 141 51 50 112 77 78 79 80 134 135 136 4 131 132 133 3 159 35 36 37 64 126 125 31 123 29 28 89 119 26 25 85 24 83 82 138 109 110 111 1 153 17 18 19 152 14 15 16 65 66 67 96 11 10 61 9 59 58 120 8 55 54 116 52 114 113 137 5 6 7 42 43 44 38 39 40 97 2 33 32 93 30 91 90 27 87 86 84 20 21 22 73 69 12 63 62 60 56 46 34 
69 157 22 97 40 39 101 126 160 144 143 53 44 46 7 48 67 66 127 16 71 70 131 147 148 96 11 156 155 81 119 26 25 85 73 19 75 21 77 23 79 37 99 98 149 41 103 102 152 158 123 29 125 31 2 33 141 51 50 112 8 55 54 116 43 105 45 107 47 109 49 111 68 129 128 159 72 133 132 38 146 57 9 59 10 61 12 63 24 83 82 138 27 87 86 142 74 134 76 136 78 137 80 6 100 151 150 65 104 15 14 28 89 30 91 32 93 34 95 52 114 113 154 56 118 117 106 153 108 18 110 20 1 130 36 35 3 58 120 60 122 62 124 64 84 140 139 88 135 42 4 5 13 90 145 92 94 115 17 121 
70 117 23 98 41 101 102 64 139 88 142 143 45 47 48 49 68 127 128 71 72 131 132 92 94 95 96 115 154 155 118 119 157 25 74 75 76 77 78 79 80 99 100 149 150 103 104 152 14 121 122 123 124 125 126 2 140 141 160 50 144 8 53 54 105 106 107 108 109 110 111 1 129 130 159 35 133 3 38 39 145 146 147 9 148 10 11 12 156 24 81 82 26 27 85 86 134 135 136 4 137 5 6 7 151 13 65 66 15 16 69 158 28 29 30 31 32 33 34 51 52 112 113 55 56 116 153 17 18 19 20 21 22 36 37 97 40 57 58 59 60 61 62 63 83 84 138 87 42 43 44 46 67 89 90 91 93 114 73 120 
71 118 77 99 101 41 103 124 140 142 88 144 105 48 47 109 127 68 129 70 131 72 133 145 95 94 148 154 115 156 117 157 119 26 75 74 134 23 79 78 137 98 149 100 151 102 152 104 15 122 121 158 64 126 125 31 139 160 141 51 143 53 8 55 45 107 106 153 49 111 110 20 128 159 130 36 132 38 3 40 92 147 146 57 96 11 10 61 155 81 24 83 25 85 27 87 76 136 135 42 80 6 5 46 150 65 13 67 14 69 16 123 29 28 89 2 33 32 93 50 112 52 114 54 116 56 108 18 17 73 1 22 21 35 97 37 39 9 59 58 120 12 63 62 82 138 84 86 4 44 43 7 66 30 91 90 34 113 19 60 
72 56 78 100 102 103 104 62 84 86 87 88 106 49 109 110 128 129 130 131 132 133 3 90 34 93 94 113 114 115 116 117 118 119 76 134 135 79 80 137 5 149 150 151 13 152 14 15 16 60 120 121 63 64 124 125 138 139 140 141 142 143 144 8 107 108 153 17 111 1 20 21 159 35 36 37 38 39 40 41 91 92 145 146 95 96 148 10 154 155 156 24 157 25 26 27 136 4 42 43 6 7 46 47 65 66 67 68 69 70 71 122 123 158 28 126 2 31 32 160 50 51 52 53 54 55 18 19 73 74 22 23 77 97 98 99 101 147 9 57 58 11 12 61 81 82 83 85 44 45 105 48 127 29 30 89 33 112 75 59 
73 123 67 46 44 43 105 155 96 146 147 9 40 97 37 99 22 21 77 19 75 74 134 143 141 160 50 125 126 2 158 28 29 30 69 16 71 66 127 68 129 7 48 47 109 45 107 106 153 119 157 25 156 24 81 82 148 10 11 12 57 58 59 60 39 101 41 103 98 149 100 151 23 79 78 137 76 136 135 42 144 8 53 54 51 52 112 113 31 32 33 34 89 90 91 92 70 131 72 133 128 159 130 36 49 111 110 20 108 18 17 26 27 85 86 83 84 138 139 61 62 63 64 120 121 122 102 152 104 15 150 65 13 80 6 5 4 55 56 116 117 114 115 154 93 94 95 145 132 38 3 35 1 87 88 142 140 124 14 118 
74 122 68 47 45 105 106 154 95 145 92 147 41 98 99 100 23 77 78 75 76 134 135 142 140 139 160 124 64 126 121 158 123 29 70 71 72 127 128 129 130 48 49 109 110 107 108 153 17 118 117 157 115 156 155 81 94 148 96 11 146 57 9 59 101 102 103 104 149 150 151 13 79 80 137 5 136 4 42 43 88 144 143 53 141 51 50 112 125 31 2 33 28 89 30 91 131 132 133 3 159 35 36 37 111 1 20 21 18 19 73 119 26 25 85 24 83 82 138 10 61 12 63 58 120 60 152 14 15 16 65 66 67 6 7 46 44 8 55 54 116 52 114 113 32 93 34 90 38 39 40 97 22 27 87 86 84 62 69 56 
75 121 127 48 105 45 107 115 94 92 145 146 101 99 98 149 77 23 79 74 134 76 136 88 139 140 141 64 124 125 122 123 158 28 71 70 131 68 129 128 159 47 109 49 111 106 153 108 18 117 118 119 154 155 156 24 95 96 148 10 147 9 57 58 41 103 102 152 100 151 150 65 78 137 80 6 135 42 4 44 142 143 144 8 160 50 51 52 126 2 31 32 29 30 89 90 72 133 132 38 130 36 35 97 110 20 1 22 17 73 19 157 25 26 27 81 82 83 84 11 12 61 62 59 60 120 104 15 14 69 13 67 66 5 46 7 43 53 54 55 56 112 113 114 33 34 93 91 3 40 39 37 21 85 86 87 138 63 16 116 
76 120 128 49 106 107 108 114 93 91 90 145 102 100 149 150 78 79 80 134 135 136 4 87 138 84 140 63 62 124 60 122 121 158 72 131 132 129 130 159 35 109 110 111 1 153 17 18 19 116 56 118 113 154 115 156 34 95 94 148 92 147 146 57 103 104 152 14 151 13 65 66 137 5 6 7 42 43 44 45 86 142 88 144 139 160 141 51 64 126 125 31 123 29 28 89 133 3 38 39 36 37 97 98 20 21 22 23 73 74 75 117 157 119 26 155 81 24 83 96 11 10 61 9 59 58 15 16 69 70 67 68 127 46 47 48 105 143 53 8 55 50 112 52 2 33 32 30 40 41 101 99 77 25 85 27 82 12 71 54 
77 124 101 105 48 47 109 142 145 95 94 148 127 71 70 131 75 74 134 23 79 78 137 154 118 117 157 122 121 158 64 126 125 31 99 98 149 41 103 102 152 45 107 106 153 49 111 110 20 140 139 160 88 144 143 53 92 147 146 57 96 11 10 61 68 129 128 159 72 133 132 38 76 136 135 42 80 6 5 46 115 156 155 81 119 26 25 85 123 29 28 89 2 33 32 93 100 151 150 65 104 15 14 69 108 18 17 73 1 22 21 141 51 50 112 8 55 54 116 9 59 58 120 12 63 62 130 36 35 97 3 40 39 4 44 43 7 24 83 82 138 27 87 86 30 91 90 34 13 67 66 16 19 52 114 113 56 60 37 84 
78 62 102 106 49 109 110 86 90 34 93 94 128 72 131 132 76 134 135 79 80 137 5 113 56 116 117 60 120 121 63 64 124 125 100 149 150 103 104 152 14 107 108 153 17 111 1 20 21 84 138 139 87 88 142 143 91 92 145 146 95 96 148 10 129 130 159 35 133 3 38 39 136 4 42 43 6 7 46 47 114 115 154 155 118 119 157 25 122 123 158 28 126 2 31 32 151 13 65 66 15 16 69 70 18 19 73 74 22 23 77 140 141 160 50 144 8 53 54 147 9 57 58 11 12 61 36 37 97 98 40 41 101 44 45 105 48 156 24 81 82 26 27 85 29 30 89 33 67 68 127 71 75 51 52 112 55 59 99 83 
79 63 103 107 109 49 111 87 91 93 34 95 129 131 72 133 134 76 136 78 137 80 6 114 116 56 118 120 60 122 62 124 64 126 149 100 151 102 152 104 15 106 153 108 18 110 20 1 22 138 84 140 86 142 88 144 90 145 92 147 94 148 96 11 128 159 130 36 132 38 3 40 135 42 4 44 5 46 7 48 113 154 115 156 117 157 119 26 121 158 123 29 125 31 2 33 150 65 13 67 14 69 16 71 17 73 19 75 21 77 23 139 160 141 51 143 53 8 55 146 57 9 59 10 61 12 35 97 37 99 39 101 41 43 105 45 47 155 81 24 83 25 85 27 28 89 30 32 66 127 68 70 74 50 112 52 54 58 98 82 
80 12 104 108 110 111 1 27 30 32 33 34 130 132 133 3 135 136 4 137 5 6 7 52 54 55 56 58 59 60 61 62 63 64 150 151 13 152 14 15 16 153 17 18 19 20 21 22 23 82 83 84 85 86 87 88 89 90 91 92 93 94 95 96 159 35 36 37 38 39 40 41 42 43 44 45 46 47 48 49 112 113 114 115 116 117 118 119 120 121 122 123 124 125 126 2 65 66 67 68 69 70 71 72 73 74 75 76 77 78 79 138 139 140 141 142 143 144 8 145 146 147 9 148 10 11 97 98 99 100 101 102 103 105 106 107 109 154 155 156 24 157 25 26 158 28 29 31 127 128 129 131 134 160 50 51 53 57 149 81 
81 36 57 53 51 50 112 18 15 65 13 67 31 29 28 89 26 25 85 24 83 82 138 6 42 4 44 38 3 40 35 97 37 99 11 10 61 9 59 58 120 8 55 54 116 52 114 113 154 20 1 22 17 73 19 75 14 69 16 71 66 127 68 129 2 33 32 93 30 91 90 145 27 87 86 142 84 140 139 160 5 46 7 48 43 105 45 107 39 101 41 103 98 149 100 151 12 63 62 124 60 122 121 158 56 118 117 157 115 156 155 21 77 23 79 74 134 76 136 70 131 72 133 128 159 130 34 95 94 148 92 147 146 88 144 143 141 47 109 49 111 106 153 108 102 152 104 150 64 126 125 123 119 78 137 80 135 132 96 110 
82 130 58 54 52 112 113 108 104 150 151 13 32 30 89 90 27 85 86 83 84 138 139 80 135 136 4 132 133 3 159 35 36 37 12 61 62 59 60 120 121 55 56 116 117 114 115 154 155 110 111 1 153 17 18 19 152 14 15 16 65 66 67 68 33 34 93 94 91 92 145 146 87 88 142 143 140 141 160 50 137 5 6 7 42 43 44 45 38 39 40 41 97 98 99 100 63 64 124 125 122 123 158 28 118 119 157 25 156 24 81 20 21 22 23 73 74 75 76 69 70 71 72 127 128 129 95 96 148 10 147 9 57 144 8 53 51 46 47 48 49 105 106 107 101 102 103 149 126 2 31 29 26 77 78 79 134 131 11 109 
83 159 59 55 112 52 114 153 152 151 150 65 33 89 30 91 85 27 87 82 138 84 140 137 136 135 42 133 132 38 130 36 35 97 61 12 63 58 120 60 122 54 116 56 118 113 154 115 156 111 110 20 108 18 17 73 104 15 14 69 13 67 66 127 32 93 34 95 90 145 92 147 86 142 88 144 139 160 141 51 80 6 5 46 4 44 43 105 3 40 39 101 37 99 98 149 62 124 64 126 121 158 123 29 117 157 119 26 155 81 24 1 22 21 77 19 75 74 134 16 71 70 131 68 129 128 94 148 96 11 146 57 9 143 53 8 50 7 48 47 109 45 107 106 41 103 102 100 125 31 2 28 25 23 79 78 76 72 10 49 
84 128 60 56 113 114 115 106 102 100 149 150 34 90 91 92 86 87 88 138 139 140 141 78 76 134 135 72 131 132 129 130 159 35 62 63 64 120 121 122 123 116 117 118 119 154 155 156 24 49 109 110 107 108 153 17 103 104 152 14 151 13 65 66 93 94 95 96 145 146 147 9 142 143 144 8 160 50 51 52 79 80 137 5 136 4 42 43 133 3 38 39 36 37 97 98 124 125 126 2 158 28 29 30 157 25 26 27 81 82 83 111 1 20 21 18 19 73 74 15 16 69 70 67 68 127 148 10 11 12 57 58 59 53 54 55 112 6 7 46 47 44 45 105 40 41 101 99 31 32 33 89 85 22 23 77 75 71 61 48 
85 132 33 112 55 54 116 80 150 104 152 14 59 61 12 63 83 82 138 27 87 86 142 108 110 111 1 130 159 35 133 3 38 39 89 30 91 32 93 34 95 52 114 113 154 56 118 117 157 135 136 4 137 5 6 7 151 13 65 66 15 16 69 70 58 120 60 122 62 124 64 126 84 140 139 160 88 144 143 53 153 17 18 19 20 21 22 23 36 37 97 98 40 41 101 102 90 145 92 147 94 148 96 11 115 156 155 81 119 26 25 42 43 44 45 46 47 48 49 67 68 127 128 71 72 131 121 158 123 29 125 31 2 141 51 50 8 73 74 75 76 77 78 79 99 100 149 103 146 57 9 10 24 105 106 107 109 129 28 134 
86 131 34 113 56 116 117 79 149 103 102 152 60 62 63 64 84 138 139 87 88 142 143 107 109 49 111 129 128 159 72 133 132 38 90 91 92 93 94 95 96 114 115 154 155 118 119 157 25 134 76 136 78 137 80 6 100 151 150 65 104 15 14 69 120 121 122 123 124 125 126 2 140 141 160 50 144 8 53 54 106 153 108 18 110 20 1 22 130 36 35 97 3 40 39 101 145 146 147 9 148 10 11 12 156 24 81 82 26 27 85 135 42 4 44 5 46 7 48 13 67 66 127 16 71 70 158 28 29 30 31 32 33 51 52 112 55 17 73 19 75 21 77 23 37 99 98 41 57 58 59 61 83 43 105 45 47 68 89 74 
87 72 93 114 116 56 118 78 100 102 103 104 120 63 62 124 138 84 140 86 142 88 144 106 49 109 110 128 129 130 131 132 133 3 91 90 145 34 95 94 148 113 154 115 156 117 157 119 26 76 134 135 79 80 137 5 149 150 151 13 152 14 15 16 60 122 121 158 64 126 125 31 139 160 141 51 143 53 8 55 107 108 153 17 111 1 20 21 159 35 36 37 38 39 40 41 92 147 146 57 96 11 10 61 155 81 24 83 25 85 27 136 4 42 43 6 7 46 47 65 66 67 68 69 70 71 123 29 28 89 2 33 32 50 112 52 54 18 19 73 74 22 23 77 97 98 99 101 9 59 58 12 82 44 45 105 48 127 30 75 
88 71 94 115 117 118 119 77 99 101 41 103 121 64 124 125 139 140 141 142 143 144 8 105 48 47 109 127 68 129 70 131 72 133 92 145 146 95 96 148 10 154 155 156 24 157 25 26 27 75 74 134 23 79 78 137 98 149 100 151 102 152 104 15 122 123 158 28 126 2 31 32 160 50 51 52 53 54 55 56 45 107 106 153 49 111 110 20 128 159 130 36 132 38 3 40 147 9 57 58 11 12 61 62 81 82 83 84 85 86 87 76 136 135 42 80 6 5 46 150 65 13 67 14 69 16 29 30 89 90 33 34 93 112 113 114 116 108 18 17 73 1 22 21 35 97 37 39 59 60 120 63 138 4 44 43 7 66 91 19 
89 136 83 61 59 58 120 159 111 153 108 18 55 112 52 114 33 32 93 30 91 90 145 152 151 150 65 137 80 6 135 42 4 44 85 27 87 82 138 84 140 12 63 62 124 60 122 121 158 133 132 38 130 36 35 97 110 20 1 22 17 73 19 75 54 116 56 118 113 154 115 156 34 95 94 148 92 147 146 57 104 15 14 69 13 67 66 127 5 46 7 48 43 105 45 107 86 142 88 144 139 160 141 51 64 126 125 31 123 29 28 3 40 39 101 37 99 98 149 21 77 23 79 74 134 76 117 157 119 26 155 81 24 96 11 10 9 16 71 70 131 68 129 128 47 109 49 106 143 53 8 50 2 41 103 102 100 78 25 72 
90 76 84 62 60 120 121 128 49 106 107 108 56 113 114 115 34 93 94 91 92 145 146 102 100 149 150 78 79 80 134 135 136 4 86 87 88 138 139 140 141 63 64 124 125 122 123 158 28 72 131 132 129 130 159 35 109 110 111 1 153 17 18 19 116 117 118 119 154 155 156 24 95 96 148 10 147 9 57 58 103 104 152 14 151 13 65 66 137 5 6 7 42 43 44 45 142 143 144 8 160 50 51 52 126 2 31 32 29 30 89 133 3 38 39 36 37 97 98 20 21 22 23 73 74 75 157 25 26 27 81 82 83 11 12 61 59 15 16 69 70 67 68 127 46 47 48 105 53 54 55 112 33 40 41 101 99 77 85 71 
91 134 138 63 120 60 122 129 109 107 106 153 116 114 113 154 93 34 95 90 145 92 147 103 149 100 151 79 78 137 76 136 135 42 87 86 142 84 140 139 160 62 124 64 126 121 158 123 29 131 72 133 128 159 130 36 49 111 110 20 108 18 17 73 56 118 117 157 115 156 155 81 94 148 96 11 146 57 9 59 102 152 104 15 150 65 13 67 80 6 5 46 4 44 43 105 88 144 143 53 141 51 50 112 125 31 2 33 28 89 30 132 38 3 40 35 97 37 99 1 22 21 77 19 75 74 119 26 25 85 24 83 82 10 61 12 58 14 69 16 71 66 127 68 7 48 47 45 8 55 54 52 32 39 101 41 98 23 27 70 
92 74 139 64 121 122 123 68 47 45 105 106 117 115 154 155 94 95 96 145 146 147 9 41 98 99 100 23 77 78 75 76 134 135 88 142 143 140 141 160 50 124 125 126 2 158 28 29 30 70 71 72 127 128 129 130 48 49 109 110 107 108 153 17 118 119 157 25 156 24 81 82 148 10 11 12 57 58 59 60 101 102 103 104 149 150 151 13 79 80 137 5 136 4 42 43 144 8 53 54 51 52 112 113 31 32 33 34 89 90 91 131 132 133 3 159 35 36 37 111 1 20 21 18 19 73 26 27 85 86 83 84 138 61 62 63 120 152 14 15 16 65 66 67 6 7 46 44 55 56 116 114 93 38 39 40 97 22 87 69 
93 78 116 120 63 62 124 102 106 49 109 110 138 87 86 142 91 90 145 34 95 94 148 128 72 131 132 76 134 135 79 80 137 5 114 113 154 56 118 117 157 60 122 121 158 64 126 125 31 100 149 150 103 104 152 14 107 108 153 17 111 1 20 21 84 140 139 160 88 144 143 53 92 147 146 57 96 11 10 61 129 130 159 35 133 3 38 39 136 4 42 43 6 7 46 47 115 156 155 81 119 26 25 85 123 29 28 89 2 33 32 151 13 65 66 15 16 69 70 18 19 73 74 22 23 77 141 51 50 112 8 55 54 9 59 58 12 36 37 97 98 40 41 101 44 45 105 48 24 83 82 27 30 67 68 127 71 75 52 99 
94 77 117 121 64 124 125 101 105 48 47 109 139 88 142 143 92 145 146 95 96 148 10 127 71 70 131 75 74 134 23 79 78 137 115 154 155 118 119 157 25 122 123 158 28 126 2 31 32 99 98 149 41 103 102 152 45 107 106 153 49 111 110 20 140 141 160 50 144 8 53 54 147 9 57 58 11 12 61 62 68 129 128 159 72 133 132 38 76 136 135 42 80 6 5 46 156 24 81 82 26 27 85 86 29 30 89 90 33 34 93 100 151 150 65 104 15 14 69 108 18 17 73 1 22 21 51 52 112 113 55 56 116 59 60 120 63 130 36 35 97 3 40 39 4 44 43 7 83 84 138 87 91 13 67 66 16 19 114 37 
95 23 118 122 124 64 126 41 45 47 48 49 140 142 88 144 145 92 147 94 148 96 11 68 70 71 72 74 75 76 77 78 79 80 154 115 156 117 157 119 26 121 158 123 29 125 31 2 33 98 99 100 101 102 103 104 105 106 107 108 109 110 111 1 139 160 141 51 143 53 8 55 146 57 9 59 10 61 12 63 127 128 129 130 131 132 133 3 134 135 136 4 137 5 6 7 155 81 24 83 25 85 27 87 28 89 30 91 32 93 34 149 150 151 13 152 14 15 16 153 17 18 19 20 21 22 50 112 52 114 54 116 56 58 120 60 62 159 35 36 37 38 39 40 42 43 44 46 82 138 84 86 90 65 66 67 69 73 113 97 
96 22 119 123 125 126 2 40 44 46 7 48 141 143 144 8 146 147 9 148 10 11 12 67 69 16 71 73 19 75 21 77 23 79 155 156 24 157 25 26 27 158 28 29 30 31 32 33 34 97 37 99 39 101 41 103 43 105 45 107 47 109 49 111 160 50 51 52 53 54 55 56 57 58 59 60 61 62 63 64 66 127 68 129 70 131 72 133 74 134 76 136 78 137 80 6 81 82 83 84 85 86 87 88 89 90 91 92 93 94 95 98 149 100 151 102 152 104 15 106 153 108 18 110 20 1 112 113 114 115 116 117 118 120 121 122 124 128 159 130 36 132 38 3 135 42 4 5 138 139 140 142 145 150 65 13 14 17 154 35 
97 141 73 69 67 66 127 123 119 155 156 24 46 44 43 105 40 39 101 37 99 98 149 96 146 147 9 143 144 8 160 50 51 52 22 21 77 19 75 74 134 16 71 70 131 68 129 128 159 125 126 2 158 28 29 30 157 25 26 27 81 82 83 84 7 48 47 109 45 107 106 153 41 103 102 152 100 151 150 65 148 10 11 12 57 58 59 60 53 54 55 56 112 113 114 115 23 79 78 137 76 136 135 42 72 133 132 38 130 36 35 31 32 33 34 89 90 91 92 85 86 87 88 138 139 140 49 111 110 20 108 18 17 104 15 14 13 61 62 63 64 120 121 122 116 117 118 154 80 6 5 4 3 93 94 95 145 142 1 124 
98 140 74 70 68 127 128 122 118 154 115 156 47 45 105 106 41 101 102 99 100 149 150 95 145 92 147 142 88 144 139 160 141 51 23 77 78 75 76 134 135 71 72 131 132 129 130 159 35 124 64 126 121 158 123 29 117 157 119 26 155 81 24 83 48 49 109 110 107 108 153 17 103 104 152 14 151 13 65 66 94 148 96 11 146 57 9 59 143 53 8 55 50 112 52 114 79 80 137 5 136 4 42 43 133 3 38 39 36 37 97 125 31 2 33 28 89 30 91 25 85 27 87 82 138 84 111 1 20 21 18 19 73 15 16 69 67 10 61 12 63 58 120 60 54 116 56 113 6 7 46 44 40 32 93 34 90 86 22 62 
99 139 75 71 127 68 129 121 117 115 154 155 48 105 45 107 101 41 103 98 149 100 151 94 92 145 146 88 142 143 140 141 160 50 77 23 79 74 134 76 136 70 131 72 133 128 159 130 36 64 124 125 122 123 158 28 118 119 157 25 156 24 81 82 47 109 49 111 106 153 108 18 102 152 104 15 150 65 13 67 95 96 148 10 147 9 57 58 144 8 53 54 51 52 112 113 78 137 80 6 135 42 4 44 132 38 3 40 35 97 37 126 2 31 32 29 30 89 90 26 27 85 86 83 84 138 110 20 1 22 17 73 19 14 69 16 66 11 12 61 62 59 60 120 55 56 116 114 5 46 7 43 39 33 34 93 91 87 21 63 
100 138 76 72 128 129 130 120 116 114 113 154 49 106 107 108 102 103 104 149 150 151 13 93 91 90 145 87 86 142 84 140 139 160 78 79 80 134 135 136 4 131 132 133 3 159 35 36 37 63 62 124 60 122 121 158 56 118 117 157 115 156 155 81 109 110 111 1 153 17 18 19 152 14 15 16 65 66 67 68 34 95 94 148 92 147 146 57 88 144 143 53 141 51 50 112 137 5 6 7 42 43 44 45 38 39 40 41 97 98 99 64 126 125 31 123 29 28 89 119 26 25 85 24 83 82 20 21 22 23 73 74 75 69 70 71 127 96 11 10 61 9 59 58 8 55 54 52 46 47 48 105 101 2 33 32 30 27 77 12 
101 142 48 127 71 70 131 95 154 118 117 157 75 77 23 79 99 98 149 41 103 102 152 122 124 64 126 140 139 160 88 144 143 53 105 45 107 47 109 49 111 68 129 128 159 72 133 132 38 145 92 147 94 148 96 11 115 156 155 81 119 26 25 85 74 134 76 136 78 137 80 6 100 151 150 65 104 15 14 69 121 158 123 29 125 31 2 33 141 51 50 112 8 55 54 116 106 153 108 18 110 20 1 22 130 36 35 97 3 40 39 146 57 9 59 10 61 12 63 24 83 82 138 27 87 86 135 42 4 44 5 46 7 13 67 66 16 28 89 30 91 32 93 34 52 114 113 56 17 73 19 21 37 58 120 60 62 84 43 90 
102 86 49 128 72 131 132 34 113 56 116 117 76 78 79 80 100 149 150 103 104 152 14 60 62 63 64 84 138 139 87 88 142 143 106 107 108 109 110 111 1 129 130 159 35 133 3 38 39 90 91 92 93 94 95 96 114 115 154 155 118 119 157 25 134 135 136 4 137 5 6 7 151 13 65 66 15 16 69 70 120 121 122 123 124 125 126 2 140 141 160 50 144 8 53 54 153 17 18 19 20 21 22 23 36 37 97 98 40 41 101 145 146 147 9 148 10 11 12 156 24 81 82 26 27 85 42 43 44 45 46 47 48 67 68 127 71 158 28 29 30 31 32 33 51 52 112 55 73 74 75 77 99 57 58 59 61 83 105 89 
103 87 109 129 131 72 133 93 114 116 56 118 134 79 78 137 149 100 151 102 152 104 15 120 63 62 124 138 84 140 86 142 88 144 107 106 153 49 111 110 20 128 159 130 36 132 38 3 40 91 90 145 34 95 94 148 113 154 115 156 117 157 119 26 76 136 135 42 80 6 5 46 150 65 13 67 14 69 16 71 60 122 121 158 64 126 125 31 139 160 141 51 143 53 8 55 108 18 17 73 1 22 21 77 35 97 37 99 39 101 41 92 147 146 57 96 11 10 61 155 81 24 83 25 85 27 4 44 43 105 7 48 47 66 127 68 70 123 29 28 89 2 33 32 50 112 52 54 19 75 74 23 98 9 59 58 12 82 45 30 
104 27 110 130 132 133 3 32 52 54 55 56 135 80 137 5 150 151 13 152 14 15 16 58 12 61 62 82 83 84 85 86 87 88 108 153 17 111 1 20 21 159 35 36 37 38 39 40 41 30 89 90 33 34 93 94 112 113 114 115 116 117 118 119 136 4 42 43 6 7 46 47 65 66 67 68 69 70 71 72 59 60 120 121 63 64 124 125 138 139 140 141 142 143 144 8 18 19 73 74 22 23 77 78 97 98 99 100 101 102 103 91 92 145 146 95 96 148 10 154 155 156 24 157 25 26 44 45 105 106 48 49 109 127 128 129 131 122 123 158 28 126 2 31 160 50 51 53 75 76 134 79 149 147 9 57 11 81 107 29 
105 92 99 77 75 74 134 139 64 121 122 123 71 127 68 129 48 47 109 45 107 106 153 117 115 154 155 94 95 96 145 146 147 9 101 41 103 98 149 100 151 23 79 78 137 76 136 135 42 88 142 143 140 141 160 50 124 125 126 2 158 28 29 30 70 131 72 133 128 159 130 36 49 111 110 20 108 18 17 73 118 119 157 25 156 24 81 82 148 10 11 12 57 58 59 60 102 152 104 15 150 65 13 67 80 6 5 46 4 44 43 144 8 53 54 51 52 112 113 31 32 33 34 89 90 91 132 38 3 40 35 97 37 1 22 21 19 26 27 85 86 83 84 138 61 62 63 120 14 69 16 66 7 55 56 116 114 93 39 87 
106 91 100 78 76 134 135 138 63 120 60 122 72 128 129 130 49 109 110 107 108 153 17 116 114 113 154 93 34 95 90 145 92 147 102 103 104 149 150 151 13 79 80 137 5 136 4 42 43 87 86 142 84 140 139 160 62 124 64 126 121 158 123 29 131 132 133 3 159 35 36 37 111 1 20 21 18 19 73 74 56 118 117 157 115 156 155 81 94 148 96 11 146 57 9 59 152 14 15 16 65 66 67 68 6 7 46 47 44 45 105 88 144 143 53 141 51 50 112 125 31 2 33 28 89 30 38 39 40 41 97 98 99 22 23 77 75 119 26 25 85 24 83 82 10 61 12 58 69 70 71 127 48 8 55 54 52 32 101 27 
107 90 149 79 134 76 136 84 62 60 120 121 131 129 128 159 109 49 111 106 153 108 18 56 113 114 115 34 93 94 91 92 145 146 103 102 152 100 151 150 65 78 137 80 6 135 42 4 44 86 87 88 138 139 140 141 63 64 124 125 122 123 158 28 72 133 132 38 130 36 35 97 110 20 1 22 17 73 19 75 116 117 118 119 154 155 156 24 95 96 148 10 147 9 57 58 104 15 14 69 13 67 66 127 5 46 7 48 43 105 45 142 143 144 8 160 50 51 52 126 2 31 32 29 30 89 3 40 39 101 37 99 98 21 77 23 74 157 25 26 27 81 82 83 11 12 61 59 16 71 70 68 47 53 54 55 112 33 41 85 
108 89 150 80 135 136 4 83 61 59 58 120 132 130 159 35 110 111 1 153 17 18 19 55 112 52 114 33 32 93 30 91 90 145 104 152 14 151 13 65 66 137 5 6 7 42 43 44 45 85 27 87 82 138 84 140 12 63 62 124 60 122 121 158 133 3 38 39 36 37 97 98 20 21 22 23 73 74 75 76 54 116 56 118 113 154 115 156 34 95 94 148 92 147 146 57 15 16 69 70 67 68 127 128 46 47 48 49 105 106 107 86 142 88 144 139 160 141 51 64 126 125 31 123 29 28 40 41 101 102 99 100 149 77 78 79 134 117 157 119 26 155 81 24 96 11 10 9 71 72 131 129 109 143 53 8 50 2 103 25 
109 93 131 134 79 78 137 116 120 63 62 124 149 103 102 152 107 106 153 49 111 110 20 138 87 86 142 91 90 145 34 95 94 148 129 128 159 72 133 132 38 76 136 135 42 80 6 5 46 114 113 154 56 118 117 157 60 122 121 158 64 126 125 31 100 151 150 65 104 15 14 69 108 18 17 73 1 22 21 77 84 140 139 160 88 144 143 53 92 147 146 57 96 11 10 61 130 36 35 97 3 40 39 101 4 44 43 105 7 48 47 115 156 155 81 119 26 25 85 123 29 28 89 2 33 32 13 67 66 127 16 71 70 19 75 74 23 141 51 50 112 8 55 54 9 59 58 12 37 99 98 41 45 24 83 82 27 30 68 52 
110 32 132 135 80 137 5 54 58 12 61 62 150 104 152 14 108 153 17 111 1 20 21 82 27 85 86 30 89 90 33 34 93 94 130 159 35 133 3 38 39 136 4 42 43 6 7 46 47 52 112 113 55 56 116 117 59 60 120 121 63 64 124 125 151 13 65 66 15 16 69 70 18 19 73 74 22 23 77 78 83 84 138 139 87 88 142 143 91 92 145 146 95 96 148 10 36 37 97 98 40 41 101 102 44 45 105 106 48 49 109 114 115 154 155 118 119 157 25 122 123 158 28 126 2 31 67 68 127 128 71 72 131 75 76 134 79 140 141 160 50 144 8 53 147 9 57 11 99 100 149 103 107 156 24 81 26 29 129 51 
111 33 133 136 137 80 6 55 59 61 12 63 151 152 104 15 153 108 18 110 20 1 22 83 85 27 87 89 30 91 32 93 34 95 159 130 36 132 38 3 40 135 42 4 44 5 46 7 48 112 52 114 54 116 56 118 58 120 60 122 62 124 64 126 150 65 13 67 14 69 16 71 17 73 19 75 21 77 23 79 82 138 84 140 86 142 88 144 90 145 92 147 94 148 96 11 35 97 37 99 39 101 41 103 43 105 45 107 47 109 49 113 154 115 156 117 157 119 26 121 158 123 29 125 31 2 66 127 68 129 70 131 72 74 134 76 78 139 160 141 51 143 53 8 146 57 9 10 98 149 100 102 106 155 81 24 25 28 128 50 
112 151 89 85 83 82 138 136 133 159 130 36 61 59 58 120 55 54 116 52 114 113 154 111 153 108 18 152 104 15 150 65 13 67 33 32 93 30 91 90 145 27 87 86 142 84 140 139 160 137 80 6 135 42 4 44 132 38 3 40 35 97 37 99 12 63 62 124 60 122 121 158 56 118 117 157 115 156 155 81 110 20 1 22 17 73 19 75 14 69 16 71 66 127 68 129 34 95 94 148 92 147 146 57 88 144 143 53 141 51 50 5 46 7 48 43 105 45 107 39 101 41 103 98 149 100 64 126 125 31 123 29 28 119 26 25 24 21 77 23 79 74 134 76 70 131 72 128 96 11 10 9 8 47 109 49 106 102 2 78 
113 100 90 86 84 138 139 76 72 128 129 130 62 60 120 121 56 116 117 114 115 154 155 49 106 107 108 102 103 104 149 150 151 13 34 93 94 91 92 145 146 87 88 142 143 140 141 160 50 78 79 80 134 135 136 4 131 132 133 3 159 35 36 37 63 64 124 125 122 123 158 28 118 119 157 25 156 24 81 82 109 110 111 1 153 17 18 19 152 14 15 16 65 66 67 68 95 96 148 10 147 9 57 58 144 8 53 54 51 52 112 137 5 6 7 42 43 44 45 38 39 40 41 97 98 99 126 2 31 32 29 30 89 26 27 85 83 20 21 22 23 73 74 75 69 70 71 127 11 12 61 59 55 46 47 48 105 101 33 77 
114 149 91 87 138 84 140 134 131 129 128 159 63 120 60 122 116 56 118 113 154 115 156 109 107 106 153 103 102 152 100 151 150 65 93 34 95 90 145 92 147 86 142 88 144 139 160 141 51 79 78 137 76 136 135 42 72 133 132 38 130 36 35 97 62 124 64 126 121 158 123 29 117 157 119 26 155 81 24 83 49 111 110 20 108 18 17 73 104 15 14 69 13 67 66 127 94 148 96 11 146 57 9 59 143 53 8 55 50 112 52 80 6 5 46 4 44 43 105 3 40 39 101 37 99 98 125 31 2 33 28 89 30 25 85 27 82 1 22 21 77 19 75 74 16 71 70 68 10 61 12 58 54 7 48 47 45 41 32 23 
115 98 92 88 139 140 141 74 70 68 127 128 64 121 122 123 117 118 119 154 155 156 24 47 45 105 106 41 101 102 99 100 149 150 94 95 96 145 146 147 9 142 143 144 8 160 50 51 52 23 77 78 75 76 134 135 71 72 131 132 129 130 159 35 124 125 126 2 158 28 29 30 157 25 26 27 81 82 83 84 48 49 109 110 107 108 153 17 103 104 152 14 151 13 65 66 148 10 11 12 57 58 59 60 53 54 55 56 112 113 114 79 80 137 5 136 4 42 43 133 3 38 39 36 37 97 31 32 33 34 89 90 91 85 86 87 138 111 1 20 21 18 19 73 15 16 69 67 61 62 63 120 116 6 7 46 44 40 93 22 
116 102 63 138 87 86 142 49 128 72 131 132 91 93 34 95 114 113 154 56 118 117 157 76 78 79 80 100 149 150 103 104 152 14 120 60 122 62 124 64 126 84 140 139 160 88 144 143 53 106 107 108 109 110 111 1 129 130 159 35 133 3 38 39 90 145 92 147 94 148 96 11 115 156 155 81 119 26 25 85 134 135 136 4 137 5 6 7 151 13 65 66 15 16 69 70 121 158 123 29 125 31 2 33 141 51 50 112 8 55 54 153 17 18 19 20 21 22 23 36 37 97 98 40 41 101 146 57 9 59 10 61 12 24 83 82 27 42 43 44 45 46 47 48 67 68 127 71 28 89 30 32 52 73 74 75 77 99 58 105 
117 101 64 139 88 142 143 48 127 71 70 131 92 94 95 96 115 154 155 118 119 157 25 75 77 23 79 99 98 149 41 103 102 152 121 122 123 124 125 126 2 140 141 160 50 144 8 53 54 105 45 107 47 109 49 111 68 129 128 159 72 133 132 38 145 146 147 9 148 10 11 12 156 24 81 82 26 27 85 86 74 134 76 136 78 137 80 6 100 151 150 65 104 15 14 69 158 28 29 30 31 32 33 34 51 52 112 113 55 56 116 106 153 108 18 110 20 1 22 130 36 35 97 3 40 39 57 58 59 60 61 62 63 83 84 138 87 135 42 4 44 5 46 7 13 67 66 16 89 90 91 93 114 17 73 19 21 37 120 43 
118 41 124 140 142 88 144 47 68 70 71 72 145 95 94 148 154 115 156 117 157 119 26 74 23 77 78 98 99 100 101 102 103 104 122 121 158 64 126 125 31 139 160 141 51 143 53 8 55 45 105 106 48 49 109 110 127 128 129 130 131 132 133 3 92 147 146 57 96 11 10 61 155 81 24 83 25 85 27 87 75 76 134 135 79 80 137 5 149 150 151 13 152 14 15 16 123 29 28 89 2 33 32 93 50 112 52 114 54 116 56 107 108 153 17 111 1 20 21 159 35 36 37 38 39 40 9 59 58 120 12 63 62 82 138 84 86 136 4 42 43 6 7 46 65 66 67 69 30 91 90 34 113 18 19 73 22 97 60 44 
119 40 125 141 143 144 8 46 67 69 16 71 146 96 148 10 155 156 24 157 25 26 27 73 22 21 77 97 37 99 39 101 41 103 123 158 28 126 2 31 32 160 50 51 52 53 54 55 56 44 43 105 7 48 47 109 66 127 68 129 70 131 72 133 147 9 57 58 11 12 61 62 81 82 83 84 85 86 87 88 19 75 74 134 23 79 78 137 98 149 100 151 102 152 104 15 29 30 89 90 33 34 93 94 112 113 114 115 116 117 118 45 107 106 153 49 111 110 20 128 159 130 36 132 38 3 59 60 120 121 63 64 124 138 139 140 142 76 136 135 42 80 6 5 150 65 13 14 91 92 145 95 154 108 18 17 1 35 122 4 
120 107 114 93 91 90 145 149 79 134 76 136 87 138 84 140 63 62 124 60 122 121 158 131 129 128 159 109 49 111 106 153 108 18 116 56 118 113 154 115 156 34 95 94 148 92 147 146 57 103 102 152 100 151 150 65 78 137 80 6 135 42 4 44 86 142 88 144 139 160 141 51 64 126 125 31 123 29 28 89 72 133 132 38 130 36 35 97 110 20 1 22 17 73 19 75 117 157 119 26 155 81 24 83 96 11 10 61 9 59 58 104 15 14 69 13 67 66 127 5 46 7 48 43 105 45 143 53 8 55 50 112 52 2 33 32 30 3 40 39 101 37 99 98 21 77 23 74 25 85 27 82 12 16 71 70 68 47 54 41 
121 45 115 94 92 145 146 98 23 74 75 76 88 139 140 141 64 124 125 122 123 158 28 70 68 127 128 47 48 49 105 106 107 108 117 118 119 154 155 156 24 95 96 148 10 147 9 57 58 41 101 102 99 100 149 150 77 78 79 80 134 135 136 4 142 143 144 8 160 50 51 52 126 2 31 32 29 30 89 90 71 72 131 132 129 130 159 35 109 110 111 1 153 17 18 19 157 25 26 27 81 82 83 84 11 12 61 62 59 60 120 103 104 152 14 151 13 65 66 137 5 6 7 42 43 44 53 54 55 56 112 113 114 33 34 93 91 133 3 38 39 36 37 97 20 21 22 73 85 86 87 138 63 15 16 69 67 46 116 40 
122 105 154 95 145 92 147 99 77 75 74 134 142 140 139 160 124 64 126 121 158 123 29 71 127 68 129 48 47 109 45 107 106 153 118 117 157 115 156 155 81 94 148 96 11 146 57 9 59 101 41 103 98 149 100 151 23 79 78 137 76 136 135 42 88 144 143 53 141 51 50 112 125 31 2 33 28 89 30 91 70 131 72 133 128 159 130 36 49 111 110 20 108 18 17 73 119 26 25 85 24 83 82 138 10 61 12 63 58 120 60 102 152 104 15 150 65 13 67 80 6 5 46 4 44 43 8 55 54 116 52 114 113 32 93 34 90 132 38 3 40 35 97 37 1 22 21 19 27 87 86 84 62 14 69 16 66 7 56 39 
123 43 155 96 146 147 9 37 21 19 73 74 143 141 160 50 125 126 2 158 28 29 30 16 66 67 68 7 46 47 44 45 105 106 119 157 25 156 24 81 82 148 10 11 12 57 58 59 60 39 40 41 97 98 99 100 22 23 77 78 75 76 134 135 144 8 53 54 51 52 112 113 31 32 33 34 89 90 91 92 69 70 71 72 127 128 129 130 48 49 109 110 107 108 153 17 26 27 85 86 83 84 138 139 61 62 63 64 120 121 122 101 102 103 104 149 150 151 13 79 80 137 5 136 4 42 55 56 116 117 114 115 154 93 94 95 145 131 132 133 3 159 35 36 111 1 20 18 87 88 142 140 124 152 14 15 65 6 118 38 
124 47 142 145 95 94 148 70 74 23 77 78 154 118 117 157 122 121 158 64 126 125 31 98 41 101 102 45 105 106 48 49 109 110 140 139 160 88 144 143 53 92 147 146 57 96 11 10 61 68 127 128 71 72 131 132 75 76 134 135 79 80 137 5 115 156 155 81 119 26 25 85 123 29 28 89 2 33 32 93 99 100 149 150 103 104 152 14 107 108 153 17 111 1 20 21 141 51 50 112 8 55 54 116 9 59 58 120 12 63 62 129 130 159 35 133 3 38 39 136 4 42 43 6 7 46 24 83 82 138 27 87 86 30 91 90 34 151 13 65 66 15 16 69 18 19 73 22 52 114 113 56 60 36 37 97 40 44 84 67 
125 46 143 146 96 148 10 69 73 22 21 77 155 119 157 25 123 158 28 126 2 31 32 97 40 39 101 44 43 105 7 48 47 109 141 160 50 144 8 53 54 147 9 57 58 11 12 61 62 67 66 127 16 71 70 131 19 75 74 134 23 79 78 137 156 24 81 82 26 27 85 86 29 30 89 90 33 34 93 94 37 99 98 149 41 103 102 152 45 107 106 153 49 111 110 20 51 52 112 113 55 56 116 117 59 60 120 121 63 64 124 68 129 128 159 72 133 132 38 76 136 135 42 80 6 5 83 84 138 139 87 88 142 91 92 145 95 100 151 150 65 104 15 14 108 18 17 1 114 115 154 118 122 130 36 35 3 4 140 13 
126 7 144 147 148 96 11 16 19 21 22 23 156 157 119 26 158 123 29 125 31 2 33 37 39 40 41 43 44 45 46 47 48 49 160 141 51 143 53 8 55 146 57 9 59 10 61 12 63 66 67 68 69 70 71 72 73 74 75 76 77 78 79 80 155 81 24 83 25 85 27 87 28 89 30 91 32 93 34 95 97 98 99 100 101 102 103 104 105 106 107 108 109 110 111 1 50 112 52 114 54 116 56 118 58 120 60 122 62 124 64 127 128 129 130 131 132 133 3 134 135 136 4 137 5 6 82 138 84 140 86 142 88 90 145 92 94 149 150 151 13 152 14 15 153 17 18 20 113 154 115 117 121 159 35 36 38 42 139 65 
127 115 105 101 99 98 149 92 88 139 140 141 77 75 74 134 71 70 131 68 129 128 159 64 121 122 123 117 118 119 154 155 156 24 48 47 109 45 107 106 153 41 103 102 152 100 151 150 65 94 95 96 145 146 147 9 142 143 144 8 160 50 51 52 23 79 78 137 76 136 135 42 72 133 132 38 130 36 35 97 124 125 126 2 158 28 29 30 157 25 26 27 81 82 83 84 49 111 110 20 108 18 17 73 104 15 14 69 13 67 66 148 10 11 12 57 58 59 60 53 54 55 56 112 113 114 80 6 5 46 4 44 43 3 40 39 37 31 32 33 34 89 90 91 85 86 87 138 1 22 21 19 16 61 62 63 120 116 7 93 
128 114 106 102 100 149 150 91 87 138 84 140 78 76 134 135 72 131 132 129 130 159 35 63 120 60 122 116 56 118 113 154 115 156 49 109 110 107 108 153 17 103 104 152 14 151 13 65 66 93 34 95 90 145 92 147 86 142 88 144 139 160 141 51 79 80 137 5 136 4 42 43 133 3 38 39 36 37 97 98 62 124 64 126 121 158 123 29 117 157 119 26 155 81 24 83 111 1 20 21 18 19 73 74 15 16 69 70 67 68 127 94 148 96 11 146 57 9 59 143 53 8 55 50 112 52 6 7 46 47 44 45 105 40 41 101 99 125 31 2 33 28 89 30 25 85 27 82 22 23 77 75 71 10 61 12 58 54 48 32 
129 113 107 103 149 100 151 90 86 84 138 139 79 134 76 136 131 72 133 128 159 130 36 62 60 120 121 56 116 117 114 115 154 155 109 49 111 106 153 108 18 102 152 104 15 150 65 13 67 34 93 94 91 92 145 146 87 88 142 143 140 141 160 50 78 137 80 6 135 42 4 44 132 38 3 40 35 97 37 99 63 64 124 125 122 123 158 28 118 119 157 25 156 24 81 82 110 20 1 22 17 73 19 75 14 69 16 71 66 127 68 95 96 148 10 147 9 57 58 144 8 53 54 51 52 112 5 46 7 48 43 105 45 39 101 41 98 126 2 31 32 29 30 89 26 27 85 83 21 77 23 74 70 11 12 61 59 55 47 33 
130 112 108 104 150 151 13 89 85 83 82 138 80 135 136 4 132 133 3 159 35 36 37 61 59 58 120 55 54 116 52 114 113 154 110 111 1 153 17 18 19 152 14 15 16 65 66 67 68 33 32 93 30 91 90 145 27 87 86 142 84 140 139 160 137 5 6 7 42 43 44 45 38 39 40 41 97 98 99 100 12 63 62 124 60 122 121 158 56 118 117 157 115 156 155 81 20 21 22 23 73 74 75 76 69 70 71 72 127 128 129 34 95 94 148 92 147 146 57 88 144 143 53 141 51 50 46 47 48 49 105 106 107 101 102 103 149 64 126 125 31 123 29 28 119 26 25 24 77 78 79 134 131 96 11 10 9 8 109 2 
131 116 79 149 103 102 152 63 138 87 86 142 107 109 49 111 129 128 159 72 133 132 38 91 93 34 95 114 113 154 56 118 117 157 134 76 136 78 137 80 6 100 151 150 65 104 15 14 69 120 60 122 62 124 64 126 84 140 139 160 88 144 143 53 106 153 108 18 110 20 1 22 130 36 35 97 3 40 39 101 90 145 92 147 94 148 96 11 115 156 155 81 119 26 25 85 135 42 4 44 5 46 7 48 13 67 66 127 16 71 70 121 158 123 29 125 31 2 33 141 51 50 112 8 55 54 17 73 19 75 21 77 23 37 99 98 41 146 57 9 59 10 61 12 24 83 82 27 43 105 45 47 68 28 89 30 32 52 74 58 
132 54 80 150 104 152 14 12 82 27 85 86 108 110 111 1 130 159 35 133 3 38 39 30 32 33 34 52 112 113 55 56 116 117 135 136 4 137 5 6 7 151 13 65 66 15 16 69 70 58 59 60 61 62 63 64 83 84 138 139 87 88 142 143 153 17 18 19 20 21 22 23 36 37 97 98 40 41 101 102 89 90 91 92 93 94 95 96 114 115 154 155 118 119 157 25 42 43 44 45 46 47 48 49 67 68 127 128 71 72 131 120 121 122 123 124 125 126 2 140 141 160 50 144 8 53 73 74 75 76 77 78 79 99 100 149 103 145 146 147 9 148 10 11 156 24 81 26 105 106 107 109 129 158 28 29 31 51 134 57 
133 55 137 151 152 104 15 61 83 85 27 87 153 111 110 20 159 130 36 132 38 3 40 89 33 32 93 112 52 114 54 116 56 118 136 135 42 80 6 5 46 150 65 13 67 14 69 16 71 59 58 120 12 63 62 124 82 138 84 140 86 142 88 144 108 18 17 73 1 22 21 77 35 97 37 99 39 101 41 103 30 91 90 145 34 95 94 148 113 154 115 156 117 157 119 26 4 44 43 105 7 48 47 109 66 127 68 129 70 131 72 60 122 121 158 64 126 125 31 139 160 141 51 143 53 8 19 75 74 134 23 79 78 98 149 100 102 92 147 146 57 96 11 10 155 81 24 25 45 107 106 49 128 123 29 28 2 50 76 9 
134 60 129 109 107 106 153 113 34 90 91 92 103 149 100 151 79 78 137 76 136 135 42 86 84 138 139 62 63 64 120 121 122 123 131 72 133 128 159 130 36 49 111 110 20 108 18 17 73 56 116 117 114 115 154 155 93 94 95 96 145 146 147 9 102 152 104 15 150 65 13 67 80 6 5 46 4 44 43 105 87 88 142 143 140 141 160 50 124 125 126 2 158 28 29 30 132 38 3 40 35 97 37 99 1 22 21 77 19 75 74 118 119 157 25 156 24 81 82 148 10 11 12 57 58 59 14 69 16 71 66 127 68 7 48 47 45 144 8 53 54 51 52 112 31 32 33 89 39 101 41 98 23 26 27 85 83 61 70 55 
135 59 130 110 108 153 17 112 33 89 30 91 104 150 151 13 80 137 5 136 4 42 43 85 83 82 138 61 12 63 58 120 60 122 132 133 3 159 35 36 37 111 1 20 21 18 19 73 74 55 54 116 52 114 113 154 32 93 34 95 90 145 92 147 152 14 15 16 65 66 67 68 6 7 46 47 44 45 105 106 27 87 86 142 84 140 139 160 62 124 64 126 121 158 123 29 38 39 40 41 97 98 99 100 22 23 77 78 75 76 134 56 118 117 157 115 156 155 81 94 148 96 11 146 57 9 69 70 71 72 127 128 129 48 49 109 107 88 144 143 53 141 51 50 125 31 2 28 101 102 103 149 79 119 26 25 24 10 131 8 
136 58 159 111 153 108 18 52 32 30 89 90 152 151 150 65 137 80 6 135 42 4 44 27 82 83 84 12 61 62 59 60 120 121 133 132 38 130 36 35 97 110 20 1 22 17 73 19 75 54 55 56 112 113 114 115 33 34 93 94 91 92 145 146 104 15 14 69 13 67 66 127 5 46 7 48 43 105 45 107 85 86 87 88 138 139 140 141 63 64 124 125 122 123 158 28 3 40 39 101 37 99 98 149 21 77 23 79 74 134 76 116 117 118 119 154 155 156 24 95 96 148 10 147 9 57 16 71 70 131 68 129 128 47 109 49 106 142 143 144 8 160 50 51 126 2 31 29 41 103 102 100 78 157 25 26 81 11 72 53 
137 61 152 153 111 110 20 85 89 33 32 93 159 133 132 38 136 135 42 80 6 5 46 112 55 54 116 59 58 120 12 63 62 124 151 150 65 104 15 14 69 108 18 17 73 1 22 21 77 83 82 138 27 87 86 142 30 91 90 145 34 95 94 148 130 36 35 97 3 40 39 101 4 44 43 105 7 48 47 109 52 114 113 154 56 118 117 157 60 122 121 158 64 126 125 31 13 67 66 127 16 71 70 131 19 75 74 134 23 79 78 84 140 139 160 88 144 143 53 92 147 146 57 96 11 10 37 99 98 149 41 103 102 45 107 106 49 115 156 155 81 119 26 25 123 29 28 2 68 129 128 72 76 141 51 50 8 9 100 24 
138 129 120 116 114 113 154 107 103 149 100 151 93 91 90 145 87 86 142 84 140 139 160 79 134 76 136 131 72 133 128 159 130 36 63 62 124 60 122 121 158 56 118 117 157 115 156 155 81 109 49 111 106 153 108 18 102 152 104 15 150 65 13 67 34 95 94 148 92 147 146 57 88 144 143 53 141 51 50 112 78 137 80 6 135 42 4 44 132 38 3 40 35 97 37 99 64 126 125 31 123 29 28 89 119 26 25 85 24 83 82 110 20 1 22 17 73 19 75 14 69 16 71 66 127 68 96 11 10 61 9 59 58 8 55 54 52 5 46 7 48 43 105 45 39 101 41 98 2 33 32 30 27 21 77 23 74 70 12 47 
139 68 121 117 115 154 155 45 41 98 99 100 94 92 145 146 88 142 143 140 141 160 50 23 74 75 76 70 71 72 127 128 129 130 64 124 125 122 123 158 28 118 119 157 25 156 24 81 82 47 48 49 105 106 107 108 101 102 103 104 149 150 151 13 95 96 148 10 147 9 57 58 144 8 53 54 51 52 112 113 77 78 79 80 134 135 136 4 131 132 133 3 159 35 36 37 126 2 31 32 29 30 89 90 26 27 85 86 83 84 138 109 110 111 1 153 17 18 19 152 14 15 16 65 66 67 11 12 61 62 59 60 120 55 56 116 114 137 5 6 7 42 43 44 38 39 40 97 33 34 93 91 87 20 21 22 73 69 63 46 
140 127 122 118 154 115 156 105 101 99 98 149 95 145 92 147 142 88 144 139 160 141 51 77 75 74 134 71 70 131 68 129 128 159 124 64 126 121 158 123 29 117 157 119 26 155 81 24 83 48 47 109 45 107 106 153 41 103 102 152 100 151 150 65 94 148 96 11 146 57 9 59 143 53 8 55 50 112 52 114 23 79 78 137 76 136 135 42 72 133 132 38 130 36 35 97 125 31 2 33 28 89 30 91 25 85 27 87 82 138 84 49 111 110 20 108 18 17 73 104 15 14 69 13 67 66 10 61 12 63 58 120 60 54 116 56 113 80 6 5 46 4 44 43 3 40 39 37 32 93 34 90 86 1 22 21 19 16 62 7 
141 66 123 119 155 156 24 43 39 37 97 98 96 146 147 9 143 144 8 160 50 51 52 21 19 73 74 16 69 70 67 68 127 128 125 126 2 158 28 29 30 157 25 26 27 81 82 83 84 7 46 47 44 45 105 106 40 41 101 102 99 100 149 150 148 10 11 12 57 58 59 60 53 54 55 56 112 113 114 115 22 23 77 78 75 76 134 135 71 72 131 132 129 130 159 35 31 32 33 34 89 90 91 92 85 86 87 88 138 139 140 48 49 109 110 107 108 153 17 103 104 152 14 151 13 65 61 62 63 64 120 121 122 116 117 118 154 79 80 137 5 136 4 42 133 3 38 36 93 94 95 145 142 111 1 20 18 15 124 6 
142 70 95 154 118 117 157 23 98 41 101 102 122 124 64 126 140 139 160 88 144 143 53 45 47 48 49 68 127 128 71 72 131 132 145 92 147 94 148 96 11 115 156 155 81 119 26 25 85 74 75 76 77 78 79 80 99 100 149 150 103 104 152 14 121 158 123 29 125 31 2 33 141 51 50 112 8 55 54 116 105 106 107 108 109 110 111 1 129 130 159 35 133 3 38 39 146 57 9 59 10 61 12 63 24 83 82 138 27 87 86 134 135 136 4 137 5 6 7 151 13 65 66 15 16 69 28 89 30 91 32 93 34 52 114 113 56 153 17 18 19 20 21 22 36 37 97 40 58 120 60 62 84 42 43 44 46 67 90 73 
143 69 96 155 119 157 25 22 97 40 39 101 123 125 126 2 141 160 50 144 8 53 54 44 46 7 48 67 66 127 16 71 70 131 146 147 9 148 10 11 12 156 24 81 82 26 27 85 86 73 19 75 21 77 23 79 37 99 98 149 41 103 102 152 158 28 29 30 31 32 33 34 51 52 112 113 55 56 116 117 43 105 45 107 47 109 49 111 68 129 128 159 72 133 132 38 57 58 59 60 61 62 63 64 83 84 138 139 87 88 142 74 134 76 136 78 137 80 6 100 151 150 65 104 15 14 89 90 91 92 93 94 95 114 115 154 118 106 153 108 18 110 20 1 130 36 35 3 120 121 122 124 140 135 42 4 5 13 145 17 
144 16 148 156 157 119 26 21 37 39 40 41 158 126 125 31 160 141 51 143 53 8 55 43 7 46 47 66 67 68 69 70 71 72 147 146 57 96 11 10 61 155 81 24 83 25 85 27 87 19 73 74 22 23 77 78 97 98 99 100 101 102 103 104 123 29 28 89 2 33 32 93 50 112 52 114 54 116 56 118 44 45 105 106 48 49 109 110 127 128 129 130 131 132 133 3 9 59 58 120 12 63 62 124 82 138 84 140 86 142 88 75 76 134 135 79 80 137 5 149 150 151 13 152 14 15 30 91 90 145 34 95 94 113 154 115 117 107 108 153 17 111 1 20 159 35 36 38 60 122 121 64 139 136 4 42 6 65 92 18 
145 75 140 124 122 121 158 127 48 105 45 107 118 154 115 156 95 94 148 92 147 146 57 101 99 98 149 77 23 79 74 134 76 136 142 88 144 139 160 141 51 64 126 125 31 123 29 28 89 71 70 131 68 129 128 159 47 109 49 111 106 153 108 18 117 157 119 26 155 81 24 83 96 11 10 61 9 59 58 120 41 103 102 152 100 151 150 65 78 137 80 6 135 42 4 44 143 53 8 55 50 112 52 114 2 33 32 93 30 91 90 72 133 132 38 130 36 35 97 110 20 1 22 17 73 19 25 85 27 87 82 138 84 12 63 62 60 104 15 14 69 13 67 66 5 46 7 43 54 116 56 113 34 3 40 39 37 21 86 16 
146 19 141 125 123 158 28 66 7 43 44 45 119 155 156 24 96 148 10 147 9 57 58 39 37 97 98 21 22 23 73 74 75 76 143 144 8 160 50 51 52 126 2 31 32 29 30 89 90 16 69 70 67 68 127 128 46 47 48 49 105 106 107 108 157 25 26 27 81 82 83 84 11 12 61 62 59 60 120 121 40 41 101 102 99 100 149 150 77 78 79 80 134 135 136 4 53 54 55 56 112 113 114 115 33 34 93 94 91 92 145 71 72 131 132 129 130 159 35 109 110 111 1 153 17 18 85 86 87 88 138 139 140 63 64 124 122 103 104 152 14 151 13 65 137 5 6 42 116 117 118 154 95 133 3 38 36 20 142 15 
147 73 160 126 158 123 29 67 46 44 43 105 157 156 155 81 148 96 11 146 57 9 59 40 97 37 99 22 21 77 19 75 74 134 144 143 53 141 51 50 112 125 31 2 33 28 89 30 91 69 16 71 66 127 68 129 7 48 47 109 45 107 106 153 119 26 25 85 24 83 82 138 10 61 12 63 58 120 60 122 39 101 41 103 98 149 100 151 23 79 78 137 76 136 135 42 8 55 54 116 52 114 113 154 32 93 34 95 90 145 92 70 131 72 133 128 159 130 36 49 111 110 20 108 18 17 27 87 86 142 84 140 139 62 124 64 121 102 152 104 15 150 65 13 80 6 5 4 56 118 117 115 94 132 38 3 35 1 88 14 
148 21 157 158 126 125 31 39 43 7 46 47 160 144 143 53 147 146 57 96 11 10 61 66 16 69 70 19 73 74 22 23 77 78 156 155 81 119 26 25 85 123 29 28 89 2 33 32 93 37 97 98 40 41 101 102 44 45 105 106 48 49 109 110 141 51 50 112 8 55 54 116 9 59 58 120 12 63 62 124 67 68 127 128 71 72 131 132 75 76 134 135 79 80 137 5 24 83 82 138 27 87 86 142 30 91 90 145 34 95 94 99 100 149 150 103 104 152 14 107 108 153 17 111 1 20 52 114 113 154 56 118 117 60 122 121 64 129 130 159 35 133 3 38 136 4 42 6 84 140 139 88 92 151 13 65 15 18 115 36 
149 84 134 131 129 128 159 60 56 113 114 115 109 107 106 153 103 102 152 100 151 150 65 34 90 91 92 86 87 88 138 139 140 141 79 78 137 76 136 135 42 72 133 132 38 130 36 35 97 62 63 64 120 121 122 123 116 117 118 119 154 155 156 24 49 111 110 20 108 18 17 73 104 15 14 69 13 67 66 127 93 94 95 96 145 146 147 9 142 143 144 8 160 50 51 52 80 6 5 46 4 44 43 105 3 40 39 101 37 99 98 124 125 126 2 158 28 29 30 157 25 26 27 81 82 83 1 22 21 77 19 75 74 16 71 70 68 148 10 11 12 57 58 59 53 54 55 112 7 48 47 45 41 31 32 33 89 85 23 61 
150 83 135 132 130 159 35 59 55 112 52 114 110 108 153 17 104 152 14 151 13 65 66 33 89 30 91 85 27 87 82 138 84 140 80 137 5 136 4 42 43 133 3 38 39 36 37 97 98 61 12 63 58 120 60 122 54 116 56 118 113 154 115 156 111 1 20 21 18 19 73 74 15 16 69 70 67 68 127 128 32 93 34 95 90 145 92 147 86 142 88 144 139 160 141 51 6 7 46 47 44 45 105 106 40 41 101 102 99 100 149 62 124 64 126 121 158 123 29 117 157 119 26 155 81 24 22 23 77 78 75 76 134 71 72 131 129 94 148 96 11 146 57 9 143 53 8 50 48 49 109 107 103 125 31 2 28 25 79 10 
151 82 136 133 159 130 36 58 54 52 112 113 111 153 108 18 152 104 15 150 65 13 67 32 30 89 90 27 85 86 83 84 138 139 137 80 6 135 42 4 44 132 38 3 40 35 97 37 99 12 61 62 59 60 120 121 55 56 116 117 114 115 154 155 110 20 1 22 17 73 19 75 14 69 16 71 66 127 68 129 33 34 93 94 91 92 145 146 87 88 142 143 140 141 160 50 5 46 7 48 43 105 45 107 39 101 41 103 98 149 100 63 64 124 125 122 123 158 28 118 119 157 25 156 24 81 21 77 23 79 74 134 76 70 131 72 128 95 96 148 10 147 9 57 144 8 53 51 47 109 49 106 102 126 2 31 29 26 78 11 
152 85 111 159 133 132 38 33 112 55 54 116 136 137 80 6 151 150 65 104 15 14 69 59 61 12 63 83 82 138 27 87 86 142 153 108 18 110 20 1 22 130 36 35 97 3 40 39 101 89 30 91 32 93 34 95 52 114 113 154 56 118 117 157 135 42 4 44 5 46 7 48 13 67 66 127 16 71 70 131 58 120 60 122 62 124 64 126 84 140 139 160 88 144 143 53 17 73 19 75 21 77 23 79 37 99 98 149 41 103 102 90 145 92 147 94 148 96 11 115 156 155 81 119 26 25 43 105 45 107 47 109 49 68 129 128 72 121 158 123 29 125 31 2 141 51 50 8 74 134 76 78 100 146 57 9 10 24 106 28 
153 30 151 137 136 135 42 82 12 58 59 60 133 159 130 36 111 110 20 108 18 17 73 54 52 112 113 32 33 34 89 90 91 92 152 104 15 150 65 13 67 80 6 5 46 4 44 43 105 27 85 86 83 84 138 139 61 62 63 64 120 121 122 123 132 38 3 40 35 97 37 99 1 22 21 77 19 75 74 134 55 56 116 117 114 115 154 155 93 94 95 96 145 146 147 9 14 69 16 71 66 127 68 129 7 48 47 109 45 107 106 87 88 142 143 140 141 160 50 124 125 126 2 158 28 29 39 101 41 103 98 149 100 23 79 78 76 118 119 157 25 156 24 81 148 10 11 57 70 131 72 128 49 144 8 53 51 31 102 26 
154 99 145 142 140 139 160 75 71 127 68 129 124 122 121 158 118 117 157 115 156 155 81 48 105 45 107 101 41 103 98 149 100 151 95 94 148 92 147 146 57 88 144 143 53 141 51 50 112 77 23 79 74 134 76 136 70 131 72 133 128 159 130 36 64 126 125 31 123 29 28 89 119 26 25 85 24 83 82 138 47 109 49 111 106 153 108 18 102 152 104 15 150 65 13 67 96 11 10 61 9 59 58 120 8 55 54 116 52 114 113 78 137 80 6 135 42 4 44 132 38 3 40 35 97 37 2 33 32 93 30 91 90 27 87 86 84 110 20 1 22 17 73 19 14 69 16 66 12 63 62 60 56 5 46 7 43 39 34 21 
155 37 146 143 141 160 50 19 16 66 67 68 125 123 158 28 119 157 25 156 24 81 82 7 43 44 45 39 40 41 97 98 99 100 96 148 10 147 9 57 58 144 8 53 54 51 52 112 113 21 22 23 73 74 75 76 69 70 71 72 127 128 129 130 126 2 31 32 29 30 89 90 26 27 85 86 83 84 138 139 46 47 48 49 105 106 107 108 101 102 103 104 149 150 151 13 11 12 61 62 59 60 120 121 55 56 116 117 114 115 154 77 78 79 80 134 135 136 4 131 132 133 3 159 35 36 33 34 93 94 91 92 145 87 88 142 140 109 110 111 1 153 17 18 152 14 15 65 63 64 124 122 118 137 5 6 42 38 95 20 
156 97 147 144 160 141 51 73 69 67 66 127 126 158 123 29 157 119 26 155 81 24 83 46 44 43 105 40 39 101 37 99 98 149 148 96 11 146 57 9 59 143 53 8 55 50 112 52 114 22 21 77 19 75 74 134 16 71 70 131 68 129 128 159 125 31 2 33 28 89 30 91 25 85 27 87 82 138 84 140 7 48 47 109 45 107 106 153 41 103 102 152 100 151 150 65 10 61 12 63 58 120 60 122 54 116 56 118 113 154 115 23 79 78 137 76 136 135 42 72 133 132 38 130 36 35 32 93 34 95 90 145 92 86 142 88 139 49 111 110 20 108 18 17 104 15 14 13 62 124 64 121 117 80 6 5 4 3 94 1 
157 39 126 160 144 143 53 7 66 16 69 70 147 148 96 11 156 155 81 119 26 25 85 19 21 22 23 37 97 98 40 41 101 102 158 123 29 125 31 2 33 141 51 50 112 8 55 54 116 43 44 45 46 47 48 49 67 68 127 128 71 72 131 132 146 57 9 59 10 61 12 63 24 83 82 138 27 87 86 142 73 74 75 76 77 78 79 80 99 100 149 150 103 104 152 14 28 89 30 91 32 93 34 95 52 114 113 154 56 118 117 105 106 107 108 109 110 111 1 129 130 159 35 133 3 38 58 120 60 122 62 124 64 84 140 139 88 134 135 136 4 137 5 6 151 13 65 15 90 145 92 94 115 153 17 18 20 36 121 42 
158 44 156 148 147 146 57 97 22 73 19 75 144 160 141 51 126 125 31 123 29 28 89 69 67 66 127 46 7 48 43 105 45 107 157 119 26 155 81 24 83 96 11 10 61 9 59 58 120 40 39 101 37 99 98 149 21 77 23 79 74 134 76 136 143 53 8 55 50 112 52 114 2 33 32 93 30 91 90 145 16 71 70 131 68 129 128 159 47 109 49 111 106 153 108 18 25 85 27 87 82 138 84 140 12 63 62 124 60 122 121 41 103 102 152 100 151 150 65 78 137 80 6 135 42 4 54 116 56 118 113 154 115 34 95 94 92 72 133 132 38 130 36 35 110 20 1 17 86 142 88 139 64 104 15 14 13 5 117 3 
159 52 153 152 151 150 65 30 27 82 83 84 137 136 135 42 133 132 38 130 36 35 97 12 58 59 60 54 55 56 112 113 114 115 111 110 20 108 18 17 73 104 15 14 69 13 67 66 127 32 33 34 89 90 91 92 85 86 87 88 138 139 140 141 80 6 5 46 4 44 43 105 3 40 39 101 37 99 98 149 61 62 63 64 120 121 122 123 116 117 118 119 154 155 156 24 1 22 21 77 19 75 74 134 16 71 70 131 68 129 128 93 94 95 96 145 146 147 9 142 143 144 8 160 50 51 7 48 47 109 45 107 106 41 103 102 100 124 125 126 2 158 28 29 157 25 26 81 23 79 78 76 72 148 10 11 57 53 49 31 
160 67 158 157 156 155 81 44 40 97 37 99 148 147 146 57 144 143 53 141 51 50 112 22 73 19 75 69 16 71 66 127 68 129 126 125 31 123 29 28 89 119 26 25 85 24 83 82 138 46 7 48 43 105 45 107 39 101 41 103 98 149 100 151 96 11 10 61 9 59 58 120 8 55 54 116 52 114 113 154 21 77 23 79 74 134 76 136 70 131 72 133 128 159 130 36 2 33 32 93 30 91 90 145 27 87 86 142 84 140 139 47 109 49 111 106 153 108 18 102 152 104 15 150 65 13 12 63 62 124 60 122 121 56 118 117 115 78 137 80 6 135 42 4 132 38 3 35 34 95 94 92 88 110 20 1 17 14 64 5 
