144 33
1 2 3 4 5 6 7 8 9 10 11 12 13 14 15 16 17 18 19 20 21 22 23 24 25 26 27 28 29 30 31 32 33 34 35 36 37 38 39 40 41 42 43 44 45 46 47 48 49 50 51 52 53 54 55 56 57 58 59 60 61 62 63 64 65 66 67 68 69 70 71 72 73 74 75 76 77 78 79 80 81 82 83 84 85 86 87 88 89 90 91 92 93 94 95 96 97 98 99 100 101 102 103 104 105 106 107 108 109 110 111 112 113 114 115 116 117 118 119 120 121 122 123 124 125 126 127 128 129 130 131 132 133 134 135 136 137 138 139 140 141 142 143 144 
2 3 8 9 10 11 12 1 13 14 15 16 25 26 27 28 29 30 31 32 33 34 35 36 4 5 6 7 37 38 39 40 41 42 43 44 55 56 57 58 59 60 61 62 63 64 65 66 67 68 69 70 71 72 17 18 19 20 21 22 23 24 73 74 75 76 77 78 79 80 81 82 91 92 93 94 95 96 97 98 99 100 101 102 103 104 105 106 107 108 45 46 47 48 49 50 51 52 53 54 109 110 111 112 113 114 115 116 121 122 123 124 125 126 127 128 129 130 131 132 83 84 85 86 87 88 89 90 133 134 135 136 138 139 140 141 142 117 118 119 120 143 144 137 
3 8 1 13 14 15 16 2 25 26 27 28 4 5 6 7 37 38 39 40 41 42 43 44 9 10 11 12 55 56 57 58 59 60 61 62 17 18 19 20 21 22 23 24 73 74 75 76 77 78 79 80 81 82 29 30 31 32 33 34 35 36 91 92 93 94 95 96 97 98 99 100 45 46 47 48 49 50 51 52 53 54 109 110 111 112 113 114 115 116 63 64 65 66 67 68 69 70 71 72 121 122 123 124 125 126 127 128 83 84 85 86 87 88 89 90 133 134 135 136 101 102 103 104 105 106 107 108 138 139 140 141 117 118 119 120 143 129 130 131 132 144 137 142 
4 63 13 17 18 19 20 91 2 101 102 103 37 38 39 40 21 45 46 47 48 49 50 51 8 121 122 123 9 10 11 12 29 129 130 131 41 73 74 75 76 77 78 79 1 52 53 83 84 85 86 87 88 89 25 26 27 28 55 138 139 140 30 31 32 33 34 35 36 64 65 142 3 80 81 109 110 111 112 113 114 115 5 6 7 90 117 118 119 120 56 57 58 59 60 61 62 92 93 144 66 67 68 69 70 71 72 104 14 15 16 116 133 134 135 136 22 23 24 137 94 95 96 97 98 99 100 124 105 106 107 108 42 43 44 143 54 125 126 127 128 132 82 141 
5 33 14 18 21 22 23 59 66 2 70 71 38 41 42 43 45 48 49 50 1 52 53 54 94 8 98 99 101 9 105 106 10 11 12 108 73 76 77 78 3 80 81 82 83 84 85 4 87 88 89 6 7 90 121 25 125 126 26 27 28 128 29 129 130 30 31 32 132 34 35 36 109 110 111 13 113 114 115 15 16 116 17 117 118 119 19 20 120 24 55 138 139 56 57 58 141 60 61 62 63 64 65 142 67 68 69 72 37 133 134 135 39 40 136 44 46 47 137 51 91 92 93 144 95 96 97 100 102 103 104 107 74 75 143 79 86 122 123 124 127 131 112 140 
6 12 15 20 22 1 24 28 69 35 36 2 40 42 3 44 86 50 51 4 52 5 54 7 97 61 62 8 64 107 32 31 71 72 10 11 112 78 79 13 80 14 82 16 119 47 46 88 89 18 19 21 90 23 92 127 58 57 99 100 26 27 102 29 104 132 68 67 9 108 33 34 135 75 74 114 115 38 39 41 116 43 137 85 84 17 120 48 49 53 122 55 124 141 96 95 25 128 59 60 129 63 131 65 106 105 30 70 143 111 110 37 136 76 77 81 118 117 45 87 138 91 140 93 126 125 56 98 101 142 103 66 134 133 73 113 83 121 144 123 94 130 109 139 
7 11 16 51 23 24 1 27 32 34 2 36 79 43 44 3 46 89 20 19 53 54 5 6 58 60 8 62 104 68 69 9 70 10 72 12 74 115 40 39 81 82 14 15 84 17 86 120 50 49 4 90 21 22 124 96 97 25 98 26 100 28 131 65 64 106 107 30 31 33 108 35 110 37 112 136 78 77 13 116 41 42 117 45 119 47 88 87 18 52 140 93 92 126 127 56 57 59 128 61 142 103 102 29 132 66 67 71 133 73 135 75 114 113 38 80 83 137 85 48 144 123 122 55 141 94 95 99 130 129 63 105 109 143 111 76 118 139 138 91 125 101 134 121 
8 1 2 25 26 27 28 3 4 5 6 7 9 10 11 12 55 56 57 58 59 60 61 62 13 14 15 16 17 18 19 20 21 22 23 24 29 30 31 32 33 34 35 36 91 92 93 94 95 96 97 98 99 100 37 38 39 40 41 42 43 44 45 46 47 48 49 50 51 52 53 54 63 64 65 66 67 68 69 70 71 72 121 122 123 124 125 126 127 128 73 74 75 76 77 78 79 80 81 82 83 84 85 86 87 88 89 90 101 102 103 104 105 106 107 108 138 139 140 141 109 110 111 112 113 114 115 116 117 118 119 120 129 130 131 132 144 133 134 135 136 137 142 143 
9 73 25 29 30 31 32 45 3 109 110 111 55 56 57 58 33 63 64 65 66 67 68 69 1 83 84 85 13 14 15 16 37 133 134 135 59 91 92 93 94 95 96 97 2 70 71 101 102 103 104 105 106 107 4 5 6 7 17 117 118 119 38 39 40 41 42 43 44 74 75 143 8 98 99 121 122 123 124 125 126 127 10 11 12 108 129 130 131 132 18 19 20 21 22 23 24 46 47 137 76 77 78 79 80 81 82 112 26 27 28 128 138 139 140 141 34 35 36 142 48 49 50 51 52 53 54 86 113 114 115 116 60 61 62 144 72 87 88 89 90 136 100 120 
10 41 26 30 33 34 35 21 76 3 80 81 56 59 60 61 63 66 67 68 2 70 71 72 48 1 52 53 109 13 113 114 14 15 16 116 91 94 95 96 8 98 99 100 101 102 103 9 105 106 107 11 12 108 83 4 87 88 5 6 7 90 37 133 134 38 39 40 136 42 43 44 121 122 123 25 125 126 127 27 28 128 29 129 130 131 31 32 132 36 17 117 118 18 19 20 120 22 23 24 73 74 75 143 77 78 79 82 55 138 139 140 57 58 141 62 64 65 142 69 45 46 47 137 49 50 51 54 110 111 112 115 92 93 144 97 104 84 85 86 89 135 124 119 
11 16 27 32 34 2 36 7 79 43 44 3 58 60 8 62 104 68 69 9 70 10 72 12 51 23 24 1 74 115 40 39 81 82 14 15 124 96 97 25 98 26 100 28 131 65 64 106 107 30 31 33 108 35 46 89 20 19 53 54 5 6 110 37 112 136 78 77 13 116 41 42 140 93 92 126 127 56 57 59 128 61 142 103 102 29 132 66 67 71 84 17 86 120 50 49 4 90 21 22 133 73 135 75 114 113 38 80 144 123 122 55 141 94 95 99 130 129 63 105 117 45 119 47 88 87 18 52 109 143 111 76 139 138 91 125 101 83 137 85 48 134 121 118 
12 15 28 69 35 36 2 6 40 42 3 44 97 61 62 8 64 107 32 31 71 72 10 11 20 22 1 24 112 78 79 13 80 14 82 16 92 127 58 57 99 100 26 27 102 29 104 132 68 67 9 108 33 34 86 50 51 4 52 5 54 7 135 75 74 114 115 38 39 41 116 43 122 55 124 141 96 95 25 128 59 60 129 63 131 65 106 105 30 70 119 47 46 88 89 18 19 21 90 23 143 111 110 37 136 76 77 81 138 91 140 93 126 125 56 98 101 142 103 66 137 85 84 17 120 48 49 53 134 133 73 113 121 144 123 94 130 118 117 45 87 109 139 83 
13 91 4 37 38 39 40 63 8 121 122 123 17 18 19 20 41 73 74 75 76 77 78 79 2 101 102 103 25 26 27 28 55 138 139 140 21 45 46 47 48 49 50 51 3 80 81 109 110 111 112 113 114 115 9 10 11 12 29 129 130 131 56 57 58 59 60 61 62 92 93 144 1 52 53 83 84 85 86 87 88 89 14 15 16 116 133 134 135 136 30 31 32 33 34 35 36 64 65 142 94 95 96 97 98 99 100 124 5 6 7 90 117 118 119 120 42 43 44 143 66 67 68 69 70 71 72 104 125 126 127 128 22 23 24 137 82 105 106 107 108 141 54 132 
14 59 5 38 41 42 43 33 94 8 98 99 18 21 22 23 73 76 77 78 3 80 81 82 66 2 70 71 121 25 125 126 26 27 28 128 45 48 49 50 1 52 53 54 109 110 111 13 113 114 115 15 16 116 101 9 105 106 10 11 12 108 55 138 139 56 57 58 141 60 61 62 83 84 85 4 87 88 89 6 7 90 37 133 134 135 39 40 136 44 29 129 130 30 31 32 132 34 35 36 91 92 93 144 95 96 97 100 17 117 118 119 19 20 120 24 74 75 143 79 63 64 65 142 67 68 69 72 122 123 124 127 46 47 137 51 112 102 103 104 107 140 86 131 
15 28 6 40 42 3 44 12 97 61 62 8 20 22 1 24 112 78 79 13 80 14 82 16 69 35 36 2 92 127 58 57 99 100 26 27 86 50 51 4 52 5 54 7 135 75 74 114 115 38 39 41 116 43 64 107 32 31 71 72 10 11 122 55 124 141 96 95 25 128 59 60 119 47 46 88 89 18 19 21 90 23 143 111 110 37 136 76 77 81 102 29 104 132 68 67 9 108 33 34 138 91 140 93 126 125 56 98 137 85 84 17 120 48 49 53 134 133 73 113 129 63 131 65 106 105 30 70 121 144 123 94 118 117 45 87 109 101 142 103 66 139 83 130 
16 27 7 79 43 44 3 11 58 60 8 62 51 23 24 1 74 115 40 39 81 82 14 15 32 34 2 36 124 96 97 25 98 26 100 28 46 89 20 19 53 54 5 6 110 37 112 136 78 77 13 116 41 42 104 68 69 9 70 10 72 12 140 93 92 126 127 56 57 59 128 61 84 17 86 120 50 49 4 90 21 22 133 73 135 75 114 113 38 80 131 65 64 106 107 30 31 33 108 35 144 123 122 55 141 94 95 99 117 45 119 47 88 87 18 52 109 143 111 76 142 103 102 29 132 66 67 71 139 138 91 125 83 137 85 48 134 130 129 63 105 121 118 101 
17 30 37 21 45 46 47 56 63 66 67 68 41 73 74 75 48 1 52 53 83 84 85 86 91 94 95 96 2 101 102 103 9 105 106 107 76 3 80 81 109 110 111 112 4 87 88 5 6 7 90 117 118 119 8 121 122 123 25 125 126 127 10 11 12 29 129 130 131 31 32 132 13 113 114 14 15 16 116 133 134 135 18 19 20 120 22 23 24 137 26 27 28 55 138 139 140 57 58 141 33 34 35 36 64 65 142 69 38 39 40 136 42 43 44 143 49 50 51 54 59 60 61 62 92 93 144 97 70 71 72 104 77 78 79 82 89 98 99 100 124 108 115 128 
18 29 38 45 48 49 50 55 33 63 64 65 73 76 77 78 1 83 84 85 4 87 88 89 59 91 92 93 66 2 70 71 101 102 103 104 3 109 110 111 13 113 114 115 5 6 7 17 117 118 119 19 20 120 94 8 98 99 121 122 123 124 9 105 106 10 11 12 108 129 130 131 14 15 16 37 133 134 135 39 40 136 21 22 23 24 46 47 137 51 25 125 126 26 27 28 128 138 139 140 30 31 32 132 34 35 36 142 41 42 43 44 74 75 143 79 52 53 54 86 56 57 58 141 60 61 62 144 67 68 69 72 80 81 82 112 90 95 96 97 100 107 116 127 
19 103 39 47 49 4 51 123 36 130 131 63 75 77 13 79 90 85 86 17 87 18 89 20 62 139 140 91 31 72 12 11 65 142 101 102 116 111 112 37 113 38 115 40 24 53 52 118 119 45 46 48 120 50 57 100 28 27 93 144 121 122 67 9 69 108 35 34 2 104 29 129 44 81 80 134 135 73 74 76 136 78 54 7 6 21 137 83 84 88 95 25 97 128 61 60 8 124 55 138 105 30 107 32 71 70 10 64 82 16 15 41 143 109 110 114 23 22 1 117 125 56 127 58 99 98 26 92 66 132 68 33 43 42 3 133 5 94 141 96 59 106 14 126 
20 102 40 86 50 51 4 122 12 129 63 131 112 78 79 13 52 119 47 46 88 89 18 19 28 138 91 140 69 35 36 2 64 101 142 103 80 135 75 74 114 115 38 39 6 21 90 137 85 84 17 120 48 49 97 61 62 8 92 121 144 123 107 32 31 71 72 10 11 29 104 130 15 41 116 143 111 110 37 136 76 77 22 1 24 53 118 117 45 87 127 58 57 99 100 26 27 55 124 139 132 68 67 9 108 33 34 65 42 3 44 81 134 133 73 113 5 54 7 83 141 96 95 25 128 59 60 93 106 105 30 70 14 82 16 109 23 126 125 56 98 66 43 94 
21 10 41 48 1 52 53 26 30 33 34 35 76 3 80 81 83 4 87 88 5 6 7 90 56 59 60 61 63 66 67 68 2 70 71 72 109 13 113 114 14 15 16 116 17 117 118 18 19 20 120 22 23 24 91 94 95 96 8 98 99 100 101 102 103 9 105 106 107 11 12 108 37 133 134 38 39 40 136 42 43 44 45 46 47 137 49 50 51 54 121 122 123 25 125 126 127 27 28 128 29 129 130 131 31 32 132 36 73 74 75 143 77 78 79 82 84 85 86 89 55 138 139 140 57 58 141 62 64 65 142 69 110 111 112 115 119 92 93 144 97 104 135 124 
22 71 42 50 52 5 54 99 132 12 108 33 78 80 14 82 119 88 89 18 6 21 90 23 141 28 128 59 129 69 106 105 35 36 2 70 135 114 115 38 15 41 116 43 137 85 84 20 120 48 49 1 24 53 138 97 126 125 61 62 8 98 64 101 142 107 32 31 66 72 10 11 143 111 110 40 136 76 77 3 44 81 86 118 117 45 51 4 87 7 92 121 144 127 58 57 94 100 26 27 102 29 104 130 68 67 9 34 112 134 133 73 79 13 113 16 47 46 83 19 122 55 124 139 96 95 25 60 63 131 65 30 75 74 109 39 17 91 140 93 56 103 37 123 
23 70 43 89 53 54 5 98 106 11 33 108 115 81 82 14 84 120 50 49 7 90 21 22 126 27 59 128 142 32 132 66 34 2 36 71 110 136 78 77 16 116 41 42 117 45 119 51 88 87 18 24 1 52 144 58 141 94 60 8 62 99 104 130 129 68 69 9 105 10 72 12 133 73 135 79 114 113 38 44 3 80 46 83 137 85 20 19 48 6 124 139 138 96 97 25 125 26 100 28 131 65 64 101 107 30 31 35 74 109 143 111 40 39 76 15 17 86 118 4 140 93 92 121 127 56 57 61 103 102 29 67 37 112 134 13 47 123 122 55 95 63 75 91 
24 36 44 19 54 7 6 62 31 72 12 11 39 82 16 15 47 49 4 51 90 23 22 1 57 100 28 27 65 67 9 69 108 35 34 2 75 77 13 79 116 43 42 3 85 86 17 87 18 89 20 53 52 5 93 95 25 97 128 61 60 8 103 104 29 105 30 107 32 71 70 10 111 112 37 113 38 115 40 81 80 14 118 119 45 46 48 120 50 21 123 124 55 125 56 127 58 99 98 26 130 131 63 64 66 132 68 33 134 135 73 74 76 136 78 41 137 83 84 88 139 140 91 92 94 141 96 59 142 101 102 106 143 109 110 114 117 144 121 122 126 129 133 138 
25 45 9 55 56 57 58 73 1 83 84 85 29 30 31 32 59 91 92 93 94 95 96 97 3 109 110 111 4 5 6 7 17 117 118 119 33 63 64 65 66 67 68 69 8 98 99 121 122 123 124 125 126 127 13 14 15 16 37 133 134 135 18 19 20 21 22 23 24 46 47 137 2 70 71 101 102 103 104 105 106 107 26 27 28 128 138 139 140 141 38 39 40 41 42 43 44 74 75 143 48 49 50 51 52 53 54 86 10 11 12 108 129 130 131 132 60 61 62 144 76 77 78 79 80 81 82 112 87 88 89 90 34 35 36 142 100 113 114 115 116 120 72 136 
26 21 10 56 59 60 61 41 48 1 52 53 30 33 34 35 91 94 95 96 8 98 99 100 76 3 80 81 83 4 87 88 5 6 7 90 63 66 67 68 2 70 71 72 121 122 123 25 125 126 127 27 28 128 109 13 113 114 14 15 16 116 17 117 118 18 19 20 120 22 23 24 101 102 103 9 105 106 107 11 12 108 55 138 139 140 57 58 141 62 37 133 134 38 39 40 136 42 43 44 45 46 47 137 49 50 51 54 29 129 130 131 31 32 132 36 92 93 144 97 73 74 75 143 77 78 79 82 84 85 86 89 64 65 142 69 124 110 111 112 115 119 104 135 
27 7 11 58 60 8 62 16 51 23 24 1 32 34 2 36 124 96 97 25 98 26 100 28 79 43 44 3 46 89 20 19 53 54 5 6 104 68 69 9 70 10 72 12 140 93 92 126 127 56 57 59 128 61 74 115 40 39 81 82 14 15 84 17 86 120 50 49 4 90 21 22 131 65 64 106 107 30 31 33 108 35 144 123 122 55 141 94 95 99 110 37 112 136 78 77 13 116 41 42 117 45 119 47 88 87 18 52 142 103 102 29 132 66 67 71 139 138 91 125 133 73 135 75 114 113 38 80 83 137 85 48 130 129 63 105 121 109 143 111 76 118 101 134 
28 6 12 97 61 62 8 15 20 22 1 24 69 35 36 2 92 127 58 57 99 100 26 27 40 42 3 44 86 50 51 4 52 5 54 7 64 107 32 31 71 72 10 11 122 55 124 141 96 95 25 128 59 60 112 78 79 13 80 14 82 16 119 47 46 88 89 18 19 21 90 23 102 29 104 132 68 67 9 108 33 34 138 91 140 93 126 125 56 98 135 75 74 114 115 38 39 41 116 43 137 85 84 17 120 48 49 53 129 63 131 65 106 105 30 70 121 144 123 94 143 111 110 37 136 76 77 81 118 117 45 87 101 142 103 66 139 134 133 73 113 83 130 109 
29 38 55 33 63 64 65 18 73 76 77 78 59 91 92 93 66 2 70 71 101 102 103 104 45 48 49 50 3 109 110 111 13 113 114 115 94 8 98 99 121 122 123 124 9 105 106 10 11 12 108 129 130 131 1 83 84 85 4 87 88 89 14 15 16 37 133 134 135 39 40 136 25 125 126 26 27 28 128 138 139 140 30 31 32 132 34 35 36 142 5 6 7 17 117 118 119 19 20 120 41 42 43 44 74 75 143 79 56 57 58 141 60 61 62 144 67 68 69 72 21 22 23 24 46 47 137 51 80 81 82 112 95 96 97 100 107 52 53 54 86 116 127 90 
30 37 56 63 66 67 68 17 41 73 74 75 91 94 95 96 2 101 102 103 9 105 106 107 21 45 46 47 76 3 80 81 109 110 111 112 8 121 122 123 25 125 126 127 10 11 12 29 129 130 131 31 32 132 48 1 52 53 83 84 85 86 13 113 114 14 15 16 116 133 134 135 26 27 28 55 138 139 140 57 58 141 33 34 35 36 64 65 142 69 4 87 88 5 6 7 90 117 118 119 38 39 40 136 42 43 44 143 59 60 61 62 92 93 144 97 70 71 72 104 18 19 20 120 22 23 24 137 77 78 79 82 98 99 100 124 108 49 50 51 54 115 128 89 
31 111 57 65 67 9 69 85 44 134 135 73 93 95 25 97 108 103 104 29 105 30 107 32 24 118 119 45 39 82 16 15 75 143 109 110 128 123 124 55 125 56 127 58 36 71 70 130 131 63 64 66 132 68 19 54 7 6 47 137 83 84 77 13 79 116 43 42 3 112 37 133 62 99 98 139 140 91 92 94 141 96 72 12 11 33 142 101 102 106 49 4 51 90 23 22 1 86 17 117 113 38 115 40 81 80 14 74 100 28 27 59 144 121 122 126 35 34 2 129 87 18 89 20 53 52 5 46 76 136 78 41 61 60 8 138 10 48 120 50 21 114 26 88 
32 110 58 104 68 69 9 84 16 133 73 135 124 96 97 25 70 131 65 64 106 107 30 31 7 117 45 119 79 43 44 3 74 109 143 111 98 140 93 92 126 127 56 57 11 33 108 142 103 102 29 132 66 67 51 23 24 1 46 83 137 85 115 40 39 81 82 14 15 37 112 134 27 59 128 144 123 122 55 141 94 95 34 2 36 71 130 129 63 105 89 20 19 53 54 5 6 17 86 118 136 78 77 13 116 41 42 75 60 8 62 99 139 138 91 125 10 72 12 101 120 50 49 4 90 21 22 47 114 113 38 80 26 100 28 121 35 88 87 18 52 76 61 48 
33 14 59 66 2 70 71 5 38 41 42 43 94 8 98 99 101 9 105 106 10 11 12 108 18 21 22 23 73 76 77 78 3 80 81 82 121 25 125 126 26 27 28 128 29 129 130 30 31 32 132 34 35 36 45 48 49 50 1 52 53 54 109 110 111 13 113 114 115 15 16 116 55 138 139 56 57 58 141 60 61 62 63 64 65 142 67 68 69 72 83 84 85 4 87 88 89 6 7 90 37 133 134 135 39 40 136 44 91 92 93 144 95 96 97 100 102 103 104 107 17 117 118 119 19 20 120 24 74 75 143 79 122 123 124 127 131 46 47 137 51 112 140 86 
34 81 60 68 70 10 72 53 136 16 116 41 96 98 26 100 131 106 107 30 11 33 108 35 120 7 90 21 133 79 114 113 43 44 3 80 140 126 127 56 27 59 128 61 142 103 102 32 132 66 67 2 36 71 117 51 88 87 23 24 1 52 74 109 143 115 40 39 76 82 14 15 144 123 122 58 141 94 95 8 62 99 104 130 129 63 69 9 105 12 46 83 137 89 20 19 48 54 5 6 110 37 112 134 78 77 13 42 124 139 138 91 97 25 125 28 65 64 101 31 84 17 86 118 50 49 4 22 73 135 75 38 93 92 121 57 29 45 119 47 18 111 55 85 
35 80 61 107 71 72 10 52 114 15 41 116 127 99 100 26 102 132 68 67 12 108 33 34 88 6 21 90 143 40 136 76 42 3 44 81 122 141 96 95 28 128 59 60 129 63 131 69 106 105 30 36 2 70 137 20 120 48 22 1 24 53 112 134 133 78 79 13 113 14 82 16 138 91 140 97 126 125 56 62 8 98 64 101 142 103 32 31 66 11 86 118 117 50 51 4 87 5 54 7 135 75 74 109 115 38 39 43 92 121 144 123 58 57 94 27 29 104 130 9 119 47 46 83 89 18 19 23 111 110 37 77 55 124 139 25 65 85 84 17 49 73 93 45 
36 44 62 31 72 12 11 24 39 82 16 15 57 100 28 27 65 67 9 69 108 35 34 2 19 54 7 6 75 77 13 79 116 43 42 3 93 95 25 97 128 61 60 8 103 104 29 105 30 107 32 71 70 10 47 49 4 51 90 23 22 1 111 112 37 113 38 115 40 81 80 14 123 124 55 125 56 127 58 99 98 26 130 131 63 64 66 132 68 33 85 86 17 87 18 89 20 53 52 5 134 135 73 74 76 136 78 41 139 140 91 92 94 141 96 59 142 101 102 106 118 119 45 46 48 120 50 21 143 109 110 114 144 121 122 126 129 137 83 84 88 133 138 117 
37 56 17 41 73 74 75 30 91 94 95 96 21 45 46 47 76 3 80 81 109 110 111 112 63 66 67 68 8 121 122 123 25 125 126 127 48 1 52 53 83 84 85 86 13 113 114 14 15 16 116 133 134 135 2 101 102 103 9 105 106 107 26 27 28 55 138 139 140 57 58 141 4 87 88 5 6 7 90 117 118 119 38 39 40 136 42 43 44 143 10 11 12 29 129 130 131 31 32 132 59 60 61 62 92 93 144 97 18 19 20 120 22 23 24 137 77 78 79 82 33 34 35 36 64 65 142 69 98 99 100 124 49 50 51 54 115 70 71 72 104 128 89 108 
38 55 18 73 76 77 78 29 59 91 92 93 45 48 49 50 3 109 110 111 13 113 114 115 33 63 64 65 94 8 98 99 121 122 123 124 1 83 84 85 4 87 88 89 14 15 16 37 133 134 135 39 40 136 66 2 70 71 101 102 103 104 25 125 126 26 27 28 128 138 139 140 5 6 7 17 117 118 119 19 20 120 41 42 43 44 74 75 143 79 9 105 106 10 11 12 108 129 130 131 56 57 58 141 60 61 62 144 21 22 23 24 46 47 137 51 80 81 82 112 30 31 32 132 34 35 36 142 95 96 97 100 52 53 54 86 116 67 68 69 72 127 90 107 
39 123 19 75 77 13 79 103 62 139 140 91 47 49 4 51 116 111 112 37 113 38 115 40 36 130 131 63 57 100 28 27 93 144 121 122 90 85 86 17 87 18 89 20 44 81 80 134 135 73 74 76 136 78 31 72 12 11 65 142 101 102 95 25 97 128 61 60 8 124 55 138 24 53 52 118 119 45 46 48 120 50 82 16 15 41 143 109 110 114 67 9 69 108 35 34 2 104 29 129 125 56 127 58 99 98 26 92 54 7 6 21 137 83 84 88 43 42 3 133 105 30 107 32 71 70 10 64 94 141 96 59 23 22 1 117 14 66 132 68 33 126 5 106 
40 122 20 112 78 79 13 102 28 138 91 140 86 50 51 4 80 135 75 74 114 115 38 39 12 129 63 131 97 61 62 8 92 121 144 123 52 119 47 46 88 89 18 19 15 41 116 143 111 110 37 136 76 77 69 35 36 2 64 101 142 103 127 58 57 99 100 26 27 55 124 139 6 21 90 137 85 84 17 120 48 49 42 3 44 81 134 133 73 113 107 32 31 71 72 10 11 29 104 130 141 96 95 25 128 59 60 93 22 1 24 53 118 117 45 87 14 82 16 109 132 68 67 9 108 33 34 65 126 125 56 98 5 54 7 83 43 106 105 30 70 94 23 66 
41 26 21 76 3 80 81 10 56 59 60 61 48 1 52 53 109 13 113 114 14 15 16 116 30 33 34 35 91 94 95 96 8 98 99 100 83 4 87 88 5 6 7 90 37 133 134 38 39 40 136 42 43 44 63 66 67 68 2 70 71 72 121 122 123 25 125 126 127 27 28 128 17 117 118 18 19 20 120 22 23 24 73 74 75 143 77 78 79 82 101 102 103 9 105 106 107 11 12 108 55 138 139 140 57 58 141 62 45 46 47 137 49 50 51 54 110 111 112 115 29 129 130 131 31 32 132 36 92 93 144 97 84 85 86 89 135 64 65 142 69 124 119 104 
42 99 22 78 80 14 82 71 141 28 128 59 50 52 5 54 135 114 115 38 15 41 116 43 132 12 108 33 138 97 126 125 61 62 8 98 119 88 89 18 6 21 90 23 143 111 110 40 136 76 77 3 44 81 129 69 106 105 35 36 2 70 92 121 144 127 58 57 94 100 26 27 137 85 84 20 120 48 49 1 24 53 112 134 133 73 79 13 113 16 64 101 142 107 32 31 66 72 10 11 122 55 124 139 96 95 25 60 86 118 117 45 51 4 87 7 75 74 109 39 102 29 104 130 68 67 9 34 91 140 93 56 47 46 83 19 37 63 131 65 30 123 17 103 
43 98 23 115 81 82 14 70 126 27 59 128 89 53 54 5 110 136 78 77 16 116 41 42 106 11 33 108 144 58 141 94 60 8 62 99 84 120 50 49 7 90 21 22 133 73 135 79 114 113 38 44 3 80 142 32 132 66 34 2 36 71 124 139 138 96 97 25 125 26 100 28 117 45 119 51 88 87 18 24 1 52 74 109 143 111 40 39 76 15 104 130 129 68 69 9 105 10 72 12 140 93 92 121 127 56 57 61 46 83 137 85 20 19 48 6 37 112 134 13 131 65 64 101 107 30 31 35 123 122 55 95 17 86 118 4 75 103 102 29 67 91 47 63 
44 62 24 39 82 16 15 36 57 100 28 27 19 54 7 6 75 77 13 79 116 43 42 3 31 72 12 11 93 95 25 97 128 61 60 8 47 49 4 51 90 23 22 1 111 112 37 113 38 115 40 81 80 14 65 67 9 69 108 35 34 2 123 124 55 125 56 127 58 99 98 26 85 86 17 87 18 89 20 53 52 5 134 135 73 74 76 136 78 41 103 104 29 105 30 107 32 71 70 10 139 140 91 92 94 141 96 59 118 119 45 46 48 120 50 21 143 109 110 114 130 131 63 64 66 132 68 33 144 121 122 126 137 83 84 88 133 142 101 102 106 138 117 129 
45 9 73 1 83 84 85 25 29 30 31 32 3 109 110 111 4 5 6 7 17 117 118 119 55 56 57 58 33 63 64 65 66 67 68 69 13 14 15 16 37 133 134 135 18 19 20 21 22 23 24 46 47 137 59 91 92 93 94 95 96 97 2 70 71 101 102 103 104 105 106 107 38 39 40 41 42 43 44 74 75 143 48 49 50 51 52 53 54 86 8 98 99 121 122 123 124 125 126 127 10 11 12 108 129 130 131 132 76 77 78 79 80 81 82 112 87 88 89 90 26 27 28 128 138 139 140 141 34 35 36 142 113 114 115 116 120 60 61 62 144 72 136 100 
46 68 74 53 84 17 86 96 131 106 107 30 81 110 37 112 120 7 90 21 117 45 119 47 140 126 127 56 11 142 103 102 32 132 66 67 136 16 116 41 133 73 135 75 51 88 87 23 24 1 52 83 137 85 27 144 123 122 58 141 94 95 34 2 36 104 130 129 63 69 9 105 79 114 113 43 44 3 80 109 143 111 89 20 19 48 54 5 6 118 60 8 62 124 139 138 91 97 25 125 70 10 72 12 65 64 101 31 115 40 39 76 82 14 15 134 50 49 4 22 98 26 100 28 93 92 121 57 33 108 35 29 78 77 13 42 18 59 128 61 55 71 38 99 
47 67 75 90 85 86 17 95 103 105 30 107 116 111 112 37 87 24 53 52 118 119 45 46 123 125 56 127 36 130 131 63 31 66 132 68 113 44 81 80 134 135 73 74 19 48 120 54 7 6 21 137 83 84 62 139 140 91 57 94 141 96 72 12 11 65 142 101 102 9 69 106 39 76 136 82 16 15 41 143 109 110 49 4 51 88 23 22 1 117 100 28 27 93 144 121 122 25 97 126 108 35 34 2 104 29 129 32 77 13 79 114 43 42 3 133 18 89 20 5 128 61 60 8 124 55 138 58 71 70 10 64 38 115 40 14 50 99 98 26 92 33 78 59 
48 101 76 83 4 87 88 121 10 29 129 130 109 13 113 114 5 17 117 118 18 19 20 120 26 55 138 139 30 33 34 35 63 64 65 142 14 37 133 134 38 39 40 136 21 22 23 45 46 47 137 49 50 51 56 59 60 61 91 92 93 144 66 67 68 2 70 71 72 102 103 104 41 42 43 73 74 75 143 77 78 79 1 52 53 54 84 85 86 89 94 95 96 8 98 99 100 122 123 124 9 105 106 107 11 12 108 131 3 80 81 82 110 111 112 115 6 7 90 119 25 125 126 127 27 28 128 140 31 32 132 36 15 16 116 135 24 57 58 141 62 69 44 97 
49 65 77 85 87 18 89 93 108 103 104 29 111 113 38 115 24 118 119 45 19 48 120 50 128 123 124 55 105 36 71 70 130 131 63 64 44 134 135 73 39 76 136 78 54 7 6 47 137 83 84 4 51 88 125 62 99 98 139 140 91 92 31 66 132 72 12 11 33 142 101 102 82 16 15 75 143 109 110 13 79 114 90 23 22 1 86 17 117 20 57 94 141 100 28 27 59 144 121 122 67 9 69 106 35 34 2 129 116 43 42 3 112 37 133 40 53 52 5 46 95 25 97 126 61 60 8 138 30 107 32 10 81 80 14 74 21 56 127 58 26 68 41 96 
50 64 78 119 88 89 18 92 71 102 29 104 135 114 115 38 6 137 85 84 20 120 48 49 99 122 55 124 132 12 108 33 129 63 131 65 15 143 111 110 40 136 76 77 22 1 24 86 118 117 45 51 4 87 141 28 128 59 138 91 140 93 69 106 105 35 36 2 70 101 142 103 42 3 44 112 134 133 73 79 13 113 52 5 54 7 47 46 83 19 97 126 125 61 62 8 98 121 144 123 107 32 31 66 72 10 11 130 80 14 82 16 75 74 109 39 21 90 23 17 127 58 57 94 100 26 27 139 68 67 9 34 41 116 43 37 53 96 95 25 60 30 81 56 
51 131 79 46 89 20 19 140 11 142 103 102 74 115 40 39 53 84 17 86 120 50 49 4 27 144 123 122 32 34 2 36 104 130 129 63 81 110 37 112 136 78 77 13 7 90 21 117 45 119 47 88 87 18 58 60 8 62 124 139 138 91 68 69 9 70 10 72 12 65 64 101 16 116 41 133 73 135 75 114 113 38 23 24 1 52 83 137 85 48 96 97 25 98 26 100 28 93 92 121 106 107 30 31 33 108 35 29 43 44 3 80 109 143 111 76 54 5 6 118 126 127 56 57 59 128 61 55 132 66 67 71 82 14 15 134 22 141 94 95 99 105 42 125 
52 35 80 88 6 21 90 61 107 71 72 10 114 15 41 116 137 20 120 48 22 1 24 53 127 99 100 26 102 132 68 67 12 108 33 34 143 40 136 76 42 3 44 81 86 118 117 50 51 4 87 5 54 7 122 141 96 95 28 128 59 60 129 63 131 69 106 105 30 36 2 70 112 134 133 78 79 13 113 14 82 16 119 47 46 83 89 18 19 23 138 91 140 97 126 125 56 62 8 98 64 101 142 103 32 31 66 11 135 75 74 109 115 38 39 43 85 84 17 49 92 121 144 123 58 57 94 27 29 104 130 9 111 110 37 77 45 55 124 139 25 65 73 93 
53 34 81 120 7 90 21 60 68 70 10 72 136 16 116 41 117 51 88 87 23 24 1 52 96 98 26 100 131 106 107 30 11 33 108 35 133 79 114 113 43 44 3 80 46 83 137 89 20 19 48 54 5 6 140 126 127 56 27 59 128 61 142 103 102 32 132 66 67 2 36 71 74 109 143 115 40 39 76 82 14 15 84 17 86 118 50 49 4 22 144 123 122 58 141 94 95 8 62 99 104 130 129 63 69 9 105 12 110 37 112 134 78 77 13 42 45 119 47 18 124 139 138 91 97 25 125 28 65 64 101 31 73 135 75 38 85 93 92 121 57 29 111 55 
54 108 82 49 90 23 22 128 105 36 71 70 77 116 43 42 85 87 18 89 24 53 52 5 125 62 99 98 130 31 66 132 72 12 11 33 111 113 38 115 44 81 80 14 118 119 45 19 48 120 50 7 6 21 139 57 94 141 100 28 27 59 65 142 101 67 9 69 106 35 34 2 134 135 73 39 76 136 78 16 15 41 47 137 83 84 4 51 88 1 93 144 121 95 25 97 126 61 60 8 103 104 29 129 30 107 32 10 75 143 109 110 13 79 114 3 86 17 117 20 123 124 55 138 56 127 58 26 131 63 64 68 112 37 133 40 46 140 91 92 96 102 74 122 
55 18 29 59 91 92 93 38 45 48 49 50 33 63 64 65 94 8 98 99 121 122 123 124 73 76 77 78 1 83 84 85 4 87 88 89 66 2 70 71 101 102 103 104 25 125 126 26 27 28 128 138 139 140 3 109 110 111 13 113 114 115 5 6 7 17 117 118 119 19 20 120 9 105 106 10 11 12 108 129 130 131 56 57 58 141 60 61 62 144 14 15 16 37 133 134 135 39 40 136 21 22 23 24 46 47 137 51 30 31 32 132 34 35 36 142 95 96 97 100 41 42 43 44 74 75 143 79 52 53 54 86 67 68 69 72 127 80 81 82 112 90 107 116 
56 17 30 91 94 95 96 37 21 45 46 47 63 66 67 68 8 121 122 123 25 125 126 127 41 73 74 75 48 1 52 53 83 84 85 86 2 101 102 103 9 105 106 107 26 27 28 55 138 139 140 57 58 141 76 3 80 81 109 110 111 112 4 87 88 5 6 7 90 117 118 119 10 11 12 29 129 130 131 31 32 132 59 60 61 62 92 93 144 97 13 113 114 14 15 16 116 133 134 135 18 19 20 120 22 23 24 137 33 34 35 36 64 65 142 69 98 99 100 124 38 39 40 136 42 43 44 143 49 50 51 54 70 71 72 104 128 77 78 79 82 89 108 115 
57 85 31 93 95 25 97 111 24 118 119 45 65 67 9 69 128 123 124 55 125 56 127 58 44 134 135 73 19 54 7 6 47 137 83 84 108 103 104 29 105 30 107 32 62 99 98 139 140 91 92 94 141 96 39 82 16 15 75 143 109 110 49 4 51 90 23 22 1 86 17 117 36 71 70 130 131 63 64 66 132 68 100 28 27 59 144 121 122 126 77 13 79 116 43 42 3 112 37 133 87 18 89 20 53 52 5 46 72 12 11 33 142 101 102 106 61 60 8 138 113 38 115 40 81 80 14 74 48 120 50 21 35 34 2 129 26 76 136 78 41 88 10 114 
58 84 32 124 96 97 25 110 7 117 45 119 104 68 69 9 98 140 93 92 126 127 56 57 16 133 73 135 51 23 24 1 46 83 137 85 70 131 65 64 106 107 30 31 27 59 128 144 123 122 55 141 94 95 79 43 44 3 74 109 143 111 89 20 19 53 54 5 6 17 86 118 11 33 108 142 103 102 29 132 66 67 60 8 62 99 139 138 91 125 115 40 39 81 82 14 15 37 112 134 120 50 49 4 90 21 22 47 34 2 36 71 130 129 63 105 26 100 28 121 136 78 77 13 116 41 42 75 88 87 18 52 10 72 12 101 61 114 113 38 80 48 35 76 
59 5 33 94 8 98 99 14 18 21 22 23 66 2 70 71 121 25 125 126 26 27 28 128 38 41 42 43 45 48 49 50 1 52 53 54 101 9 105 106 10 11 12 108 55 138 139 56 57 58 141 60 61 62 73 76 77 78 3 80 81 82 83 84 85 4 87 88 89 6 7 90 29 129 130 30 31 32 132 34 35 36 91 92 93 144 95 96 97 100 109 110 111 13 113 114 115 15 16 116 17 117 118 119 19 20 120 24 63 64 65 142 67 68 69 72 122 123 124 127 37 133 134 135 39 40 136 44 46 47 137 51 102 103 104 107 140 74 75 143 79 86 131 112 
60 53 34 96 98 26 100 81 120 7 90 21 68 70 10 72 140 126 127 56 27 59 128 61 136 16 116 41 117 51 88 87 23 24 1 52 131 106 107 30 11 33 108 35 144 123 122 58 141 94 95 8 62 99 133 79 114 113 43 44 3 80 46 83 137 89 20 19 48 54 5 6 142 103 102 32 132 66 67 2 36 71 124 139 138 91 97 25 125 28 74 109 143 115 40 39 76 82 14 15 84 17 86 118 50 49 4 22 104 130 129 63 69 9 105 12 93 92 121 57 110 37 112 134 78 77 13 42 45 119 47 18 65 64 101 31 55 73 135 75 38 85 29 111 
61 52 35 127 99 100 26 80 88 6 21 90 107 71 72 10 122 141 96 95 28 128 59 60 114 15 41 116 137 20 120 48 22 1 24 53 102 132 68 67 12 108 33 34 138 91 140 97 126 125 56 62 8 98 143 40 136 76 42 3 44 81 86 118 117 50 51 4 87 5 54 7 129 63 131 69 106 105 30 36 2 70 92 121 144 123 58 57 94 27 112 134 133 78 79 13 113 14 82 16 119 47 46 83 89 18 19 23 64 101 142 103 32 31 66 11 55 124 139 25 135 75 74 109 115 38 39 43 85 84 17 49 29 104 130 9 93 111 110 37 77 45 65 73 
62 24 36 57 100 28 27 44 19 54 7 6 31 72 12 11 93 95 25 97 128 61 60 8 39 82 16 15 47 49 4 51 90 23 22 1 65 67 9 69 108 35 34 2 123 124 55 125 56 127 58 99 98 26 75 77 13 79 116 43 42 3 85 86 17 87 18 89 20 53 52 5 103 104 29 105 30 107 32 71 70 10 139 140 91 92 94 141 96 59 111 112 37 113 38 115 40 81 80 14 118 119 45 46 48 120 50 21 130 131 63 64 66 132 68 33 144 121 122 126 134 135 73 74 76 136 78 41 137 83 84 88 142 101 102 106 138 143 109 110 114 117 129 133 
63 13 91 2 101 102 103 4 37 38 39 40 8 121 122 123 9 10 11 12 29 129 130 131 17 18 19 20 41 73 74 75 76 77 78 79 25 26 27 28 55 138 139 140 30 31 32 33 34 35 36 64 65 142 21 45 46 47 48 49 50 51 3 80 81 109 110 111 112 113 114 115 56 57 58 59 60 61 62 92 93 144 66 67 68 69 70 71 72 104 1 52 53 83 84 85 86 87 88 89 14 15 16 116 133 134 135 136 94 95 96 97 98 99 100 124 105 106 107 108 5 6 7 90 117 118 119 120 42 43 44 143 125 126 127 128 132 22 23 24 137 82 141 54 
64 78 92 71 102 29 104 50 135 114 115 38 99 122 55 124 132 12 108 33 129 63 131 65 119 88 89 18 15 143 111 110 40 136 76 77 141 28 128 59 138 91 140 93 69 106 105 35 36 2 70 101 142 103 6 137 85 84 20 120 48 49 42 3 44 112 134 133 73 79 13 113 97 126 125 61 62 8 98 121 144 123 107 32 31 66 72 10 11 130 22 1 24 86 118 117 45 51 4 87 80 14 82 16 75 74 109 39 127 58 57 94 100 26 27 139 68 67 9 34 52 5 54 7 47 46 83 19 41 116 43 37 96 95 25 60 30 21 90 23 17 81 56 53 
65 77 93 108 103 104 29 49 111 113 38 115 128 123 124 55 105 36 71 70 130 131 63 64 85 87 18 89 44 134 135 73 39 76 136 78 125 62 99 98 139 140 91 92 31 66 132 72 12 11 33 142 101 102 24 118 119 45 19 48 120 50 82 16 15 75 143 109 110 13 79 114 57 94 141 100 28 27 59 144 121 122 67 9 69 106 35 34 2 129 54 7 6 47 137 83 84 4 51 88 116 43 42 3 112 37 133 40 95 25 97 126 61 60 8 138 30 107 32 10 90 23 22 1 86 17 117 20 81 80 14 74 56 127 58 26 68 53 52 5 46 41 96 21 
66 109 94 101 9 105 106 83 14 37 133 134 121 25 125 126 10 29 129 130 30 31 32 132 5 17 117 118 38 41 42 43 73 74 75 143 26 55 138 139 56 57 58 141 33 34 35 63 64 65 142 67 68 69 18 21 22 23 45 46 47 137 76 77 78 3 80 81 82 110 111 112 59 60 61 91 92 93 144 95 96 97 2 70 71 72 102 103 104 107 48 49 50 1 52 53 54 84 85 86 13 113 114 115 15 16 116 135 8 98 99 100 122 123 124 127 11 12 108 131 4 87 88 89 6 7 90 119 39 40 136 44 27 28 128 140 36 19 20 120 24 79 62 51 
67 75 95 103 105 30 107 47 116 111 112 37 123 125 56 127 36 130 131 63 31 66 132 68 90 85 86 17 113 44 81 80 134 135 73 74 62 139 140 91 57 94 141 96 72 12 11 65 142 101 102 9 69 106 87 24 53 52 118 119 45 46 39 76 136 82 16 15 41 143 109 110 100 28 27 93 144 121 122 25 97 126 108 35 34 2 104 29 129 32 19 48 120 54 7 6 21 137 83 84 77 13 79 114 43 42 3 133 128 61 60 8 124 55 138 58 71 70 10 64 49 4 51 88 23 22 1 117 38 115 40 14 99 98 26 92 33 18 89 20 5 78 59 50 
68 74 96 131 106 107 30 46 81 110 37 112 140 126 127 56 11 142 103 102 32 132 66 67 53 84 17 86 136 16 116 41 133 73 135 75 27 144 123 122 58 141 94 95 34 2 36 104 130 129 63 69 9 105 120 7 90 21 117 45 119 47 79 114 113 43 44 3 80 109 143 111 60 8 62 124 139 138 91 97 25 125 70 10 72 12 65 64 101 31 51 88 87 23 24 1 52 83 137 85 115 40 39 76 82 14 15 134 98 26 100 28 93 92 121 57 33 108 35 29 89 20 19 48 54 5 6 118 78 77 13 42 59 128 61 55 71 50 49 4 22 38 99 18 
69 135 97 64 107 32 31 119 15 143 111 110 92 127 58 57 71 102 29 104 132 68 67 9 6 137 85 84 40 42 3 44 112 134 133 73 99 122 55 124 141 96 95 25 12 108 33 129 63 131 65 106 105 30 20 22 1 24 86 118 117 45 78 79 13 80 14 82 16 75 74 109 28 128 59 138 91 140 93 126 125 56 35 36 2 70 101 142 103 66 50 51 4 52 5 54 7 47 46 83 114 115 38 39 41 116 43 37 61 62 8 98 121 144 123 94 72 10 11 130 88 89 18 19 21 90 23 17 136 76 77 81 100 26 27 139 34 120 48 49 53 113 60 87 
70 43 98 106 11 33 108 23 115 81 82 14 126 27 59 128 142 32 132 66 34 2 36 71 89 53 54 5 110 136 78 77 16 116 41 42 144 58 141 94 60 8 62 99 104 130 129 68 69 9 105 10 72 12 84 120 50 49 7 90 21 22 133 73 135 79 114 113 38 44 3 80 124 139 138 96 97 25 125 26 100 28 131 65 64 101 107 30 31 35 117 45 119 51 88 87 18 24 1 52 74 109 143 111 40 39 76 15 140 93 92 121 127 56 57 61 103 102 29 67 46 83 137 85 20 19 48 6 37 112 134 13 123 122 55 95 63 17 86 118 4 75 91 47 
71 42 99 132 12 108 33 22 78 80 14 82 141 28 128 59 129 69 106 105 35 36 2 70 50 52 5 54 135 114 115 38 15 41 116 43 138 97 126 125 61 62 8 98 64 101 142 107 32 31 66 72 10 11 119 88 89 18 6 21 90 23 143 111 110 40 136 76 77 3 44 81 92 121 144 127 58 57 94 100 26 27 102 29 104 130 68 67 9 34 137 85 84 20 120 48 49 1 24 53 112 134 133 73 79 13 113 16 122 55 124 139 96 95 25 60 63 131 65 30 86 118 117 45 51 4 87 7 75 74 109 39 91 140 93 56 103 47 46 83 19 37 123 17 
72 116 100 67 108 35 34 90 113 44 81 80 95 128 61 60 103 105 30 107 36 71 70 10 87 24 53 52 134 39 76 136 82 16 15 41 123 125 56 127 62 99 98 26 130 131 63 31 66 132 68 12 11 33 118 19 48 120 54 7 6 21 75 143 109 77 13 79 114 43 42 3 139 140 91 57 94 141 96 28 27 59 65 142 101 102 9 69 106 2 47 137 83 49 4 51 88 23 22 1 111 112 37 133 38 115 40 14 93 144 121 122 25 97 126 8 104 29 129 32 85 86 17 117 18 89 20 5 135 73 74 78 124 55 138 58 64 119 45 46 50 110 92 84 
73 25 45 3 109 110 111 9 55 56 57 58 1 83 84 85 13 14 15 16 37 133 134 135 29 30 31 32 59 91 92 93 94 95 96 97 4 5 6 7 17 117 118 119 38 39 40 41 42 43 44 74 75 143 33 63 64 65 66 67 68 69 8 98 99 121 122 123 124 125 126 127 18 19 20 21 22 23 24 46 47 137 76 77 78 79 80 81 82 112 2 70 71 101 102 103 104 105 106 107 26 27 28 128 138 139 140 141 48 49 50 51 52 53 54 86 113 114 115 116 10 11 12 108 129 130 131 132 60 61 62 144 87 88 89 90 136 34 35 36 142 100 120 72 
74 96 46 81 110 37 112 68 140 126 127 56 53 84 17 86 136 16 116 41 133 73 135 75 131 106 107 30 27 144 123 122 58 141 94 95 120 7 90 21 117 45 119 47 79 114 113 43 44 3 80 109 143 111 11 142 103 102 32 132 66 67 60 8 62 124 139 138 91 97 25 125 51 88 87 23 24 1 52 83 137 85 115 40 39 76 82 14 15 134 34 2 36 104 130 129 63 69 9 105 98 26 100 28 93 92 121 57 89 20 19 48 54 5 6 118 78 77 13 42 70 10 72 12 65 64 101 31 59 128 61 55 50 49 4 22 38 33 108 35 29 99 18 71 
75 95 47 116 111 112 37 67 123 125 56 127 90 85 86 17 113 44 81 80 134 135 73 74 103 105 30 107 62 139 140 91 57 94 141 96 87 24 53 52 118 119 45 46 39 76 136 82 16 15 41 143 109 110 36 130 131 63 31 66 132 68 100 28 27 93 144 121 122 25 97 126 19 48 120 54 7 6 21 137 83 84 77 13 79 114 43 42 3 133 72 12 11 65 142 101 102 9 69 106 128 61 60 8 124 55 138 58 49 4 51 88 23 22 1 117 38 115 40 14 108 35 34 2 104 29 129 32 99 98 26 92 18 89 20 5 78 71 70 10 64 59 50 33 
76 121 48 109 13 113 114 101 26 55 138 139 83 4 87 88 14 37 133 134 38 39 40 136 10 29 129 130 56 59 60 61 91 92 93 144 5 17 117 118 18 19 20 120 41 42 43 73 74 75 143 77 78 79 30 33 34 35 63 64 65 142 94 95 96 8 98 99 100 122 123 124 21 22 23 45 46 47 137 49 50 51 3 80 81 82 110 111 112 115 66 67 68 2 70 71 72 102 103 104 25 125 126 127 27 28 128 140 1 52 53 54 84 85 86 89 15 16 116 135 9 105 106 107 11 12 108 131 57 58 141 62 6 7 90 119 44 31 32 132 36 97 24 69 
77 93 49 111 113 38 115 65 128 123 124 55 85 87 18 89 44 134 135 73 39 76 136 78 108 103 104 29 125 62 99 98 139 140 91 92 24 118 119 45 19 48 120 50 82 16 15 75 143 109 110 13 79 114 105 36 71 70 130 131 63 64 57 94 141 100 28 27 59 144 121 122 54 7 6 47 137 83 84 4 51 88 116 43 42 3 112 37 133 40 31 66 132 72 12 11 33 142 101 102 95 25 97 126 61 60 8 138 90 23 22 1 86 17 117 20 81 80 14 74 67 9 69 106 35 34 2 129 56 127 58 26 53 52 5 46 41 30 107 32 10 96 21 68 
78 92 50 135 114 115 38 64 99 122 55 124 119 88 89 18 15 143 111 110 40 136 76 77 71 102 29 104 141 28 128 59 138 91 140 93 6 137 85 84 20 120 48 49 42 3 44 112 134 133 73 79 13 113 132 12 108 33 129 63 131 65 97 126 125 61 62 8 98 121 144 123 22 1 24 86 118 117 45 51 4 87 80 14 82 16 75 74 109 39 69 106 105 35 36 2 70 101 142 103 127 58 57 94 100 26 27 139 52 5 54 7 47 46 83 19 41 116 43 37 107 32 31 66 72 10 11 130 96 95 25 60 21 90 23 17 81 68 67 9 34 56 53 30 
79 140 51 74 115 40 39 131 27 144 123 122 46 89 20 19 81 110 37 112 136 78 77 13 11 142 103 102 58 60 8 62 124 139 138 91 53 84 17 86 120 50 49 4 16 116 41 133 73 135 75 114 113 38 32 34 2 36 104 130 129 63 96 97 25 98 26 100 28 93 92 121 7 90 21 117 45 119 47 88 87 18 43 44 3 80 109 143 111 76 68 69 9 70 10 72 12 65 64 101 126 127 56 57 59 128 61 55 23 24 1 52 83 137 85 48 82 14 15 134 106 107 30 31 33 108 35 29 141 94 95 99 54 5 6 118 42 132 66 67 71 125 22 105 
80 61 52 114 15 41 116 35 127 99 100 26 88 6 21 90 143 40 136 76 42 3 44 81 107 71 72 10 122 141 96 95 28 128 59 60 137 20 120 48 22 1 24 53 112 134 133 78 79 13 113 14 82 16 102 132 68 67 12 108 33 34 138 91 140 97 126 125 56 62 8 98 86 118 117 50 51 4 87 5 54 7 135 75 74 109 115 38 39 43 129 63 131 69 106 105 30 36 2 70 92 121 144 123 58 57 94 27 119 47 46 83 89 18 19 23 111 110 37 77 64 101 142 103 32 31 66 11 55 124 139 25 85 84 17 49 73 29 104 130 9 93 45 65 
81 60 53 136 16 116 41 34 96 98 26 100 120 7 90 21 133 79 114 113 43 44 3 80 68 70 10 72 140 126 127 56 27 59 128 61 117 51 88 87 23 24 1 52 74 109 143 115 40 39 76 82 14 15 131 106 107 30 11 33 108 35 144 123 122 58 141 94 95 8 62 99 46 83 137 89 20 19 48 54 5 6 110 37 112 134 78 77 13 42 142 103 102 32 132 66 67 2 36 71 124 139 138 91 97 25 125 28 84 17 86 118 50 49 4 22 73 135 75 38 104 130 129 63 69 9 105 12 93 92 121 57 45 119 47 18 111 65 64 101 31 55 85 29 
82 128 54 77 116 43 42 108 125 62 99 98 49 90 23 22 111 113 38 115 44 81 80 14 105 36 71 70 139 57 94 141 100 28 27 59 85 87 18 89 24 53 52 5 134 135 73 39 76 136 78 16 15 41 130 31 66 132 72 12 11 33 93 144 121 95 25 97 126 61 60 8 118 119 45 19 48 120 50 7 6 21 75 143 109 110 13 79 114 3 65 142 101 67 9 69 106 35 34 2 123 124 55 138 56 127 58 26 47 137 83 84 4 51 88 1 112 37 133 40 103 104 29 129 30 107 32 10 140 91 92 96 86 17 117 20 74 131 63 64 68 122 46 102 
83 66 109 5 17 117 118 94 101 9 105 106 14 37 133 134 18 21 22 23 45 46 47 137 121 25 125 126 10 29 129 130 30 31 32 132 38 41 42 43 73 74 75 143 48 49 50 1 52 53 54 84 85 86 26 55 138 139 56 57 58 141 33 34 35 63 64 65 142 67 68 69 76 77 78 3 80 81 82 110 111 112 4 87 88 89 6 7 90 119 59 60 61 91 92 93 144 95 96 97 2 70 71 72 102 103 104 107 13 113 114 115 15 16 116 135 19 20 120 24 8 98 99 100 122 123 124 127 11 12 108 131 39 40 136 44 51 27 28 128 140 36 79 62 
84 32 110 7 117 45 119 58 104 68 69 9 16 133 73 135 51 23 24 1 46 83 137 85 124 96 97 25 70 131 65 64 106 107 30 31 79 43 44 3 74 109 143 111 89 20 19 53 54 5 6 17 86 118 98 140 93 92 126 127 56 57 11 33 108 142 103 102 29 132 66 67 115 40 39 81 82 14 15 37 112 134 120 50 49 4 90 21 22 47 27 59 128 144 123 122 55 141 94 95 34 2 36 71 130 129 63 105 136 78 77 13 116 41 42 75 88 87 18 52 60 8 62 99 139 138 91 125 10 72 12 101 114 113 38 80 48 26 100 28 121 35 76 61 
85 31 111 24 118 119 45 57 65 67 9 69 44 134 135 73 19 54 7 6 47 137 83 84 93 95 25 97 108 103 104 29 105 30 107 32 39 82 16 15 75 143 109 110 49 4 51 90 23 22 1 86 17 117 128 123 124 55 125 56 127 58 36 71 70 130 131 63 64 66 132 68 77 13 79 116 43 42 3 112 37 133 87 18 89 20 53 52 5 46 62 99 98 139 140 91 92 94 141 96 72 12 11 33 142 101 102 106 113 38 115 40 81 80 14 74 48 120 50 21 100 28 27 59 144 121 122 126 35 34 2 129 76 136 78 41 88 61 60 8 138 10 114 26 
86 107 112 52 119 47 46 127 102 132 68 67 80 135 75 74 88 6 21 90 137 85 84 17 122 141 96 95 12 129 63 131 69 106 105 30 114 15 41 116 143 111 110 37 20 120 48 22 1 24 53 118 117 45 28 138 91 140 97 126 125 56 35 36 2 64 101 142 103 32 31 66 40 136 76 42 3 44 81 134 133 73 50 51 4 87 5 54 7 83 61 62 8 92 121 144 123 58 57 94 71 72 10 11 29 104 130 9 78 79 13 113 14 82 16 109 89 18 19 23 99 100 26 27 55 124 139 25 108 33 34 65 115 38 39 43 49 128 59 60 93 70 77 98 
87 130 113 118 19 48 120 139 72 65 142 101 134 39 76 136 54 47 137 83 49 4 51 88 100 93 144 121 67 108 35 34 103 104 29 129 82 75 143 109 77 13 79 114 90 23 22 85 86 17 117 18 89 20 95 128 61 60 123 124 55 138 105 30 107 36 71 70 10 131 63 64 116 43 42 111 112 37 133 38 115 40 24 53 52 5 119 45 46 50 125 56 127 62 99 98 26 140 91 92 31 66 132 68 12 11 33 102 44 81 80 14 135 73 74 78 7 6 21 84 57 94 141 96 28 27 59 122 9 69 106 2 16 15 41 110 1 25 97 126 8 32 3 58 
88 129 114 137 20 120 48 138 35 64 101 142 143 40 136 76 22 86 118 117 50 51 4 87 61 92 121 144 107 71 72 10 102 29 104 130 42 112 134 133 78 79 13 113 52 5 54 119 47 46 83 89 18 19 127 99 100 26 122 55 124 139 132 68 67 12 108 33 34 63 131 65 80 14 82 135 75 74 109 115 38 39 6 21 90 23 85 84 17 49 141 96 95 28 128 59 60 91 140 93 69 106 105 30 36 2 70 103 15 41 116 43 111 110 37 77 1 24 53 45 97 126 125 56 62 8 98 123 32 31 66 11 3 44 81 73 7 58 57 94 27 9 16 25 
89 104 115 84 120 50 49 124 70 131 65 64 110 136 78 77 7 117 45 119 51 88 87 18 98 140 93 92 106 11 33 108 142 103 102 29 16 133 73 135 79 114 113 38 23 24 1 46 83 137 85 20 19 48 126 27 59 128 144 123 122 55 32 132 66 34 2 36 71 130 129 63 43 44 3 74 109 143 111 40 39 76 53 54 5 6 17 86 118 4 58 141 94 60 8 62 99 139 138 91 68 69 9 105 10 72 12 101 81 82 14 15 37 112 134 13 90 21 22 47 96 97 25 125 26 100 28 121 107 30 31 35 116 41 42 75 52 127 56 57 61 67 80 95 
90 72 116 87 24 53 52 100 67 108 35 34 113 44 81 80 118 19 48 120 54 7 6 21 95 128 61 60 103 105 30 107 36 71 70 10 134 39 76 136 82 16 15 41 47 137 83 49 4 51 88 23 22 1 123 125 56 127 62 99 98 26 130 131 63 31 66 132 68 12 11 33 75 143 109 77 13 79 114 43 42 3 85 86 17 117 18 89 20 5 139 140 91 57 94 141 96 28 27 59 65 142 101 102 9 69 106 2 111 112 37 133 38 115 40 14 119 45 46 50 93 144 121 122 25 97 126 8 104 29 129 32 135 73 74 78 84 124 55 138 58 64 110 92 
91 4 63 8 121 122 123 13 17 18 19 20 2 101 102 103 25 26 27 28 55 138 139 140 37 38 39 40 21 45 46 47 48 49 50 51 9 10 11 12 29 129 130 131 56 57 58 59 60 61 62 92 93 144 41 73 74 75 76 77 78 79 1 52 53 83 84 85 86 87 88 89 30 31 32 33 34 35 36 64 65 142 94 95 96 97 98 99 100 124 3 80 81 109 110 111 112 113 114 115 5 6 7 90 117 118 119 120 66 67 68 69 70 71 72 104 125 126 127 128 14 15 16 116 133 134 135 136 22 23 24 137 105 106 107 108 141 42 43 44 143 54 132 82 
92 50 64 99 122 55 124 78 119 88 89 18 71 102 29 104 141 28 128 59 138 91 140 93 135 114 115 38 6 137 85 84 20 120 48 49 132 12 108 33 129 63 131 65 97 126 125 61 62 8 98 121 144 123 15 143 111 110 40 136 76 77 22 1 24 86 118 117 45 51 4 87 69 106 105 35 36 2 70 101 142 103 127 58 57 94 100 26 27 139 42 3 44 112 134 133 73 79 13 113 52 5 54 7 47 46 83 19 107 32 31 66 72 10 11 130 96 95 25 60 80 14 82 16 75 74 109 39 21 90 23 17 68 67 9 34 56 41 116 43 37 53 30 81 
93 49 65 128 123 124 55 77 85 87 18 89 108 103 104 29 125 62 99 98 139 140 91 92 111 113 38 115 24 118 119 45 19 48 120 50 105 36 71 70 130 131 63 64 57 94 141 100 28 27 59 144 121 122 44 134 135 73 39 76 136 78 54 7 6 47 137 83 84 4 51 88 31 66 132 72 12 11 33 142 101 102 95 25 97 126 61 60 8 138 82 16 15 75 143 109 110 13 79 114 90 23 22 1 86 17 117 20 67 9 69 106 35 34 2 129 56 127 58 26 116 43 42 3 112 37 133 40 53 52 5 46 30 107 32 10 96 81 80 14 74 21 68 41 
94 83 66 121 25 125 126 109 5 17 117 118 101 9 105 106 26 55 138 139 56 57 58 141 14 37 133 134 18 21 22 23 45 46 47 137 10 29 129 130 30 31 32 132 59 60 61 91 92 93 144 95 96 97 38 41 42 43 73 74 75 143 48 49 50 1 52 53 54 84 85 86 33 34 35 63 64 65 142 67 68 69 8 98 99 100 122 123 124 127 76 77 78 3 80 81 82 110 111 112 4 87 88 89 6 7 90 119 2 70 71 72 102 103 104 107 27 28 128 140 13 113 114 115 15 16 116 135 19 20 120 24 11 12 108 131 62 39 40 136 44 51 36 79 
95 47 67 123 125 56 127 75 90 85 86 17 103 105 30 107 62 139 140 91 57 94 141 96 116 111 112 37 87 24 53 52 118 119 45 46 36 130 131 63 31 66 132 68 100 28 27 93 144 121 122 25 97 126 113 44 81 80 134 135 73 74 19 48 120 54 7 6 21 137 83 84 72 12 11 65 142 101 102 9 69 106 128 61 60 8 124 55 138 58 39 76 136 82 16 15 41 143 109 110 49 4 51 88 23 22 1 117 108 35 34 2 104 29 129 32 99 98 26 92 77 13 79 114 43 42 3 133 18 89 20 5 71 70 10 64 59 38 115 40 14 50 33 78 
96 46 68 140 126 127 56 74 53 84 17 86 131 106 107 30 27 144 123 122 58 141 94 95 81 110 37 112 120 7 90 21 117 45 119 47 11 142 103 102 32 132 66 67 60 8 62 124 139 138 91 97 25 125 136 16 116 41 133 73 135 75 51 88 87 23 24 1 52 83 137 85 34 2 36 104 130 129 63 69 9 105 98 26 100 28 93 92 121 57 79 114 113 43 44 3 80 109 143 111 89 20 19 48 54 5 6 118 70 10 72 12 65 64 101 31 59 128 61 55 115 40 39 76 82 14 15 134 50 49 4 22 33 108 35 29 99 78 77 13 42 18 71 38 
97 119 69 92 127 58 57 135 6 137 85 84 64 107 32 31 99 122 55 124 141 96 95 25 15 143 111 110 20 22 1 24 86 118 117 45 71 102 29 104 132 68 67 9 28 128 59 138 91 140 93 126 125 56 40 42 3 44 112 134 133 73 50 51 4 52 5 54 7 47 46 83 12 108 33 129 63 131 65 106 105 30 61 62 8 98 121 144 123 94 78 79 13 80 14 82 16 75 74 109 88 89 18 19 21 90 23 17 35 36 2 70 101 142 103 66 100 26 27 139 114 115 38 39 41 116 43 37 120 48 49 53 72 10 11 130 60 136 76 77 81 87 34 113 
98 23 70 126 27 59 128 43 89 53 54 5 106 11 33 108 144 58 141 94 60 8 62 99 115 81 82 14 84 120 50 49 7 90 21 22 142 32 132 66 34 2 36 71 124 139 138 96 97 25 125 26 100 28 110 136 78 77 16 116 41 42 117 45 119 51 88 87 18 24 1 52 104 130 129 68 69 9 105 10 72 12 140 93 92 121 127 56 57 61 133 73 135 79 114 113 38 44 3 80 46 83 137 85 20 19 48 6 131 65 64 101 107 30 31 35 123 122 55 95 74 109 143 111 40 39 76 15 17 86 118 4 103 102 29 67 91 37 112 134 13 47 63 75 
99 22 71 141 28 128 59 42 50 52 5 54 132 12 108 33 138 97 126 125 61 62 8 98 78 80 14 82 119 88 89 18 6 21 90 23 129 69 106 105 35 36 2 70 92 121 144 127 58 57 94 100 26 27 135 114 115 38 15 41 116 43 137 85 84 20 120 48 49 1 24 53 64 101 142 107 32 31 66 72 10 11 122 55 124 139 96 95 25 60 143 111 110 40 136 76 77 3 44 81 86 118 117 45 51 4 87 7 102 29 104 130 68 67 9 34 91 140 93 56 112 134 133 73 79 13 113 16 47 46 83 19 63 131 65 30 123 75 74 109 39 17 103 37 
100 90 72 95 128 61 60 116 87 24 53 52 67 108 35 34 123 125 56 127 62 99 98 26 113 44 81 80 118 19 48 120 54 7 6 21 103 105 30 107 36 71 70 10 139 140 91 57 94 141 96 28 27 59 134 39 76 136 82 16 15 41 47 137 83 49 4 51 88 23 22 1 130 131 63 31 66 132 68 12 11 33 93 144 121 122 25 97 126 8 75 143 109 77 13 79 114 43 42 3 85 86 17 117 18 89 20 5 65 142 101 102 9 69 106 2 124 55 138 58 111 112 37 133 38 115 40 14 119 45 46 50 104 29 129 32 92 135 73 74 78 84 64 110 
101 76 121 10 29 129 130 48 109 13 113 114 26 55 138 139 30 33 34 35 63 64 65 142 83 4 87 88 14 37 133 134 38 39 40 136 56 59 60 61 91 92 93 144 66 67 68 2 70 71 72 102 103 104 5 17 117 118 18 19 20 120 41 42 43 73 74 75 143 77 78 79 94 95 96 8 98 99 100 122 123 124 9 105 106 107 11 12 108 131 21 22 23 45 46 47 137 49 50 51 3 80 81 82 110 111 112 115 25 125 126 127 27 28 128 140 31 32 132 36 1 52 53 54 84 85 86 89 15 16 116 135 57 58 141 62 69 6 7 90 119 44 97 24 
102 40 122 12 129 63 131 20 112 78 79 13 28 138 91 140 69 35 36 2 64 101 142 103 86 50 51 4 80 135 75 74 114 115 38 39 97 61 62 8 92 121 144 123 107 32 31 71 72 10 11 29 104 130 52 119 47 46 88 89 18 19 15 41 116 143 111 110 37 136 76 77 127 58 57 99 100 26 27 55 124 139 132 68 67 9 108 33 34 65 6 21 90 137 85 84 17 120 48 49 42 3 44 81 134 133 73 113 141 96 95 25 128 59 60 93 106 105 30 70 22 1 24 53 118 117 45 87 14 82 16 109 126 125 56 98 66 5 54 7 83 43 94 23 
103 39 123 36 130 131 63 19 75 77 13 79 62 139 140 91 31 72 12 11 65 142 101 102 47 49 4 51 116 111 112 37 113 38 115 40 57 100 28 27 93 144 121 122 67 9 69 108 35 34 2 104 29 129 90 85 86 17 87 18 89 20 44 81 80 134 135 73 74 76 136 78 95 25 97 128 61 60 8 124 55 138 105 30 107 32 71 70 10 64 24 53 52 118 119 45 46 48 120 50 82 16 15 41 143 109 110 114 125 56 127 58 99 98 26 92 66 132 68 33 54 7 6 21 137 83 84 88 43 42 3 133 94 141 96 59 106 23 22 1 117 14 126 5 
104 115 124 70 131 65 64 89 110 136 78 77 98 140 93 92 106 11 33 108 142 103 102 29 84 120 50 49 16 133 73 135 79 114 113 38 126 27 59 128 144 123 122 55 32 132 66 34 2 36 71 130 129 63 7 117 45 119 51 88 87 18 43 44 3 74 109 143 111 40 39 76 58 141 94 60 8 62 99 139 138 91 68 69 9 105 10 72 12 101 23 24 1 46 83 137 85 20 19 48 81 82 14 15 37 112 134 13 96 97 25 125 26 100 28 121 107 30 31 35 53 54 5 6 17 86 118 4 116 41 42 75 127 56 57 61 67 90 21 22 47 80 95 52 
105 134 125 130 31 66 132 118 82 75 143 109 139 57 94 141 72 65 142 101 67 9 69 106 54 47 137 83 77 116 43 42 111 112 37 133 100 93 144 121 95 25 97 126 108 35 34 103 104 29 129 30 107 32 49 90 23 22 85 86 17 117 113 38 115 44 81 80 14 135 73 74 128 61 60 123 124 55 138 56 127 58 36 71 70 10 131 63 64 68 87 18 89 24 53 52 5 119 45 46 39 76 136 78 16 15 41 110 62 99 98 26 140 91 92 96 12 11 33 102 19 48 120 50 7 6 21 84 13 79 114 3 28 27 59 122 2 4 51 88 1 40 8 20 
106 133 126 142 32 132 66 117 43 74 109 143 144 58 141 94 34 104 130 129 68 69 9 105 23 46 83 137 115 81 82 14 110 37 112 134 60 124 139 138 96 97 25 125 70 10 72 131 65 64 101 107 30 31 89 53 54 5 84 17 86 118 136 78 77 16 116 41 42 73 135 75 98 26 100 140 93 92 121 127 56 57 11 33 108 35 103 102 29 67 120 50 49 7 90 21 22 45 119 47 79 114 113 38 44 3 80 111 27 59 128 61 123 122 55 95 2 36 71 63 51 88 87 18 24 1 52 85 40 39 76 15 8 62 99 91 12 20 19 48 6 13 28 4 
107 112 127 102 132 68 67 86 80 135 75 74 122 141 96 95 12 129 63 131 69 106 105 30 52 119 47 46 114 15 41 116 143 111 110 37 28 138 91 140 97 126 125 56 35 36 2 64 101 142 103 32 31 66 88 6 21 90 137 85 84 17 40 136 76 42 3 44 81 134 133 73 61 62 8 92 121 144 123 58 57 94 71 72 10 11 29 104 130 9 20 120 48 22 1 24 53 118 117 45 78 79 13 113 14 82 16 109 99 100 26 27 55 124 139 25 108 33 34 65 50 51 4 87 5 54 7 83 115 38 39 43 128 59 60 93 70 89 18 19 23 77 98 49 
108 82 128 105 36 71 70 54 77 116 43 42 125 62 99 98 130 31 66 132 72 12 11 33 49 90 23 22 111 113 38 115 44 81 80 14 139 57 94 141 100 28 27 59 65 142 101 67 9 69 106 35 34 2 85 87 18 89 24 53 52 5 134 135 73 39 76 136 78 16 15 41 93 144 121 95 25 97 126 61 60 8 103 104 29 129 30 107 32 10 118 119 45 19 48 120 50 7 6 21 75 143 109 110 13 79 114 3 123 124 55 138 56 127 58 26 131 63 64 68 47 137 83 84 4 51 88 1 112 37 133 40 140 91 92 96 102 86 17 117 20 74 122 46 
109 94 83 14 37 133 134 66 121 25 125 126 5 17 117 118 38 41 42 43 73 74 75 143 101 9 105 106 26 55 138 139 56 57 58 141 18 21 22 23 45 46 47 137 76 77 78 3 80 81 82 110 111 112 10 29 129 130 30 31 32 132 59 60 61 91 92 93 144 95 96 97 48 49 50 1 52 53 54 84 85 86 13 113 114 115 15 16 116 135 33 34 35 63 64 65 142 67 68 69 8 98 99 100 122 123 124 127 4 87 88 89 6 7 90 119 39 40 136 44 2 70 71 72 102 103 104 107 27 28 128 140 19 20 120 24 79 11 12 108 131 62 51 36 
110 58 84 16 133 73 135 32 124 96 97 25 7 117 45 119 79 43 44 3 74 109 143 111 104 68 69 9 98 140 93 92 126 127 56 57 51 23 24 1 46 83 137 85 115 40 39 81 82 14 15 37 112 134 70 131 65 64 106 107 30 31 27 59 128 144 123 122 55 141 94 95 89 20 19 53 54 5 6 17 86 118 136 78 77 13 116 41 42 75 11 33 108 142 103 102 29 132 66 67 60 8 62 99 139 138 91 125 120 50 49 4 90 21 22 47 114 113 38 80 34 2 36 71 130 129 63 105 26 100 28 121 88 87 18 52 76 10 72 12 101 61 48 35 
111 57 85 44 134 135 73 31 93 95 25 97 24 118 119 45 39 82 16 15 75 143 109 110 65 67 9 69 128 123 124 55 125 56 127 58 19 54 7 6 47 137 83 84 77 13 79 116 43 42 3 112 37 133 108 103 104 29 105 30 107 32 62 99 98 139 140 91 92 94 141 96 49 4 51 90 23 22 1 86 17 117 113 38 115 40 81 80 14 74 36 71 70 130 131 63 64 66 132 68 100 28 27 59 144 121 122 126 87 18 89 20 53 52 5 46 76 136 78 41 72 12 11 33 142 101 102 106 61 60 8 138 48 120 50 21 114 35 34 2 129 26 88 10 
112 127 86 80 135 75 74 107 122 141 96 95 52 119 47 46 114 15 41 116 143 111 110 37 102 132 68 67 28 138 91 140 97 126 125 56 88 6 21 90 137 85 84 17 40 136 76 42 3 44 81 134 133 73 12 129 63 131 69 106 105 30 61 62 8 92 121 144 123 58 57 94 20 120 48 22 1 24 53 118 117 45 78 79 13 113 14 82 16 109 35 36 2 64 101 142 103 32 31 66 99 100 26 27 55 124 139 25 50 51 4 87 5 54 7 83 115 38 39 43 71 72 10 11 29 104 130 9 128 59 60 93 89 18 19 23 77 108 33 34 65 98 49 70 
113 139 87 134 39 76 136 130 100 93 144 121 118 19 48 120 82 75 143 109 77 13 79 114 72 65 142 101 95 128 61 60 123 124 55 138 54 47 137 83 49 4 51 88 116 43 42 111 112 37 133 38 115 40 67 108 35 34 103 104 29 129 125 56 127 62 99 98 26 140 91 92 90 23 22 85 86 17 117 18 89 20 44 81 80 14 135 73 74 78 105 30 107 36 71 70 10 131 63 64 57 94 141 96 28 27 59 122 24 53 52 5 119 45 46 50 16 15 41 110 31 66 132 68 12 11 33 102 25 97 126 8 7 6 21 84 3 9 69 106 2 58 1 32 
114 138 88 143 40 136 76 129 61 92 121 144 137 20 120 48 42 112 134 133 78 79 13 113 35 64 101 142 127 99 100 26 122 55 124 139 22 86 118 117 50 51 4 87 80 14 82 135 75 74 109 115 38 39 107 71 72 10 102 29 104 130 141 96 95 28 128 59 60 91 140 93 52 5 54 119 47 46 83 89 18 19 15 41 116 43 111 110 37 77 132 68 67 12 108 33 34 63 131 65 97 126 125 56 62 8 98 123 6 21 90 23 85 84 17 49 3 44 81 73 69 106 105 30 36 2 70 103 58 57 94 27 1 24 53 45 16 32 31 66 11 25 7 9 
115 124 89 110 136 78 77 104 98 140 93 92 84 120 50 49 16 133 73 135 79 114 113 38 70 131 65 64 126 27 59 128 144 123 122 55 7 117 45 119 51 88 87 18 43 44 3 74 109 143 111 40 39 76 106 11 33 108 142 103 102 29 58 141 94 60 8 62 99 139 138 91 23 24 1 46 83 137 85 20 19 48 81 82 14 15 37 112 134 13 32 132 66 34 2 36 71 130 129 63 96 97 25 125 26 100 28 121 53 54 5 6 17 86 118 4 116 41 42 75 68 69 9 105 10 72 12 101 127 56 57 61 90 21 22 47 80 107 30 31 35 95 52 67 
116 100 90 113 44 81 80 72 95 128 61 60 87 24 53 52 134 39 76 136 82 16 15 41 67 108 35 34 123 125 56 127 62 99 98 26 118 19 48 120 54 7 6 21 75 143 109 77 13 79 114 43 42 3 103 105 30 107 36 71 70 10 139 140 91 57 94 141 96 28 27 59 47 137 83 49 4 51 88 23 22 1 111 112 37 133 38 115 40 14 130 131 63 31 66 132 68 12 11 33 93 144 121 122 25 97 126 8 85 86 17 117 18 89 20 5 135 73 74 78 65 142 101 102 9 69 106 2 124 55 138 58 119 45 46 50 110 104 29 129 32 92 84 64 
117 106 133 23 46 83 137 126 142 32 132 66 43 74 109 143 89 53 54 5 84 17 86 118 144 58 141 94 34 104 130 129 68 69 9 105 115 81 82 14 110 37 112 134 120 50 49 7 90 21 22 45 119 47 60 124 139 138 96 97 25 125 70 10 72 131 65 64 101 107 30 31 136 78 77 16 116 41 42 73 135 75 51 88 87 18 24 1 52 85 98 26 100 140 93 92 121 127 56 57 11 33 108 35 103 102 29 67 79 114 113 38 44 3 80 111 20 19 48 6 27 59 128 61 123 122 55 95 2 36 71 63 40 39 76 15 4 8 62 99 91 12 13 28 
118 105 134 54 47 137 83 125 130 31 66 132 82 75 143 109 49 90 23 22 85 86 17 117 139 57 94 141 72 65 142 101 67 9 69 106 77 116 43 42 111 112 37 133 87 18 89 24 53 52 5 119 45 46 100 93 144 121 95 25 97 126 108 35 34 103 104 29 129 30 107 32 113 38 115 44 81 80 14 135 73 74 19 48 120 50 7 6 21 84 128 61 60 123 124 55 138 56 127 58 36 71 70 10 131 63 64 68 39 76 136 78 16 15 41 110 4 51 88 1 62 99 98 26 140 91 92 96 12 11 33 102 13 79 114 3 20 28 27 59 122 2 40 8 
119 69 135 6 137 85 84 97 64 107 32 31 15 143 111 110 20 22 1 24 86 118 117 45 92 127 58 57 71 102 29 104 132 68 67 9 40 42 3 44 112 134 133 73 50 51 4 52 5 54 7 47 46 83 99 122 55 124 141 96 95 25 12 108 33 129 63 131 65 106 105 30 78 79 13 80 14 82 16 75 74 109 88 89 18 19 21 90 23 17 28 128 59 138 91 140 93 126 125 56 35 36 2 70 101 142 103 66 114 115 38 39 41 116 43 37 120 48 49 53 61 62 8 98 121 144 123 94 72 10 11 130 136 76 77 81 87 100 26 27 139 34 113 60 
120 142 136 117 51 88 87 144 34 104 130 129 133 79 114 113 23 46 83 137 89 20 19 48 60 124 139 138 68 70 10 72 131 65 64 101 43 74 109 143 115 40 39 76 53 54 5 84 17 86 118 50 49 4 96 98 26 100 140 93 92 121 106 107 30 11 33 108 35 103 102 29 81 82 14 110 37 112 134 78 77 13 7 90 21 22 45 119 47 18 126 127 56 27 59 128 61 123 122 55 32 132 66 67 2 36 71 63 16 116 41 42 73 135 75 38 24 1 52 85 58 141 94 95 8 62 99 91 69 9 105 12 44 3 80 111 6 97 25 125 28 31 15 57 
121 48 101 26 55 138 139 76 83 4 87 88 10 29 129 130 56 59 60 61 91 92 93 144 109 13 113 114 5 17 117 118 18 19 20 120 30 33 34 35 63 64 65 142 94 95 96 8 98 99 100 122 123 124 14 37 133 134 38 39 40 136 21 22 23 45 46 47 137 49 50 51 66 67 68 2 70 71 72 102 103 104 25 125 126 127 27 28 128 140 41 42 43 73 74 75 143 77 78 79 1 52 53 54 84 85 86 89 9 105 106 107 11 12 108 131 57 58 141 62 3 80 81 82 110 111 112 115 6 7 90 119 31 32 132 36 97 15 16 116 135 24 69 44 
122 20 102 28 138 91 140 40 86 50 51 4 12 129 63 131 97 61 62 8 92 121 144 123 112 78 79 13 52 119 47 46 88 89 18 19 69 35 36 2 64 101 142 103 127 58 57 99 100 26 27 55 124 139 80 135 75 74 114 115 38 39 6 21 90 137 85 84 17 120 48 49 107 32 31 71 72 10 11 29 104 130 141 96 95 25 128 59 60 93 15 41 116 143 111 110 37 136 76 77 22 1 24 53 118 117 45 87 132 68 67 9 108 33 34 65 126 125 56 98 42 3 44 81 134 133 73 113 5 54 7 83 106 105 30 70 94 14 82 16 109 23 66 43 
123 19 103 62 139 140 91 39 47 49 4 51 36 130 131 63 57 100 28 27 93 144 121 122 75 77 13 79 90 85 86 17 87 18 89 20 31 72 12 11 65 142 101 102 95 25 97 128 61 60 8 124 55 138 116 111 112 37 113 38 115 40 24 53 52 118 119 45 46 48 120 50 67 9 69 108 35 34 2 104 29 129 125 56 127 58 99 98 26 92 44 81 80 134 135 73 74 76 136 78 54 7 6 21 137 83 84 88 105 30 107 32 71 70 10 64 94 141 96 59 82 16 15 41 143 109 110 114 23 22 1 117 66 132 68 33 126 43 42 3 133 5 106 14 
124 89 104 98 140 93 92 115 84 120 50 49 70 131 65 64 126 27 59 128 144 123 122 55 110 136 78 77 7 117 45 119 51 88 87 18 106 11 33 108 142 103 102 29 58 141 94 60 8 62 99 139 138 91 16 133 73 135 79 114 113 38 23 24 1 46 83 137 85 20 19 48 32 132 66 34 2 36 71 130 129 63 96 97 25 125 26 100 28 121 43 44 3 74 109 143 111 40 39 76 53 54 5 6 17 86 118 4 68 69 9 105 10 72 12 101 127 56 57 61 81 82 14 15 37 112 134 13 90 21 22 47 107 30 31 35 95 116 41 42 75 52 67 80 
125 118 105 139 57 94 141 134 54 47 137 83 130 31 66 132 100 93 144 121 95 25 97 126 82 75 143 109 49 90 23 22 85 86 17 117 72 65 142 101 67 9 69 106 128 61 60 123 124 55 138 56 127 58 77 116 43 42 111 112 37 133 87 18 89 24 53 52 5 119 45 46 108 35 34 103 104 29 129 30 107 32 62 99 98 26 140 91 92 96 113 38 115 44 81 80 14 135 73 74 19 48 120 50 7 6 21 84 36 71 70 10 131 63 64 68 28 27 59 122 39 76 136 78 16 15 41 110 4 51 88 1 12 11 33 102 8 13 79 114 3 20 2 40 
126 117 106 144 58 141 94 133 23 46 83 137 142 32 132 66 60 124 139 138 96 97 25 125 43 74 109 143 89 53 54 5 84 17 86 118 34 104 130 129 68 69 9 105 98 26 100 140 93 92 121 127 56 57 115 81 82 14 110 37 112 134 120 50 49 7 90 21 22 45 119 47 70 10 72 131 65 64 101 107 30 31 27 59 128 61 123 122 55 95 136 78 77 16 116 41 42 73 135 75 51 88 87 18 24 1 52 85 11 33 108 35 103 102 29 67 8 62 99 91 79 114 113 38 44 3 80 111 20 19 48 6 2 36 71 63 28 40 39 76 15 4 12 13 
127 86 107 122 141 96 95 112 52 119 47 46 102 132 68 67 28 138 91 140 97 126 125 56 80 135 75 74 88 6 21 90 137 85 84 17 12 129 63 131 69 106 105 30 61 62 8 92 121 144 123 58 57 94 114 15 41 116 143 111 110 37 20 120 48 22 1 24 53 118 117 45 35 36 2 64 101 142 103 32 31 66 99 100 26 27 55 124 139 25 40 136 76 42 3 44 81 134 133 73 50 51 4 87 5 54 7 83 71 72 10 11 29 104 130 9 128 59 60 93 78 79 13 113 14 82 16 109 89 18 19 23 108 33 34 65 98 115 38 39 43 49 70 77 
128 54 108 125 62 99 98 82 49 90 23 22 105 36 71 70 139 57 94 141 100 28 27 59 77 116 43 42 85 87 18 89 24 53 52 5 130 31 66 132 72 12 11 33 93 144 121 95 25 97 126 61 60 8 111 113 38 115 44 81 80 14 118 119 45 19 48 120 50 7 6 21 65 142 101 67 9 69 106 35 34 2 123 124 55 138 56 127 58 26 134 135 73 39 76 136 78 16 15 41 47 137 83 84 4 51 88 1 103 104 29 129 30 107 32 10 140 91 92 96 75 143 109 110 13 79 114 3 86 17 117 20 131 63 64 68 122 112 37 133 40 46 102 74 
129 114 138 35 64 101 142 88 143 40 136 76 61 92 121 144 107 71 72 10 102 29 104 130 137 20 120 48 42 112 134 133 78 79 13 113 127 99 100 26 122 55 124 139 132 68 67 12 108 33 34 63 131 65 22 86 118 117 50 51 4 87 80 14 82 135 75 74 109 115 38 39 141 96 95 28 128 59 60 91 140 93 69 106 105 30 36 2 70 103 52 5 54 119 47 46 83 89 18 19 15 41 116 43 111 110 37 77 97 126 125 56 62 8 98 123 32 31 66 11 6 21 90 23 85 84 17 49 3 44 81 73 58 57 94 27 9 1 24 53 45 16 25 7 
130 113 139 72 65 142 101 87 134 39 76 136 100 93 144 121 67 108 35 34 103 104 29 129 118 19 48 120 82 75 143 109 77 13 79 114 95 128 61 60 123 124 55 138 105 30 107 36 71 70 10 131 63 64 54 47 137 83 49 4 51 88 116 43 42 111 112 37 133 38 115 40 125 56 127 62 99 98 26 140 91 92 31 66 132 68 12 11 33 102 90 23 22 85 86 17 117 18 89 20 44 81 80 14 135 73 74 78 57 94 141 96 28 27 59 122 9 69 106 2 24 53 52 5 119 45 46 50 16 15 41 110 25 97 126 8 32 7 6 21 84 3 58 1 
131 79 140 11 142 103 102 51 74 115 40 39 27 144 123 122 32 34 2 36 104 130 129 63 46 89 20 19 81 110 37 112 136 78 77 13 58 60 8 62 124 139 138 91 68 69 9 70 10 72 12 65 64 101 53 84 17 86 120 50 49 4 16 116 41 133 73 135 75 114 113 38 96 97 25 98 26 100 28 93 92 121 106 107 30 31 33 108 35 29 7 90 21 117 45 119 47 88 87 18 43 44 3 80 109 143 111 76 126 127 56 57 59 128 61 55 132 66 67 71 23 24 1 52 83 137 85 48 82 14 15 134 141 94 95 99 105 54 5 6 118 42 125 22 
132 143 141 129 69 106 105 137 42 112 134 133 138 97 126 125 35 64 101 142 107 32 31 66 22 86 118 117 78 80 14 82 135 75 74 109 61 92 121 144 127 58 57 94 71 72 10 102 29 104 130 68 67 9 50 52 5 54 119 47 46 83 114 115 38 15 41 116 43 111 110 37 99 100 26 122 55 124 139 96 95 25 12 108 33 34 63 131 65 30 88 89 18 6 21 90 23 85 84 17 40 136 76 77 3 44 81 73 28 128 59 60 91 140 93 56 36 2 70 103 20 120 48 49 1 24 53 45 79 13 113 16 62 8 98 123 11 51 4 87 7 39 27 19 
133 126 117 43 74 109 143 106 144 58 141 94 23 46 83 137 115 81 82 14 110 37 112 134 142 32 132 66 60 124 139 138 96 97 25 125 89 53 54 5 84 17 86 118 136 78 77 16 116 41 42 73 135 75 34 104 130 129 68 69 9 105 98 26 100 140 93 92 121 127 56 57 120 50 49 7 90 21 22 45 119 47 79 114 113 38 44 3 80 111 70 10 72 131 65 64 101 107 30 31 27 59 128 61 123 122 55 95 51 88 87 18 24 1 52 85 40 39 76 15 11 33 108 35 103 102 29 67 8 62 99 91 20 19 48 6 13 2 36 71 63 28 4 12 
134 125 118 82 75 143 109 105 139 57 94 141 54 47 137 83 77 116 43 42 111 112 37 133 130 31 66 132 100 93 144 121 95 25 97 126 49 90 23 22 85 86 17 117 113 38 115 44 81 80 14 135 73 74 72 65 142 101 67 9 69 106 128 61 60 123 124 55 138 56 127 58 87 18 89 24 53 52 5 119 45 46 39 76 136 78 16 15 41 110 108 35 34 103 104 29 129 30 107 32 62 99 98 26 140 91 92 96 19 48 120 50 7 6 21 84 13 79 114 3 36 71 70 10 131 63 64 68 28 27 59 122 4 51 88 1 40 12 11 33 102 8 20 2 
135 97 119 15 143 111 110 69 92 127 58 57 6 137 85 84 40 42 3 44 112 134 133 73 64 107 32 31 99 122 55 124 141 96 95 25 20 22 1 24 86 118 117 45 78 79 13 80 14 82 16 75 74 109 71 102 29 104 132 68 67 9 28 128 59 138 91 140 93 126 125 56 50 51 4 52 5 54 7 47 46 83 114 115 38 39 41 116 43 37 12 108 33 129 63 131 65 106 105 30 61 62 8 98 121 144 123 94 88 89 18 19 21 90 23 17 136 76 77 81 35 36 2 70 101 142 103 66 100 26 27 139 120 48 49 53 113 72 10 11 130 60 87 34 
136 144 120 133 79 114 113 142 60 124 139 138 117 51 88 87 43 74 109 143 115 40 39 76 34 104 130 129 96 98 26 100 140 93 92 121 23 46 83 137 89 20 19 48 81 82 14 110 37 112 134 78 77 13 68 70 10 72 131 65 64 101 126 127 56 27 59 128 61 123 122 55 53 54 5 84 17 86 118 50 49 4 16 116 41 42 73 135 75 38 106 107 30 11 33 108 35 103 102 29 58 141 94 95 8 62 99 91 7 90 21 22 45 119 47 18 44 3 80 111 32 132 66 67 2 36 71 63 97 25 125 28 24 1 52 85 15 69 9 105 12 57 6 31 
137 132 143 22 86 118 117 141 129 69 106 105 42 112 134 133 50 52 5 54 119 47 46 83 138 97 126 125 35 64 101 142 107 32 31 66 78 80 14 82 135 75 74 109 88 89 18 6 21 90 23 85 84 17 61 92 121 144 127 58 57 94 71 72 10 102 29 104 130 68 67 9 114 115 38 15 41 116 43 111 110 37 20 120 48 49 1 24 53 45 99 100 26 122 55 124 139 96 95 25 12 108 33 34 63 131 65 30 40 136 76 77 3 44 81 73 51 4 87 7 28 128 59 60 91 140 93 56 36 2 70 103 79 13 113 16 19 62 8 98 123 11 39 27 
138 88 129 61 92 121 144 114 137 20 120 48 35 64 101 142 127 99 100 26 122 55 124 139 143 40 136 76 22 86 118 117 50 51 4 87 107 71 72 10 102 29 104 130 141 96 95 28 128 59 60 91 140 93 42 112 134 133 78 79 13 113 52 5 54 119 47 46 83 89 18 19 132 68 67 12 108 33 34 63 131 65 97 126 125 56 62 8 98 123 80 14 82 135 75 74 109 115 38 39 6 21 90 23 85 84 17 49 69 106 105 30 36 2 70 103 58 57 94 27 15 41 116 43 111 110 37 77 1 24 53 45 32 31 66 11 25 3 44 81 73 7 9 16 
139 87 130 100 93 144 121 113 118 19 48 120 72 65 142 101 95 128 61 60 123 124 55 138 134 39 76 136 54 47 137 83 49 4 51 88 67 108 35 34 103 104 29 129 125 56 127 62 99 98 26 140 91 92 82 75 143 109 77 13 79 114 90 23 22 85 86 17 117 18 89 20 105 30 107 36 71 70 10 131 63 64 57 94 141 96 28 27 59 122 116 43 42 111 112 37 133 38 115 40 24 53 52 5 119 45 46 50 31 66 132 68 12 11 33 102 25 97 126 8 44 81 80 14 135 73 74 78 7 6 21 84 9 69 106 2 58 16 15 41 110 1 32 3 
140 51 131 27 144 123 122 79 46 89 20 19 11 142 103 102 58 60 8 62 124 139 138 91 74 115 40 39 53 84 17 86 120 50 49 4 32 34 2 36 104 130 129 63 96 97 25 98 26 100 28 93 92 121 81 110 37 112 136 78 77 13 7 90 21 117 45 119 47 88 87 18 68 69 9 70 10 72 12 65 64 101 126 127 56 57 59 128 61 55 16 116 41 133 73 135 75 114 113 38 23 24 1 52 83 137 85 48 106 107 30 31 33 108 35 29 141 94 95 99 43 44 3 80 109 143 111 76 54 5 6 118 132 66 67 71 125 82 14 15 134 22 105 42 
141 137 132 138 97 126 125 143 22 86 118 117 129 69 106 105 61 92 121 144 127 58 57 94 42 112 134 133 50 52 5 54 119 47 46 83 35 64 101 142 107 32 31 66 99 100 26 122 55 124 139 96 95 25 78 80 14 82 135 75 74 109 88 89 18 6 21 90 23 85 84 17 71 72 10 102 29 104 130 68 67 9 28 128 59 60 91 140 93 56 114 115 38 15 41 116 43 111 110 37 20 120 48 49 1 24 53 45 12 108 33 34 63 131 65 30 62 8 98 123 40 136 76 77 3 44 81 73 51 4 87 7 36 2 70 103 27 79 13 113 16 19 11 39 
142 136 144 34 104 130 129 120 133 79 114 113 60 124 139 138 68 70 10 72 131 65 64 101 117 51 88 87 43 74 109 143 115 40 39 76 96 98 26 100 140 93 92 121 106 107 30 11 33 108 35 103 102 29 23 46 83 137 89 20 19 48 81 82 14 110 37 112 134 78 77 13 126 127 56 27 59 128 61 123 122 55 32 132 66 67 2 36 71 63 53 54 5 84 17 86 118 50 49 4 16 116 41 42 73 135 75 38 58 141 94 95 8 62 99 91 69 9 105 12 7 90 21 22 45 119 47 18 44 3 80 111 97 25 125 28 31 24 1 52 85 15 57 6 
143 141 137 42 112 134 133 132 138 97 126 125 22 86 118 117 78 80 14 82 135 75 74 109 129 69 106 105 61 92 121 144 127 58 57 94 50 52 5 54 119 47 46 83 114 115 38 15 41 116 43 111 110 37 35 64 101 142 107 32 31 66 99 100 26 122 55 124 139 96 95 25 88 89 18 6 21 90 23 85 84 17 40 136 76 77 3 44 81 73 71 72 10 102 29 104 130 68 67 9 28 128 59 60 91 140 93 56 20 120 48 49 1 24 53 45 79 13 113 16 12 108 33 34 63 131 65 30 62 8 98 123 51 4 87 7 39 36 2 70 103 27 19 11 
144 120 142 60 124 139 138 136 117 51 88 87 34 104 130 129 96 98 26 100 140 93 92 121 133 79 114 113 23 46 83 137 89 20 19 48 68 70 10 72 131 65 64 101 126 127 56 27 59 128 61 123 122 55 43 74 109 143 115 40 39 76 53 54 5 84 17 86 118 50 49 4 106 107 30 11 33 108 35 103 102 29 58 141 94 95 8 62 99 91 81 82 14 110 37 112 134 78 77 13 7 90 21 22 45 119 47 18 32 132 66 67 2 36 71 63 97 25 125 28 16 116 41 42 73 135 75 38 24 1 52 85 69 9 105 12 57 44 3 80 111 6 31 15 
