168 43
1 2 3 4 5 6 7 8 9 10 11 12 13 14 15 16 17 18 19 20 21 22 23 24 25 26 27 28 29 30 31 32 33 34 35 36 37 38 39 40 41 42 43 44 45 46 47 48 49 50 51 52 53 54 55 56 57 58 59 60 61 62 63 64 65 66 67 68 69 70 71 72 73 74 75 76 77 78 79 80 81 82 83 84 85 86 87 88 89 90 91 92 93 94 95 96 97 98 99 100 101 102 103 104 105 106 107 108 109 110 111 112 113 114 115 116 117 118 119 120 121 122 123 124 125 126 127 128 129 130 131 132 133 134 135 136 137 138 139 140 141 142 143 144 145 146 147 148 149 150 151 152 153 154 155 156 157 158 159 160 161 162 163 164 165 166 167 168 
2 7 8 9 10 11 1 19 20 21 22 23 24 25 26 27 28 29 3 4 5 6 38 39 40 41 42 43 44 45 46 47 48 49 50 51 52 12 13 14 15 16 17 18 61 62 63 64 65 66 67 68 69 70 71 72 73 74 75 76 30 31 32 33 34 35 36 37 85 86 87 88 89 90 91 92 93 94 95 96 97 98 99 100 53 54 55 56 57 58 59 60 109 110 111 112 113 114 115 116 117 118 119 120 121 122 123 124 77 78 79 80 81 82 83 84 132 133 134 135 136 137 138 139 140 141 142 143 144 145 146 101 102 103 104 105 106 107 108 151 152 153 154 155 156 157 158 159 160 161 125 126 127 128 129 130 131 163 164 165 166 167 147 148 149 150 168 162 
3 23 12 13 14 15 85 45 46 47 48 30 31 32 33 34 35 36 109 110 111 112 69 70 71 72 73 74 75 53 54 55 56 57 58 59 60 132 133 134 135 136 137 138 93 94 95 96 97 98 99 100 77 78 79 80 81 82 83 84 7 151 152 153 154 155 156 157 117 118 119 120 121 122 123 124 101 102 103 104 105 106 107 108 19 20 21 22 163 164 165 166 2 140 141 142 143 144 145 146 1 125 126 127 128 129 130 131 38 39 40 41 42 43 44 168 8 9 10 11 158 159 160 161 4 5 6 147 148 149 150 61 62 63 64 65 66 67 68 24 25 26 27 28 29 167 16 17 18 162 86 87 88 89 90 91 92 49 50 51 52 37 113 114 115 116 76 139 
4 28 14 1 16 17 22 76 11 52 9 33 34 3 36 5 6 37 66 43 44 7 73 51 50 49 29 2 27 82 58 59 12 13 60 15 18 116 41 92 39 68 20 21 99 47 46 100 26 25 24 10 131 56 108 54 84 31 32 35 113 91 90 89 67 19 65 42 94 124 72 71 23 75 74 8 128 107 106 105 83 30 81 57 138 87 86 139 64 63 62 40 119 69 121 122 98 97 45 48 149 103 102 150 80 79 78 55 133 157 112 111 61 115 114 38 142 143 93 145 95 96 146 70 162 127 126 77 130 129 53 152 109 154 155 137 136 85 88 159 160 117 118 161 120 123 148 147 101 104 163 132 165 134 135 166 110 167 140 141 144 125 151 168 153 156 158 164 
5 27 15 16 1 18 44 51 10 9 52 58 35 36 3 4 37 6 39 68 22 21 46 76 26 25 2 29 28 108 33 84 31 60 13 14 17 63 19 65 66 43 42 7 71 23 73 74 50 49 8 11 105 83 82 81 59 12 57 34 88 89 38 91 40 41 92 20 96 97 45 99 47 48 100 24 130 79 78 131 56 55 54 32 137 114 115 61 62 116 64 67 144 122 123 69 70 124 72 75 125 150 104 103 53 107 106 30 166 112 157 110 139 86 87 90 167 120 161 118 146 94 95 98 101 147 148 129 128 77 80 163 156 155 154 138 85 136 113 160 159 158 145 93 143 121 126 127 162 102 152 151 168 135 134 133 111 142 141 140 119 149 132 165 164 109 117 153 
6 9 35 17 18 1 43 25 2 27 28 84 15 60 13 37 4 5 92 22 68 20 48 49 8 51 10 11 52 81 59 58 57 36 3 34 16 89 67 66 65 44 7 42 98 74 75 23 24 76 26 29 107 55 54 108 33 32 31 14 115 63 62 116 41 40 39 21 146 72 124 70 100 46 47 50 102 131 80 79 30 83 82 12 110 139 88 87 38 91 90 19 143 123 122 121 99 45 97 73 126 77 128 129 106 105 53 56 134 85 136 137 114 113 61 64 160 119 118 161 96 95 94 71 147 101 149 103 104 150 78 153 154 109 156 111 112 157 86 167 142 141 93 145 144 69 125 162 127 130 164 165 132 133 166 135 138 159 158 117 120 148 168 151 152 155 140 163 
7 1 19 20 21 22 2 3 4 5 6 38 39 40 41 42 43 44 8 9 10 11 12 13 14 15 16 17 18 61 62 63 64 65 66 67 68 23 24 25 26 27 28 29 30 31 32 33 34 35 36 37 85 86 87 88 89 90 91 92 45 46 47 48 49 50 51 52 53 54 55 56 57 58 59 60 109 110 111 112 113 114 115 116 69 70 71 72 73 74 75 76 77 78 79 80 81 82 83 84 132 133 134 135 136 137 138 139 93 94 95 96 97 98 99 100 101 102 103 104 105 106 107 108 151 152 153 154 155 156 157 117 118 119 120 121 122 123 124 125 126 127 128 129 130 131 163 164 165 166 140 141 142 143 144 145 146 147 148 149 150 168 158 159 160 161 162 167 
8 38 23 24 25 26 53 61 62 63 64 45 46 47 48 49 50 51 77 78 79 80 85 86 87 88 89 90 91 69 70 71 72 73 74 75 76 101 102 103 104 105 106 107 109 110 111 112 113 114 115 116 93 94 95 96 97 98 99 100 1 125 126 127 128 129 130 131 132 133 134 135 136 137 138 139 117 118 119 120 121 122 123 124 3 4 5 6 147 148 149 150 7 151 152 153 154 155 156 157 2 140 141 142 143 144 145 146 12 13 14 15 16 17 18 162 19 20 21 22 163 164 165 166 9 10 11 158 159 160 161 30 31 32 33 34 35 36 37 39 40 41 42 43 44 168 27 28 29 167 54 55 56 57 58 59 60 65 66 67 68 52 81 82 83 84 92 108 
9 43 25 2 27 28 6 92 22 68 20 48 49 8 51 10 11 52 35 17 18 1 89 67 66 65 44 7 42 98 74 75 23 24 76 26 29 84 15 60 13 37 4 5 115 63 62 116 41 40 39 21 146 72 124 70 100 46 47 50 81 59 58 57 36 3 34 16 110 139 88 87 38 91 90 19 143 123 122 121 99 45 97 73 107 55 54 108 33 32 31 14 134 85 136 137 114 113 61 64 160 119 118 161 96 95 94 71 102 131 80 79 30 83 82 12 153 154 109 156 111 112 157 86 167 142 141 93 145 144 69 126 77 128 129 106 105 53 56 164 165 132 133 166 135 138 159 158 117 120 147 101 149 103 104 150 78 168 151 152 155 140 125 162 127 130 163 148 
10 42 26 27 2 29 18 67 21 20 68 74 50 51 8 9 52 11 13 37 6 5 62 92 41 40 7 44 43 124 48 100 46 76 24 25 28 32 3 34 35 17 16 1 87 38 89 90 66 65 19 22 121 99 98 97 75 23 73 49 56 57 12 59 14 15 60 4 112 113 61 115 63 64 116 39 145 95 94 146 72 71 70 47 106 82 83 30 31 84 33 36 155 137 138 85 86 139 88 91 140 161 120 119 69 123 122 45 150 80 131 78 108 54 55 58 168 135 166 133 157 110 111 114 117 158 159 144 143 93 96 147 130 129 128 107 53 105 81 165 164 163 156 109 154 136 141 142 167 118 126 125 162 104 103 102 79 153 152 151 134 160 101 149 148 77 132 127 
11 20 50 28 29 2 17 40 7 42 43 100 26 76 24 52 9 10 60 6 37 4 64 65 19 67 21 22 68 97 75 74 73 51 8 49 27 57 36 35 34 18 1 16 114 90 91 38 39 92 41 44 123 71 70 124 48 47 46 25 83 32 31 84 15 14 13 5 157 88 139 86 116 62 63 66 118 146 96 95 45 99 98 23 78 108 56 55 12 59 58 3 154 138 137 136 115 61 113 89 141 93 143 144 122 121 69 72 103 53 105 106 82 81 30 33 165 134 133 166 112 111 110 87 158 117 160 119 120 161 94 127 128 77 130 79 80 131 54 168 153 152 109 156 155 85 140 167 142 145 148 149 101 102 150 104 107 164 163 132 135 159 162 125 126 129 151 147 
12 69 30 31 32 33 19 93 94 95 96 53 54 55 56 57 58 59 38 39 40 41 117 118 119 120 121 122 123 77 78 79 80 81 82 83 84 61 62 63 64 65 66 67 2 140 141 142 143 144 145 146 101 102 103 104 105 106 107 108 85 86 87 88 89 90 91 92 8 9 10 11 158 159 160 161 1 125 126 127 128 129 130 131 109 110 111 112 113 114 115 116 23 24 25 26 27 28 29 167 3 4 5 6 147 148 149 150 132 133 134 135 136 137 138 139 45 46 47 48 49 50 51 52 13 14 15 16 17 18 162 7 151 152 153 154 155 156 157 70 71 72 73 74 75 76 34 35 36 37 20 21 22 163 164 165 166 97 98 99 100 60 42 43 44 168 124 68 
13 74 32 3 34 35 112 124 48 100 46 56 57 12 59 14 15 60 155 137 138 85 121 99 98 97 75 23 73 106 82 83 30 31 84 33 36 168 135 166 133 157 110 111 145 95 94 146 72 71 70 47 150 80 131 78 108 54 55 58 42 165 164 163 156 109 154 136 140 161 120 119 69 123 122 45 147 130 129 128 107 53 105 81 67 21 20 68 153 152 151 134 10 117 158 159 144 143 93 96 18 126 125 162 104 103 102 79 62 92 41 40 7 44 43 132 26 27 2 29 141 142 167 118 37 6 5 101 149 148 77 87 38 89 90 66 65 19 22 50 51 8 9 52 11 160 17 16 1 127 113 61 115 63 64 116 39 76 24 25 28 4 86 139 88 91 49 114 
14 73 33 34 3 36 138 99 47 46 100 82 58 59 12 13 60 15 133 157 112 111 94 124 72 71 23 75 74 131 56 108 54 84 31 32 35 152 109 154 155 137 136 85 119 69 121 122 98 97 45 48 128 107 106 105 83 30 81 57 22 163 132 165 134 135 166 110 142 143 93 145 95 96 146 70 149 103 102 150 80 79 78 55 66 43 44 7 151 168 153 156 28 159 160 117 118 161 120 123 4 162 127 126 77 130 129 53 116 41 92 39 68 20 21 164 76 11 52 9 167 140 141 144 1 16 17 148 147 101 104 113 91 90 89 67 19 65 42 51 50 49 29 2 27 158 5 6 37 125 87 86 139 64 63 62 40 26 25 24 10 18 61 115 114 38 8 88 
15 46 58 35 36 3 137 71 23 73 74 108 33 84 31 60 13 14 166 112 157 110 96 97 45 99 47 48 100 105 83 82 81 59 12 57 34 163 156 155 154 138 85 136 144 122 123 69 70 124 72 75 130 79 78 131 56 55 54 32 44 152 151 168 135 134 133 111 167 120 161 118 146 94 95 98 125 150 104 103 53 107 106 30 39 68 22 21 132 165 164 109 27 160 159 158 145 93 143 121 5 101 147 148 129 128 77 80 63 19 65 66 43 42 7 153 51 10 9 52 142 141 140 119 16 1 18 126 127 162 102 88 89 38 91 40 41 92 20 76 26 25 2 29 28 117 4 37 6 149 114 115 61 62 116 64 67 50 49 8 11 17 139 86 87 90 24 113 
16 29 36 5 4 37 21 24 52 11 10 31 60 15 14 1 18 17 41 42 7 44 47 8 49 50 28 27 2 55 12 57 58 35 34 3 6 90 66 67 19 20 68 22 72 73 23 75 25 26 76 9 80 81 30 83 32 33 84 13 139 64 116 62 92 39 40 43 122 98 99 45 46 100 48 51 129 106 107 53 54 108 56 59 136 115 114 113 91 38 89 65 161 96 146 94 124 70 71 74 162 104 150 102 131 78 79 82 156 111 110 157 88 87 86 63 158 145 144 143 123 69 121 97 149 148 147 130 77 128 105 151 166 135 134 85 138 137 61 141 140 167 120 119 118 95 127 126 125 103 132 163 164 155 154 109 112 117 160 159 93 101 152 153 168 133 142 165 
17 11 60 6 37 4 20 50 28 29 2 57 36 35 34 18 1 16 40 7 42 43 100 26 76 24 52 9 10 83 32 31 84 15 14 13 5 64 65 19 67 21 22 68 97 75 74 73 51 8 49 27 78 108 56 55 12 59 58 3 114 90 91 38 39 92 41 44 123 71 70 124 48 47 46 25 103 53 105 106 82 81 30 33 157 88 139 86 116 62 63 66 118 146 96 95 45 99 98 23 127 128 77 130 79 80 131 54 154 138 137 136 115 61 113 89 141 93 143 144 122 121 69 72 148 149 101 102 150 104 107 165 134 133 166 112 111 110 87 158 117 160 119 120 161 94 162 125 126 129 168 153 152 109 156 155 85 140 167 142 145 147 164 163 132 135 159 151 
18 10 13 37 6 5 42 26 27 2 29 32 3 34 35 17 16 1 67 21 20 68 74 50 51 8 9 52 11 56 57 12 59 14 15 60 4 62 92 41 40 7 44 43 124 48 100 46 76 24 25 28 106 82 83 30 31 84 33 36 87 38 89 90 66 65 19 22 121 99 98 97 75 23 73 49 150 80 131 78 108 54 55 58 112 113 61 115 63 64 116 39 145 95 94 146 72 71 70 47 147 130 129 128 107 53 105 81 155 137 138 85 86 139 88 91 140 161 120 119 69 123 122 45 126 125 162 104 103 102 79 168 135 166 133 157 110 111 114 117 158 159 144 143 93 96 101 149 148 77 165 164 163 156 109 154 136 141 142 167 118 127 153 152 151 134 160 132 
19 12 38 39 40 41 69 30 31 32 33 61 62 63 64 65 66 67 93 94 95 96 53 54 55 56 57 58 59 85 86 87 88 89 90 91 92 117 118 119 120 121 122 123 77 78 79 80 81 82 83 84 109 110 111 112 113 114 115 116 2 140 141 142 143 144 145 146 101 102 103 104 105 106 107 108 132 133 134 135 136 137 138 139 8 9 10 11 158 159 160 161 1 125 126 127 128 129 130 131 7 151 152 153 154 155 156 157 23 24 25 26 27 28 29 167 3 4 5 6 147 148 149 150 20 21 22 163 164 165 166 45 46 47 48 49 50 51 52 13 14 15 16 17 18 162 42 43 44 168 70 71 72 73 74 75 76 34 35 36 37 68 97 98 99 100 60 124 
20 17 40 7 42 43 11 60 6 37 4 64 65 19 67 21 22 68 50 28 29 2 57 36 35 34 18 1 16 114 90 91 38 39 92 41 44 100 26 76 24 52 9 10 83 32 31 84 15 14 13 5 157 88 139 86 116 62 63 66 97 75 74 73 51 8 49 27 78 108 56 55 12 59 58 3 154 138 137 136 115 61 113 89 123 71 70 124 48 47 46 25 103 53 105 106 82 81 30 33 165 134 133 166 112 111 110 87 118 146 96 95 45 99 98 23 127 128 77 130 79 80 131 54 168 153 152 109 156 155 85 141 93 143 144 122 121 69 72 148 149 101 102 150 104 107 164 163 132 135 158 117 160 119 120 161 94 162 125 126 129 151 140 167 142 145 147 159 
21 16 41 42 7 44 29 36 5 4 37 90 66 67 19 20 68 22 24 52 11 10 31 60 15 14 1 18 17 139 64 116 62 92 39 40 43 47 8 49 50 28 27 2 55 12 57 58 35 34 3 6 136 115 114 113 91 38 89 65 72 73 23 75 25 26 76 9 80 81 30 83 32 33 84 13 156 111 110 157 88 87 86 63 122 98 99 45 46 100 48 51 129 106 107 53 54 108 56 59 151 166 135 134 85 138 137 61 161 96 146 94 124 70 71 74 162 104 150 102 131 78 79 82 132 163 164 155 154 109 112 158 145 144 143 123 69 121 97 149 148 147 130 77 128 105 152 153 168 133 141 140 167 120 119 118 95 127 126 125 103 165 117 160 159 93 101 142 
22 4 66 43 44 7 28 14 1 16 17 116 41 92 39 68 20 21 76 11 52 9 33 34 3 36 5 6 37 113 91 90 89 67 19 65 42 73 51 50 49 29 2 27 82 58 59 12 13 60 15 18 138 87 86 139 64 63 62 40 99 47 46 100 26 25 24 10 131 56 108 54 84 31 32 35 133 157 112 111 61 115 114 38 94 124 72 71 23 75 74 8 128 107 106 105 83 30 81 57 152 109 154 155 137 136 85 88 119 69 121 122 98 97 45 48 149 103 102 150 80 79 78 55 163 132 165 134 135 166 110 142 143 93 145 95 96 146 70 162 127 126 77 130 129 53 151 168 153 156 159 160 117 118 161 120 123 148 147 101 104 164 167 140 141 144 125 158 
23 85 45 46 47 48 3 109 110 111 112 69 70 71 72 73 74 75 12 13 14 15 132 133 134 135 136 137 138 93 94 95 96 97 98 99 100 30 31 32 33 34 35 36 7 151 152 153 154 155 156 157 117 118 119 120 121 122 123 124 53 54 55 56 57 58 59 60 19 20 21 22 163 164 165 166 2 140 141 142 143 144 145 146 77 78 79 80 81 82 83 84 38 39 40 41 42 43 44 168 8 9 10 11 158 159 160 161 101 102 103 104 105 106 107 108 61 62 63 64 65 66 67 68 24 25 26 27 28 29 167 1 125 126 127 128 129 130 131 86 87 88 89 90 91 92 49 50 51 52 4 5 6 147 148 149 150 113 114 115 116 76 16 17 18 162 139 37 
24 90 47 8 49 50 80 139 64 116 62 72 73 23 75 25 26 76 129 106 107 53 136 115 114 113 91 38 89 122 98 99 45 46 100 48 51 162 104 150 102 131 78 79 156 111 110 157 88 87 86 63 161 96 146 94 124 70 71 74 16 149 148 147 130 77 128 105 151 166 135 134 85 138 137 61 158 145 144 143 123 69 121 97 36 5 4 37 127 126 125 103 21 132 163 164 155 154 109 112 29 141 140 167 120 119 118 95 31 60 15 14 1 18 17 101 41 42 7 44 152 153 168 133 52 11 10 117 160 159 93 55 12 57 58 35 34 3 6 66 67 19 20 68 22 165 28 27 2 142 81 30 83 32 33 84 13 92 39 40 43 9 54 108 56 59 65 82 
25 89 48 49 8 51 107 115 63 62 116 98 74 75 23 24 76 26 102 131 80 79 110 139 88 87 38 91 90 146 72 124 70 100 46 47 50 126 77 128 129 106 105 53 134 85 136 137 114 113 61 64 143 123 122 121 99 45 97 73 6 147 101 149 103 104 150 78 153 154 109 156 111 112 157 86 160 119 118 161 96 95 94 71 35 17 18 1 125 162 127 130 43 164 165 132 133 166 135 138 9 167 142 141 93 145 144 69 84 15 60 13 37 4 5 148 92 22 68 20 168 151 152 155 2 27 28 159 158 117 120 81 59 58 57 36 3 34 16 67 66 65 44 7 42 163 10 11 52 140 55 54 108 33 32 31 14 41 40 39 21 29 30 83 82 12 19 56 
26 62 74 50 51 8 106 87 38 89 90 124 48 100 46 76 24 25 150 80 131 78 112 113 61 115 63 64 116 121 99 98 97 75 23 73 49 147 130 129 128 107 53 105 155 137 138 85 86 139 88 91 145 95 94 146 72 71 70 47 18 126 125 162 104 103 102 79 168 135 166 133 157 110 111 114 140 161 120 119 69 123 122 45 13 37 6 5 101 149 148 77 42 165 164 163 156 109 154 136 10 117 158 159 144 143 93 96 32 3 34 35 17 16 1 127 67 21 20 68 153 152 151 134 27 2 29 141 142 167 118 56 57 12 59 14 15 60 4 92 41 40 7 44 43 132 9 52 11 160 82 83 30 31 84 33 36 66 65 19 22 28 108 54 55 58 39 81 
27 44 51 10 9 52 5 39 68 22 21 46 76 26 25 2 29 28 15 16 1 18 63 19 65 66 43 42 7 71 23 73 74 50 49 8 11 58 35 36 3 4 37 6 88 89 38 91 40 41 92 20 96 97 45 99 47 48 100 24 108 33 84 31 60 13 14 17 137 114 115 61 62 116 64 67 144 122 123 69 70 124 72 75 105 83 82 81 59 12 57 34 166 112 157 110 139 86 87 90 167 120 161 118 146 94 95 98 130 79 78 131 56 55 54 32 163 156 155 154 138 85 136 113 160 159 158 145 93 143 121 125 150 104 103 53 107 106 30 152 151 168 135 134 133 111 142 141 140 119 101 147 148 129 128 77 80 132 165 164 109 117 126 127 162 102 153 149 
28 22 76 11 52 9 4 66 43 44 7 73 51 50 49 29 2 27 14 1 16 17 116 41 92 39 68 20 21 99 47 46 100 26 25 24 10 33 34 3 36 5 6 37 113 91 90 89 67 19 65 42 94 124 72 71 23 75 74 8 82 58 59 12 13 60 15 18 138 87 86 139 64 63 62 40 119 69 121 122 98 97 45 48 131 56 108 54 84 31 32 35 133 157 112 111 61 115 114 38 142 143 93 145 95 96 146 70 128 107 106 105 83 30 81 57 152 109 154 155 137 136 85 88 159 160 117 118 161 120 123 149 103 102 150 80 79 78 55 163 132 165 134 135 166 110 167 140 141 144 162 127 126 77 130 129 53 151 168 153 156 158 148 147 101 104 164 125 
29 21 24 52 11 10 16 41 42 7 44 47 8 49 50 28 27 2 36 5 4 37 90 66 67 19 20 68 22 72 73 23 75 25 26 76 9 31 60 15 14 1 18 17 139 64 116 62 92 39 40 43 122 98 99 45 46 100 48 51 55 12 57 58 35 34 3 6 136 115 114 113 91 38 89 65 161 96 146 94 124 70 71 74 80 81 30 83 32 33 84 13 156 111 110 157 88 87 86 63 158 145 144 143 123 69 121 97 129 106 107 53 54 108 56 59 151 166 135 134 85 138 137 61 141 140 167 120 119 118 95 162 104 150 102 131 78 79 82 132 163 164 155 154 109 112 117 160 159 93 149 148 147 130 77 128 105 152 153 168 133 142 127 126 125 103 165 101 
30 117 53 54 55 56 109 2 140 141 142 77 78 79 80 81 82 83 132 133 134 135 8 9 10 11 158 159 160 101 102 103 104 105 106 107 108 7 151 152 153 154 155 156 23 24 25 26 27 28 29 167 1 125 126 127 128 129 130 131 19 20 21 22 163 164 165 166 45 46 47 48 49 50 51 52 3 4 5 6 147 148 149 150 38 39 40 41 42 43 44 168 69 70 71 72 73 74 75 76 12 13 14 15 16 17 18 162 61 62 63 64 65 66 67 68 93 94 95 96 97 98 99 100 31 32 33 34 35 36 37 85 86 87 88 89 90 91 92 118 119 120 121 122 123 124 57 58 59 60 110 111 112 113 114 115 116 143 144 145 146 84 136 137 138 139 161 157 
31 122 55 12 57 58 41 161 96 146 94 80 81 30 83 32 33 84 90 66 67 19 158 145 144 143 123 69 121 129 106 107 53 54 108 56 59 139 64 116 62 92 39 40 29 141 140 167 120 119 118 95 162 104 150 102 131 78 79 82 136 115 114 113 91 38 89 65 24 52 11 10 117 160 159 93 16 149 148 147 130 77 128 105 156 111 110 157 88 87 86 63 47 8 49 50 28 27 2 142 36 5 4 37 127 126 125 103 151 166 135 134 85 138 137 61 72 73 23 75 25 26 76 9 60 15 14 1 18 17 101 21 132 163 164 155 154 109 112 98 99 45 46 100 48 51 35 34 3 6 42 7 44 152 153 168 133 124 70 71 74 13 20 68 22 165 97 43 
32 121 56 57 12 59 67 145 95 94 146 106 82 83 30 31 84 33 62 92 41 40 140 161 120 119 69 123 122 150 80 131 78 108 54 55 58 87 38 89 90 66 65 19 10 117 158 159 144 143 93 96 147 130 129 128 107 53 105 81 112 113 61 115 63 64 116 39 26 27 2 29 141 142 167 118 18 126 125 162 104 103 102 79 155 137 138 85 86 139 88 91 74 50 51 8 9 52 11 160 13 37 6 5 101 149 148 77 168 135 166 133 157 110 111 114 124 48 100 46 76 24 25 28 3 34 35 17 16 1 127 42 165 164 163 156 109 154 136 99 98 97 75 23 73 49 14 15 60 4 21 20 68 153 152 151 134 72 71 70 47 36 7 44 43 132 45 22 
33 94 82 58 59 12 66 119 69 121 122 131 56 108 54 84 31 32 116 41 92 39 142 143 93 145 95 96 146 128 107 106 105 83 30 81 57 113 91 90 89 67 19 65 28 159 160 117 118 161 120 123 149 103 102 150 80 79 78 55 138 87 86 139 64 63 62 40 76 11 52 9 167 140 141 144 4 162 127 126 77 130 129 53 133 157 112 111 61 115 114 38 73 51 50 49 29 2 27 158 14 1 16 17 148 147 101 104 152 109 154 155 137 136 85 88 99 47 46 100 26 25 24 10 34 3 36 5 6 37 125 22 163 132 165 134 135 166 110 124 72 71 23 75 74 8 13 60 15 18 43 44 7 151 168 153 156 98 97 45 48 35 68 20 21 164 70 42 
34 75 59 14 13 60 111 70 100 48 47 54 84 33 32 3 36 35 135 136 85 138 95 45 97 98 74 73 23 79 30 81 82 58 57 12 15 164 155 156 109 110 157 112 120 121 69 123 71 72 124 46 104 105 53 107 55 56 108 31 68 153 168 151 166 133 134 137 159 144 145 93 94 146 96 99 148 129 130 77 78 131 80 83 65 44 43 42 165 132 163 154 52 142 167 140 161 118 119 122 37 127 162 125 150 102 103 106 91 40 39 92 22 21 20 152 49 29 28 27 160 117 158 143 18 17 16 149 101 147 128 86 116 64 63 19 67 66 7 25 24 76 11 10 9 141 6 5 4 126 61 113 114 90 89 38 41 8 51 50 2 1 87 88 139 62 26 115 
35 48 84 15 60 13 110 98 74 75 23 81 59 58 57 36 3 34 134 85 136 137 146 72 124 70 100 46 47 107 55 54 108 33 32 31 14 153 154 109 156 111 112 157 143 123 122 121 99 45 97 73 102 131 80 79 30 83 82 12 43 164 165 132 133 166 135 138 160 119 118 161 96 95 94 71 126 77 128 129 106 105 53 56 92 22 68 20 168 151 152 155 9 167 142 141 93 145 144 69 6 147 101 149 103 104 150 78 89 67 66 65 44 7 42 163 25 2 27 28 159 158 117 120 17 18 1 125 162 127 130 115 63 62 116 41 40 39 21 49 8 51 10 11 52 140 37 4 5 148 139 88 87 38 91 90 19 24 76 26 29 16 114 113 61 64 50 86 
36 47 31 60 15 14 136 72 73 23 75 55 12 57 58 35 34 3 156 111 110 157 122 98 99 45 46 100 48 80 81 30 83 32 33 84 13 151 166 135 134 85 138 137 161 96 146 94 124 70 71 74 129 106 107 53 54 108 56 59 21 132 163 164 155 154 109 112 158 145 144 143 123 69 121 97 162 104 150 102 131 78 79 82 41 42 7 44 152 153 168 133 29 141 140 167 120 119 118 95 16 149 148 147 130 77 128 105 90 66 67 19 20 68 22 165 24 52 11 10 117 160 159 93 5 4 37 127 126 125 103 139 64 116 62 92 39 40 43 8 49 50 28 27 2 142 1 18 17 101 115 114 113 91 38 89 65 25 26 76 9 6 88 87 86 63 51 61 
37 52 34 18 17 16 68 49 29 28 27 59 14 13 60 6 5 4 65 44 43 42 75 25 24 76 11 10 9 54 84 33 32 3 36 35 1 91 40 39 92 22 21 20 70 100 48 47 8 51 50 2 79 30 81 82 58 57 12 15 86 116 64 63 19 67 66 7 95 45 97 98 74 73 23 26 104 105 53 107 55 56 108 31 111 61 113 114 90 89 38 41 120 121 69 123 71 72 124 46 148 129 130 77 78 131 80 83 135 136 85 138 87 88 139 62 159 144 145 93 94 146 96 99 127 162 125 150 102 103 106 164 155 156 109 110 157 112 115 142 167 140 161 118 119 122 149 101 147 128 153 168 151 166 133 134 137 160 117 158 143 126 165 132 163 154 141 152 
38 53 61 62 63 64 8 77 78 79 80 85 86 87 88 89 90 91 23 24 25 26 101 102 103 104 105 106 107 109 110 111 112 113 114 115 116 45 46 47 48 49 50 51 1 125 126 127 128 129 130 131 132 133 134 135 136 137 138 139 69 70 71 72 73 74 75 76 3 4 5 6 147 148 149 150 7 151 152 153 154 155 156 157 93 94 95 96 97 98 99 100 12 13 14 15 16 17 18 162 19 20 21 22 163 164 165 166 117 118 119 120 121 122 123 124 30 31 32 33 34 35 36 37 39 40 41 42 43 44 168 2 140 141 142 143 144 145 146 54 55 56 57 58 59 60 65 66 67 68 9 10 11 158 159 160 161 81 82 83 84 92 27 28 29 167 108 52 
39 58 63 19 65 66 96 108 33 84 31 88 89 38 91 40 41 92 144 122 123 69 105 83 82 81 59 12 57 137 114 115 61 62 116 64 67 167 120 161 118 146 94 95 130 79 78 131 56 55 54 32 166 112 157 110 139 86 87 90 27 160 159 158 145 93 143 121 125 150 104 103 53 107 106 30 163 156 155 154 138 85 136 113 51 10 9 52 142 141 140 119 5 101 147 148 129 128 77 80 44 152 151 168 135 134 133 111 46 76 26 25 2 29 28 117 15 16 1 18 126 127 162 102 68 22 21 132 165 164 109 71 23 73 74 50 49 8 11 35 36 3 4 37 6 149 43 42 7 153 97 45 99 47 48 100 24 60 13 14 17 20 70 124 72 75 34 98 
40 57 64 65 19 67 123 83 32 31 84 114 90 91 38 39 92 41 118 146 96 95 78 108 56 55 12 59 58 157 88 139 86 116 62 63 66 141 93 143 144 122 121 69 103 53 105 106 82 81 30 33 154 138 137 136 115 61 113 89 11 158 117 160 119 120 161 94 127 128 77 130 79 80 131 54 165 134 133 166 112 111 110 87 50 28 29 2 140 167 142 145 17 148 149 101 102 150 104 107 20 168 153 152 109 156 155 85 100 26 76 24 52 9 10 159 60 6 37 4 162 125 126 129 7 42 43 164 163 132 135 97 75 74 73 51 8 49 27 36 35 34 18 1 16 147 21 22 68 151 71 70 124 48 47 46 25 15 14 13 5 44 45 99 98 23 3 72 
41 31 90 66 67 19 122 55 12 57 58 139 64 116 62 92 39 40 161 96 146 94 80 81 30 83 32 33 84 136 115 114 113 91 38 89 65 158 145 144 143 123 69 121 129 106 107 53 54 108 56 59 156 111 110 157 88 87 86 63 29 141 140 167 120 119 118 95 162 104 150 102 131 78 79 82 151 166 135 134 85 138 137 61 24 52 11 10 117 160 159 93 16 149 148 147 130 77 128 105 21 132 163 164 155 154 109 112 47 8 49 50 28 27 2 142 36 5 4 37 127 126 125 103 42 7 44 152 153 168 133 72 73 23 75 25 26 76 9 60 15 14 1 18 17 101 20 68 22 165 98 99 45 46 100 48 51 35 34 3 6 43 124 70 71 74 13 97 
42 18 67 21 20 68 10 13 37 6 5 62 92 41 40 7 44 43 26 27 2 29 32 3 34 35 17 16 1 87 38 89 90 66 65 19 22 74 50 51 8 9 52 11 56 57 12 59 14 15 60 4 112 113 61 115 63 64 116 39 124 48 100 46 76 24 25 28 106 82 83 30 31 84 33 36 155 137 138 85 86 139 88 91 121 99 98 97 75 23 73 49 150 80 131 78 108 54 55 58 168 135 166 133 157 110 111 114 145 95 94 146 72 71 70 47 147 130 129 128 107 53 105 81 165 164 163 156 109 154 136 140 161 120 119 69 123 122 45 126 125 162 104 103 102 79 153 152 151 134 117 158 159 144 143 93 96 101 149 148 77 132 141 142 167 118 127 160 
43 6 92 22 68 20 9 35 17 18 1 89 67 66 65 44 7 42 25 2 27 28 84 15 60 13 37 4 5 115 63 62 116 41 40 39 21 48 49 8 51 10 11 52 81 59 58 57 36 3 34 16 110 139 88 87 38 91 90 19 98 74 75 23 24 76 26 29 107 55 54 108 33 32 31 14 134 85 136 137 114 113 61 64 146 72 124 70 100 46 47 50 102 131 80 79 30 83 82 12 153 154 109 156 111 112 157 86 143 123 122 121 99 45 97 73 126 77 128 129 106 105 53 56 164 165 132 133 166 135 138 160 119 118 161 96 95 94 71 147 101 149 103 104 150 78 168 151 152 155 167 142 141 93 145 144 69 125 162 127 130 163 159 158 117 120 148 140 
44 5 39 68 22 21 27 15 16 1 18 63 19 65 66 43 42 7 51 10 9 52 58 35 36 3 4 37 6 88 89 38 91 40 41 92 20 46 76 26 25 2 29 28 108 33 84 31 60 13 14 17 137 114 115 61 62 116 64 67 71 23 73 74 50 49 8 11 105 83 82 81 59 12 57 34 166 112 157 110 139 86 87 90 96 97 45 99 47 48 100 24 130 79 78 131 56 55 54 32 163 156 155 154 138 85 136 113 144 122 123 69 70 124 72 75 125 150 104 103 53 107 106 30 152 151 168 135 134 133 111 167 120 161 118 146 94 95 98 101 147 148 129 128 77 80 132 165 164 109 160 159 158 145 93 143 121 126 127 162 102 153 142 141 140 119 149 117 
45 132 69 70 71 72 77 7 151 152 153 93 94 95 96 97 98 99 101 102 103 104 19 20 21 22 163 164 165 117 118 119 120 121 122 123 124 1 125 126 127 128 129 130 38 39 40 41 42 43 44 168 2 140 141 142 143 144 145 146 3 4 5 6 147 148 149 150 61 62 63 64 65 66 67 68 8 9 10 11 158 159 160 161 12 13 14 15 16 17 18 162 85 86 87 88 89 90 91 92 23 24 25 26 27 28 29 167 30 31 32 33 34 35 36 37 109 110 111 112 113 114 115 116 46 47 48 49 50 51 52 53 54 55 56 57 58 59 60 133 134 135 136 137 138 139 73 74 75 76 78 79 80 81 82 83 84 154 155 156 157 100 105 106 107 108 166 131 
46 137 71 23 73 74 15 166 112 157 110 96 97 45 99 47 48 100 58 35 36 3 163 156 155 154 138 85 136 144 122 123 69 70 124 72 75 108 33 84 31 60 13 14 44 152 151 168 135 134 133 111 167 120 161 118 146 94 95 98 105 83 82 81 59 12 57 34 39 68 22 21 132 165 164 109 27 160 159 158 145 93 143 121 130 79 78 131 56 55 54 32 63 19 65 66 43 42 7 153 51 10 9 52 142 141 140 119 125 150 104 103 53 107 106 30 88 89 38 91 40 41 92 20 76 26 25 2 29 28 117 5 101 147 148 129 128 77 80 114 115 61 62 116 64 67 50 49 8 11 16 1 18 126 127 162 102 139 86 87 90 24 4 37 6 149 113 17 
47 136 72 73 23 75 36 156 111 110 157 122 98 99 45 46 100 48 31 60 15 14 151 166 135 134 85 138 137 161 96 146 94 124 70 71 74 55 12 57 58 35 34 3 21 132 163 164 155 154 109 112 158 145 144 143 123 69 121 97 80 81 30 83 32 33 84 13 41 42 7 44 152 153 168 133 29 141 140 167 120 119 118 95 129 106 107 53 54 108 56 59 90 66 67 19 20 68 22 165 24 52 11 10 117 160 159 93 162 104 150 102 131 78 79 82 139 64 116 62 92 39 40 43 8 49 50 28 27 2 142 16 149 148 147 130 77 128 105 115 114 113 91 38 89 65 25 26 76 9 5 4 37 127 126 125 103 88 87 86 63 51 1 18 17 101 61 6 
48 110 98 74 75 23 35 134 85 136 137 146 72 124 70 100 46 47 84 15 60 13 153 154 109 156 111 112 157 143 123 122 121 99 45 97 73 81 59 58 57 36 3 34 43 164 165 132 133 166 135 138 160 119 118 161 96 95 94 71 107 55 54 108 33 32 31 14 92 22 68 20 168 151 152 155 9 167 142 141 93 145 144 69 102 131 80 79 30 83 82 12 89 67 66 65 44 7 42 163 25 2 27 28 159 158 117 120 126 77 128 129 106 105 53 56 115 63 62 116 41 40 39 21 49 8 51 10 11 52 140 6 147 101 149 103 104 150 78 139 88 87 38 91 90 19 24 76 26 29 17 18 1 125 162 127 130 114 113 61 64 50 37 4 5 148 86 16 
49 91 75 25 24 76 79 86 116 64 63 70 100 48 47 8 51 50 104 105 53 107 111 61 113 114 90 89 38 95 45 97 98 74 73 23 26 148 129 130 77 78 131 80 135 136 85 138 87 88 139 62 120 121 69 123 71 72 124 46 37 127 162 125 150 102 103 106 164 155 156 109 110 157 112 115 159 144 145 93 94 146 96 99 34 18 17 16 149 101 147 128 68 153 168 151 166 133 134 137 52 142 167 140 161 118 119 122 59 14 13 60 6 5 4 126 65 44 43 42 165 132 163 154 29 28 27 160 117 158 143 54 84 33 32 3 36 35 1 40 39 92 22 21 20 152 11 10 9 141 30 81 82 58 57 12 15 19 67 66 7 2 55 56 108 31 41 83 
50 64 100 26 76 24 78 114 90 91 38 97 75 74 73 51 8 49 103 53 105 106 157 88 139 86 116 62 63 123 71 70 124 48 47 46 25 127 128 77 130 79 80 131 154 138 137 136 115 61 113 89 118 146 96 95 45 99 98 23 17 148 149 101 102 150 104 107 165 134 133 166 112 111 110 87 141 93 143 144 122 121 69 72 60 6 37 4 162 125 126 129 20 168 153 152 109 156 155 85 11 158 117 160 119 120 161 94 57 36 35 34 18 1 16 147 40 7 42 43 164 163 132 135 28 29 2 140 167 142 145 83 32 31 84 15 14 13 5 65 19 67 21 22 68 151 52 9 10 159 108 56 55 12 59 58 3 39 92 41 44 27 82 81 30 33 66 54 
51 63 46 76 26 25 105 88 89 38 91 71 23 73 74 50 49 8 130 79 78 131 137 114 115 61 62 116 64 96 97 45 99 47 48 100 24 125 150 104 103 53 107 106 166 112 157 110 139 86 87 90 144 122 123 69 70 124 72 75 5 101 147 148 129 128 77 80 163 156 155 154 138 85 136 113 167 120 161 118 146 94 95 98 15 16 1 18 126 127 162 102 44 152 151 168 135 134 133 111 27 160 159 158 145 93 143 121 58 35 36 3 4 37 6 149 39 68 22 21 132 165 164 109 10 9 52 142 141 140 119 108 33 84 31 60 13 14 17 19 65 66 43 42 7 153 2 29 28 117 83 82 81 59 12 57 34 40 41 92 20 11 56 55 54 32 67 30 
52 68 49 29 28 27 37 65 44 43 42 75 25 24 76 11 10 9 34 18 17 16 91 40 39 92 22 21 20 70 100 48 47 8 51 50 2 59 14 13 60 6 5 4 86 116 64 63 19 67 66 7 95 45 97 98 74 73 23 26 54 84 33 32 3 36 35 1 111 61 113 114 90 89 38 41 120 121 69 123 71 72 124 46 79 30 81 82 58 57 12 15 135 136 85 138 87 88 139 62 159 144 145 93 94 146 96 99 104 105 53 107 55 56 108 31 164 155 156 109 110 157 112 115 142 167 140 161 118 119 122 148 129 130 77 78 131 80 83 153 168 151 166 133 134 137 160 117 158 143 127 162 125 150 102 103 106 165 132 163 154 141 149 101 147 128 152 126 
53 8 77 78 79 80 38 23 24 25 26 101 102 103 104 105 106 107 61 62 63 64 45 46 47 48 49 50 51 1 125 126 127 128 129 130 131 85 86 87 88 89 90 91 69 70 71 72 73 74 75 76 3 4 5 6 147 148 149 150 109 110 111 112 113 114 115 116 93 94 95 96 97 98 99 100 12 13 14 15 16 17 18 162 132 133 134 135 136 137 138 139 117 118 119 120 121 122 123 124 30 31 32 33 34 35 36 37 7 151 152 153 154 155 156 157 2 140 141 142 143 144 145 146 54 55 56 57 58 59 60 19 20 21 22 163 164 165 166 9 10 11 158 159 160 161 81 82 83 84 39 40 41 42 43 44 168 27 28 29 167 108 65 66 67 68 52 92 
54 159 79 30 81 82 135 52 142 167 140 104 105 53 107 55 56 108 164 155 156 109 49 29 28 27 160 117 158 148 129 130 77 78 131 80 83 68 153 168 151 166 133 134 75 25 24 76 11 10 9 141 37 127 162 125 150 102 103 106 65 44 43 42 165 132 163 154 70 100 48 47 8 51 50 2 34 18 17 16 149 101 147 128 91 40 39 92 22 21 20 152 95 45 97 98 74 73 23 26 59 14 13 60 6 5 4 126 86 116 64 63 19 67 66 7 120 121 69 123 71 72 124 46 84 33 32 3 36 35 1 111 61 113 114 90 89 38 41 144 145 93 94 146 96 99 58 57 12 15 136 85 138 87 88 139 62 161 118 119 122 31 110 157 112 115 143 137 
55 158 80 81 30 83 156 29 141 140 167 129 106 107 53 54 108 56 151 166 135 134 24 52 11 10 117 160 159 162 104 150 102 131 78 79 82 21 132 163 164 155 154 109 47 8 49 50 28 27 2 142 16 149 148 147 130 77 128 105 41 42 7 44 152 153 168 133 72 73 23 75 25 26 76 9 36 5 4 37 127 126 125 103 90 66 67 19 20 68 22 165 122 98 99 45 46 100 48 51 31 60 15 14 1 18 17 101 139 64 116 62 92 39 40 43 161 96 146 94 124 70 71 74 12 57 58 35 34 3 6 136 115 114 113 91 38 89 65 145 144 143 123 69 121 97 32 33 84 13 111 110 157 88 87 86 63 120 119 118 95 59 85 138 137 61 93 112 
56 140 106 82 83 30 155 10 117 158 159 150 80 131 78 108 54 55 168 135 166 133 26 27 2 29 141 142 167 147 130 129 128 107 53 105 81 42 165 164 163 156 109 154 74 50 51 8 9 52 11 160 18 126 125 162 104 103 102 79 67 21 20 68 153 152 151 134 124 48 100 46 76 24 25 28 13 37 6 5 101 149 148 77 62 92 41 40 7 44 43 132 121 99 98 97 75 23 73 49 32 3 34 35 17 16 1 127 87 38 89 90 66 65 19 22 145 95 94 146 72 71 70 47 57 12 59 14 15 60 4 112 113 61 115 63 64 116 39 161 120 119 69 123 122 45 31 84 33 36 137 138 85 86 139 88 91 144 143 93 96 58 157 110 111 114 118 136 
57 123 83 32 31 84 40 118 146 96 95 78 108 56 55 12 59 58 64 65 19 67 141 93 143 144 122 121 69 103 53 105 106 82 81 30 33 114 90 91 38 39 92 41 11 158 117 160 119 120 161 94 127 128 77 130 79 80 131 54 157 88 139 86 116 62 63 66 50 28 29 2 140 167 142 145 17 148 149 101 102 150 104 107 154 138 137 136 115 61 113 89 100 26 76 24 52 9 10 159 60 6 37 4 162 125 126 129 165 134 133 166 112 111 110 87 97 75 74 73 51 8 49 27 36 35 34 18 1 16 147 20 168 153 152 109 156 155 85 71 70 124 48 47 46 25 15 14 13 5 7 42 43 164 163 132 135 45 99 98 23 3 21 22 68 151 72 44 
58 96 108 33 84 31 39 144 122 123 69 105 83 82 81 59 12 57 63 19 65 66 167 120 161 118 146 94 95 130 79 78 131 56 55 54 32 88 89 38 91 40 41 92 27 160 159 158 145 93 143 121 125 150 104 103 53 107 106 30 137 114 115 61 62 116 64 67 51 10 9 52 142 141 140 119 5 101 147 148 129 128 77 80 166 112 157 110 139 86 87 90 46 76 26 25 2 29 28 117 15 16 1 18 126 127 162 102 163 156 155 154 138 85 136 113 71 23 73 74 50 49 8 11 35 36 3 4 37 6 149 44 152 151 168 135 134 133 111 97 45 99 47 48 100 24 60 13 14 17 68 22 21 132 165 164 109 70 124 72 75 34 43 42 7 153 98 20 
59 95 54 84 33 32 65 120 121 69 123 79 30 81 82 58 57 12 91 40 39 92 159 144 145 93 94 146 96 104 105 53 107 55 56 108 31 86 116 64 63 19 67 66 52 142 167 140 161 118 119 122 148 129 130 77 78 131 80 83 111 61 113 114 90 89 38 41 49 29 28 27 160 117 158 143 37 127 162 125 150 102 103 106 135 136 85 138 87 88 139 62 75 25 24 76 11 10 9 141 34 18 17 16 149 101 147 128 164 155 156 109 110 157 112 115 70 100 48 47 8 51 50 2 14 13 60 6 5 4 126 68 153 168 151 166 133 134 137 45 97 98 74 73 23 26 3 36 35 1 44 43 42 165 132 163 154 71 72 124 46 15 22 21 20 152 99 7 
60 100 57 36 35 34 157 97 75 74 73 83 32 31 84 15 14 13 154 138 137 136 123 71 70 124 48 47 46 78 108 56 55 12 59 58 3 165 134 133 166 112 111 110 118 146 96 95 45 99 98 23 103 53 105 106 82 81 30 33 20 168 153 152 109 156 155 85 141 93 143 144 122 121 69 72 127 128 77 130 79 80 131 54 40 7 42 43 164 163 132 135 11 158 117 160 119 120 161 94 17 148 149 101 102 150 104 107 64 65 19 67 21 22 68 151 50 28 29 2 140 167 142 145 6 37 4 162 125 126 129 114 90 91 38 39 92 41 44 26 76 24 52 9 10 159 18 1 16 147 88 139 86 116 62 63 66 51 8 49 27 5 115 61 113 89 25 87 
61 101 85 86 87 88 93 1 125 126 127 109 110 111 112 113 114 115 117 118 119 120 3 4 5 6 147 148 149 132 133 134 135 136 137 138 139 2 140 141 142 143 144 145 12 13 14 15 16 17 18 162 7 151 152 153 154 155 156 157 8 9 10 11 158 159 160 161 30 31 32 33 34 35 36 37 19 20 21 22 163 164 165 166 23 24 25 26 27 28 29 167 53 54 55 56 57 58 59 60 38 39 40 41 42 43 44 168 45 46 47 48 49 50 51 52 77 78 79 80 81 82 83 84 62 63 64 65 66 67 68 69 70 71 72 73 74 75 76 102 103 104 105 106 107 108 89 90 91 92 94 95 96 97 98 99 100 128 129 130 131 116 121 122 123 124 150 146 
62 106 87 38 89 90 26 150 80 131 78 112 113 61 115 63 64 116 74 50 51 8 147 130 129 128 107 53 105 155 137 138 85 86 139 88 91 124 48 100 46 76 24 25 18 126 125 162 104 103 102 79 168 135 166 133 157 110 111 114 121 99 98 97 75 23 73 49 13 37 6 5 101 149 148 77 42 165 164 163 156 109 154 136 145 95 94 146 72 71 70 47 32 3 34 35 17 16 1 127 67 21 20 68 153 152 151 134 140 161 120 119 69 123 122 45 56 57 12 59 14 15 60 4 92 41 40 7 44 43 132 10 117 158 159 144 143 93 96 82 83 30 31 84 33 36 66 65 19 22 27 2 29 141 142 167 118 108 54 55 58 39 9 52 11 160 81 28 
63 105 88 89 38 91 51 130 79 78 131 137 114 115 61 62 116 64 46 76 26 25 125 150 104 103 53 107 106 166 112 157 110 139 86 87 90 71 23 73 74 50 49 8 5 101 147 148 129 128 77 80 163 156 155 154 138 85 136 113 96 97 45 99 47 48 100 24 15 16 1 18 126 127 162 102 44 152 151 168 135 134 133 111 144 122 123 69 70 124 72 75 58 35 36 3 4 37 6 149 39 68 22 21 132 165 164 109 167 120 161 118 146 94 95 98 108 33 84 31 60 13 14 17 19 65 66 43 42 7 153 27 160 159 158 145 93 143 121 83 82 81 59 12 57 34 40 41 92 20 10 9 52 142 141 140 119 56 55 54 32 67 2 29 28 117 30 11 
64 78 114 90 91 38 50 103 53 105 106 157 88 139 86 116 62 63 100 26 76 24 127 128 77 130 79 80 131 154 138 137 136 115 61 113 89 97 75 74 73 51 8 49 17 148 149 101 102 150 104 107 165 134 133 166 112 111 110 87 123 71 70 124 48 47 46 25 60 6 37 4 162 125 126 129 20 168 153 152 109 156 155 85 118 146 96 95 45 99 98 23 57 36 35 34 18 1 16 147 40 7 42 43 164 163 132 135 141 93 143 144 122 121 69 72 83 32 31 84 15 14 13 5 65 19 67 21 22 68 151 11 158 117 160 119 120 161 94 108 56 55 12 59 58 3 39 92 41 44 28 29 2 140 167 142 145 82 81 30 33 66 52 9 10 159 54 27 
65 59 91 40 39 92 95 54 84 33 32 86 116 64 63 19 67 66 120 121 69 123 79 30 81 82 58 57 12 111 61 113 114 90 89 38 41 159 144 145 93 94 146 96 104 105 53 107 55 56 108 31 135 136 85 138 87 88 139 62 52 142 167 140 161 118 119 122 148 129 130 77 78 131 80 83 164 155 156 109 110 157 112 115 49 29 28 27 160 117 158 143 37 127 162 125 150 102 103 106 68 153 168 151 166 133 134 137 75 25 24 76 11 10 9 141 34 18 17 16 149 101 147 128 44 43 42 165 132 163 154 70 100 48 47 8 51 50 2 14 13 60 6 5 4 126 22 21 20 152 45 97 98 74 73 23 26 3 36 35 1 7 71 72 124 46 15 99 
66 33 116 41 92 39 94 82 58 59 12 113 91 90 89 67 19 65 119 69 121 122 131 56 108 54 84 31 32 138 87 86 139 64 63 62 40 142 143 93 145 95 96 146 128 107 106 105 83 30 81 57 133 157 112 111 61 115 114 38 28 159 160 117 118 161 120 123 149 103 102 150 80 79 78 55 152 109 154 155 137 136 85 88 76 11 52 9 167 140 141 144 4 162 127 126 77 130 129 53 22 163 132 165 134 135 166 110 73 51 50 49 29 2 27 158 14 1 16 17 148 147 101 104 43 44 7 151 168 153 156 99 47 46 100 26 25 24 10 34 3 36 5 6 37 125 68 20 21 164 124 72 71 23 75 74 8 13 60 15 18 42 98 97 45 48 35 70 
67 32 62 92 41 40 121 56 57 12 59 87 38 89 90 66 65 19 145 95 94 146 106 82 83 30 31 84 33 112 113 61 115 63 64 116 39 140 161 120 119 69 123 122 150 80 131 78 108 54 55 58 155 137 138 85 86 139 88 91 10 117 158 159 144 143 93 96 147 130 129 128 107 53 105 81 168 135 166 133 157 110 111 114 26 27 2 29 141 142 167 118 18 126 125 162 104 103 102 79 42 165 164 163 156 109 154 136 74 50 51 8 9 52 11 160 13 37 6 5 101 149 148 77 21 20 68 153 152 151 134 124 48 100 46 76 24 25 28 3 34 35 17 16 1 127 7 44 43 132 99 98 97 75 23 73 49 14 15 60 4 22 72 71 70 47 36 45 
68 37 65 44 43 42 52 34 18 17 16 91 40 39 92 22 21 20 49 29 28 27 59 14 13 60 6 5 4 86 116 64 63 19 67 66 7 75 25 24 76 11 10 9 54 84 33 32 3 36 35 1 111 61 113 114 90 89 38 41 70 100 48 47 8 51 50 2 79 30 81 82 58 57 12 15 135 136 85 138 87 88 139 62 95 45 97 98 74 73 23 26 104 105 53 107 55 56 108 31 164 155 156 109 110 157 112 115 120 121 69 123 71 72 124 46 148 129 130 77 78 131 80 83 153 168 151 166 133 134 137 159 144 145 93 94 146 96 99 127 162 125 150 102 103 106 165 132 163 154 142 167 140 161 118 119 122 149 101 147 128 152 160 117 158 143 126 141 
69 19 93 94 95 96 12 38 39 40 41 117 118 119 120 121 122 123 30 31 32 33 61 62 63 64 65 66 67 2 140 141 142 143 144 145 146 53 54 55 56 57 58 59 85 86 87 88 89 90 91 92 8 9 10 11 158 159 160 161 77 78 79 80 81 82 83 84 109 110 111 112 113 114 115 116 23 24 25 26 27 28 29 167 101 102 103 104 105 106 107 108 132 133 134 135 136 137 138 139 45 46 47 48 49 50 51 52 1 125 126 127 128 129 130 131 7 151 152 153 154 155 156 157 70 71 72 73 74 75 76 3 4 5 6 147 148 149 150 20 21 22 163 164 165 166 97 98 99 100 13 14 15 16 17 18 162 42 43 44 168 124 34 35 36 37 68 60 
70 164 95 45 97 98 104 68 153 168 151 120 121 69 123 71 72 124 148 129 130 77 65 44 43 42 165 132 163 159 144 145 93 94 146 96 99 37 127 162 125 150 102 103 91 40 39 92 22 21 20 152 52 142 167 140 161 118 119 122 34 18 17 16 149 101 147 128 86 116 64 63 19 67 66 7 49 29 28 27 160 117 158 143 59 14 13 60 6 5 4 126 111 61 113 114 90 89 38 41 75 25 24 76 11 10 9 141 54 84 33 32 3 36 35 1 135 136 85 138 87 88 139 62 100 48 47 8 51 50 2 79 30 81 82 58 57 12 15 155 156 109 110 157 112 115 74 73 23 26 105 53 107 55 56 108 31 166 133 134 137 46 78 131 80 83 154 106 
71 163 96 97 45 99 130 44 152 151 168 144 122 123 69 70 124 72 125 150 104 103 39 68 22 21 132 165 164 167 120 161 118 146 94 95 98 5 101 147 148 129 128 77 63 19 65 66 43 42 7 153 27 160 159 158 145 93 143 121 15 16 1 18 126 127 162 102 88 89 38 91 40 41 92 20 51 10 9 52 142 141 140 119 58 35 36 3 4 37 6 149 137 114 115 61 62 116 64 67 46 76 26 25 2 29 28 117 108 33 84 31 60 13 14 17 166 112 157 110 139 86 87 90 23 73 74 50 49 8 11 105 83 82 81 59 12 57 34 156 155 154 138 85 136 113 47 48 100 24 79 78 131 56 55 54 32 135 134 133 111 75 53 107 106 30 109 80 
72 151 122 98 99 45 129 21 132 163 164 161 96 146 94 124 70 71 162 104 150 102 41 42 7 44 152 153 168 158 145 144 143 123 69 121 97 16 149 148 147 130 77 128 90 66 67 19 20 68 22 165 29 141 140 167 120 119 118 95 36 5 4 37 127 126 125 103 139 64 116 62 92 39 40 43 24 52 11 10 117 160 159 93 31 60 15 14 1 18 17 101 136 115 114 113 91 38 89 65 47 8 49 50 28 27 2 142 55 12 57 58 35 34 3 6 156 111 110 157 88 87 86 63 73 23 75 25 26 76 9 80 81 30 83 32 33 84 13 166 135 134 85 138 137 61 46 100 48 51 106 107 53 54 108 56 59 155 154 109 112 74 131 78 79 82 133 105 
73 138 99 47 46 100 14 133 157 112 111 94 124 72 71 23 75 74 33 34 3 36 152 109 154 155 137 136 85 119 69 121 122 98 97 45 48 82 58 59 12 13 60 15 22 163 132 165 134 135 166 110 142 143 93 145 95 96 146 70 131 56 108 54 84 31 32 35 66 43 44 7 151 168 153 156 28 159 160 117 118 161 120 123 128 107 106 105 83 30 81 57 116 41 92 39 68 20 21 164 76 11 52 9 167 140 141 144 149 103 102 150 80 79 78 55 113 91 90 89 67 19 65 42 51 50 49 29 2 27 158 4 162 127 126 77 130 129 53 87 86 139 64 63 62 40 26 25 24 10 1 16 17 148 147 101 104 61 115 114 38 8 5 6 37 125 88 18 
74 112 124 48 100 46 13 155 137 138 85 121 99 98 97 75 23 73 32 3 34 35 168 135 166 133 157 110 111 145 95 94 146 72 71 70 47 56 57 12 59 14 15 60 42 165 164 163 156 109 154 136 140 161 120 119 69 123 122 45 106 82 83 30 31 84 33 36 67 21 20 68 153 152 151 134 10 117 158 159 144 143 93 96 150 80 131 78 108 54 55 58 62 92 41 40 7 44 43 132 26 27 2 29 141 142 167 118 147 130 129 128 107 53 105 81 87 38 89 90 66 65 19 22 50 51 8 9 52 11 160 18 126 125 162 104 103 102 79 113 61 115 63 64 116 39 76 24 25 28 37 6 5 101 149 148 77 86 139 88 91 49 17 16 1 127 114 4 
75 111 70 100 48 47 34 135 136 85 138 95 45 97 98 74 73 23 59 14 13 60 164 155 156 109 110 157 112 120 121 69 123 71 72 124 46 54 84 33 32 3 36 35 68 153 168 151 166 133 134 137 159 144 145 93 94 146 96 99 79 30 81 82 58 57 12 15 65 44 43 42 165 132 163 154 52 142 167 140 161 118 119 122 104 105 53 107 55 56 108 31 91 40 39 92 22 21 20 152 49 29 28 27 160 117 158 143 148 129 130 77 78 131 80 83 86 116 64 63 19 67 66 7 25 24 76 11 10 9 141 37 127 162 125 150 102 103 106 61 113 114 90 89 38 41 8 51 50 2 18 17 16 149 101 147 128 87 88 139 62 26 6 5 4 126 115 1 
76 116 73 51 50 49 131 113 91 90 89 99 47 46 100 26 25 24 128 107 106 105 138 87 86 139 64 63 62 94 124 72 71 23 75 74 8 149 103 102 150 80 79 78 133 157 112 111 61 115 114 38 119 69 121 122 98 97 45 48 4 162 127 126 77 130 129 53 152 109 154 155 137 136 85 88 142 143 93 145 95 96 146 70 14 1 16 17 148 147 101 104 22 163 132 165 134 135 166 110 28 159 160 117 118 161 120 123 33 34 3 36 5 6 37 125 66 43 44 7 151 168 153 156 11 52 9 167 140 141 144 82 58 59 12 13 60 15 18 41 92 39 68 20 21 164 29 2 27 158 56 108 54 84 31 32 35 67 19 65 42 10 83 30 81 57 40 55 
77 45 101 102 103 104 132 69 70 71 72 1 125 126 127 128 129 130 7 151 152 153 93 94 95 96 97 98 99 3 4 5 6 147 148 149 150 19 20 21 22 163 164 165 117 118 119 120 121 122 123 124 12 13 14 15 16 17 18 162 38 39 40 41 42 43 44 168 2 140 141 142 143 144 145 146 30 31 32 33 34 35 36 37 61 62 63 64 65 66 67 68 8 9 10 11 158 159 160 161 53 54 55 56 57 58 59 60 85 86 87 88 89 90 91 92 23 24 25 26 27 28 29 167 78 79 80 81 82 83 84 109 110 111 112 113 114 115 116 46 47 48 49 50 51 52 105 106 107 108 133 134 135 136 137 138 139 73 74 75 76 131 154 155 156 157 100 166 
78 50 103 53 105 106 64 100 26 76 24 127 128 77 130 79 80 131 114 90 91 38 97 75 74 73 51 8 49 17 148 149 101 102 150 104 107 157 88 139 86 116 62 63 123 71 70 124 48 47 46 25 60 6 37 4 162 125 126 129 154 138 137 136 115 61 113 89 118 146 96 95 45 99 98 23 57 36 35 34 18 1 16 147 165 134 133 166 112 111 110 87 141 93 143 144 122 121 69 72 83 32 31 84 15 14 13 5 20 168 153 152 109 156 155 85 11 158 117 160 119 120 161 94 108 56 55 12 59 58 3 40 7 42 43 164 163 132 135 28 29 2 140 167 142 145 82 81 30 33 65 19 67 21 22 68 151 52 9 10 159 54 39 92 41 44 27 66 
79 49 104 105 53 107 91 75 25 24 76 148 129 130 77 78 131 80 86 116 64 63 70 100 48 47 8 51 50 37 127 162 125 150 102 103 106 111 61 113 114 90 89 38 95 45 97 98 74 73 23 26 34 18 17 16 149 101 147 128 135 136 85 138 87 88 139 62 120 121 69 123 71 72 124 46 59 14 13 60 6 5 4 126 164 155 156 109 110 157 112 115 159 144 145 93 94 146 96 99 54 84 33 32 3 36 35 1 68 153 168 151 166 133 134 137 52 142 167 140 161 118 119 122 30 81 82 58 57 12 15 65 44 43 42 165 132 163 154 29 28 27 160 117 158 143 55 56 108 31 40 39 92 22 21 20 152 11 10 9 141 83 19 67 66 7 2 41 
80 24 129 106 107 53 90 47 8 49 50 162 104 150 102 131 78 79 139 64 116 62 72 73 23 75 25 26 76 16 149 148 147 130 77 128 105 136 115 114 113 91 38 89 122 98 99 45 46 100 48 51 36 5 4 37 127 126 125 103 156 111 110 157 88 87 86 63 161 96 146 94 124 70 71 74 31 60 15 14 1 18 17 101 151 166 135 134 85 138 137 61 158 145 144 143 123 69 121 97 55 12 57 58 35 34 3 6 21 132 163 164 155 154 109 112 29 141 140 167 120 119 118 95 81 30 83 32 33 84 13 41 42 7 44 152 153 168 133 52 11 10 117 160 159 93 54 108 56 59 66 67 19 20 68 22 165 28 27 2 142 82 92 39 40 43 9 65 
81 160 107 55 54 108 134 9 167 142 141 102 131 80 79 30 83 82 153 154 109 156 25 2 27 28 159 158 117 126 77 128 129 106 105 53 56 43 164 165 132 133 166 135 48 49 8 51 10 11 52 140 6 147 101 149 103 104 150 78 92 22 68 20 168 151 152 155 98 74 75 23 24 76 26 29 35 17 18 1 125 162 127 130 89 67 66 65 44 7 42 163 146 72 124 70 100 46 47 50 84 15 60 13 37 4 5 148 115 63 62 116 41 40 39 21 143 123 122 121 99 45 97 73 59 58 57 36 3 34 16 110 139 88 87 38 91 90 19 119 118 161 96 95 94 71 33 32 31 14 85 136 137 114 113 61 64 93 145 144 69 12 111 112 157 86 120 138 
82 142 131 56 108 54 133 28 159 160 117 128 107 106 105 83 30 81 152 109 154 155 76 11 52 9 167 140 141 149 103 102 150 80 79 78 55 22 163 132 165 134 135 166 73 51 50 49 29 2 27 158 4 162 127 126 77 130 129 53 66 43 44 7 151 168 153 156 99 47 46 100 26 25 24 10 14 1 16 17 148 147 101 104 116 41 92 39 68 20 21 164 94 124 72 71 23 75 74 8 33 34 3 36 5 6 37 125 113 91 90 89 67 19 65 42 119 69 121 122 98 97 45 48 58 59 12 13 60 15 18 138 87 86 139 64 63 62 40 143 93 145 95 96 146 70 84 31 32 35 157 112 111 61 115 114 38 118 161 120 123 57 137 136 85 88 144 110 
83 141 78 108 56 55 154 11 158 117 160 103 53 105 106 82 81 30 165 134 133 166 50 28 29 2 140 167 142 127 128 77 130 79 80 131 54 20 168 153 152 109 156 155 100 26 76 24 52 9 10 159 17 148 149 101 102 150 104 107 40 7 42 43 164 163 132 135 97 75 74 73 51 8 49 27 60 6 37 4 162 125 126 129 64 65 19 67 21 22 68 151 123 71 70 124 48 47 46 25 57 36 35 34 18 1 16 147 114 90 91 38 39 92 41 44 118 146 96 95 45 99 98 23 32 31 84 15 14 13 5 157 88 139 86 116 62 63 66 93 143 144 122 121 69 72 12 59 58 3 138 137 136 115 61 113 89 119 120 161 94 33 112 111 110 87 145 85 
84 146 81 59 58 57 92 143 123 122 121 107 55 54 108 33 32 31 89 67 66 65 160 119 118 161 96 95 94 102 131 80 79 30 83 82 12 115 63 62 116 41 40 39 9 167 142 141 93 145 144 69 126 77 128 129 106 105 53 56 110 139 88 87 38 91 90 19 25 2 27 28 159 158 117 120 6 147 101 149 103 104 150 78 134 85 136 137 114 113 61 64 48 49 8 51 10 11 52 140 35 17 18 1 125 162 127 130 153 154 109 156 111 112 157 86 98 74 75 23 24 76 26 29 15 60 13 37 4 5 148 43 164 165 132 133 166 135 138 72 124 70 100 46 47 50 36 3 34 16 22 68 20 168 151 152 155 99 45 97 73 14 44 7 42 163 71 21 
85 3 109 110 111 112 23 12 13 14 15 132 133 134 135 136 137 138 45 46 47 48 30 31 32 33 34 35 36 7 151 152 153 154 155 156 157 69 70 71 72 73 74 75 53 54 55 56 57 58 59 60 19 20 21 22 163 164 165 166 93 94 95 96 97 98 99 100 77 78 79 80 81 82 83 84 38 39 40 41 42 43 44 168 117 118 119 120 121 122 123 124 101 102 103 104 105 106 107 108 61 62 63 64 65 66 67 68 2 140 141 142 143 144 145 146 1 125 126 127 128 129 130 131 86 87 88 89 90 91 92 8 9 10 11 158 159 160 161 4 5 6 147 148 149 150 113 114 115 116 24 25 26 27 28 29 167 16 17 18 162 139 49 50 51 52 37 76 
86 148 111 61 113 114 120 37 127 162 125 135 136 85 138 87 88 139 159 144 145 93 34 18 17 16 149 101 147 164 155 156 109 110 157 112 115 52 142 167 140 161 118 119 59 14 13 60 6 5 4 126 68 153 168 151 166 133 134 137 49 29 28 27 160 117 158 143 54 84 33 32 3 36 35 1 65 44 43 42 165 132 163 154 75 25 24 76 11 10 9 141 79 30 81 82 58 57 12 15 91 40 39 92 22 21 20 152 70 100 48 47 8 51 50 2 104 105 53 107 55 56 108 31 116 64 63 19 67 66 7 95 45 97 98 74 73 23 26 129 130 77 78 131 80 83 90 89 38 41 121 69 123 71 72 124 46 150 102 103 106 62 94 146 96 99 128 122 
87 147 112 113 61 115 145 18 126 125 162 155 137 138 85 86 139 88 140 161 120 119 13 37 6 5 101 149 148 168 135 166 133 157 110 111 114 10 117 158 159 144 143 93 32 3 34 35 17 16 1 127 42 165 164 163 156 109 154 136 26 27 2 29 141 142 167 118 56 57 12 59 14 15 60 4 67 21 20 68 153 152 151 134 74 50 51 8 9 52 11 160 106 82 83 30 31 84 33 36 62 92 41 40 7 44 43 132 124 48 100 46 76 24 25 28 150 80 131 78 108 54 55 58 38 89 90 66 65 19 22 121 99 98 97 75 23 73 49 130 129 128 107 53 105 81 63 64 116 39 95 94 146 72 71 70 47 104 103 102 79 91 69 123 122 45 77 96 
88 125 137 114 115 61 144 5 101 147 148 166 112 157 110 139 86 87 167 120 161 118 15 16 1 18 126 127 162 163 156 155 154 138 85 136 113 27 160 159 158 145 93 143 58 35 36 3 4 37 6 149 44 152 151 168 135 134 133 111 51 10 9 52 142 141 140 119 108 33 84 31 60 13 14 17 39 68 22 21 132 165 164 109 46 76 26 25 2 29 28 117 105 83 82 81 59 12 57 34 63 19 65 66 43 42 7 153 71 23 73 74 50 49 8 11 130 79 78 131 56 55 54 32 89 38 91 40 41 92 20 96 97 45 99 47 48 100 24 150 104 103 53 107 106 30 62 116 64 67 122 123 69 70 124 72 75 129 128 77 80 90 146 94 95 98 102 121 
89 107 115 63 62 116 25 102 131 80 79 110 139 88 87 38 91 90 48 49 8 51 126 77 128 129 106 105 53 134 85 136 137 114 113 61 64 98 74 75 23 24 76 26 6 147 101 149 103 104 150 78 153 154 109 156 111 112 157 86 146 72 124 70 100 46 47 50 35 17 18 1 125 162 127 130 43 164 165 132 133 166 135 138 143 123 122 121 99 45 97 73 84 15 60 13 37 4 5 148 92 22 68 20 168 151 152 155 160 119 118 161 96 95 94 71 81 59 58 57 36 3 34 16 67 66 65 44 7 42 163 9 167 142 141 93 145 144 69 55 54 108 33 32 31 14 41 40 39 21 2 27 28 159 158 117 120 30 83 82 12 19 10 11 52 140 56 29 
90 80 139 64 116 62 24 129 106 107 53 136 115 114 113 91 38 89 47 8 49 50 162 104 150 102 131 78 79 156 111 110 157 88 87 86 63 72 73 23 75 25 26 76 16 149 148 147 130 77 128 105 151 166 135 134 85 138 137 61 122 98 99 45 46 100 48 51 36 5 4 37 127 126 125 103 21 132 163 164 155 154 109 112 161 96 146 94 124 70 71 74 31 60 15 14 1 18 17 101 41 42 7 44 152 153 168 133 158 145 144 143 123 69 121 97 55 12 57 58 35 34 3 6 66 67 19 20 68 22 165 29 141 140 167 120 119 118 95 81 30 83 32 33 84 13 92 39 40 43 52 11 10 117 160 159 93 54 108 56 59 65 28 27 2 142 82 9 
91 79 86 116 64 63 49 104 105 53 107 111 61 113 114 90 89 38 75 25 24 76 148 129 130 77 78 131 80 135 136 85 138 87 88 139 62 70 100 48 47 8 51 50 37 127 162 125 150 102 103 106 164 155 156 109 110 157 112 115 95 45 97 98 74 73 23 26 34 18 17 16 149 101 147 128 68 153 168 151 166 133 134 137 120 121 69 123 71 72 124 46 59 14 13 60 6 5 4 126 65 44 43 42 165 132 163 154 159 144 145 93 94 146 96 99 54 84 33 32 3 36 35 1 40 39 92 22 21 20 152 52 142 167 140 161 118 119 122 30 81 82 58 57 12 15 19 67 66 7 29 28 27 160 117 158 143 55 56 108 31 41 11 10 9 141 83 2 
92 84 89 67 66 65 146 81 59 58 57 115 63 62 116 41 40 39 143 123 122 121 107 55 54 108 33 32 31 110 139 88 87 38 91 90 19 160 119 118 161 96 95 94 102 131 80 79 30 83 82 12 134 85 136 137 114 113 61 64 9 167 142 141 93 145 144 69 126 77 128 129 106 105 53 56 153 154 109 156 111 112 157 86 25 2 27 28 159 158 117 120 6 147 101 149 103 104 150 78 43 164 165 132 133 166 135 138 48 49 8 51 10 11 52 140 35 17 18 1 125 162 127 130 22 68 20 168 151 152 155 98 74 75 23 24 76 26 29 15 60 13 37 4 5 148 44 7 42 163 72 124 70 100 46 47 50 36 3 34 16 21 99 45 97 73 14 71 
93 61 117 118 119 120 101 85 86 87 88 2 140 141 142 143 144 145 1 125 126 127 109 110 111 112 113 114 115 8 9 10 11 158 159 160 161 3 4 5 6 147 148 149 132 133 134 135 136 137 138 139 23 24 25 26 27 28 29 167 12 13 14 15 16 17 18 162 7 151 152 153 154 155 156 157 45 46 47 48 49 50 51 52 30 31 32 33 34 35 36 37 19 20 21 22 163 164 165 166 69 70 71 72 73 74 75 76 53 54 55 56 57 58 59 60 38 39 40 41 42 43 44 168 94 95 96 97 98 99 100 77 78 79 80 81 82 83 84 62 63 64 65 66 67 68 121 122 123 124 102 103 104 105 106 107 108 89 90 91 92 146 128 129 130 131 116 150 
94 66 119 69 121 122 33 116 41 92 39 142 143 93 145 95 96 146 82 58 59 12 113 91 90 89 67 19 65 28 159 160 117 118 161 120 123 131 56 108 54 84 31 32 138 87 86 139 64 63 62 40 76 11 52 9 167 140 141 144 128 107 106 105 83 30 81 57 133 157 112 111 61 115 114 38 73 51 50 49 29 2 27 158 149 103 102 150 80 79 78 55 152 109 154 155 137 136 85 88 99 47 46 100 26 25 24 10 4 162 127 126 77 130 129 53 22 163 132 165 134 135 166 110 124 72 71 23 75 74 8 14 1 16 17 148 147 101 104 43 44 7 151 168 153 156 98 97 45 48 34 3 36 5 6 37 125 68 20 21 164 70 13 60 15 18 42 35 
95 65 120 121 69 123 59 91 40 39 92 159 144 145 93 94 146 96 54 84 33 32 86 116 64 63 19 67 66 52 142 167 140 161 118 119 122 79 30 81 82 58 57 12 111 61 113 114 90 89 38 41 49 29 28 27 160 117 158 143 104 105 53 107 55 56 108 31 135 136 85 138 87 88 139 62 75 25 24 76 11 10 9 141 148 129 130 77 78 131 80 83 164 155 156 109 110 157 112 115 70 100 48 47 8 51 50 2 37 127 162 125 150 102 103 106 68 153 168 151 166 133 134 137 45 97 98 74 73 23 26 34 18 17 16 149 101 147 128 44 43 42 165 132 163 154 71 72 124 46 14 13 60 6 5 4 126 22 21 20 152 99 3 36 35 1 7 15 
96 39 144 122 123 69 58 63 19 65 66 167 120 161 118 146 94 95 108 33 84 31 88 89 38 91 40 41 92 27 160 159 158 145 93 143 121 105 83 82 81 59 12 57 137 114 115 61 62 116 64 67 51 10 9 52 142 141 140 119 130 79 78 131 56 55 54 32 166 112 157 110 139 86 87 90 46 76 26 25 2 29 28 117 125 150 104 103 53 107 106 30 163 156 155 154 138 85 136 113 71 23 73 74 50 49 8 11 5 101 147 148 129 128 77 80 44 152 151 168 135 134 133 111 97 45 99 47 48 100 24 15 16 1 18 126 127 162 102 68 22 21 132 165 164 109 70 124 72 75 35 36 3 4 37 6 149 43 42 7 153 98 60 13 14 17 20 34 
97 165 123 71 70 124 103 20 168 153 152 118 146 96 95 45 99 98 127 128 77 130 40 7 42 43 164 163 132 141 93 143 144 122 121 69 72 17 148 149 101 102 150 104 64 65 19 67 21 22 68 151 11 158 117 160 119 120 161 94 60 6 37 4 162 125 126 129 114 90 91 38 39 92 41 44 50 28 29 2 140 167 142 145 57 36 35 34 18 1 16 147 157 88 139 86 116 62 63 66 100 26 76 24 52 9 10 159 83 32 31 84 15 14 13 5 154 138 137 136 115 61 113 89 75 74 73 51 8 49 27 78 108 56 55 12 59 58 3 134 133 166 112 111 110 87 48 47 46 25 53 105 106 82 81 30 33 109 156 155 85 23 79 80 131 54 135 107 
98 153 146 72 124 70 102 43 164 165 132 143 123 122 121 99 45 97 126 77 128 129 92 22 68 20 168 151 152 160 119 118 161 96 95 94 71 6 147 101 149 103 104 150 89 67 66 65 44 7 42 163 9 167 142 141 93 145 144 69 35 17 18 1 125 162 127 130 115 63 62 116 41 40 39 21 25 2 27 28 159 158 117 120 84 15 60 13 37 4 5 148 110 139 88 87 38 91 90 19 48 49 8 51 10 11 52 140 81 59 58 57 36 3 34 16 134 85 136 137 114 113 61 64 74 75 23 24 76 26 29 107 55 54 108 33 32 31 14 154 109 156 111 112 157 86 100 46 47 50 131 80 79 30 83 82 12 133 166 135 138 73 106 105 53 56 155 78 
99 152 94 124 72 71 128 22 163 132 165 119 69 121 122 98 97 45 149 103 102 150 66 43 44 7 151 168 153 142 143 93 145 95 96 146 70 4 162 127 126 77 130 129 116 41 92 39 68 20 21 164 28 159 160 117 118 161 120 123 14 1 16 17 148 147 101 104 113 91 90 89 67 19 65 42 76 11 52 9 167 140 141 144 33 34 3 36 5 6 37 125 138 87 86 139 64 63 62 40 73 51 50 49 29 2 27 158 82 58 59 12 13 60 15 18 133 157 112 111 61 115 114 38 47 46 100 26 25 24 10 131 56 108 54 84 31 32 35 109 154 155 137 136 85 88 23 75 74 8 107 106 105 83 30 81 57 134 135 166 110 48 80 79 78 55 156 53 
100 157 97 75 74 73 60 154 138 137 136 123 71 70 124 48 47 46 57 36 35 34 165 134 133 166 112 111 110 118 146 96 95 45 99 98 23 83 32 31 84 15 14 13 20 168 153 152 109 156 155 85 141 93 143 144 122 121 69 72 78 108 56 55 12 59 58 3 40 7 42 43 164 163 132 135 11 158 117 160 119 120 161 94 103 53 105 106 82 81 30 33 64 65 19 67 21 22 68 151 50 28 29 2 140 167 142 145 127 128 77 130 79 80 131 54 114 90 91 38 39 92 41 44 26 76 24 52 9 10 159 17 148 149 101 102 150 104 107 88 139 86 116 62 63 66 51 8 49 27 6 37 4 162 125 126 129 115 61 113 89 25 18 1 16 147 87 5 
101 93 1 125 126 127 61 117 118 119 120 3 4 5 6 147 148 149 85 86 87 88 2 140 141 142 143 144 145 12 13 14 15 16 17 18 162 109 110 111 112 113 114 115 8 9 10 11 158 159 160 161 30 31 32 33 34 35 36 37 132 133 134 135 136 137 138 139 23 24 25 26 27 28 29 167 53 54 55 56 57 58 59 60 7 151 152 153 154 155 156 157 45 46 47 48 49 50 51 52 77 78 79 80 81 82 83 84 19 20 21 22 163 164 165 166 69 70 71 72 73 74 75 76 102 103 104 105 106 107 108 38 39 40 41 42 43 44 168 94 95 96 97 98 99 100 128 129 130 131 62 63 64 65 66 67 68 121 122 123 124 150 89 90 91 92 146 116 
102 98 126 77 128 129 153 146 72 124 70 6 147 101 149 103 104 150 43 164 165 132 143 123 122 121 99 45 97 35 17 18 1 125 162 127 130 92 22 68 20 168 151 152 160 119 118 161 96 95 94 71 84 15 60 13 37 4 5 148 89 67 66 65 44 7 42 163 9 167 142 141 93 145 144 69 81 59 58 57 36 3 34 16 115 63 62 116 41 40 39 21 25 2 27 28 159 158 117 120 107 55 54 108 33 32 31 14 110 139 88 87 38 91 90 19 48 49 8 51 10 11 52 140 131 80 79 30 83 82 12 134 85 136 137 114 113 61 64 74 75 23 24 76 26 29 106 105 53 56 154 109 156 111 112 157 86 100 46 47 50 78 133 166 135 138 73 155 
103 97 127 128 77 130 165 123 71 70 124 17 148 149 101 102 150 104 20 168 153 152 118 146 96 95 45 99 98 60 6 37 4 162 125 126 129 40 7 42 43 164 163 132 141 93 143 144 122 121 69 72 57 36 35 34 18 1 16 147 64 65 19 67 21 22 68 151 11 158 117 160 119 120 161 94 83 32 31 84 15 14 13 5 114 90 91 38 39 92 41 44 50 28 29 2 140 167 142 145 78 108 56 55 12 59 58 3 157 88 139 86 116 62 63 66 100 26 76 24 52 9 10 159 53 105 106 82 81 30 33 154 138 137 136 115 61 113 89 75 74 73 51 8 49 27 79 80 131 54 134 133 166 112 111 110 87 48 47 46 25 107 109 156 155 85 23 135 
104 70 148 129 130 77 164 95 45 97 98 37 127 162 125 150 102 103 68 153 168 151 120 121 69 123 71 72 124 34 18 17 16 149 101 147 128 65 44 43 42 165 132 163 159 144 145 93 94 146 96 99 59 14 13 60 6 5 4 126 91 40 39 92 22 21 20 152 52 142 167 140 161 118 119 122 54 84 33 32 3 36 35 1 86 116 64 63 19 67 66 7 49 29 28 27 160 117 158 143 79 30 81 82 58 57 12 15 111 61 113 114 90 89 38 41 75 25 24 76 11 10 9 141 105 53 107 55 56 108 31 135 136 85 138 87 88 139 62 100 48 47 8 51 50 2 78 131 80 83 155 156 109 110 157 112 115 74 73 23 26 106 166 133 134 137 46 154 
105 51 130 79 78 131 63 46 76 26 25 125 150 104 103 53 107 106 88 89 38 91 71 23 73 74 50 49 8 5 101 147 148 129 128 77 80 137 114 115 61 62 116 64 96 97 45 99 47 48 100 24 15 16 1 18 126 127 162 102 166 112 157 110 139 86 87 90 144 122 123 69 70 124 72 75 58 35 36 3 4 37 6 149 163 156 155 154 138 85 136 113 167 120 161 118 146 94 95 98 108 33 84 31 60 13 14 17 44 152 151 168 135 134 133 111 27 160 159 158 145 93 143 121 83 82 81 59 12 57 34 39 68 22 21 132 165 164 109 10 9 52 142 141 140 119 56 55 54 32 19 65 66 43 42 7 153 2 29 28 117 30 40 41 92 20 11 67 
106 26 150 80 131 78 62 74 50 51 8 147 130 129 128 107 53 105 87 38 89 90 124 48 100 46 76 24 25 18 126 125 162 104 103 102 79 112 113 61 115 63 64 116 121 99 98 97 75 23 73 49 13 37 6 5 101 149 148 77 155 137 138 85 86 139 88 91 145 95 94 146 72 71 70 47 32 3 34 35 17 16 1 127 168 135 166 133 157 110 111 114 140 161 120 119 69 123 122 45 56 57 12 59 14 15 60 4 42 165 164 163 156 109 154 136 10 117 158 159 144 143 93 96 82 83 30 31 84 33 36 67 21 20 68 153 152 151 134 27 2 29 141 142 167 118 108 54 55 58 92 41 40 7 44 43 132 9 52 11 160 81 66 65 19 22 28 39 
107 25 102 131 80 79 89 48 49 8 51 126 77 128 129 106 105 53 115 63 62 116 98 74 75 23 24 76 26 6 147 101 149 103 104 150 78 110 139 88 87 38 91 90 146 72 124 70 100 46 47 50 35 17 18 1 125 162 127 130 134 85 136 137 114 113 61 64 143 123 122 121 99 45 97 73 84 15 60 13 37 4 5 148 153 154 109 156 111 112 157 86 160 119 118 161 96 95 94 71 81 59 58 57 36 3 34 16 43 164 165 132 133 166 135 138 9 167 142 141 93 145 144 69 55 54 108 33 32 31 14 92 22 68 20 168 151 152 155 2 27 28 159 158 117 120 30 83 82 12 67 66 65 44 7 42 163 10 11 52 140 56 41 40 39 21 29 19 
108 167 105 83 82 81 166 27 160 159 158 130 79 78 131 56 55 54 163 156 155 154 51 10 9 52 142 141 140 125 150 104 103 53 107 106 30 44 152 151 168 135 134 133 46 76 26 25 2 29 28 117 5 101 147 148 129 128 77 80 39 68 22 21 132 165 164 109 71 23 73 74 50 49 8 11 15 16 1 18 126 127 162 102 63 19 65 66 43 42 7 153 96 97 45 99 47 48 100 24 58 35 36 3 4 37 6 149 88 89 38 91 40 41 92 20 144 122 123 69 70 124 72 75 33 84 31 60 13 14 17 137 114 115 61 62 116 64 67 120 161 118 146 94 95 98 59 12 57 34 112 157 110 139 86 87 90 145 93 143 121 32 138 85 136 113 119 111 
109 30 132 133 134 135 117 53 54 55 56 7 151 152 153 154 155 156 2 140 141 142 77 78 79 80 81 82 83 19 20 21 22 163 164 165 166 8 9 10 11 158 159 160 101 102 103 104 105 106 107 108 38 39 40 41 42 43 44 168 23 24 25 26 27 28 29 167 1 125 126 127 128 129 130 131 61 62 63 64 65 66 67 68 45 46 47 48 49 50 51 52 3 4 5 6 147 148 149 150 85 86 87 88 89 90 91 92 69 70 71 72 73 74 75 76 12 13 14 15 16 17 18 162 110 111 112 113 114 115 116 93 94 95 96 97 98 99 100 31 32 33 34 35 36 37 136 137 138 139 118 119 120 121 122 123 124 57 58 59 60 157 143 144 145 146 84 161 
110 35 134 85 136 137 48 84 15 60 13 153 154 109 156 111 112 157 98 74 75 23 81 59 58 57 36 3 34 43 164 165 132 133 166 135 138 146 72 124 70 100 46 47 107 55 54 108 33 32 31 14 92 22 68 20 168 151 152 155 143 123 122 121 99 45 97 73 102 131 80 79 30 83 82 12 89 67 66 65 44 7 42 163 160 119 118 161 96 95 94 71 126 77 128 129 106 105 53 56 115 63 62 116 41 40 39 21 9 167 142 141 93 145 144 69 6 147 101 149 103 104 150 78 139 88 87 38 91 90 19 25 2 27 28 159 158 117 120 17 18 1 125 162 127 130 114 113 61 64 49 8 51 10 11 52 140 37 4 5 148 86 24 76 26 29 16 50 
111 34 135 136 85 138 75 59 14 13 60 164 155 156 109 110 157 112 70 100 48 47 54 84 33 32 3 36 35 68 153 168 151 166 133 134 137 95 45 97 98 74 73 23 79 30 81 82 58 57 12 15 65 44 43 42 165 132 163 154 120 121 69 123 71 72 124 46 104 105 53 107 55 56 108 31 91 40 39 92 22 21 20 152 159 144 145 93 94 146 96 99 148 129 130 77 78 131 80 83 86 116 64 63 19 67 66 7 52 142 167 140 161 118 119 122 37 127 162 125 150 102 103 106 61 113 114 90 89 38 41 49 29 28 27 160 117 158 143 18 17 16 149 101 147 128 87 88 139 62 25 24 76 11 10 9 141 6 5 4 126 115 8 51 50 2 1 26 
112 13 155 137 138 85 74 32 3 34 35 168 135 166 133 157 110 111 124 48 100 46 56 57 12 59 14 15 60 42 165 164 163 156 109 154 136 121 99 98 97 75 23 73 106 82 83 30 31 84 33 36 67 21 20 68 153 152 151 134 145 95 94 146 72 71 70 47 150 80 131 78 108 54 55 58 62 92 41 40 7 44 43 132 140 161 120 119 69 123 122 45 147 130 129 128 107 53 105 81 87 38 89 90 66 65 19 22 10 117 158 159 144 143 93 96 18 126 125 162 104 103 102 79 113 61 115 63 64 116 39 26 27 2 29 141 142 167 118 37 6 5 101 149 148 77 86 139 88 91 50 51 8 9 52 11 160 17 16 1 127 114 76 24 25 28 4 49 
113 149 138 87 86 139 119 4 162 127 126 133 157 112 111 61 115 114 142 143 93 145 14 1 16 17 148 147 101 152 109 154 155 137 136 85 88 28 159 160 117 118 161 120 33 34 3 36 5 6 37 125 22 163 132 165 134 135 166 110 76 11 52 9 167 140 141 144 82 58 59 12 13 60 15 18 66 43 44 7 151 168 153 156 73 51 50 49 29 2 27 158 131 56 108 54 84 31 32 35 116 41 92 39 68 20 21 164 99 47 46 100 26 25 24 10 128 107 106 105 83 30 81 57 91 90 89 67 19 65 42 94 124 72 71 23 75 74 8 103 102 150 80 79 78 55 64 63 62 40 69 121 122 98 97 45 48 77 130 129 53 38 95 96 146 70 104 123 
114 127 157 88 139 86 118 17 148 149 101 154 138 137 136 115 61 113 141 93 143 144 60 6 37 4 162 125 126 165 134 133 166 112 111 110 87 11 158 117 160 119 120 161 57 36 35 34 18 1 16 147 20 168 153 152 109 156 155 85 50 28 29 2 140 167 142 145 83 32 31 84 15 14 13 5 40 7 42 43 164 163 132 135 100 26 76 24 52 9 10 159 78 108 56 55 12 59 58 3 64 65 19 67 21 22 68 151 97 75 74 73 51 8 49 27 103 53 105 106 82 81 30 33 90 91 38 39 92 41 44 123 71 70 124 48 47 46 25 128 77 130 79 80 131 54 116 62 63 66 146 96 95 45 99 98 23 102 150 104 107 89 122 121 69 72 129 94 
115 126 110 139 88 87 143 6 147 101 149 134 85 136 137 114 113 61 160 119 118 161 35 17 18 1 125 162 127 153 154 109 156 111 112 157 86 9 167 142 141 93 145 144 84 15 60 13 37 4 5 148 43 164 165 132 133 166 135 138 25 2 27 28 159 158 117 120 81 59 58 57 36 3 34 16 92 22 68 20 168 151 152 155 48 49 8 51 10 11 52 140 107 55 54 108 33 32 31 14 89 67 66 65 44 7 42 163 98 74 75 23 24 76 26 29 102 131 80 79 30 83 82 12 63 62 116 41 40 39 21 146 72 124 70 100 46 47 50 77 128 129 106 105 53 56 38 91 90 19 123 122 121 99 45 97 73 103 104 150 78 64 96 95 94 71 130 69 
116 131 113 91 90 89 76 128 107 106 105 138 87 86 139 64 63 62 73 51 50 49 149 103 102 150 80 79 78 133 157 112 111 61 115 114 38 99 47 46 100 26 25 24 4 162 127 126 77 130 129 53 152 109 154 155 137 136 85 88 94 124 72 71 23 75 74 8 14 1 16 17 148 147 101 104 22 163 132 165 134 135 166 110 119 69 121 122 98 97 45 48 33 34 3 36 5 6 37 125 66 43 44 7 151 168 153 156 142 143 93 145 95 96 146 70 82 58 59 12 13 60 15 18 41 92 39 68 20 21 164 28 159 160 117 118 161 120 123 56 108 54 84 31 32 35 67 19 65 42 11 52 9 167 140 141 144 83 30 81 57 40 29 2 27 158 55 10 
117 109 2 140 141 142 30 132 133 134 135 8 9 10 11 158 159 160 53 54 55 56 7 151 152 153 154 155 156 23 24 25 26 27 28 29 167 77 78 79 80 81 82 83 19 20 21 22 163 164 165 166 45 46 47 48 49 50 51 52 101 102 103 104 105 106 107 108 38 39 40 41 42 43 44 168 69 70 71 72 73 74 75 76 1 125 126 127 128 129 130 131 61 62 63 64 65 66 67 68 93 94 95 96 97 98 99 100 3 4 5 6 147 148 149 150 85 86 87 88 89 90 91 92 118 119 120 121 122 123 124 12 13 14 15 16 17 18 162 110 111 112 113 114 115 116 143 144 145 146 31 32 33 34 35 36 37 136 137 138 139 161 57 58 59 60 157 84 
118 114 141 93 143 144 127 157 88 139 86 11 158 117 160 119 120 161 17 148 149 101 154 138 137 136 115 61 113 50 28 29 2 140 167 142 145 60 6 37 4 162 125 126 165 134 133 166 112 111 110 87 100 26 76 24 52 9 10 159 57 36 35 34 18 1 16 147 20 168 153 152 109 156 155 85 97 75 74 73 51 8 49 27 83 32 31 84 15 14 13 5 40 7 42 43 164 163 132 135 123 71 70 124 48 47 46 25 78 108 56 55 12 59 58 3 64 65 19 67 21 22 68 151 146 96 95 45 99 98 23 103 53 105 106 82 81 30 33 90 91 38 39 92 41 44 122 121 69 72 128 77 130 79 80 131 54 116 62 63 66 94 102 150 104 107 89 129 
119 113 142 143 93 145 149 138 87 86 139 28 159 160 117 118 161 120 4 162 127 126 133 157 112 111 61 115 114 76 11 52 9 167 140 141 144 14 1 16 17 148 147 101 152 109 154 155 137 136 85 88 73 51 50 49 29 2 27 158 33 34 3 36 5 6 37 125 22 163 132 165 134 135 166 110 99 47 46 100 26 25 24 10 82 58 59 12 13 60 15 18 66 43 44 7 151 168 153 156 94 124 72 71 23 75 74 8 131 56 108 54 84 31 32 35 116 41 92 39 68 20 21 164 69 121 122 98 97 45 48 128 107 106 105 83 30 81 57 91 90 89 67 19 65 42 95 96 146 70 103 102 150 80 79 78 55 64 63 62 40 123 77 130 129 53 38 104 
120 86 159 144 145 93 148 111 61 113 114 52 142 167 140 161 118 119 37 127 162 125 135 136 85 138 87 88 139 49 29 28 27 160 117 158 143 34 18 17 16 149 101 147 164 155 156 109 110 157 112 115 75 25 24 76 11 10 9 141 59 14 13 60 6 5 4 126 68 153 168 151 166 133 134 137 70 100 48 47 8 51 50 2 54 84 33 32 3 36 35 1 65 44 43 42 165 132 163 154 95 45 97 98 74 73 23 26 79 30 81 82 58 57 12 15 91 40 39 92 22 21 20 152 121 69 123 71 72 124 46 104 105 53 107 55 56 108 31 116 64 63 19 67 66 7 94 146 96 99 129 130 77 78 131 80 83 90 89 38 41 122 150 102 103 106 62 128 
121 67 145 95 94 146 32 62 92 41 40 140 161 120 119 69 123 122 56 57 12 59 87 38 89 90 66 65 19 10 117 158 159 144 143 93 96 106 82 83 30 31 84 33 112 113 61 115 63 64 116 39 26 27 2 29 141 142 167 118 150 80 131 78 108 54 55 58 155 137 138 85 86 139 88 91 74 50 51 8 9 52 11 160 147 130 129 128 107 53 105 81 168 135 166 133 157 110 111 114 124 48 100 46 76 24 25 28 18 126 125 162 104 103 102 79 42 165 164 163 156 109 154 136 99 98 97 75 23 73 49 13 37 6 5 101 149 148 77 21 20 68 153 152 151 134 72 71 70 47 3 34 35 17 16 1 127 7 44 43 132 45 14 15 60 4 22 36 
122 41 161 96 146 94 31 90 66 67 19 158 145 144 143 123 69 121 55 12 57 58 139 64 116 62 92 39 40 29 141 140 167 120 119 118 95 80 81 30 83 32 33 84 136 115 114 113 91 38 89 65 24 52 11 10 117 160 159 93 129 106 107 53 54 108 56 59 156 111 110 157 88 87 86 63 47 8 49 50 28 27 2 142 162 104 150 102 131 78 79 82 151 166 135 134 85 138 137 61 72 73 23 75 25 26 76 9 16 149 148 147 130 77 128 105 21 132 163 164 155 154 109 112 98 99 45 46 100 48 51 36 5 4 37 127 126 125 103 42 7 44 152 153 168 133 124 70 71 74 60 15 14 1 18 17 101 20 68 22 165 97 35 34 3 6 43 13 
123 40 118 146 96 95 57 64 65 19 67 141 93 143 144 122 121 69 83 32 31 84 114 90 91 38 39 92 41 11 158 117 160 119 120 161 94 78 108 56 55 12 59 58 157 88 139 86 116 62 63 66 50 28 29 2 140 167 142 145 103 53 105 106 82 81 30 33 154 138 137 136 115 61 113 89 100 26 76 24 52 9 10 159 127 128 77 130 79 80 131 54 165 134 133 166 112 111 110 87 97 75 74 73 51 8 49 27 17 148 149 101 102 150 104 107 20 168 153 152 109 156 155 85 71 70 124 48 47 46 25 60 6 37 4 162 125 126 129 7 42 43 164 163 132 135 45 99 98 23 36 35 34 18 1 16 147 21 22 68 151 72 15 14 13 5 44 3 
124 168 121 99 98 97 150 42 165 164 163 145 95 94 146 72 71 70 147 130 129 128 67 21 20 68 153 152 151 140 161 120 119 69 123 122 45 18 126 125 162 104 103 102 62 92 41 40 7 44 43 132 10 117 158 159 144 143 93 96 13 37 6 5 101 149 148 77 87 38 89 90 66 65 19 22 26 27 2 29 141 142 167 118 32 3 34 35 17 16 1 127 112 113 61 115 63 64 116 39 74 50 51 8 9 52 11 160 56 57 12 59 14 15 60 4 155 137 138 85 86 139 88 91 48 100 46 76 24 25 28 106 82 83 30 31 84 33 36 135 166 133 157 110 111 114 75 23 73 49 80 131 78 108 54 55 58 156 109 154 136 47 107 53 105 81 134 79 
125 144 5 101 147 148 88 167 120 161 118 15 16 1 18 126 127 162 137 114 115 61 27 160 159 158 145 93 143 58 35 36 3 4 37 6 149 166 112 157 110 139 86 87 51 10 9 52 142 141 140 119 108 33 84 31 60 13 14 17 163 156 155 154 138 85 136 113 46 76 26 25 2 29 28 117 105 83 82 81 59 12 57 34 44 152 151 168 135 134 133 111 71 23 73 74 50 49 8 11 130 79 78 131 56 55 54 32 39 68 22 21 132 165 164 109 96 97 45 99 47 48 100 24 150 104 103 53 107 106 30 63 19 65 66 43 42 7 153 122 123 69 70 124 72 75 129 128 77 80 89 38 91 40 41 92 20 146 94 95 98 102 62 116 64 67 121 90 
126 143 6 147 101 149 115 160 119 118 161 35 17 18 1 125 162 127 110 139 88 87 9 167 142 141 93 145 144 84 15 60 13 37 4 5 148 134 85 136 137 114 113 61 25 2 27 28 159 158 117 120 81 59 58 57 36 3 34 16 153 154 109 156 111 112 157 86 48 49 8 51 10 11 52 140 107 55 54 108 33 32 31 14 43 164 165 132 133 166 135 138 98 74 75 23 24 76 26 29 102 131 80 79 30 83 82 12 92 22 68 20 168 151 152 155 146 72 124 70 100 46 47 50 77 128 129 106 105 53 56 89 67 66 65 44 7 42 163 123 122 121 99 45 97 73 103 104 150 78 63 62 116 41 40 39 21 96 95 94 71 130 38 91 90 19 69 64 
127 118 17 148 149 101 114 141 93 143 144 60 6 37 4 162 125 126 157 88 139 86 11 158 117 160 119 120 161 57 36 35 34 18 1 16 147 154 138 137 136 115 61 113 50 28 29 2 140 167 142 145 83 32 31 84 15 14 13 5 165 134 133 166 112 111 110 87 100 26 76 24 52 9 10 159 78 108 56 55 12 59 58 3 20 168 153 152 109 156 155 85 97 75 74 73 51 8 49 27 103 53 105 106 82 81 30 33 40 7 42 43 164 163 132 135 123 71 70 124 48 47 46 25 128 77 130 79 80 131 54 64 65 19 67 21 22 68 151 146 96 95 45 99 98 23 102 150 104 107 90 91 38 39 92 41 44 122 121 69 72 129 116 62 63 66 94 89 
128 99 149 103 102 150 152 94 124 72 71 4 162 127 126 77 130 129 22 163 132 165 119 69 121 122 98 97 45 14 1 16 17 148 147 101 104 66 43 44 7 151 168 153 142 143 93 145 95 96 146 70 33 34 3 36 5 6 37 125 116 41 92 39 68 20 21 164 28 159 160 117 118 161 120 123 82 58 59 12 13 60 15 18 113 91 90 89 67 19 65 42 76 11 52 9 167 140 141 144 131 56 108 54 84 31 32 35 138 87 86 139 64 63 62 40 73 51 50 49 29 2 27 158 107 106 105 83 30 81 57 133 157 112 111 61 115 114 38 47 46 100 26 25 24 10 80 79 78 55 109 154 155 137 136 85 88 23 75 74 8 53 134 135 166 110 48 156 
129 72 162 104 150 102 151 122 98 99 45 16 149 148 147 130 77 128 21 132 163 164 161 96 146 94 124 70 71 36 5 4 37 127 126 125 103 41 42 7 44 152 153 168 158 145 144 143 123 69 121 97 31 60 15 14 1 18 17 101 90 66 67 19 20 68 22 165 29 141 140 167 120 119 118 95 55 12 57 58 35 34 3 6 139 64 116 62 92 39 40 43 24 52 11 10 117 160 159 93 80 81 30 83 32 33 84 13 136 115 114 113 91 38 89 65 47 8 49 50 28 27 2 142 106 107 53 54 108 56 59 156 111 110 157 88 87 86 63 73 23 75 25 26 76 9 131 78 79 82 166 135 134 85 138 137 61 46 100 48 51 105 155 154 109 112 74 133 
130 71 125 150 104 103 163 96 97 45 99 5 101 147 148 129 128 77 44 152 151 168 144 122 123 69 70 124 72 15 16 1 18 126 127 162 102 39 68 22 21 132 165 164 167 120 161 118 146 94 95 98 58 35 36 3 4 37 6 149 63 19 65 66 43 42 7 153 27 160 159 158 145 93 143 121 108 33 84 31 60 13 14 17 88 89 38 91 40 41 92 20 51 10 9 52 142 141 140 119 105 83 82 81 59 12 57 34 137 114 115 61 62 116 64 67 46 76 26 25 2 29 28 117 79 78 131 56 55 54 32 166 112 157 110 139 86 87 90 23 73 74 50 49 8 11 53 107 106 30 156 155 154 138 85 136 113 47 48 100 24 80 135 134 133 111 75 109 
131 76 128 107 106 105 116 73 51 50 49 149 103 102 150 80 79 78 113 91 90 89 99 47 46 100 26 25 24 4 162 127 126 77 130 129 53 138 87 86 139 64 63 62 94 124 72 71 23 75 74 8 14 1 16 17 148 147 101 104 133 157 112 111 61 115 114 38 119 69 121 122 98 97 45 48 33 34 3 36 5 6 37 125 152 109 154 155 137 136 85 88 142 143 93 145 95 96 146 70 82 58 59 12 13 60 15 18 22 163 132 165 134 135 166 110 28 159 160 117 118 161 120 123 56 108 54 84 31 32 35 66 43 44 7 151 168 153 156 11 52 9 167 140 141 144 83 30 81 57 41 92 39 68 20 21 164 29 2 27 158 55 67 19 65 42 10 40 
132 77 7 151 152 153 45 101 102 103 104 19 20 21 22 163 164 165 69 70 71 72 1 125 126 127 128 129 130 38 39 40 41 42 43 44 168 93 94 95 96 97 98 99 3 4 5 6 147 148 149 150 61 62 63 64 65 66 67 68 117 118 119 120 121 122 123 124 12 13 14 15 16 17 18 162 85 86 87 88 89 90 91 92 2 140 141 142 143 144 145 146 30 31 32 33 34 35 36 37 109 110 111 112 113 114 115 116 8 9 10 11 158 159 160 161 53 54 55 56 57 58 59 60 133 134 135 136 137 138 139 23 24 25 26 27 28 29 167 78 79 80 81 82 83 84 154 155 156 157 46 47 48 49 50 51 52 105 106 107 108 166 73 74 75 76 131 100 
133 82 152 109 154 155 142 131 56 108 54 22 163 132 165 134 135 166 28 159 160 117 128 107 106 105 83 30 81 66 43 44 7 151 168 153 156 76 11 52 9 167 140 141 149 103 102 150 80 79 78 55 116 41 92 39 68 20 21 164 73 51 50 49 29 2 27 158 4 162 127 126 77 130 129 53 113 91 90 89 67 19 65 42 99 47 46 100 26 25 24 10 14 1 16 17 148 147 101 104 138 87 86 139 64 63 62 40 94 124 72 71 23 75 74 8 33 34 3 36 5 6 37 125 157 112 111 61 115 114 38 119 69 121 122 98 97 45 48 58 59 12 13 60 15 18 137 136 85 88 143 93 145 95 96 146 70 84 31 32 35 110 118 161 120 123 57 144 
134 81 153 154 109 156 160 107 55 54 108 43 164 165 132 133 166 135 9 167 142 141 102 131 80 79 30 83 82 92 22 68 20 168 151 152 155 25 2 27 28 159 158 117 126 77 128 129 106 105 53 56 89 67 66 65 44 7 42 163 48 49 8 51 10 11 52 140 6 147 101 149 103 104 150 78 115 63 62 116 41 40 39 21 98 74 75 23 24 76 26 29 35 17 18 1 125 162 127 130 110 139 88 87 38 91 90 19 146 72 124 70 100 46 47 50 84 15 60 13 37 4 5 148 85 136 137 114 113 61 64 143 123 122 121 99 45 97 73 59 58 57 36 3 34 16 111 112 157 86 119 118 161 96 95 94 71 33 32 31 14 138 93 145 144 69 12 120 
135 54 164 155 156 109 159 79 30 81 82 68 153 168 151 166 133 134 52 142 167 140 104 105 53 107 55 56 108 65 44 43 42 165 132 163 154 49 29 28 27 160 117 158 148 129 130 77 78 131 80 83 91 40 39 92 22 21 20 152 75 25 24 76 11 10 9 141 37 127 162 125 150 102 103 106 86 116 64 63 19 67 66 7 70 100 48 47 8 51 50 2 34 18 17 16 149 101 147 128 111 61 113 114 90 89 38 41 95 45 97 98 74 73 23 26 59 14 13 60 6 5 4 126 136 85 138 87 88 139 62 120 121 69 123 71 72 124 46 84 33 32 3 36 35 1 110 157 112 115 144 145 93 94 146 96 99 58 57 12 15 137 161 118 119 122 31 143 
136 36 156 111 110 157 47 31 60 15 14 151 166 135 134 85 138 137 72 73 23 75 55 12 57 58 35 34 3 21 132 163 164 155 154 109 112 122 98 99 45 46 100 48 80 81 30 83 32 33 84 13 41 42 7 44 152 153 168 133 161 96 146 94 124 70 71 74 129 106 107 53 54 108 56 59 90 66 67 19 20 68 22 165 158 145 144 143 123 69 121 97 162 104 150 102 131 78 79 82 139 64 116 62 92 39 40 43 29 141 140 167 120 119 118 95 16 149 148 147 130 77 128 105 115 114 113 91 38 89 65 24 52 11 10 117 160 159 93 5 4 37 127 126 125 103 88 87 86 63 8 49 50 28 27 2 142 1 18 17 101 61 25 26 76 9 6 51 
137 15 166 112 157 110 46 58 35 36 3 163 156 155 154 138 85 136 71 23 73 74 108 33 84 31 60 13 14 44 152 151 168 135 134 133 111 96 97 45 99 47 48 100 105 83 82 81 59 12 57 34 39 68 22 21 132 165 164 109 144 122 123 69 70 124 72 75 130 79 78 131 56 55 54 32 63 19 65 66 43 42 7 153 167 120 161 118 146 94 95 98 125 150 104 103 53 107 106 30 88 89 38 91 40 41 92 20 27 160 159 158 145 93 143 121 5 101 147 148 129 128 77 80 114 115 61 62 116 64 67 51 10 9 52 142 141 140 119 16 1 18 126 127 162 102 139 86 87 90 76 26 25 2 29 28 117 4 37 6 149 113 50 49 8 11 17 24 
138 14 133 157 112 111 73 33 34 3 36 152 109 154 155 137 136 85 99 47 46 100 82 58 59 12 13 60 15 22 163 132 165 134 135 166 110 94 124 72 71 23 75 74 131 56 108 54 84 31 32 35 66 43 44 7 151 168 153 156 119 69 121 122 98 97 45 48 128 107 106 105 83 30 81 57 116 41 92 39 68 20 21 164 142 143 93 145 95 96 146 70 149 103 102 150 80 79 78 55 113 91 90 89 67 19 65 42 28 159 160 117 118 161 120 123 4 162 127 126 77 130 129 53 87 86 139 64 63 62 40 76 11 52 9 167 140 141 144 1 16 17 148 147 101 104 61 115 114 38 51 50 49 29 2 27 158 5 6 37 125 88 26 25 24 10 18 8 
139 162 136 115 114 113 161 16 149 148 147 156 111 110 157 88 87 86 158 145 144 143 36 5 4 37 127 126 125 151 166 135 134 85 138 137 61 29 141 140 167 120 119 118 31 60 15 14 1 18 17 101 21 132 163 164 155 154 109 112 24 52 11 10 117 160 159 93 55 12 57 58 35 34 3 6 41 42 7 44 152 153 168 133 47 8 49 50 28 27 2 142 80 81 30 83 32 33 84 13 90 66 67 19 20 68 22 165 72 73 23 75 25 26 76 9 129 106 107 53 54 108 56 59 64 116 62 92 39 40 43 122 98 99 45 46 100 48 51 104 150 102 131 78 79 82 91 38 89 65 96 146 94 124 70 71 74 130 77 128 105 63 123 69 121 97 103 95 
140 155 10 117 158 159 56 168 135 166 133 26 27 2 29 141 142 167 106 82 83 30 42 165 164 163 156 109 154 74 50 51 8 9 52 11 160 150 80 131 78 108 54 55 67 21 20 68 153 152 151 134 124 48 100 46 76 24 25 28 147 130 129 128 107 53 105 81 62 92 41 40 7 44 43 132 121 99 98 97 75 23 73 49 18 126 125 162 104 103 102 79 87 38 89 90 66 65 19 22 145 95 94 146 72 71 70 47 13 37 6 5 101 149 148 77 112 113 61 115 63 64 116 39 161 120 119 69 123 122 45 32 3 34 35 17 16 1 127 137 138 85 86 139 88 91 144 143 93 96 57 12 59 14 15 60 4 157 110 111 114 118 31 84 33 36 136 58 
141 154 11 158 117 160 83 165 134 133 166 50 28 29 2 140 167 142 78 108 56 55 20 168 153 152 109 156 155 100 26 76 24 52 9 10 159 103 53 105 106 82 81 30 40 7 42 43 164 163 132 135 97 75 74 73 51 8 49 27 127 128 77 130 79 80 131 54 64 65 19 67 21 22 68 151 123 71 70 124 48 47 46 25 17 148 149 101 102 150 104 107 114 90 91 38 39 92 41 44 118 146 96 95 45 99 98 23 60 6 37 4 162 125 126 129 157 88 139 86 116 62 63 66 93 143 144 122 121 69 72 57 36 35 34 18 1 16 147 138 137 136 115 61 113 89 119 120 161 94 32 31 84 15 14 13 5 112 111 110 87 145 12 59 58 3 85 33 
142 133 28 159 160 117 82 152 109 154 155 76 11 52 9 167 140 141 131 56 108 54 22 163 132 165 134 135 166 73 51 50 49 29 2 27 158 128 107 106 105 83 30 81 66 43 44 7 151 168 153 156 99 47 46 100 26 25 24 10 149 103 102 150 80 79 78 55 116 41 92 39 68 20 21 164 94 124 72 71 23 75 74 8 4 162 127 126 77 130 129 53 113 91 90 89 67 19 65 42 119 69 121 122 98 97 45 48 14 1 16 17 148 147 101 104 138 87 86 139 64 63 62 40 143 93 145 95 96 146 70 33 34 3 36 5 6 37 125 157 112 111 61 115 114 38 118 161 120 123 58 59 12 13 60 15 18 137 136 85 88 144 84 31 32 35 110 57 
143 115 160 119 118 161 126 110 139 88 87 9 167 142 141 93 145 144 6 147 101 149 134 85 136 137 114 113 61 25 2 27 28 159 158 117 120 35 17 18 1 125 162 127 153 154 109 156 111 112 157 86 48 49 8 51 10 11 52 140 84 15 60 13 37 4 5 148 43 164 165 132 133 166 135 138 98 74 75 23 24 76 26 29 81 59 58 57 36 3 34 16 92 22 68 20 168 151 152 155 146 72 124 70 100 46 47 50 107 55 54 108 33 32 31 14 89 67 66 65 44 7 42 163 123 122 121 99 45 97 73 102 131 80 79 30 83 82 12 63 62 116 41 40 39 21 96 95 94 71 77 128 129 106 105 53 56 38 91 90 19 69 103 104 150 78 64 130 
144 88 167 120 161 118 125 137 114 115 61 27 160 159 158 145 93 143 5 101 147 148 166 112 157 110 139 86 87 51 10 9 52 142 141 140 119 15 16 1 18 126 127 162 163 156 155 154 138 85 136 113 46 76 26 25 2 29 28 117 58 35 36 3 4 37 6 149 44 152 151 168 135 134 133 111 71 23 73 74 50 49 8 11 108 33 84 31 60 13 14 17 39 68 22 21 132 165 164 109 96 97 45 99 47 48 100 24 105 83 82 81 59 12 57 34 63 19 65 66 43 42 7 153 122 123 69 70 124 72 75 130 79 78 131 56 55 54 32 89 38 91 40 41 92 20 146 94 95 98 150 104 103 53 107 106 30 62 116 64 67 121 129 128 77 80 90 102 
145 87 140 161 120 119 147 112 113 61 115 10 117 158 159 144 143 93 18 126 125 162 155 137 138 85 86 139 88 26 27 2 29 141 142 167 118 13 37 6 5 101 149 148 168 135 166 133 157 110 111 114 74 50 51 8 9 52 11 160 32 3 34 35 17 16 1 127 42 165 164 163 156 109 154 136 124 48 100 46 76 24 25 28 56 57 12 59 14 15 60 4 67 21 20 68 153 152 151 134 121 99 98 97 75 23 73 49 106 82 83 30 31 84 33 36 62 92 41 40 7 44 43 132 95 94 146 72 71 70 47 150 80 131 78 108 54 55 58 38 89 90 66 65 19 22 69 123 122 45 130 129 128 107 53 105 81 63 64 116 39 96 104 103 102 79 91 77 
146 92 143 123 122 121 84 89 67 66 65 160 119 118 161 96 95 94 81 59 58 57 115 63 62 116 41 40 39 9 167 142 141 93 145 144 69 107 55 54 108 33 32 31 110 139 88 87 38 91 90 19 25 2 27 28 159 158 117 120 102 131 80 79 30 83 82 12 134 85 136 137 114 113 61 64 48 49 8 51 10 11 52 140 126 77 128 129 106 105 53 56 153 154 109 156 111 112 157 86 98 74 75 23 24 76 26 29 6 147 101 149 103 104 150 78 43 164 165 132 133 166 135 138 72 124 70 100 46 47 50 35 17 18 1 125 162 127 130 22 68 20 168 151 152 155 99 45 97 73 15 60 13 37 4 5 148 44 7 42 163 71 36 3 34 16 21 14 
147 145 18 126 125 162 87 140 161 120 119 13 37 6 5 101 149 148 112 113 61 115 10 117 158 159 144 143 93 32 3 34 35 17 16 1 127 155 137 138 85 86 139 88 26 27 2 29 141 142 167 118 56 57 12 59 14 15 60 4 168 135 166 133 157 110 111 114 74 50 51 8 9 52 11 160 106 82 83 30 31 84 33 36 42 165 164 163 156 109 154 136 124 48 100 46 76 24 25 28 150 80 131 78 108 54 55 58 67 21 20 68 153 152 151 134 121 99 98 97 75 23 73 49 130 129 128 107 53 105 81 62 92 41 40 7 44 43 132 95 94 146 72 71 70 47 104 103 102 79 38 89 90 66 65 19 22 69 123 122 45 77 63 64 116 39 96 91 
148 120 37 127 162 125 86 159 144 145 93 34 18 17 16 149 101 147 111 61 113 114 52 142 167 140 161 118 119 59 14 13 60 6 5 4 126 135 136 85 138 87 88 139 49 29 28 27 160 117 158 143 54 84 33 32 3 36 35 1 164 155 156 109 110 157 112 115 75 25 24 76 11 10 9 141 79 30 81 82 58 57 12 15 68 153 168 151 166 133 134 137 70 100 48 47 8 51 50 2 104 105 53 107 55 56 108 31 65 44 43 42 165 132 163 154 95 45 97 98 74 73 23 26 129 130 77 78 131 80 83 91 40 39 92 22 21 20 152 121 69 123 71 72 124 46 150 102 103 106 116 64 63 19 67 66 7 94 146 96 99 128 90 89 38 41 122 62 
149 119 4 162 127 126 113 142 143 93 145 14 1 16 17 148 147 101 138 87 86 139 28 159 160 117 118 161 120 33 34 3 36 5 6 37 125 133 157 112 111 61 115 114 76 11 52 9 167 140 141 144 82 58 59 12 13 60 15 18 152 109 154 155 137 136 85 88 73 51 50 49 29 2 27 158 131 56 108 54 84 31 32 35 22 163 132 165 134 135 166 110 99 47 46 100 26 25 24 10 128 107 106 105 83 30 81 57 66 43 44 7 151 168 153 156 94 124 72 71 23 75 74 8 103 102 150 80 79 78 55 116 41 92 39 68 20 21 164 69 121 122 98 97 45 48 77 130 129 53 91 90 89 67 19 65 42 95 96 146 70 104 64 63 62 40 123 38 
150 124 147 130 129 128 168 121 99 98 97 18 126 125 162 104 103 102 42 165 164 163 145 95 94 146 72 71 70 13 37 6 5 101 149 148 77 67 21 20 68 153 152 151 140 161 120 119 69 123 122 45 32 3 34 35 17 16 1 127 62 92 41 40 7 44 43 132 10 117 158 159 144 143 93 96 56 57 12 59 14 15 60 4 87 38 89 90 66 65 19 22 26 27 2 29 141 142 167 118 106 82 83 30 31 84 33 36 112 113 61 115 63 64 116 39 74 50 51 8 9 52 11 160 80 131 78 108 54 55 58 155 137 138 85 86 139 88 91 48 100 46 76 24 25 28 107 53 105 81 135 166 133 157 110 111 114 75 23 73 49 79 156 109 154 136 47 134 
151 129 21 132 163 164 72 162 104 150 102 41 42 7 44 152 153 168 122 98 99 45 16 149 148 147 130 77 128 90 66 67 19 20 68 22 165 161 96 146 94 124 70 71 36 5 4 37 127 126 125 103 139 64 116 62 92 39 40 43 158 145 144 143 123 69 121 97 31 60 15 14 1 18 17 101 136 115 114 113 91 38 89 65 29 141 140 167 120 119 118 95 55 12 57 58 35 34 3 6 156 111 110 157 88 87 86 63 24 52 11 10 117 160 159 93 80 81 30 83 32 33 84 13 166 135 134 85 138 137 61 47 8 49 50 28 27 2 142 106 107 53 54 108 56 59 155 154 109 112 73 23 75 25 26 76 9 131 78 79 82 133 46 100 48 51 105 74 
152 128 22 163 132 165 99 149 103 102 150 66 43 44 7 151 168 153 94 124 72 71 4 162 127 126 77 130 129 116 41 92 39 68 20 21 164 119 69 121 122 98 97 45 14 1 16 17 148 147 101 104 113 91 90 89 67 19 65 42 142 143 93 145 95 96 146 70 33 34 3 36 5 6 37 125 138 87 86 139 64 63 62 40 28 159 160 117 118 161 120 123 82 58 59 12 13 60 15 18 133 157 112 111 61 115 114 38 76 11 52 9 167 140 141 144 131 56 108 54 84 31 32 35 109 154 155 137 136 85 88 73 51 50 49 29 2 27 158 107 106 105 83 30 81 57 134 135 166 110 47 46 100 26 25 24 10 80 79 78 55 156 23 75 74 8 53 48 
153 102 43 164 165 132 98 126 77 128 129 92 22 68 20 168 151 152 146 72 124 70 6 147 101 149 103 104 150 89 67 66 65 44 7 42 163 143 123 122 121 99 45 97 35 17 18 1 125 162 127 130 115 63 62 116 41 40 39 21 160 119 118 161 96 95 94 71 84 15 60 13 37 4 5 148 110 139 88 87 38 91 90 19 9 167 142 141 93 145 144 69 81 59 58 57 36 3 34 16 134 85 136 137 114 113 61 64 25 2 27 28 159 158 117 120 107 55 54 108 33 32 31 14 154 109 156 111 112 157 86 48 49 8 51 10 11 52 140 131 80 79 30 83 82 12 133 166 135 138 74 75 23 24 76 26 29 106 105 53 56 155 100 46 47 50 78 73 
154 83 165 134 133 166 141 78 108 56 55 20 168 153 152 109 156 155 11 158 117 160 103 53 105 106 82 81 30 40 7 42 43 164 163 132 135 50 28 29 2 140 167 142 127 128 77 130 79 80 131 54 64 65 19 67 21 22 68 151 100 26 76 24 52 9 10 159 17 148 149 101 102 150 104 107 114 90 91 38 39 92 41 44 97 75 74 73 51 8 49 27 60 6 37 4 162 125 126 129 157 88 139 86 116 62 63 66 123 71 70 124 48 47 46 25 57 36 35 34 18 1 16 147 138 137 136 115 61 113 89 118 146 96 95 45 99 98 23 32 31 84 15 14 13 5 112 111 110 87 93 143 144 122 121 69 72 12 59 58 3 85 119 120 161 94 33 145 
155 56 168 135 166 133 140 106 82 83 30 42 165 164 163 156 109 154 10 117 158 159 150 80 131 78 108 54 55 67 21 20 68 153 152 151 134 26 27 2 29 141 142 167 147 130 129 128 107 53 105 81 62 92 41 40 7 44 43 132 74 50 51 8 9 52 11 160 18 126 125 162 104 103 102 79 87 38 89 90 66 65 19 22 124 48 100 46 76 24 25 28 13 37 6 5 101 149 148 77 112 113 61 115 63 64 116 39 121 99 98 97 75 23 73 49 32 3 34 35 17 16 1 127 137 138 85 86 139 88 91 145 95 94 146 72 71 70 47 57 12 59 14 15 60 4 157 110 111 114 161 120 119 69 123 122 45 31 84 33 36 136 144 143 93 96 58 118 
156 55 151 166 135 134 158 80 81 30 83 21 132 163 164 155 154 109 29 141 140 167 129 106 107 53 54 108 56 41 42 7 44 152 153 168 133 24 52 11 10 117 160 159 162 104 150 102 131 78 79 82 90 66 67 19 20 68 22 165 47 8 49 50 28 27 2 142 16 149 148 147 130 77 128 105 139 64 116 62 92 39 40 43 72 73 23 75 25 26 76 9 36 5 4 37 127 126 125 103 136 115 114 113 91 38 89 65 122 98 99 45 46 100 48 51 31 60 15 14 1 18 17 101 111 110 157 88 87 86 63 161 96 146 94 124 70 71 74 12 57 58 35 34 3 6 85 138 137 61 145 144 143 123 69 121 97 32 33 84 13 112 120 119 118 95 59 93 
157 60 154 138 137 136 100 57 36 35 34 165 134 133 166 112 111 110 97 75 74 73 83 32 31 84 15 14 13 20 168 153 152 109 156 155 85 123 71 70 124 48 47 46 78 108 56 55 12 59 58 3 40 7 42 43 164 163 132 135 118 146 96 95 45 99 98 23 103 53 105 106 82 81 30 33 64 65 19 67 21 22 68 151 141 93 143 144 122 121 69 72 127 128 77 130 79 80 131 54 114 90 91 38 39 92 41 44 11 158 117 160 119 120 161 94 17 148 149 101 102 150 104 107 88 139 86 116 62 63 66 50 28 29 2 140 167 142 145 6 37 4 162 125 126 129 115 61 113 89 26 76 24 52 9 10 159 18 1 16 147 87 51 8 49 27 5 25 
158 156 29 141 140 167 55 151 166 135 134 24 52 11 10 117 160 159 80 81 30 83 21 132 163 164 155 154 109 47 8 49 50 28 27 2 142 129 106 107 53 54 108 56 41 42 7 44 152 153 168 133 72 73 23 75 25 26 76 9 162 104 150 102 131 78 79 82 90 66 67 19 20 68 22 165 122 98 99 45 46 100 48 51 16 149 148 147 130 77 128 105 139 64 116 62 92 39 40 43 161 96 146 94 124 70 71 74 36 5 4 37 127 126 125 103 136 115 114 113 91 38 89 65 145 144 143 123 69 121 97 31 60 15 14 1 18 17 101 111 110 157 88 87 86 63 120 119 118 95 12 57 58 35 34 3 6 85 138 137 61 93 32 33 84 13 112 59 
159 135 52 142 167 140 54 164 155 156 109 49 29 28 27 160 117 158 79 30 81 82 68 153 168 151 166 133 134 75 25 24 76 11 10 9 141 104 105 53 107 55 56 108 65 44 43 42 165 132 163 154 70 100 48 47 8 51 50 2 148 129 130 77 78 131 80 83 91 40 39 92 22 21 20 152 95 45 97 98 74 73 23 26 37 127 162 125 150 102 103 106 86 116 64 63 19 67 66 7 120 121 69 123 71 72 124 46 34 18 17 16 149 101 147 128 111 61 113 114 90 89 38 41 144 145 93 94 146 96 99 59 14 13 60 6 5 4 126 136 85 138 87 88 139 62 161 118 119 122 84 33 32 3 36 35 1 110 157 112 115 143 58 57 12 15 137 31 
160 134 9 167 142 141 81 153 154 109 156 25 2 27 28 159 158 117 107 55 54 108 43 164 165 132 133 166 135 48 49 8 51 10 11 52 140 102 131 80 79 30 83 82 92 22 68 20 168 151 152 155 98 74 75 23 24 76 26 29 126 77 128 129 106 105 53 56 89 67 66 65 44 7 42 163 146 72 124 70 100 46 47 50 6 147 101 149 103 104 150 78 115 63 62 116 41 40 39 21 143 123 122 121 99 45 97 73 35 17 18 1 125 162 127 130 110 139 88 87 38 91 90 19 119 118 161 96 95 94 71 84 15 60 13 37 4 5 148 85 136 137 114 113 61 64 93 145 144 69 59 58 57 36 3 34 16 111 112 157 86 120 33 32 31 14 138 12 
161 139 158 145 144 143 162 136 115 114 113 29 141 140 167 120 119 118 16 149 148 147 156 111 110 157 88 87 86 24 52 11 10 117 160 159 93 36 5 4 37 127 126 125 151 166 135 134 85 138 137 61 47 8 49 50 28 27 2 142 31 60 15 14 1 18 17 101 21 132 163 164 155 154 109 112 72 73 23 75 25 26 76 9 55 12 57 58 35 34 3 6 41 42 7 44 152 153 168 133 122 98 99 45 46 100 48 51 80 81 30 83 32 33 84 13 90 66 67 19 20 68 22 165 96 146 94 124 70 71 74 129 106 107 53 54 108 56 59 64 116 62 92 39 40 43 123 69 121 97 104 150 102 131 78 79 82 91 38 89 65 95 130 77 128 105 63 103 
162 161 16 149 148 147 139 158 145 144 143 36 5 4 37 127 126 125 136 115 114 113 29 141 140 167 120 119 118 31 60 15 14 1 18 17 101 156 111 110 157 88 87 86 24 52 11 10 117 160 159 93 55 12 57 58 35 34 3 6 151 166 135 134 85 138 137 61 47 8 49 50 28 27 2 142 80 81 30 83 32 33 84 13 21 132 163 164 155 154 109 112 72 73 23 75 25 26 76 9 129 106 107 53 54 108 56 59 41 42 7 44 152 153 168 133 122 98 99 45 46 100 48 51 104 150 102 131 78 79 82 90 66 67 19 20 68 22 165 96 146 94 124 70 71 74 130 77 128 105 64 116 62 92 39 40 43 123 69 121 97 103 91 38 89 65 95 63 
163 130 44 152 151 168 71 125 150 104 103 39 68 22 21 132 165 164 96 97 45 99 5 101 147 148 129 128 77 63 19 65 66 43 42 7 153 144 122 123 69 70 124 72 15 16 1 18 126 127 162 102 88 89 38 91 40 41 92 20 167 120 161 118 146 94 95 98 58 35 36 3 4 37 6 149 137 114 115 61 62 116 64 67 27 160 159 158 145 93 143 121 108 33 84 31 60 13 14 17 166 112 157 110 139 86 87 90 51 10 9 52 142 141 140 119 105 83 82 81 59 12 57 34 156 155 154 138 85 136 113 46 76 26 25 2 29 28 117 79 78 131 56 55 54 32 135 134 133 111 23 73 74 50 49 8 11 53 107 106 30 109 47 48 100 24 80 75 
164 104 68 153 168 151 70 148 129 130 77 65 44 43 42 165 132 163 95 45 97 98 37 127 162 125 150 102 103 91 40 39 92 22 21 20 152 120 121 69 123 71 72 124 34 18 17 16 149 101 147 128 86 116 64 63 19 67 66 7 159 144 145 93 94 146 96 99 59 14 13 60 6 5 4 126 111 61 113 114 90 89 38 41 52 142 167 140 161 118 119 122 54 84 33 32 3 36 35 1 135 136 85 138 87 88 139 62 49 29 28 27 160 117 158 143 79 30 81 82 58 57 12 15 155 156 109 110 157 112 115 75 25 24 76 11 10 9 141 105 53 107 55 56 108 31 166 133 134 137 100 48 47 8 51 50 2 78 131 80 83 154 74 73 23 26 106 46 
165 103 20 168 153 152 97 127 128 77 130 40 7 42 43 164 163 132 123 71 70 124 17 148 149 101 102 150 104 64 65 19 67 21 22 68 151 118 146 96 95 45 99 98 60 6 37 4 162 125 126 129 114 90 91 38 39 92 41 44 141 93 143 144 122 121 69 72 57 36 35 34 18 1 16 147 157 88 139 86 116 62 63 66 11 158 117 160 119 120 161 94 83 32 31 84 15 14 13 5 154 138 137 136 115 61 113 89 50 28 29 2 140 167 142 145 78 108 56 55 12 59 58 3 134 133 166 112 111 110 87 100 26 76 24 52 9 10 159 53 105 106 82 81 30 33 109 156 155 85 75 74 73 51 8 49 27 79 80 131 54 135 48 47 46 25 107 23 
166 108 163 156 155 154 167 105 83 82 81 44 152 151 168 135 134 133 27 160 159 158 130 79 78 131 56 55 54 39 68 22 21 132 165 164 109 51 10 9 52 142 141 140 125 150 104 103 53 107 106 30 63 19 65 66 43 42 7 153 46 76 26 25 2 29 28 117 5 101 147 148 129 128 77 80 88 89 38 91 40 41 92 20 71 23 73 74 50 49 8 11 15 16 1 18 126 127 162 102 137 114 115 61 62 116 64 67 96 97 45 99 47 48 100 24 58 35 36 3 4 37 6 149 112 157 110 139 86 87 90 144 122 123 69 70 124 72 75 33 84 31 60 13 14 17 138 85 136 113 120 161 118 146 94 95 98 59 12 57 34 111 145 93 143 121 32 119 
167 166 27 160 159 158 108 163 156 155 154 51 10 9 52 142 141 140 105 83 82 81 44 152 151 168 135 134 133 46 76 26 25 2 29 28 117 130 79 78 131 56 55 54 39 68 22 21 132 165 164 109 71 23 73 74 50 49 8 11 125 150 104 103 53 107 106 30 63 19 65 66 43 42 7 153 96 97 45 99 47 48 100 24 5 101 147 148 129 128 77 80 88 89 38 91 40 41 92 20 144 122 123 69 70 124 72 75 15 16 1 18 126 127 162 102 137 114 115 61 62 116 64 67 120 161 118 146 94 95 98 58 35 36 3 4 37 6 149 112 157 110 139 86 87 90 145 93 143 121 33 84 31 60 13 14 17 138 85 136 113 119 59 12 57 34 111 32 
168 150 42 165 164 163 124 147 130 129 128 67 21 20 68 153 152 151 121 99 98 97 18 126 125 162 104 103 102 62 92 41 40 7 44 43 132 145 95 94 146 72 71 70 13 37 6 5 101 149 148 77 87 38 89 90 66 65 19 22 140 161 120 119 69 123 122 45 32 3 34 35 17 16 1 127 112 113 61 115 63 64 116 39 10 117 158 159 144 143 93 96 56 57 12 59 14 15 60 4 155 137 138 85 86 139 88 91 26 27 2 29 141 142 167 118 106 82 83 30 31 84 33 36 135 166 133 157 110 111 114 74 50 51 8 9 52 11 160 80 131 78 108 54 55 58 156 109 154 136 48 100 46 76 24 25 28 107 53 105 81 134 75 23 73 49 79 47 
