160 144
1 2 3 4 5 6 7 8 9 10 11 12 13 14 15 16 17 18 19 20 21 22 23 24 25 26 27 28 29 30 31 32 33 34 35 36 37 38 39 40 41 42 43 44 45 46 47 48 49 50 51 52 53 54 55 56 57 58 59 60 61 62 63 64 65 66 67 68 69 70 71 72 73 74 75 76 77 78 79 80 81 82 83 84 85 86 87 88 89 90 91 92 93 94 95 96 97 98 99 100 101 102 103 104 105 106 107 108 109 110 111 112 113 114 115 116 117 118 119 120 121 122 123 124 125 126 127 128 129 130 131 132 133 134 135 136 137 138 139 140 141 142 143 144 145 146 147 148 149 150 151 152 153 154 155 156 157 158 159 160 
2 6 8 9 10 11 12 15 18 20 1 22 24 25 26 27 28 29 30 31 32 33 34 36 38 3 40 42 4 44 5 46 7 48 50 51 52 53 54 55 56 57 58 59 60 61 62 63 64 65 13 67 14 69 16 71 17 73 19 75 21 77 23 79 81 82 83 84 85 86 87 88 89 90 91 92 93 94 95 96 35 97 37 99 39 101 41 103 43 105 45 107 47 109 49 111 112 113 114 115 116 117 118 119 120 121 122 123 124 125 126 66 127 68 129 70 131 72 133 74 134 76 136 78 137 80 138 139 140 141 142 143 144 145 146 147 148 98 149 100 151 102 152 104 106 153 108 110 154 155 156 157 158 128 159 130 132 135 160 150 
3 8 1 13 14 15 16 2 24 25 26 27 4 5 6 7 35 36 37 38 39 40 41 9 10 11 12 50 51 52 53 54 55 56 17 18 19 20 21 22 23 65 66 67 68 69 70 71 72 28 29 30 31 32 33 34 81 82 83 84 85 86 87 88 42 43 44 45 46 47 48 49 97 98 99 100 101 102 103 104 57 58 59 60 61 62 63 64 112 113 114 115 116 117 118 119 73 74 75 76 77 78 79 80 127 128 129 130 131 132 133 89 90 91 92 93 94 95 96 138 139 140 141 142 143 144 105 106 107 108 109 110 111 149 150 151 152 120 121 122 123 124 125 126 154 155 156 157 134 135 136 137 159 145 146 147 148 160 153 158 
4 29 13 5 17 18 19 51 31 57 9 59 14 35 36 37 1 20 21 42 43 44 45 53 81 24 83 11 10 61 28 89 30 91 3 38 39 65 66 67 68 6 7 46 47 73 74 75 76 26 25 85 50 112 52 114 2 33 32 93 58 120 60 122 15 16 69 70 97 98 99 100 22 23 77 78 105 106 107 108 8 55 54 116 82 138 84 140 12 63 62 124 90 145 92 147 40 41 101 102 127 128 129 130 48 49 109 110 134 135 136 27 87 86 142 113 154 115 156 34 95 94 148 121 158 123 71 72 131 132 149 150 151 79 80 137 153 56 118 117 157 139 160 141 64 126 125 146 103 104 152 159 111 88 144 143 155 96 133 119 
5 10 14 17 1 20 21 25 28 2 31 32 35 3 38 39 4 42 43 6 7 46 47 50 8 53 54 9 57 58 11 12 61 62 13 65 66 15 16 69 70 18 19 73 74 22 23 77 78 24 81 82 26 27 85 86 29 30 89 90 33 34 93 94 36 37 97 98 40 41 101 102 44 45 105 106 48 49 109 110 51 52 112 113 55 56 116 117 59 60 120 121 63 64 124 125 67 68 127 128 71 72 131 132 75 76 134 135 79 80 137 83 84 138 139 87 88 142 143 91 92 145 146 95 96 148 99 100 149 150 103 104 152 107 108 153 111 114 115 154 155 118 119 157 122 123 158 126 129 130 159 133 136 140 141 160 144 147 151 156 
6 11 15 18 20 1 22 26 29 31 2 33 36 38 3 40 42 4 44 5 46 7 48 51 53 8 55 57 9 59 10 61 12 63 65 13 67 14 69 16 71 17 73 19 75 21 77 23 79 81 24 83 25 85 27 87 28 89 30 91 32 93 34 95 35 97 37 99 39 101 41 103 43 105 45 107 47 109 49 111 50 112 52 114 54 116 56 118 58 120 60 122 62 124 64 126 66 127 68 129 70 131 72 133 74 134 76 136 78 137 80 82 138 84 140 86 142 88 144 90 145 92 147 94 148 96 98 149 100 151 102 152 104 106 153 108 110 113 154 115 156 117 157 119 121 158 123 125 128 159 130 132 135 139 160 141 143 146 150 155 
7 96 16 19 21 22 23 119 123 125 126 2 37 39 40 41 43 44 45 46 47 48 49 141 143 144 8 146 147 9 148 10 11 12 66 67 68 69 70 71 72 73 74 75 76 77 78 79 80 155 156 24 157 25 26 27 158 28 29 30 31 32 33 34 97 98 99 100 101 102 103 104 105 106 107 108 109 110 111 1 160 50 51 52 53 54 55 56 57 58 59 60 61 62 63 64 127 128 129 130 131 132 133 3 134 135 136 4 137 5 6 81 82 83 84 85 86 87 88 89 90 91 92 93 94 95 149 150 151 13 152 14 15 153 17 18 20 112 113 114 115 116 117 118 120 121 122 124 159 35 36 38 42 138 139 140 142 145 65 154 
8 15 2 24 25 26 27 6 36 38 3 40 9 10 11 12 50 51 52 53 54 55 56 18 20 1 22 65 13 67 14 69 16 71 28 29 30 31 32 33 34 81 82 83 84 85 86 87 88 42 4 44 5 46 7 48 35 97 37 99 39 101 41 103 57 58 59 60 61 62 63 64 112 113 114 115 116 117 118 119 17 73 19 75 21 77 23 79 66 127 68 129 70 131 72 133 89 90 91 92 93 94 95 96 138 139 140 141 142 143 144 43 105 45 107 47 109 49 111 98 149 100 151 102 152 104 120 121 122 123 124 125 126 154 155 156 157 74 134 76 136 78 137 80 128 159 130 132 145 146 147 148 160 106 153 108 110 150 158 135 
9 4 24 10 28 29 30 13 5 17 18 19 25 50 51 52 2 31 32 57 58 59 60 14 35 36 37 1 20 21 42 43 44 45 8 53 54 81 82 83 84 11 12 61 62 89 90 91 92 3 38 39 65 66 67 68 6 7 46 47 73 74 75 76 26 27 85 86 112 113 114 115 33 34 93 94 120 121 122 123 15 16 69 70 97 98 99 100 22 23 77 78 105 106 107 108 55 56 116 117 138 139 140 141 63 64 124 125 145 146 147 40 41 101 102 127 128 129 130 48 49 109 110 134 135 136 87 88 142 143 154 155 156 95 96 148 158 71 72 131 132 149 150 151 79 80 137 153 118 119 157 160 126 103 104 152 159 111 144 133 
10 20 25 28 2 31 32 38 42 6 5 46 50 8 53 54 9 57 58 11 12 61 62 65 15 14 69 18 17 73 1 22 21 77 24 81 82 26 27 85 86 29 30 89 90 33 34 93 94 36 35 97 3 40 39 101 4 44 43 105 7 48 47 109 51 52 112 113 55 56 116 117 59 60 120 121 63 64 124 125 13 67 66 127 16 71 70 131 19 75 74 134 23 79 78 137 83 84 138 139 87 88 142 143 91 92 145 146 95 96 148 37 99 98 149 41 103 102 152 45 107 106 153 49 111 110 114 115 154 155 118 119 157 122 123 158 126 68 129 128 159 72 133 132 76 136 135 80 140 141 160 144 147 100 151 150 104 108 156 130 
11 1 26 29 31 2 33 3 4 5 6 7 51 53 8 55 57 9 59 10 61 12 63 13 14 15 16 17 18 19 20 21 22 23 81 24 83 25 85 27 87 28 89 30 91 32 93 34 95 35 36 37 38 39 40 41 42 43 44 45 46 47 48 49 50 112 52 114 54 116 56 118 58 120 60 122 62 124 64 126 65 66 67 68 69 70 71 72 73 74 75 76 77 78 79 80 82 138 84 140 86 142 88 144 90 145 92 147 94 148 96 97 98 99 100 101 102 103 104 105 106 107 108 109 110 111 113 154 115 156 117 157 119 121 158 123 125 127 128 129 130 131 132 133 134 135 136 137 139 160 141 143 146 149 150 151 152 153 155 159 
12 111 27 30 32 33 34 133 136 137 80 6 52 54 55 56 58 59 60 61 62 63 64 151 152 104 15 153 108 18 110 20 1 22 82 83 84 85 86 87 88 89 90 91 92 93 94 95 96 159 130 36 132 38 3 40 135 42 4 44 5 46 7 48 112 113 114 115 116 117 118 119 120 121 122 123 124 125 126 2 150 65 13 67 14 69 16 71 17 73 19 75 21 77 23 79 138 139 140 141 142 143 144 8 145 146 147 9 148 10 11 35 97 37 99 39 101 41 103 43 105 45 107 47 109 49 154 155 156 24 157 25 26 158 28 29 31 66 127 68 129 70 131 72 74 134 76 78 160 50 51 53 57 98 149 100 102 106 81 128 
13 51 4 14 35 36 37 29 53 81 24 83 5 17 18 19 3 38 39 65 66 67 68 31 57 9 59 26 25 85 50 112 52 114 1 20 21 42 43 44 45 15 16 69 70 97 98 99 100 11 10 61 28 89 30 91 8 55 54 116 82 138 84 140 6 7 46 47 73 74 75 76 40 41 101 102 127 128 129 130 2 33 32 93 58 120 60 122 27 87 86 142 113 154 115 156 22 23 77 78 105 106 107 108 71 72 131 132 149 150 151 12 63 62 124 90 145 92 147 56 118 117 157 139 160 141 48 49 109 110 134 135 136 103 104 152 159 34 95 94 148 121 158 123 88 144 143 155 79 80 137 153 133 64 126 125 146 119 111 96 
14 25 5 35 3 38 39 10 50 8 53 54 17 1 20 21 13 65 66 15 16 69 70 28 2 31 32 24 81 82 26 27 85 86 4 42 43 6 7 46 47 36 37 97 98 40 41 101 102 9 57 58 11 12 61 62 51 52 112 113 55 56 116 117 18 19 73 74 22 23 77 78 67 68 127 128 71 72 131 132 29 30 89 90 33 34 93 94 83 84 138 139 87 88 142 143 44 45 105 106 48 49 109 110 99 100 149 150 103 104 152 59 60 120 121 63 64 124 125 114 115 154 155 118 119 157 75 76 134 135 79 80 137 129 130 159 133 91 92 145 146 95 96 148 140 141 160 144 107 108 153 111 151 122 123 158 126 156 136 147 
15 26 6 36 38 3 40 11 51 53 8 55 18 20 1 22 65 13 67 14 69 16 71 29 31 2 33 81 24 83 25 85 27 87 42 4 44 5 46 7 48 35 97 37 99 39 101 41 103 57 9 59 10 61 12 63 50 112 52 114 54 116 56 118 17 73 19 75 21 77 23 79 66 127 68 129 70 131 72 133 28 89 30 91 32 93 34 95 82 138 84 140 86 142 88 144 43 105 45 107 47 109 49 111 98 149 100 151 102 152 104 58 120 60 122 62 124 64 126 113 154 115 156 117 157 119 74 134 76 136 78 137 80 128 159 130 132 90 145 92 147 94 148 96 139 160 141 143 106 153 108 110 150 121 158 123 125 155 135 146 
16 119 7 37 39 40 41 96 141 143 144 8 19 21 22 23 66 67 68 69 70 71 72 123 125 126 2 155 156 24 157 25 26 27 43 44 45 46 47 48 49 97 98 99 100 101 102 103 104 146 147 9 148 10 11 12 160 50 51 52 53 54 55 56 73 74 75 76 77 78 79 80 127 128 129 130 131 132 133 3 158 28 29 30 31 32 33 34 81 82 83 84 85 86 87 88 105 106 107 108 109 110 111 1 149 150 151 13 152 14 15 57 58 59 60 61 62 63 64 112 113 114 115 116 117 118 134 135 136 4 137 5 6 159 35 36 38 89 90 91 92 93 94 95 138 139 140 142 153 17 18 20 65 120 121 122 124 154 42 145 
17 57 35 1 4 42 43 81 11 29 28 89 3 13 65 66 5 6 7 18 19 73 74 26 51 50 112 31 2 33 9 59 58 120 14 15 16 36 37 97 98 20 21 22 23 44 45 105 106 53 8 55 24 83 82 138 10 61 12 63 30 91 90 145 38 39 40 41 67 68 127 128 46 47 48 49 75 76 134 135 25 85 27 87 52 114 113 154 32 93 34 95 60 122 121 158 69 70 71 72 99 100 149 150 77 78 79 80 107 108 153 54 116 56 118 84 140 139 160 62 124 64 126 92 147 146 101 102 103 104 129 130 159 109 110 111 136 86 142 88 144 115 156 155 94 148 96 123 131 132 133 151 137 117 157 119 141 125 152 143 
18 9 36 20 42 4 44 24 10 28 29 30 38 65 13 67 6 5 46 17 73 19 75 25 50 51 52 2 31 32 57 58 59 60 15 14 69 35 97 37 99 1 22 21 77 43 105 45 107 8 53 54 81 82 83 84 11 12 61 62 89 90 91 92 3 40 39 101 66 127 68 129 7 48 47 109 74 134 76 136 26 27 85 86 112 113 114 115 33 34 93 94 120 121 122 123 16 71 70 131 98 149 100 151 23 79 78 137 106 153 108 55 56 116 117 138 139 140 141 63 64 124 125 145 146 147 41 103 102 152 128 159 130 49 111 110 135 87 88 142 143 154 155 156 95 96 148 158 72 133 132 150 80 118 119 157 160 126 104 144 
19 147 37 21 43 44 45 156 148 158 123 29 39 66 67 68 7 46 47 73 74 75 76 157 160 141 51 126 125 31 146 57 9 59 16 69 70 97 98 99 100 22 23 77 78 105 106 107 108 144 143 53 155 81 24 83 96 11 10 61 28 89 30 91 40 41 101 102 127 128 129 130 48 49 109 110 134 135 136 4 119 26 25 85 50 112 52 114 2 33 32 93 58 120 60 122 71 72 131 132 149 150 151 13 79 80 137 5 153 17 18 8 55 54 116 82 138 84 140 12 63 62 124 90 145 92 103 104 152 14 159 35 36 111 1 20 42 27 87 86 142 113 154 115 34 95 94 121 133 3 38 65 6 56 118 117 139 64 15 88 
20 31 38 42 6 5 46 53 57 11 10 61 65 15 14 69 18 17 73 1 22 21 77 81 26 25 85 29 28 89 2 33 32 93 36 35 97 3 40 39 101 4 44 43 105 7 48 47 109 51 50 112 8 55 54 116 9 59 58 120 12 63 62 124 13 67 66 127 16 71 70 131 19 75 74 134 23 79 78 137 24 83 82 138 27 87 86 142 30 91 90 145 34 95 94 148 37 99 98 149 41 103 102 152 45 107 106 153 49 111 110 52 114 113 154 56 118 117 157 60 122 121 158 64 126 125 68 129 128 159 72 133 132 76 136 135 80 84 140 139 160 88 144 143 92 147 146 96 100 151 150 104 108 115 156 155 119 123 130 141 
21 125 39 43 7 46 47 143 146 96 148 10 66 16 69 70 19 73 74 22 23 77 78 155 119 157 25 123 158 28 126 2 31 32 37 97 98 40 41 101 102 44 45 105 106 48 49 109 110 141 160 50 144 8 53 54 147 9 57 58 11 12 61 62 67 68 127 128 71 72 131 132 75 76 134 135 79 80 137 5 156 24 81 82 26 27 85 86 29 30 89 90 33 34 93 94 99 100 149 150 103 104 152 14 107 108 153 17 111 1 20 51 52 112 113 55 56 116 117 59 60 120 121 63 64 124 129 130 159 35 133 3 38 136 4 42 6 83 84 138 139 87 88 142 91 92 145 95 151 13 65 15 18 114 115 154 118 122 36 140 
22 126 40 44 46 7 48 144 147 148 96 11 67 69 16 71 73 19 75 21 77 23 79 156 157 119 26 158 123 29 125 31 2 33 97 37 99 39 101 41 103 43 105 45 107 47 109 49 111 160 141 51 143 53 8 55 146 57 9 59 10 61 12 63 66 127 68 129 70 131 72 133 74 134 76 136 78 137 80 6 155 81 24 83 25 85 27 87 28 89 30 91 32 93 34 95 98 149 100 151 102 152 104 15 106 153 108 18 110 20 1 50 112 52 114 54 116 56 118 58 120 60 122 62 124 64 128 159 130 36 132 38 3 135 42 4 5 82 138 84 140 86 142 88 90 145 92 94 150 65 13 14 17 113 154 115 117 121 35 139 
23 64 41 45 47 48 49 88 92 94 95 96 68 70 71 72 74 75 76 77 78 79 80 115 117 118 119 121 122 123 124 125 126 2 98 99 100 101 102 103 104 105 106 107 108 109 110 111 1 139 140 141 142 143 144 8 145 146 147 9 148 10 11 12 127 128 129 130 131 132 133 3 134 135 136 4 137 5 6 7 154 155 156 24 157 25 26 27 158 28 29 30 31 32 33 34 149 150 151 13 152 14 15 16 153 17 18 19 20 21 22 160 50 51 52 53 54 55 56 57 58 59 60 61 62 63 159 35 36 37 38 39 40 42 43 44 46 81 82 83 84 85 86 87 89 90 91 93 65 66 67 69 73 112 113 114 116 120 97 138 
24 13 9 25 50 51 52 4 14 35 36 37 10 28 29 30 8 53 54 81 82 83 84 5 17 18 19 3 38 39 65 66 67 68 2 31 32 57 58 59 60 26 27 85 86 112 113 114 115 1 20 21 42 43 44 45 15 16 69 70 97 98 99 100 11 12 61 62 89 90 91 92 55 56 116 117 138 139 140 141 6 7 46 47 73 74 75 76 40 41 101 102 127 128 129 130 33 34 93 94 120 121 122 123 87 88 142 143 154 155 156 22 23 77 78 105 106 107 108 71 72 131 132 149 150 151 63 64 124 125 145 146 147 118 119 157 160 48 49 109 110 134 135 136 103 104 152 159 95 96 148 158 144 79 80 137 153 133 126 111 
25 38 10 50 8 53 54 20 65 15 14 69 28 2 31 32 24 81 82 26 27 85 86 42 6 5 46 36 35 97 3 40 39 101 9 57 58 11 12 61 62 51 52 112 113 55 56 116 117 18 17 73 1 22 21 77 13 67 66 127 16 71 70 131 29 30 89 90 33 34 93 94 83 84 138 139 87 88 142 143 4 44 43 105 7 48 47 109 37 99 98 149 41 103 102 152 59 60 120 121 63 64 124 125 114 115 154 155 118 119 157 19 75 74 134 23 79 78 137 68 129 128 159 72 133 132 91 92 145 146 95 96 148 140 141 160 144 45 107 106 153 49 111 110 100 151 150 104 122 123 158 126 156 76 136 135 80 130 147 108 
26 3 11 51 53 8 55 1 13 14 15 16 29 31 2 33 81 24 83 25 85 27 87 4 5 6 7 35 36 37 38 39 40 41 57 9 59 10 61 12 63 50 112 52 114 54 116 56 118 17 18 19 20 21 22 23 65 66 67 68 69 70 71 72 28 89 30 91 32 93 34 95 82 138 84 140 86 142 88 144 42 43 44 45 46 47 48 49 97 98 99 100 101 102 103 104 58 120 60 122 62 124 64 126 113 154 115 156 117 157 119 73 74 75 76 77 78 79 80 127 128 129 130 131 132 133 90 145 92 147 94 148 96 139 160 141 143 105 106 107 108 109 110 111 149 150 151 152 121 158 123 125 155 134 135 136 137 159 146 153 
27 133 12 52 54 55 56 111 151 152 104 15 30 32 33 34 82 83 84 85 86 87 88 136 137 80 6 159 130 36 132 38 3 40 58 59 60 61 62 63 64 112 113 114 115 116 117 118 119 153 108 18 110 20 1 22 150 65 13 67 14 69 16 71 89 90 91 92 93 94 95 96 138 139 140 141 142 143 144 8 135 42 4 44 5 46 7 48 35 97 37 99 39 101 41 103 120 121 122 123 124 125 126 2 154 155 156 24 157 25 26 17 73 19 75 21 77 23 79 66 127 68 129 70 131 72 145 146 147 9 148 10 11 160 50 51 53 43 105 45 107 47 109 49 98 149 100 102 158 28 29 31 81 74 134 76 78 128 57 106 
28 17 50 2 9 57 58 35 1 4 42 43 8 24 81 82 10 11 12 29 30 89 90 3 13 65 66 5 6 7 18 19 73 74 25 26 27 51 52 112 113 31 32 33 34 59 60 120 121 14 15 16 36 37 97 98 20 21 22 23 44 45 105 106 53 54 55 56 83 84 138 139 61 62 63 64 91 92 145 146 38 39 40 41 67 68 127 128 46 47 48 49 75 76 134 135 85 86 87 88 114 115 154 155 93 94 95 96 122 123 158 69 70 71 72 99 100 149 150 77 78 79 80 107 108 153 116 117 118 119 140 141 160 124 125 126 147 101 102 103 104 129 130 159 109 110 111 136 142 143 144 156 148 131 132 133 151 137 157 152 
29 18 51 31 57 9 59 36 20 42 4 44 53 81 24 83 11 10 61 28 89 30 91 38 65 13 67 6 5 46 17 73 19 75 26 25 85 50 112 52 114 2 33 32 93 58 120 60 122 15 14 69 35 97 37 99 1 22 21 77 43 105 45 107 8 55 54 116 82 138 84 140 12 63 62 124 90 145 92 147 3 40 39 101 66 127 68 129 7 48 47 109 74 134 76 136 27 87 86 142 113 154 115 156 34 95 94 148 121 158 123 16 71 70 131 98 149 100 151 23 79 78 137 106 153 108 56 118 117 157 139 160 141 64 126 125 146 41 103 102 152 128 159 130 49 111 110 135 88 144 143 155 96 72 133 132 150 80 119 104 
30 108 52 32 58 59 60 130 110 135 136 4 54 82 83 84 12 61 62 89 90 91 92 132 150 151 13 80 137 5 153 17 18 19 27 85 86 112 113 114 115 33 34 93 94 120 121 122 123 104 152 14 159 35 36 37 111 1 20 21 42 43 44 45 55 56 116 117 138 139 140 141 63 64 124 125 145 146 147 9 133 3 38 39 65 66 67 68 6 7 46 47 73 74 75 76 87 88 142 143 154 155 156 24 95 96 148 10 158 28 29 15 16 69 70 97 98 99 100 22 23 77 78 105 106 107 118 119 157 25 160 50 51 126 2 31 57 40 41 101 102 127 128 129 48 49 109 134 144 8 53 81 11 71 72 131 149 79 26 103 
31 5 53 57 11 10 61 14 17 1 20 21 81 26 25 85 29 28 89 2 33 32 93 35 3 38 39 4 42 43 6 7 46 47 51 50 112 8 55 54 116 9 59 58 120 12 63 62 124 13 65 66 15 16 69 70 18 19 73 74 22 23 77 78 24 83 82 138 27 87 86 142 30 91 90 145 34 95 94 148 36 37 97 98 40 41 101 102 44 45 105 106 48 49 109 110 52 114 113 154 56 118 117 157 60 122 121 158 64 126 125 67 68 127 128 71 72 131 132 75 76 134 135 79 80 137 84 140 139 160 88 144 143 92 147 146 96 99 100 149 150 103 104 152 107 108 153 111 115 156 155 119 123 129 130 159 133 136 141 151 
32 137 54 58 12 61 62 152 153 111 110 20 82 27 85 86 30 89 90 33 34 93 94 159 133 132 38 136 135 42 80 6 5 46 52 112 113 55 56 116 117 59 60 120 121 63 64 124 125 151 150 65 104 15 14 69 108 18 17 73 1 22 21 77 83 84 138 139 87 88 142 143 91 92 145 146 95 96 148 10 130 36 35 97 3 40 39 101 4 44 43 105 7 48 47 109 114 115 154 155 118 119 157 25 122 123 158 28 126 2 31 13 67 66 127 16 71 70 131 19 75 74 134 23 79 78 140 141 160 50 144 8 53 147 9 57 11 37 99 98 149 41 103 102 45 107 106 49 156 24 81 26 29 68 129 128 72 76 51 100 
33 80 55 59 61 12 63 104 108 110 111 1 83 85 27 87 89 30 91 32 93 34 95 130 132 133 3 135 136 4 137 5 6 7 112 52 114 54 116 56 118 58 120 60 122 62 124 64 126 150 151 13 152 14 15 16 153 17 18 19 20 21 22 23 82 138 84 140 86 142 88 144 90 145 92 147 94 148 96 11 159 35 36 37 38 39 40 41 42 43 44 45 46 47 48 49 113 154 115 156 117 157 119 26 121 158 123 29 125 31 2 65 66 67 68 69 70 71 72 73 74 75 76 77 78 79 139 160 141 51 143 53 8 146 57 9 10 97 98 99 100 101 102 103 105 106 107 109 155 81 24 25 28 127 128 129 131 134 50 149 
34 79 56 60 62 63 64 103 107 109 49 111 84 86 87 88 90 91 92 93 94 95 96 129 131 72 133 134 76 136 78 137 80 6 113 114 115 116 117 118 119 120 121 122 123 124 125 126 2 149 100 151 102 152 104 15 106 153 108 18 110 20 1 22 138 139 140 141 142 143 144 8 145 146 147 9 148 10 11 12 128 159 130 36 132 38 3 40 135 42 4 44 5 46 7 48 154 155 156 24 157 25 26 27 158 28 29 30 31 32 33 150 65 13 67 14 69 16 71 17 73 19 75 21 77 23 160 50 51 52 53 54 55 57 58 59 61 35 97 37 99 39 101 41 43 105 45 47 81 82 83 85 89 66 127 68 70 74 112 98 
35 81 17 3 13 65 66 57 26 51 50 112 1 4 42 43 14 15 16 36 37 97 98 11 29 28 89 53 8 55 24 83 82 138 5 6 7 18 19 73 74 38 39 40 41 67 68 127 128 31 2 33 9 59 58 120 25 85 27 87 52 114 113 154 20 21 22 23 44 45 105 106 69 70 71 72 99 100 149 150 10 61 12 63 30 91 90 145 54 116 56 118 84 140 139 160 46 47 48 49 75 76 134 135 101 102 103 104 129 130 159 32 93 34 95 60 122 121 158 86 142 88 144 115 156 155 77 78 79 80 107 108 153 131 132 133 151 62 124 64 126 92 147 146 117 157 119 141 109 110 111 136 152 94 148 96 123 143 137 125 
36 24 18 38 65 13 67 9 25 50 51 52 20 42 4 44 15 14 69 35 97 37 99 10 28 29 30 8 53 54 81 82 83 84 6 5 46 17 73 19 75 3 40 39 101 66 127 68 129 2 31 32 57 58 59 60 26 27 85 86 112 113 114 115 1 22 21 77 43 105 45 107 16 71 70 131 98 149 100 151 11 12 61 62 89 90 91 92 55 56 116 117 138 139 140 141 7 48 47 109 74 134 76 136 41 103 102 152 128 159 130 33 34 93 94 120 121 122 123 87 88 142 143 154 155 156 23 79 78 137 106 153 108 72 133 132 150 63 64 124 125 145 146 147 118 119 157 160 49 111 110 135 104 95 96 148 158 144 80 126 
37 156 19 39 66 67 68 147 157 160 141 51 21 43 44 45 16 69 70 97 98 99 100 148 158 123 29 144 143 53 155 81 24 83 7 46 47 73 74 75 76 40 41 101 102 127 128 129 130 126 125 31 146 57 9 59 119 26 25 85 50 112 52 114 22 23 77 78 105 106 107 108 71 72 131 132 149 150 151 13 96 11 10 61 28 89 30 91 8 55 54 116 82 138 84 140 48 49 109 110 134 135 136 4 103 104 152 14 159 35 36 2 33 32 93 58 120 60 122 27 87 86 142 113 154 115 79 80 137 5 153 17 18 133 3 38 65 12 63 62 124 90 145 92 56 118 117 139 111 1 20 42 15 34 95 94 121 88 6 64 
38 53 20 65 15 14 69 31 81 26 25 85 42 6 5 46 36 35 97 3 40 39 101 57 11 10 61 51 50 112 8 55 54 116 18 17 73 1 22 21 77 13 67 66 127 16 71 70 131 29 28 89 2 33 32 93 24 83 82 138 27 87 86 142 4 44 43 105 7 48 47 109 37 99 98 149 41 103 102 152 9 59 58 120 12 63 62 124 52 114 113 154 56 118 117 157 19 75 74 134 23 79 78 137 68 129 128 159 72 133 132 30 91 90 145 34 95 94 148 84 140 139 160 88 144 143 45 107 106 153 49 111 110 100 151 150 104 60 122 121 158 64 126 125 115 156 155 119 76 136 135 80 130 92 147 146 96 141 108 123 
39 143 21 66 16 69 70 125 155 119 157 25 43 7 46 47 37 97 98 40 41 101 102 146 96 148 10 141 160 50 144 8 53 54 19 73 74 22 23 77 78 67 68 127 128 71 72 131 132 123 158 28 126 2 31 32 156 24 81 82 26 27 85 86 44 45 105 106 48 49 109 110 99 100 149 150 103 104 152 14 147 9 57 58 11 12 61 62 51 52 112 113 55 56 116 117 75 76 134 135 79 80 137 5 129 130 159 35 133 3 38 29 30 89 90 33 34 93 94 83 84 138 139 87 88 142 107 108 153 17 111 1 20 151 13 65 15 59 60 120 121 63 64 124 114 115 154 118 136 4 42 6 36 91 92 145 95 140 18 122 
40 144 22 67 69 16 71 126 156 157 119 26 44 46 7 48 97 37 99 39 101 41 103 147 148 96 11 160 141 51 143 53 8 55 73 19 75 21 77 23 79 66 127 68 129 70 131 72 133 158 123 29 125 31 2 33 155 81 24 83 25 85 27 87 43 105 45 107 47 109 49 111 98 149 100 151 102 152 104 15 146 57 9 59 10 61 12 63 50 112 52 114 54 116 56 118 74 134 76 136 78 137 80 6 128 159 130 36 132 38 3 28 89 30 91 32 93 34 95 82 138 84 140 86 142 88 106 153 108 18 110 20 1 150 65 13 14 58 120 60 122 62 124 64 113 154 115 117 135 42 4 5 35 90 145 92 94 139 17 121 
41 88 23 68 70 71 72 64 115 117 118 119 45 47 48 49 98 99 100 101 102 103 104 92 94 95 96 139 140 141 142 143 144 8 74 75 76 77 78 79 80 127 128 129 130 131 132 133 3 121 122 123 124 125 126 2 154 155 156 24 157 25 26 27 105 106 107 108 109 110 111 1 149 150 151 13 152 14 15 16 145 146 147 9 148 10 11 12 160 50 51 52 53 54 55 56 134 135 136 4 137 5 6 7 159 35 36 37 38 39 40 158 28 29 30 31 32 33 34 81 82 83 84 85 86 87 153 17 18 19 20 21 22 65 66 67 69 57 58 59 60 61 62 63 112 113 114 116 42 43 44 46 97 89 90 91 93 138 73 120 
42 28 65 6 18 17 73 50 2 9 57 58 15 36 35 97 20 1 22 4 44 43 105 8 24 81 82 10 11 12 29 30 89 90 38 3 40 13 67 66 127 5 46 7 48 19 75 74 134 25 26 27 51 52 112 113 31 32 33 34 59 60 120 121 14 69 16 71 37 99 98 149 21 77 23 79 45 107 106 153 53 54 55 56 83 84 138 139 61 62 63 64 91 92 145 146 39 101 41 103 68 129 128 159 47 109 49 111 76 136 135 85 86 87 88 114 115 154 155 93 94 95 96 122 123 158 70 131 72 133 100 151 150 78 137 80 108 116 117 118 119 140 141 160 124 125 126 147 102 152 104 130 110 142 143 144 156 148 132 157 
43 158 66 7 19 73 74 160 126 147 146 57 16 37 97 98 21 22 23 44 45 105 106 144 156 155 81 148 96 11 123 29 28 89 39 40 41 67 68 127 128 46 47 48 49 75 76 134 135 157 119 26 141 51 50 112 125 31 2 33 9 59 58 120 69 70 71 72 99 100 149 150 77 78 79 80 107 108 153 17 143 53 8 55 24 83 82 138 10 61 12 63 30 91 90 145 101 102 103 104 129 130 159 35 109 110 111 1 136 4 42 25 85 27 87 52 114 113 154 32 93 34 95 60 122 121 131 132 133 3 151 13 65 137 5 6 18 54 116 56 118 84 140 139 62 124 64 92 152 14 15 36 20 86 142 88 115 94 38 117 
44 123 67 46 73 19 75 141 125 146 147 9 69 97 37 99 22 21 77 43 105 45 107 143 155 156 24 96 148 10 158 28 29 30 40 39 101 66 127 68 129 7 48 47 109 74 134 76 136 119 157 25 160 50 51 52 126 2 31 32 57 58 59 60 16 71 70 131 98 149 100 151 23 79 78 137 106 153 108 18 144 8 53 54 81 82 83 84 11 12 61 62 89 90 91 92 41 103 102 152 128 159 130 36 49 111 110 20 135 42 4 26 27 85 86 112 113 114 115 33 34 93 94 120 121 122 72 133 132 38 150 65 13 80 6 5 17 55 56 116 117 138 139 140 63 64 124 145 104 15 14 35 1 87 88 142 154 95 3 118 
45 122 68 47 74 75 76 140 124 145 92 147 70 98 99 100 23 77 78 105 106 107 108 142 154 115 156 95 94 148 121 158 123 29 41 101 102 127 128 129 130 48 49 109 110 134 135 136 4 118 117 157 139 160 141 51 64 126 125 31 146 57 9 59 71 72 131 132 149 150 151 13 79 80 137 5 153 17 18 19 88 144 143 53 155 81 24 83 96 11 10 61 28 89 30 91 103 104 152 14 159 35 36 37 111 1 20 21 42 43 44 119 26 25 85 50 112 52 114 2 33 32 93 58 120 60 133 3 38 39 65 66 67 6 7 46 73 8 55 54 116 82 138 84 12 63 62 90 15 16 69 97 22 27 87 86 113 34 40 56 
46 148 69 73 22 21 77 157 158 126 125 31 97 40 39 101 44 43 105 7 48 47 109 160 144 143 53 147 146 57 96 11 10 61 67 66 127 16 71 70 131 19 75 74 134 23 79 78 137 156 155 81 119 26 25 85 123 29 28 89 2 33 32 93 37 99 98 149 41 103 102 152 45 107 106 153 49 111 110 20 141 51 50 112 8 55 54 116 9 59 58 120 12 63 62 124 68 129 128 159 72 133 132 38 76 136 135 42 80 6 5 24 83 82 138 27 87 86 142 30 91 90 145 34 95 94 100 151 150 65 104 15 14 108 18 17 1 52 114 113 154 56 118 117 60 122 121 64 130 36 35 3 4 84 140 139 88 92 13 115 
47 94 70 74 23 77 78 117 121 64 124 125 98 41 101 102 45 105 106 48 49 109 110 139 88 142 143 92 145 146 95 96 148 10 68 127 128 71 72 131 132 75 76 134 135 79 80 137 5 115 154 155 118 119 157 25 122 123 158 28 126 2 31 32 99 100 149 150 103 104 152 14 107 108 153 17 111 1 20 21 140 141 160 50 144 8 53 54 147 9 57 58 11 12 61 62 129 130 159 35 133 3 38 39 136 4 42 43 6 7 46 156 24 81 82 26 27 85 86 29 30 89 90 33 34 93 151 13 65 66 15 16 69 18 19 73 22 51 52 112 113 55 56 116 59 60 120 63 36 37 97 40 44 83 84 138 87 91 67 114 
48 95 71 75 77 23 79 118 122 124 64 126 99 101 41 103 105 45 107 47 109 49 111 140 142 88 144 145 92 147 94 148 96 11 127 68 129 70 131 72 133 74 134 76 136 78 137 80 6 154 115 156 117 157 119 26 121 158 123 29 125 31 2 33 98 149 100 151 102 152 104 15 106 153 108 18 110 20 1 22 139 160 141 51 143 53 8 55 146 57 9 59 10 61 12 63 128 159 130 36 132 38 3 40 135 42 4 44 5 46 7 155 81 24 83 25 85 27 87 28 89 30 91 32 93 34 150 65 13 67 14 69 16 17 73 19 21 50 112 52 114 54 116 56 58 120 60 62 35 97 37 39 43 82 138 84 86 90 66 113 
49 34 72 76 78 79 80 56 60 62 63 64 100 102 103 104 106 107 108 109 110 111 1 84 86 87 88 90 91 92 93 94 95 96 128 129 130 131 132 133 3 134 135 136 4 137 5 6 7 113 114 115 116 117 118 119 120 121 122 123 124 125 126 2 149 150 151 13 152 14 15 16 153 17 18 19 20 21 22 23 138 139 140 141 142 143 144 8 145 146 147 9 148 10 11 12 159 35 36 37 38 39 40 41 42 43 44 45 46 47 48 154 155 156 24 157 25 26 27 158 28 29 30 31 32 33 65 66 67 68 69 70 71 73 74 75 77 160 50 51 52 53 54 55 57 58 59 61 97 98 99 101 105 81 82 83 85 89 127 112 
50 35 28 8 24 81 82 17 3 13 65 66 2 9 57 58 25 26 27 51 52 112 113 1 4 42 43 14 15 16 36 37 97 98 10 11 12 29 30 89 90 53 54 55 56 83 84 138 139 5 6 7 18 19 73 74 38 39 40 41 67 68 127 128 31 32 33 34 59 60 120 121 85 86 87 88 114 115 154 155 20 21 22 23 44 45 105 106 69 70 71 72 99 100 149 150 61 62 63 64 91 92 145 146 116 117 118 119 140 141 160 46 47 48 49 75 76 134 135 101 102 103 104 129 130 159 93 94 95 96 122 123 158 142 143 144 156 77 78 79 80 107 108 153 131 132 133 151 124 125 126 147 157 109 110 111 136 152 148 137 
51 36 29 53 81 24 83 18 38 65 13 67 31 57 9 59 26 25 85 50 112 52 114 20 42 4 44 15 14 69 35 97 37 99 11 10 61 28 89 30 91 8 55 54 116 82 138 84 140 6 5 46 17 73 19 75 3 40 39 101 66 127 68 129 2 33 32 93 58 120 60 122 27 87 86 142 113 154 115 156 1 22 21 77 43 105 45 107 16 71 70 131 98 149 100 151 12 63 62 124 90 145 92 147 56 118 117 157 139 160 141 7 48 47 109 74 134 76 136 41 103 102 152 128 159 130 34 95 94 148 121 158 123 88 144 143 155 23 79 78 137 106 153 108 72 133 132 150 64 126 125 146 119 49 111 110 135 104 96 80 
52 130 30 54 82 83 84 108 132 150 151 13 32 58 59 60 27 85 86 112 113 114 115 110 135 136 4 104 152 14 159 35 36 37 12 61 62 89 90 91 92 55 56 116 117 138 139 140 141 80 137 5 153 17 18 19 133 3 38 39 65 66 67 68 33 34 93 94 120 121 122 123 87 88 142 143 154 155 156 24 111 1 20 21 42 43 44 45 15 16 69 70 97 98 99 100 63 64 124 125 145 146 147 9 118 119 157 25 160 50 51 6 7 46 47 73 74 75 76 40 41 101 102 127 128 129 95 96 148 10 158 28 29 144 8 53 81 22 23 77 78 105 106 107 71 72 131 149 126 2 31 57 26 48 49 109 134 103 11 79 
53 14 31 81 26 25 85 5 35 3 38 39 57 11 10 61 51 50 112 8 55 54 116 17 1 20 21 13 65 66 15 16 69 70 29 28 89 2 33 32 93 24 83 82 138 27 87 86 142 4 42 43 6 7 46 47 36 37 97 98 40 41 101 102 9 59 58 120 12 63 62 124 52 114 113 154 56 118 117 157 18 19 73 74 22 23 77 78 67 68 127 128 71 72 131 132 30 91 90 145 34 95 94 148 84 140 139 160 88 144 143 44 45 105 106 48 49 109 110 99 100 149 150 103 104 152 60 122 121 158 64 126 125 115 156 155 119 75 76 134 135 79 80 137 129 130 159 133 92 147 146 96 141 107 108 153 111 151 123 136 
54 152 32 82 27 85 86 137 159 133 132 38 58 12 61 62 52 112 113 55 56 116 117 153 111 110 20 151 150 65 104 15 14 69 30 89 90 33 34 93 94 83 84 138 139 87 88 142 143 136 135 42 80 6 5 46 130 36 35 97 3 40 39 101 59 60 120 121 63 64 124 125 114 115 154 155 118 119 157 25 108 18 17 73 1 22 21 77 13 67 66 127 16 71 70 131 91 92 145 146 95 96 148 10 140 141 160 50 144 8 53 4 44 43 105 7 48 47 109 37 99 98 149 41 103 102 122 123 158 28 126 2 31 156 24 81 26 19 75 74 134 23 79 78 68 129 128 72 147 9 57 11 51 45 107 106 49 100 29 76 
55 104 33 83 85 27 87 80 130 132 133 3 59 61 12 63 112 52 114 54 116 56 118 108 110 111 1 150 151 13 152 14 15 16 89 30 91 32 93 34 95 82 138 84 140 86 142 88 144 135 136 4 137 5 6 7 159 35 36 37 38 39 40 41 58 120 60 122 62 124 64 126 113 154 115 156 117 157 119 26 153 17 18 19 20 21 22 23 65 66 67 68 69 70 71 72 90 145 92 147 94 148 96 11 139 160 141 51 143 53 8 42 43 44 45 46 47 48 49 97 98 99 100 101 102 103 121 158 123 29 125 31 2 155 81 24 25 73 74 75 76 77 78 79 127 128 129 131 146 57 9 10 50 105 106 107 109 149 28 134 
56 103 34 84 86 87 88 79 129 131 72 133 60 62 63 64 113 114 115 116 117 118 119 107 109 49 111 149 100 151 102 152 104 15 90 91 92 93 94 95 96 138 139 140 141 142 143 144 8 134 76 136 78 137 80 6 128 159 130 36 132 38 3 40 120 121 122 123 124 125 126 2 154 155 156 24 157 25 26 27 106 153 108 18 110 20 1 22 150 65 13 67 14 69 16 71 145 146 147 9 148 10 11 12 160 50 51 52 53 54 55 135 42 4 44 5 46 7 48 35 97 37 99 39 101 41 158 28 29 30 31 32 33 81 82 83 85 17 73 19 75 21 77 23 66 127 68 70 57 58 59 61 112 43 105 45 47 98 89 74 
57 42 81 11 29 28 89 65 6 18 17 73 26 51 50 112 31 2 33 9 59 58 120 15 36 35 97 20 1 22 4 44 43 105 53 8 55 24 83 82 138 10 61 12 63 30 91 90 145 38 3 40 13 67 66 127 5 46 7 48 19 75 74 134 25 85 27 87 52 114 113 154 32 93 34 95 60 122 121 158 14 69 16 71 37 99 98 149 21 77 23 79 45 107 106 153 54 116 56 118 84 140 139 160 62 124 64 126 92 147 146 39 101 41 103 68 129 128 159 47 109 49 111 76 136 135 86 142 88 144 115 156 155 94 148 96 123 70 131 72 133 100 151 150 78 137 80 108 117 157 119 141 125 102 152 104 130 110 143 132 
58 135 82 12 30 89 90 150 80 108 153 17 27 52 112 113 32 33 34 59 60 120 121 104 130 159 35 110 111 1 136 4 42 43 54 55 56 83 84 138 139 61 62 63 64 91 92 145 146 132 133 3 151 13 65 66 137 5 6 7 18 19 73 74 85 86 87 88 114 115 154 155 93 94 95 96 122 123 158 28 152 14 15 16 36 37 97 98 20 21 22 23 44 45 105 106 116 117 118 119 140 141 160 50 124 125 126 2 147 9 57 38 39 40 41 67 68 127 128 46 47 48 49 75 76 134 142 143 144 8 156 24 81 148 10 11 29 69 70 71 72 99 100 149 77 78 79 107 157 25 26 51 31 101 102 103 129 109 53 131 
59 136 83 61 89 30 91 151 137 153 108 18 85 112 52 114 33 32 93 58 120 60 122 152 159 130 36 111 110 20 135 42 4 44 55 54 116 82 138 84 140 12 63 62 124 90 145 92 147 133 132 38 150 65 13 67 80 6 5 46 17 73 19 75 27 87 86 142 113 154 115 156 34 95 94 148 121 158 123 29 104 15 14 69 35 97 37 99 1 22 21 77 43 105 45 107 56 118 117 157 139 160 141 51 64 126 125 31 146 57 9 3 40 39 101 66 127 68 129 7 48 47 109 74 134 76 88 144 143 53 155 81 24 96 11 10 28 16 71 70 131 98 149 100 23 79 78 106 119 26 25 50 2 41 103 102 128 49 8 72 
60 76 84 62 90 91 92 100 78 106 107 108 86 113 114 115 34 93 94 120 121 122 123 102 128 129 130 49 109 110 134 135 136 4 56 116 117 138 139 140 141 63 64 124 125 145 146 147 9 72 131 132 149 150 151 13 79 80 137 5 153 17 18 19 87 88 142 143 154 155 156 24 95 96 148 10 158 28 29 30 103 104 152 14 159 35 36 37 111 1 20 21 42 43 44 45 118 119 157 25 160 50 51 52 126 2 31 32 57 58 59 133 3 38 39 65 66 67 68 6 7 46 47 73 74 75 144 8 53 54 81 82 83 11 12 61 89 15 16 69 70 97 98 99 22 23 77 105 26 27 85 112 33 40 41 101 127 48 55 71 
61 110 85 89 33 32 93 132 135 80 137 5 112 55 54 116 59 58 120 12 63 62 124 150 104 152 14 108 153 17 111 1 20 21 83 82 138 27 87 86 142 30 91 90 145 34 95 94 148 130 159 35 133 3 38 39 136 4 42 43 6 7 46 47 52 114 113 154 56 118 117 157 60 122 121 158 64 126 125 31 151 13 65 66 15 16 69 70 18 19 73 74 22 23 77 78 84 140 139 160 88 144 143 53 92 147 146 57 96 11 10 36 37 97 98 40 41 101 102 44 45 105 106 48 49 109 115 156 155 81 119 26 25 123 29 28 2 67 68 127 128 71 72 131 75 76 134 79 141 51 50 8 9 99 100 149 103 107 24 129 
62 109 86 90 34 93 94 131 134 79 78 137 113 56 116 117 60 120 121 63 64 124 125 149 103 102 152 107 106 153 49 111 110 20 84 138 139 87 88 142 143 91 92 145 146 95 96 148 10 129 128 159 72 133 132 38 76 136 135 42 80 6 5 46 114 115 154 155 118 119 157 25 122 123 158 28 126 2 31 32 100 151 150 65 104 15 14 69 108 18 17 73 1 22 21 77 140 141 160 50 144 8 53 54 147 9 57 58 11 12 61 130 36 35 97 3 40 39 101 4 44 43 105 7 48 47 156 24 81 82 26 27 85 29 30 89 33 13 67 66 127 16 71 70 19 75 74 23 51 52 112 55 59 37 99 98 41 45 83 68 
63 49 87 91 93 34 95 72 76 78 79 80 114 116 56 118 120 60 122 62 124 64 126 100 102 103 104 106 107 108 109 110 111 1 138 84 140 86 142 88 144 90 145 92 147 94 148 96 11 128 129 130 131 132 133 3 134 135 136 4 137 5 6 7 113 154 115 156 117 157 119 26 121 158 123 29 125 31 2 33 149 150 151 13 152 14 15 16 153 17 18 19 20 21 22 23 139 160 141 51 143 53 8 55 146 57 9 59 10 61 12 159 35 36 37 38 39 40 41 42 43 44 45 46 47 48 155 81 24 83 25 85 27 28 89 30 32 65 66 67 68 69 70 71 73 74 75 77 50 112 52 54 58 97 98 99 101 105 82 127 
64 48 88 92 94 95 96 71 75 77 23 79 115 117 118 119 121 122 123 124 125 126 2 99 101 41 103 105 45 107 47 109 49 111 139 140 141 142 143 144 8 145 146 147 9 148 10 11 12 127 68 129 70 131 72 133 74 134 76 136 78 137 80 6 154 155 156 24 157 25 26 27 158 28 29 30 31 32 33 34 98 149 100 151 102 152 104 15 106 153 108 18 110 20 1 22 160 50 51 52 53 54 55 56 57 58 59 60 61 62 63 128 159 130 36 132 38 3 40 135 42 4 44 5 46 7 81 82 83 84 85 86 87 89 90 91 93 150 65 13 67 14 69 16 17 73 19 21 112 113 114 116 120 35 97 37 39 43 138 66 
65 50 42 15 36 35 97 28 8 24 81 82 6 18 17 73 38 3 40 13 67 66 127 2 9 57 58 25 26 27 51 52 112 113 20 1 22 4 44 43 105 14 69 16 71 37 99 98 149 10 11 12 29 30 89 90 53 54 55 56 83 84 138 139 5 46 7 48 19 75 74 134 39 101 41 103 68 129 128 159 31 32 33 34 59 60 120 121 85 86 87 88 114 115 154 155 21 77 23 79 45 107 106 153 70 131 72 133 100 151 150 61 62 63 64 91 92 145 146 116 117 118 119 140 141 160 47 109 49 111 76 136 135 102 152 104 130 93 94 95 96 122 123 158 142 143 144 156 78 137 80 108 132 124 125 126 147 157 110 148 
66 160 43 16 37 97 98 158 144 156 155 81 7 19 73 74 39 40 41 67 68 127 128 126 147 146 57 157 119 26 141 51 50 112 21 22 23 44 45 105 106 69 70 71 72 99 100 149 150 148 96 11 123 29 28 89 143 53 8 55 24 83 82 138 46 47 48 49 75 76 134 135 101 102 103 104 129 130 159 35 125 31 2 33 9 59 58 120 25 85 27 87 52 114 113 154 77 78 79 80 107 108 153 17 131 132 133 3 151 13 65 10 61 12 63 30 91 90 145 54 116 56 118 84 140 139 109 110 111 1 136 4 42 152 14 15 36 32 93 34 95 60 122 121 86 142 88 115 137 5 6 18 38 62 124 64 92 117 20 94 
67 141 44 69 97 37 99 123 143 155 156 24 46 73 19 75 40 39 101 66 127 68 129 125 146 147 9 119 157 25 160 50 51 52 22 21 77 43 105 45 107 16 71 70 131 98 149 100 151 96 148 10 158 28 29 30 144 8 53 54 81 82 83 84 7 48 47 109 74 134 76 136 41 103 102 152 128 159 130 36 126 2 31 32 57 58 59 60 26 27 85 86 112 113 114 115 23 79 78 137 106 153 108 18 72 133 132 38 150 65 13 11 12 61 62 89 90 91 92 55 56 116 117 138 139 140 49 111 110 20 135 42 4 104 15 14 35 33 34 93 94 120 121 122 87 88 142 154 80 6 5 17 3 63 64 124 145 118 1 95 
68 140 45 70 98 99 100 122 142 154 115 156 47 74 75 76 41 101 102 127 128 129 130 124 145 92 147 118 117 157 139 160 141 51 23 77 78 105 106 107 108 71 72 131 132 149 150 151 13 95 94 148 121 158 123 29 88 144 143 53 155 81 24 83 48 49 109 110 134 135 136 4 103 104 152 14 159 35 36 37 64 126 125 31 146 57 9 59 119 26 25 85 50 112 52 114 79 80 137 5 153 17 18 19 133 3 38 39 65 66 67 96 11 10 61 28 89 30 91 8 55 54 116 82 138 84 111 1 20 21 42 43 44 15 16 69 97 2 33 32 93 58 120 60 27 87 86 113 6 7 46 73 40 12 63 62 90 56 22 34 
69 157 46 97 40 39 101 148 160 144 143 53 73 22 21 77 67 66 127 16 71 70 131 158 126 125 31 156 155 81 119 26 25 85 44 43 105 7 48 47 109 37 99 98 149 41 103 102 152 147 146 57 96 11 10 61 141 51 50 112 8 55 54 116 19 75 74 134 23 79 78 137 68 129 128 159 72 133 132 38 123 29 28 89 2 33 32 93 24 83 82 138 27 87 86 142 45 107 106 153 49 111 110 20 100 151 150 65 104 15 14 9 59 58 120 12 63 62 124 52 114 113 154 56 118 117 76 136 135 42 80 6 5 130 36 35 3 30 91 90 145 34 95 94 84 140 139 88 108 18 17 1 13 60 122 121 64 115 4 92 
70 117 47 98 41 101 102 94 139 88 142 143 74 23 77 78 68 127 128 71 72 131 132 121 64 124 125 115 154 155 118 119 157 25 45 105 106 48 49 109 110 99 100 149 150 103 104 152 14 92 145 146 95 96 148 10 140 141 160 50 144 8 53 54 75 76 134 135 79 80 137 5 129 130 159 35 133 3 38 39 122 123 158 28 126 2 31 32 156 24 81 82 26 27 85 86 107 108 153 17 111 1 20 21 151 13 65 66 15 16 69 147 9 57 58 11 12 61 62 51 52 112 113 55 56 116 136 4 42 43 6 7 46 36 37 97 40 29 30 89 90 33 34 93 83 84 138 87 18 19 73 22 67 59 60 120 63 114 44 91 
71 118 48 99 101 41 103 95 140 142 88 144 75 77 23 79 127 68 129 70 131 72 133 122 124 64 126 154 115 156 117 157 119 26 105 45 107 47 109 49 111 98 149 100 151 102 152 104 15 145 92 147 94 148 96 11 139 160 141 51 143 53 8 55 74 134 76 136 78 137 80 6 128 159 130 36 132 38 3 40 121 158 123 29 125 31 2 33 155 81 24 83 25 85 27 87 106 153 108 18 110 20 1 22 150 65 13 67 14 69 16 146 57 9 59 10 61 12 63 50 112 52 114 54 116 56 135 42 4 44 5 46 7 35 97 37 39 28 89 30 91 32 93 34 82 138 84 86 17 73 19 21 66 58 120 60 62 113 43 90 
72 56 49 100 102 103 104 34 84 86 87 88 76 78 79 80 128 129 130 131 132 133 3 60 62 63 64 113 114 115 116 117 118 119 106 107 108 109 110 111 1 149 150 151 13 152 14 15 16 90 91 92 93 94 95 96 138 139 140 141 142 143 144 8 134 135 136 4 137 5 6 7 159 35 36 37 38 39 40 41 120 121 122 123 124 125 126 2 154 155 156 24 157 25 26 27 153 17 18 19 20 21 22 23 65 66 67 68 69 70 71 145 146 147 9 148 10 11 12 160 50 51 52 53 54 55 42 43 44 45 46 47 48 97 98 99 101 158 28 29 30 31 32 33 81 82 83 85 73 74 75 77 127 57 58 59 61 112 105 89 
73 146 97 22 44 43 105 155 96 123 158 28 40 67 66 127 46 7 48 19 75 74 134 119 141 160 50 125 126 2 147 9 57 58 69 16 71 37 99 98 149 21 77 23 79 45 107 106 153 143 144 8 156 24 81 82 148 10 11 12 29 30 89 90 39 101 41 103 68 129 128 159 47 109 49 111 76 136 135 42 157 25 26 27 51 52 112 113 31 32 33 34 59 60 120 121 70 131 72 133 100 151 150 65 78 137 80 6 108 18 17 53 54 55 56 83 84 138 139 61 62 63 64 91 92 145 102 152 104 15 130 36 35 110 20 1 4 85 86 87 88 114 115 154 93 94 95 122 132 38 3 13 5 116 117 118 140 124 14 142 
74 145 98 23 45 105 106 154 95 122 121 158 41 68 127 128 47 48 49 75 76 134 135 118 140 139 160 124 64 126 92 147 146 57 70 71 72 99 100 149 150 77 78 79 80 107 108 153 17 142 88 144 115 156 155 81 94 148 96 11 123 29 28 89 101 102 103 104 129 130 159 35 109 110 111 1 136 4 42 43 117 157 119 26 141 51 50 112 125 31 2 33 9 59 58 120 131 132 133 3 151 13 65 66 137 5 6 7 18 19 73 143 53 8 55 24 83 82 138 10 61 12 63 30 91 90 152 14 15 16 36 37 97 20 21 22 44 25 85 27 87 52 114 113 32 93 34 60 38 39 40 67 46 54 116 56 84 62 69 86 
75 92 99 77 105 45 107 115 94 121 122 123 101 127 68 129 48 47 109 74 134 76 136 117 139 140 141 64 124 125 145 146 147 9 71 70 131 98 149 100 151 23 79 78 137 106 153 108 18 88 142 143 154 155 156 24 95 96 148 10 158 28 29 30 41 103 102 152 128 159 130 36 49 111 110 20 135 42 4 44 118 119 157 25 160 50 51 52 126 2 31 32 57 58 59 60 72 133 132 38 150 65 13 67 80 6 5 46 17 73 19 144 8 53 54 81 82 83 84 11 12 61 62 89 90 91 104 15 14 69 35 97 37 1 22 21 43 26 27 85 86 112 113 114 33 34 93 120 3 40 39 66 7 55 56 116 138 63 16 87 
76 91 100 78 106 107 108 114 93 120 60 122 102 128 129 130 49 109 110 134 135 136 4 116 138 84 140 63 62 124 90 145 92 147 72 131 132 149 150 151 13 79 80 137 5 153 17 18 19 87 86 142 113 154 115 156 34 95 94 148 121 158 123 29 103 104 152 14 159 35 36 37 111 1 20 21 42 43 44 45 56 118 117 157 139 160 141 51 64 126 125 31 146 57 9 59 133 3 38 39 65 66 67 68 6 7 46 47 73 74 75 88 144 143 53 155 81 24 83 96 11 10 61 28 89 30 15 16 69 70 97 98 99 22 23 77 105 119 26 25 85 50 112 52 2 33 32 58 40 41 101 127 48 8 55 54 82 12 71 27 
77 124 101 105 48 47 109 142 145 95 94 148 127 71 70 131 75 74 134 23 79 78 137 154 118 117 157 122 121 158 64 126 125 31 99 98 149 41 103 102 152 45 107 106 153 49 111 110 20 140 139 160 88 144 143 53 92 147 146 57 96 11 10 61 68 129 128 159 72 133 132 38 76 136 135 42 80 6 5 46 115 156 155 81 119 26 25 85 123 29 28 89 2 33 32 93 100 151 150 65 104 15 14 69 108 18 17 73 1 22 21 141 51 50 112 8 55 54 116 9 59 58 120 12 63 62 130 36 35 97 3 40 39 4 44 43 7 24 83 82 138 27 87 86 30 91 90 34 13 67 66 16 19 52 114 113 56 60 37 84 
78 62 102 106 49 109 110 86 90 34 93 94 128 72 131 132 76 134 135 79 80 137 5 113 56 116 117 60 120 121 63 64 124 125 100 149 150 103 104 152 14 107 108 153 17 111 1 20 21 84 138 139 87 88 142 143 91 92 145 146 95 96 148 10 129 130 159 35 133 3 38 39 136 4 42 43 6 7 46 47 114 115 154 155 118 119 157 25 122 123 158 28 126 2 31 32 151 13 65 66 15 16 69 70 18 19 73 74 22 23 77 140 141 160 50 144 8 53 54 147 9 57 58 11 12 61 36 37 97 98 40 41 101 44 45 105 48 156 24 81 82 26 27 85 29 30 89 33 67 68 127 71 75 51 52 112 55 59 99 83 
79 63 103 107 109 49 111 87 91 93 34 95 129 131 72 133 134 76 136 78 137 80 6 114 116 56 118 120 60 122 62 124 64 126 149 100 151 102 152 104 15 106 153 108 18 110 20 1 22 138 84 140 86 142 88 144 90 145 92 147 94 148 96 11 128 159 130 36 132 38 3 40 135 42 4 44 5 46 7 48 113 154 115 156 117 157 119 26 121 158 123 29 125 31 2 33 150 65 13 67 14 69 16 71 17 73 19 75 21 77 23 139 160 141 51 143 53 8 55 146 57 9 59 10 61 12 35 97 37 99 39 101 41 43 105 45 47 155 81 24 83 25 85 27 28 89 30 32 66 127 68 70 74 50 112 52 54 58 98 82 
80 12 104 108 110 111 1 27 30 32 33 34 130 132 133 3 135 136 4 137 5 6 7 52 54 55 56 58 59 60 61 62 63 64 150 151 13 152 14 15 16 153 17 18 19 20 21 22 23 82 83 84 85 86 87 88 89 90 91 92 93 94 95 96 159 35 36 37 38 39 40 41 42 43 44 45 46 47 48 49 112 113 114 115 116 117 118 119 120 121 122 123 124 125 126 2 65 66 67 68 69 70 71 72 73 74 75 76 77 78 79 138 139 140 141 142 143 144 8 145 146 147 9 148 10 11 97 98 99 100 101 102 103 105 106 107 109 154 155 156 24 157 25 26 158 28 29 31 127 128 129 131 134 160 50 51 53 57 149 81 
81 65 57 26 51 50 112 42 15 36 35 97 11 29 28 89 53 8 55 24 83 82 138 6 18 17 73 38 3 40 13 67 66 127 31 2 33 9 59 58 120 25 85 27 87 52 114 113 154 20 1 22 4 44 43 105 14 69 16 71 37 99 98 149 10 61 12 63 30 91 90 145 54 116 56 118 84 140 139 160 5 46 7 48 19 75 74 134 39 101 41 103 68 129 128 159 32 93 34 95 60 122 121 158 86 142 88 144 115 156 155 21 77 23 79 45 107 106 153 70 131 72 133 100 151 150 62 124 64 126 92 147 146 117 157 119 141 47 109 49 111 76 136 135 102 152 104 130 94 148 96 123 143 78 137 80 108 132 125 110 
82 150 58 27 52 112 113 135 104 130 159 35 12 30 89 90 54 55 56 83 84 138 139 80 108 153 17 132 133 3 151 13 65 66 32 33 34 59 60 120 121 85 86 87 88 114 115 154 155 110 111 1 136 4 42 43 152 14 15 16 36 37 97 98 61 62 63 64 91 92 145 146 116 117 118 119 140 141 160 50 137 5 6 7 18 19 73 74 38 39 40 41 67 68 127 128 93 94 95 96 122 123 158 28 142 143 144 8 156 24 81 20 21 22 23 44 45 105 106 69 70 71 72 99 100 149 124 125 126 2 147 9 57 157 25 26 51 46 47 48 49 75 76 134 101 102 103 129 148 10 11 29 53 77 78 79 107 131 31 109 
83 151 59 85 112 52 114 136 152 159 130 36 61 89 30 91 55 54 116 82 138 84 140 137 153 108 18 133 132 38 150 65 13 67 33 32 93 58 120 60 122 27 87 86 142 113 154 115 156 111 110 20 135 42 4 44 104 15 14 69 35 97 37 99 12 63 62 124 90 145 92 147 56 118 117 157 139 160 141 51 80 6 5 46 17 73 19 75 3 40 39 101 66 127 68 129 34 95 94 148 121 158 123 29 88 144 143 53 155 81 24 1 22 21 77 43 105 45 107 16 71 70 131 98 149 100 64 126 125 31 146 57 9 119 26 25 50 7 48 47 109 74 134 76 41 103 102 128 96 11 10 28 8 23 79 78 106 72 2 49 
84 100 60 86 113 114 115 76 102 128 129 130 62 90 91 92 56 116 117 138 139 140 141 78 106 107 108 72 131 132 149 150 151 13 34 93 94 120 121 122 123 87 88 142 143 154 155 156 24 49 109 110 134 135 136 4 103 104 152 14 159 35 36 37 63 64 124 125 145 146 147 9 118 119 157 25 160 50 51 52 79 80 137 5 153 17 18 19 133 3 38 39 65 66 67 68 95 96 148 10 158 28 29 30 144 8 53 54 81 82 83 111 1 20 21 42 43 44 45 15 16 69 70 97 98 99 126 2 31 32 57 58 59 26 27 85 112 6 7 46 47 73 74 75 40 41 101 127 11 12 61 89 55 22 23 77 105 71 33 48 
85 132 61 112 55 54 116 110 150 104 152 14 89 33 32 93 83 82 138 27 87 86 142 135 80 137 5 130 159 35 133 3 38 39 59 58 120 12 63 62 124 52 114 113 154 56 118 117 157 108 153 17 111 1 20 21 151 13 65 66 15 16 69 70 30 91 90 145 34 95 94 148 84 140 139 160 88 144 143 53 136 4 42 43 6 7 46 47 36 37 97 98 40 41 101 102 60 122 121 158 64 126 125 31 115 156 155 81 119 26 25 18 19 73 74 22 23 77 78 67 68 127 128 71 72 131 92 147 146 57 96 11 10 141 51 50 8 44 45 105 106 48 49 109 99 100 149 103 123 29 28 2 24 75 76 134 79 129 9 107 
86 131 62 113 56 116 117 109 149 103 102 152 90 34 93 94 84 138 139 87 88 142 143 134 79 78 137 129 128 159 72 133 132 38 60 120 121 63 64 124 125 114 115 154 155 118 119 157 25 107 106 153 49 111 110 20 100 151 150 65 104 15 14 69 91 92 145 146 95 96 148 10 140 141 160 50 144 8 53 54 76 136 135 42 80 6 5 46 130 36 35 97 3 40 39 101 122 123 158 28 126 2 31 32 156 24 81 82 26 27 85 108 18 17 73 1 22 21 77 13 67 66 127 16 71 70 147 9 57 58 11 12 61 51 52 112 55 4 44 43 105 7 48 47 37 99 98 41 29 30 89 33 83 19 75 74 23 68 59 45 
87 72 63 114 116 56 118 49 100 102 103 104 91 93 34 95 138 84 140 86 142 88 144 76 78 79 80 128 129 130 131 132 133 3 120 60 122 62 124 64 126 113 154 115 156 117 157 119 26 106 107 108 109 110 111 1 149 150 151 13 152 14 15 16 90 145 92 147 94 148 96 11 139 160 141 51 143 53 8 55 134 135 136 4 137 5 6 7 159 35 36 37 38 39 40 41 121 158 123 29 125 31 2 33 155 81 24 83 25 85 27 153 17 18 19 20 21 22 23 65 66 67 68 69 70 71 146 57 9 59 10 61 12 50 112 52 54 42 43 44 45 46 47 48 97 98 99 101 28 89 30 32 82 73 74 75 77 127 58 105 
88 71 64 115 117 118 119 48 99 101 41 103 92 94 95 96 139 140 141 142 143 144 8 75 77 23 79 127 68 129 70 131 72 133 121 122 123 124 125 126 2 154 155 156 24 157 25 26 27 105 45 107 47 109 49 111 98 149 100 151 102 152 104 15 145 146 147 9 148 10 11 12 160 50 51 52 53 54 55 56 74 134 76 136 78 137 80 6 128 159 130 36 132 38 3 40 158 28 29 30 31 32 33 34 81 82 83 84 85 86 87 106 153 108 18 110 20 1 22 150 65 13 67 14 69 16 57 58 59 60 61 62 63 112 113 114 116 135 42 4 44 5 46 7 35 97 37 39 89 90 91 93 138 17 73 19 21 66 120 43 
89 153 112 33 59 58 120 159 111 136 135 42 55 83 82 138 61 12 63 30 91 90 145 133 151 150 65 137 80 6 108 18 17 73 85 27 87 52 114 113 154 32 93 34 95 60 122 121 158 152 104 15 130 36 35 97 110 20 1 22 4 44 43 105 54 116 56 118 84 140 139 160 62 124 64 126 92 147 146 57 132 38 3 40 13 67 66 127 5 46 7 48 19 75 74 134 86 142 88 144 115 156 155 81 94 148 96 11 123 29 28 14 69 16 71 37 99 98 149 21 77 23 79 45 107 106 117 157 119 26 141 51 50 125 31 2 9 39 101 41 103 68 129 128 47 109 49 76 143 53 8 24 10 70 131 72 100 78 25 102 
90 106 113 34 60 120 121 128 49 76 134 135 56 84 138 139 62 63 64 91 92 145 146 72 100 149 150 78 79 80 107 108 153 17 86 87 88 114 115 154 155 93 94 95 96 122 123 158 28 102 103 104 129 130 159 35 109 110 111 1 136 4 42 43 116 117 118 119 140 141 160 50 124 125 126 2 147 9 57 58 131 132 133 3 151 13 65 66 137 5 6 7 18 19 73 74 142 143 144 8 156 24 81 82 148 10 11 12 29 30 89 152 14 15 16 36 37 97 98 20 21 22 23 44 45 105 157 25 26 27 51 52 112 31 32 33 59 38 39 40 41 67 68 127 46 47 48 75 53 54 55 83 61 69 70 71 99 77 85 101 
91 107 114 93 120 60 122 129 109 134 76 136 116 138 84 140 63 62 124 90 145 92 147 131 149 100 151 79 78 137 106 153 108 18 87 86 142 113 154 115 156 34 95 94 148 121 158 123 29 103 102 152 128 159 130 36 49 111 110 20 135 42 4 44 56 118 117 157 139 160 141 51 64 126 125 31 146 57 9 59 72 133 132 38 150 65 13 67 80 6 5 46 17 73 19 75 88 144 143 53 155 81 24 83 96 11 10 61 28 89 30 104 15 14 69 35 97 37 99 1 22 21 77 43 105 45 119 26 25 85 50 112 52 2 33 32 58 3 40 39 101 66 127 68 7 48 47 74 8 55 54 82 12 16 71 70 98 23 27 41 
92 45 115 94 121 122 123 68 47 74 75 76 117 139 140 141 64 124 125 145 146 147 9 70 98 99 100 23 77 78 105 106 107 108 88 142 143 154 155 156 24 95 96 148 10 158 28 29 30 41 101 102 127 128 129 130 48 49 109 110 134 135 136 4 118 119 157 25 160 50 51 52 126 2 31 32 57 58 59 60 71 72 131 132 149 150 151 13 79 80 137 5 153 17 18 19 144 8 53 54 81 82 83 84 11 12 61 62 89 90 91 103 104 152 14 159 35 36 37 111 1 20 21 42 43 44 26 27 85 86 112 113 114 33 34 93 120 133 3 38 39 65 66 67 6 7 46 73 55 56 116 138 63 15 16 69 97 22 87 40 
93 78 116 120 63 62 124 102 106 49 109 110 138 87 86 142 91 90 145 34 95 94 148 128 72 131 132 76 134 135 79 80 137 5 114 113 154 56 118 117 157 60 122 121 158 64 126 125 31 100 149 150 103 104 152 14 107 108 153 17 111 1 20 21 84 140 139 160 88 144 143 53 92 147 146 57 96 11 10 61 129 130 159 35 133 3 38 39 136 4 42 43 6 7 46 47 115 156 155 81 119 26 25 85 123 29 28 89 2 33 32 151 13 65 66 15 16 69 70 18 19 73 74 22 23 77 141 51 50 112 8 55 54 9 59 58 12 36 37 97 98 40 41 101 44 45 105 48 24 83 82 27 30 67 68 127 71 75 52 99 
94 77 117 121 64 124 125 101 105 48 47 109 139 88 142 143 92 145 146 95 96 148 10 127 71 70 131 75 74 134 23 79 78 137 115 154 155 118 119 157 25 122 123 158 28 126 2 31 32 99 98 149 41 103 102 152 45 107 106 153 49 111 110 20 140 141 160 50 144 8 53 54 147 9 57 58 11 12 61 62 68 129 128 159 72 133 132 38 76 136 135 42 80 6 5 46 156 24 81 82 26 27 85 86 29 30 89 90 33 34 93 100 151 150 65 104 15 14 69 108 18 17 73 1 22 21 51 52 112 113 55 56 116 59 60 120 63 130 36 35 97 3 40 39 4 44 43 7 83 84 138 87 91 13 67 66 16 19 114 37 
95 23 118 122 124 64 126 41 45 47 48 49 140 142 88 144 145 92 147 94 148 96 11 68 70 71 72 74 75 76 77 78 79 80 154 115 156 117 157 119 26 121 158 123 29 125 31 2 33 98 99 100 101 102 103 104 105 106 107 108 109 110 111 1 139 160 141 51 143 53 8 55 146 57 9 59 10 61 12 63 127 128 129 130 131 132 133 3 134 135 136 4 137 5 6 7 155 81 24 83 25 85 27 87 28 89 30 91 32 93 34 149 150 151 13 152 14 15 16 153 17 18 19 20 21 22 50 112 52 114 54 116 56 58 120 60 62 159 35 36 37 38 39 40 42 43 44 46 82 138 84 86 90 65 66 67 69 73 113 97 
96 22 119 123 125 126 2 40 44 46 7 48 141 143 144 8 146 147 9 148 10 11 12 67 69 16 71 73 19 75 21 77 23 79 155 156 24 157 25 26 27 158 28 29 30 31 32 33 34 97 37 99 39 101 41 103 43 105 45 107 47 109 49 111 160 50 51 52 53 54 55 56 57 58 59 60 61 62 63 64 66 127 68 129 70 131 72 133 74 134 76 136 78 137 80 6 81 82 83 84 85 86 87 88 89 90 91 92 93 94 95 98 149 100 151 102 152 104 15 106 153 108 18 110 20 1 112 113 114 115 116 117 118 120 121 122 124 128 159 130 36 132 38 3 135 42 4 5 138 139 140 142 145 150 65 13 14 17 154 35 
97 155 73 40 67 66 127 146 119 141 160 50 22 44 43 105 69 16 71 37 99 98 149 96 123 158 28 143 144 8 156 24 81 82 46 7 48 19 75 74 134 39 101 41 103 68 129 128 159 125 126 2 147 9 57 58 157 25 26 27 51 52 112 113 21 77 23 79 45 107 106 153 70 131 72 133 100 151 150 65 148 10 11 12 29 30 89 90 53 54 55 56 83 84 138 139 47 109 49 111 76 136 135 42 102 152 104 15 130 36 35 31 32 33 34 59 60 120 121 85 86 87 88 114 115 154 78 137 80 6 108 18 17 132 38 3 13 61 62 63 64 91 92 145 116 117 118 140 110 20 1 4 14 93 94 95 122 142 5 124 
98 154 74 41 68 127 128 145 118 140 139 160 23 45 105 106 70 71 72 99 100 149 150 95 122 121 158 142 88 144 115 156 155 81 47 48 49 75 76 134 135 101 102 103 104 129 130 159 35 124 64 126 92 147 146 57 117 157 119 26 141 51 50 112 77 78 79 80 107 108 153 17 131 132 133 3 151 13 65 66 94 148 96 11 123 29 28 89 143 53 8 55 24 83 82 138 109 110 111 1 136 4 42 43 152 14 15 16 36 37 97 125 31 2 33 9 59 58 120 25 85 27 87 52 114 113 137 5 6 7 18 19 73 38 39 40 67 10 61 12 63 30 91 90 54 116 56 84 20 21 22 44 69 32 93 34 60 86 46 62 
99 115 75 101 127 68 129 92 117 139 140 141 77 105 45 107 71 70 131 98 149 100 151 94 121 122 123 88 142 143 154 155 156 24 48 47 109 74 134 76 136 41 103 102 152 128 159 130 36 64 124 125 145 146 147 9 118 119 157 25 160 50 51 52 23 79 78 137 106 153 108 18 72 133 132 38 150 65 13 67 95 96 148 10 158 28 29 30 144 8 53 54 81 82 83 84 49 111 110 20 135 42 4 44 104 15 14 69 35 97 37 126 2 31 32 57 58 59 60 26 27 85 86 112 113 114 80 6 5 46 17 73 19 3 40 39 66 11 12 61 62 89 90 91 55 56 116 138 1 22 21 43 16 33 34 93 120 87 7 63 
100 114 76 102 128 129 130 91 116 138 84 140 78 106 107 108 72 131 132 149 150 151 13 93 120 60 122 87 86 142 113 154 115 156 49 109 110 134 135 136 4 103 104 152 14 159 35 36 37 63 62 124 90 145 92 147 56 118 117 157 139 160 141 51 79 80 137 5 153 17 18 19 133 3 38 39 65 66 67 68 34 95 94 148 121 158 123 29 88 144 143 53 155 81 24 83 111 1 20 21 42 43 44 45 15 16 69 70 97 98 99 64 126 125 31 146 57 9 59 119 26 25 85 50 112 52 6 7 46 47 73 74 75 40 41 101 127 96 11 10 61 28 89 30 8 55 54 82 22 23 77 105 71 2 33 32 58 27 48 12 
101 142 77 127 71 70 131 124 154 118 117 157 105 48 47 109 99 98 149 41 103 102 152 145 95 94 148 140 139 160 88 144 143 53 75 74 134 23 79 78 137 68 129 128 159 72 133 132 38 122 121 158 64 126 125 31 115 156 155 81 119 26 25 85 45 107 106 153 49 111 110 20 100 151 150 65 104 15 14 69 92 147 146 57 96 11 10 61 141 51 50 112 8 55 54 116 76 136 135 42 80 6 5 46 130 36 35 97 3 40 39 123 29 28 89 2 33 32 93 24 83 82 138 27 87 86 108 18 17 73 1 22 21 13 67 66 16 9 59 58 120 12 63 62 52 114 113 56 4 44 43 7 37 30 91 90 34 84 19 60 
102 86 78 128 72 131 132 62 113 56 116 117 106 49 109 110 100 149 150 103 104 152 14 90 34 93 94 84 138 139 87 88 142 143 76 134 135 79 80 137 5 129 130 159 35 133 3 38 39 60 120 121 63 64 124 125 114 115 154 155 118 119 157 25 107 108 153 17 111 1 20 21 151 13 65 66 15 16 69 70 91 92 145 146 95 96 148 10 140 141 160 50 144 8 53 54 136 4 42 43 6 7 46 47 36 37 97 98 40 41 101 122 123 158 28 126 2 31 32 156 24 81 82 26 27 85 18 19 73 74 22 23 77 67 68 127 71 147 9 57 58 11 12 61 51 52 112 55 44 45 105 48 99 29 30 89 33 83 75 59 
103 87 79 129 131 72 133 63 114 116 56 118 107 109 49 111 149 100 151 102 152 104 15 91 93 34 95 138 84 140 86 142 88 144 134 76 136 78 137 80 6 128 159 130 36 132 38 3 40 120 60 122 62 124 64 126 113 154 115 156 117 157 119 26 106 153 108 18 110 20 1 22 150 65 13 67 14 69 16 71 90 145 92 147 94 148 96 11 139 160 141 51 143 53 8 55 135 42 4 44 5 46 7 48 35 97 37 99 39 101 41 121 158 123 29 125 31 2 33 155 81 24 83 25 85 27 17 73 19 75 21 77 23 66 127 68 70 146 57 9 59 10 61 12 50 112 52 54 43 105 45 47 98 28 89 30 32 82 74 58 
104 27 80 130 132 133 3 12 52 54 55 56 108 110 111 1 150 151 13 152 14 15 16 30 32 33 34 82 83 84 85 86 87 88 135 136 4 137 5 6 7 159 35 36 37 38 39 40 41 58 59 60 61 62 63 64 112 113 114 115 116 117 118 119 153 17 18 19 20 21 22 23 65 66 67 68 69 70 71 72 89 90 91 92 93 94 95 96 138 139 140 141 142 143 144 8 42 43 44 45 46 47 48 49 97 98 99 100 101 102 103 120 121 122 123 124 125 126 2 154 155 156 24 157 25 26 73 74 75 76 77 78 79 127 128 129 131 145 146 147 9 148 10 11 160 50 51 53 105 106 107 109 149 158 28 29 31 81 134 57 
105 121 127 48 75 74 134 139 64 92 145 146 71 99 98 149 77 23 79 45 107 106 153 88 115 154 155 94 95 96 122 123 158 28 101 41 103 68 129 128 159 47 109 49 111 76 136 135 42 117 118 119 140 141 160 50 124 125 126 2 147 9 57 58 70 131 72 133 100 151 150 65 78 137 80 6 108 18 17 73 142 143 144 8 156 24 81 82 148 10 11 12 29 30 89 90 102 152 104 15 130 36 35 97 110 20 1 22 4 44 43 157 25 26 27 51 52 112 113 31 32 33 34 59 60 120 132 38 3 40 13 67 66 5 46 7 19 53 54 55 56 83 84 138 61 62 63 91 14 69 16 37 21 85 86 87 114 93 39 116 
106 120 128 49 76 134 135 138 63 91 90 145 72 100 149 150 78 79 80 107 108 153 17 87 114 113 154 93 34 95 60 122 121 158 102 103 104 129 130 159 35 109 110 111 1 136 4 42 43 116 56 118 84 140 139 160 62 124 64 126 92 147 146 57 131 132 133 3 151 13 65 66 137 5 6 7 18 19 73 74 86 142 88 144 115 156 155 81 94 148 96 11 123 29 28 89 152 14 15 16 36 37 97 98 20 21 22 23 44 45 105 117 157 119 26 141 51 50 112 125 31 2 33 9 59 58 38 39 40 41 67 68 127 46 47 48 75 143 53 8 55 24 83 82 10 61 12 30 69 70 71 99 77 25 85 27 52 32 101 54 
107 60 129 109 134 76 136 84 62 90 91 92 131 149 100 151 79 78 137 106 153 108 18 86 113 114 115 34 93 94 120 121 122 123 103 102 152 128 159 130 36 49 111 110 20 135 42 4 44 56 116 117 138 139 140 141 63 64 124 125 145 146 147 9 72 133 132 38 150 65 13 67 80 6 5 46 17 73 19 75 87 88 142 143 154 155 156 24 95 96 148 10 158 28 29 30 104 15 14 69 35 97 37 99 1 22 21 77 43 105 45 118 119 157 25 160 50 51 52 126 2 31 32 57 58 59 3 40 39 101 66 127 68 7 48 47 74 144 8 53 54 81 82 83 11 12 61 89 16 71 70 98 23 26 27 85 112 33 41 55 
108 59 130 110 135 136 4 83 61 89 30 91 132 150 151 13 80 137 5 153 17 18 19 85 112 52 114 33 32 93 58 120 60 122 104 152 14 159 35 36 37 111 1 20 21 42 43 44 45 55 54 116 82 138 84 140 12 63 62 124 90 145 92 147 133 3 38 39 65 66 67 68 6 7 46 47 73 74 75 76 27 87 86 142 113 154 115 156 34 95 94 148 121 158 123 29 15 16 69 70 97 98 99 100 22 23 77 78 105 106 107 56 118 117 157 139 160 141 51 64 126 125 31 146 57 9 40 41 101 102 127 128 129 48 49 109 134 88 144 143 53 155 81 24 96 11 10 28 71 72 131 149 79 119 26 25 50 2 103 8 
109 93 131 134 79 78 137 116 120 63 62 124 149 103 102 152 107 106 153 49 111 110 20 138 87 86 142 91 90 145 34 95 94 148 129 128 159 72 133 132 38 76 136 135 42 80 6 5 46 114 113 154 56 118 117 157 60 122 121 158 64 126 125 31 100 151 150 65 104 15 14 69 108 18 17 73 1 22 21 77 84 140 139 160 88 144 143 53 92 147 146 57 96 11 10 61 130 36 35 97 3 40 39 101 4 44 43 105 7 48 47 115 156 155 81 119 26 25 85 123 29 28 89 2 33 32 13 67 66 127 16 71 70 19 75 74 23 141 51 50 112 8 55 54 9 59 58 12 37 99 98 41 45 24 83 82 27 30 68 52 
110 32 132 135 80 137 5 54 58 12 61 62 150 104 152 14 108 153 17 111 1 20 21 82 27 85 86 30 89 90 33 34 93 94 130 159 35 133 3 38 39 136 4 42 43 6 7 46 47 52 112 113 55 56 116 117 59 60 120 121 63 64 124 125 151 13 65 66 15 16 69 70 18 19 73 74 22 23 77 78 83 84 138 139 87 88 142 143 91 92 145 146 95 96 148 10 36 37 97 98 40 41 101 102 44 45 105 106 48 49 109 114 115 154 155 118 119 157 25 122 123 158 28 126 2 31 67 68 127 128 71 72 131 75 76 134 79 140 141 160 50 144 8 53 147 9 57 11 99 100 149 103 107 156 24 81 26 29 129 51 
111 33 133 136 137 80 6 55 59 61 12 63 151 152 104 15 153 108 18 110 20 1 22 83 85 27 87 89 30 91 32 93 34 95 159 130 36 132 38 3 40 135 42 4 44 5 46 7 48 112 52 114 54 116 56 118 58 120 60 122 62 124 64 126 150 65 13 67 14 69 16 71 17 73 19 75 21 77 23 79 82 138 84 140 86 142 88 144 90 145 92 147 94 148 96 11 35 97 37 99 39 101 41 103 43 105 45 107 47 109 49 113 154 115 156 117 157 119 26 121 158 123 29 125 31 2 66 127 68 129 70 131 72 74 134 76 78 139 160 141 51 143 53 8 146 57 9 10 98 149 100 102 106 155 81 24 25 28 128 50 
112 159 89 55 83 82 138 153 133 151 150 65 33 59 58 120 85 27 87 52 114 113 154 111 136 135 42 152 104 15 130 36 35 97 61 12 63 30 91 90 145 54 116 56 118 84 140 139 160 137 80 6 108 18 17 73 132 38 3 40 13 67 66 127 32 93 34 95 60 122 121 158 86 142 88 144 115 156 155 81 110 20 1 22 4 44 43 105 14 69 16 71 37 99 98 149 62 124 64 126 92 147 146 57 117 157 119 26 141 51 50 5 46 7 48 19 75 74 134 39 101 41 103 68 129 128 94 148 96 11 123 29 28 143 53 8 24 21 77 23 79 45 107 106 70 131 72 100 125 31 2 9 25 47 109 49 76 102 10 78 
113 128 90 56 84 138 139 106 72 100 149 150 34 60 120 121 86 87 88 114 115 154 155 49 76 134 135 102 103 104 129 130 159 35 62 63 64 91 92 145 146 116 117 118 119 140 141 160 50 78 79 80 107 108 153 17 131 132 133 3 151 13 65 66 93 94 95 96 122 123 158 28 142 143 144 8 156 24 81 82 109 110 111 1 136 4 42 43 152 14 15 16 36 37 97 98 124 125 126 2 147 9 57 58 157 25 26 27 51 52 112 137 5 6 7 18 19 73 74 38 39 40 41 67 68 127 148 10 11 12 29 30 89 53 54 55 83 20 21 22 23 44 45 105 69 70 71 99 31 32 33 59 85 46 47 48 75 101 61 77 
114 129 91 116 138 84 140 107 131 149 100 151 93 120 60 122 87 86 142 113 154 115 156 109 134 76 136 103 102 152 128 159 130 36 63 62 124 90 145 92 147 56 118 117 157 139 160 141 51 79 78 137 106 153 108 18 72 133 132 38 150 65 13 67 34 95 94 148 121 158 123 29 88 144 143 53 155 81 24 83 49 111 110 20 135 42 4 44 104 15 14 69 35 97 37 99 64 126 125 31 146 57 9 59 119 26 25 85 50 112 52 80 6 5 46 17 73 19 75 3 40 39 101 66 127 68 96 11 10 61 28 89 30 8 55 54 82 1 22 21 77 43 105 45 16 71 70 98 2 33 32 58 27 7 48 47 74 41 12 23 
115 68 92 117 139 140 141 45 70 98 99 100 94 121 122 123 88 142 143 154 155 156 24 47 74 75 76 41 101 102 127 128 129 130 64 124 125 145 146 147 9 118 119 157 25 160 50 51 52 23 77 78 105 106 107 108 71 72 131 132 149 150 151 13 95 96 148 10 158 28 29 30 144 8 53 54 81 82 83 84 48 49 109 110 134 135 136 4 103 104 152 14 159 35 36 37 126 2 31 32 57 58 59 60 26 27 85 86 112 113 114 79 80 137 5 153 17 18 19 133 3 38 39 65 66 67 11 12 61 62 89 90 91 55 56 116 138 111 1 20 21 42 43 44 15 16 69 97 33 34 93 120 87 6 7 46 73 40 63 22 
116 102 93 138 87 86 142 78 128 72 131 132 120 63 62 124 114 113 154 56 118 117 157 106 49 109 110 100 149 150 103 104 152 14 91 90 145 34 95 94 148 84 140 139 160 88 144 143 53 76 134 135 79 80 137 5 129 130 159 35 133 3 38 39 60 122 121 158 64 126 125 31 115 156 155 81 119 26 25 85 107 108 153 17 111 1 20 21 151 13 65 66 15 16 69 70 92 147 146 57 96 11 10 61 141 51 50 112 8 55 54 136 4 42 43 6 7 46 47 36 37 97 98 40 41 101 123 29 28 89 2 33 32 24 83 82 27 18 19 73 74 22 23 77 67 68 127 71 9 59 58 12 52 44 45 105 48 99 30 75 
117 101 94 139 88 142 143 77 127 71 70 131 121 64 124 125 115 154 155 118 119 157 25 105 48 47 109 99 98 149 41 103 102 152 92 145 146 95 96 148 10 140 141 160 50 144 8 53 54 75 74 134 23 79 78 137 68 129 128 159 72 133 132 38 122 123 158 28 126 2 31 32 156 24 81 82 26 27 85 86 45 107 106 153 49 111 110 20 100 151 150 65 104 15 14 69 147 9 57 58 11 12 61 62 51 52 112 113 55 56 116 76 136 135 42 80 6 5 46 130 36 35 97 3 40 39 29 30 89 90 33 34 93 83 84 138 87 108 18 17 73 1 22 21 13 67 66 16 59 60 120 63 114 4 44 43 7 37 91 19 
118 41 95 140 142 88 144 23 68 70 71 72 122 124 64 126 154 115 156 117 157 119 26 45 47 48 49 98 99 100 101 102 103 104 145 92 147 94 148 96 11 139 160 141 51 143 53 8 55 74 75 76 77 78 79 80 127 128 129 130 131 132 133 3 121 158 123 29 125 31 2 33 155 81 24 83 25 85 27 87 105 106 107 108 109 110 111 1 149 150 151 13 152 14 15 16 146 57 9 59 10 61 12 63 50 112 52 114 54 116 56 134 135 136 4 137 5 6 7 159 35 36 37 38 39 40 28 89 30 91 32 93 34 82 138 84 86 153 17 18 19 20 21 22 65 66 67 69 58 120 60 62 113 42 43 44 46 97 90 73 
119 40 96 141 143 144 8 22 67 69 16 71 123 125 126 2 155 156 24 157 25 26 27 44 46 7 48 97 37 99 39 101 41 103 146 147 9 148 10 11 12 160 50 51 52 53 54 55 56 73 19 75 21 77 23 79 66 127 68 129 70 131 72 133 158 28 29 30 31 32 33 34 81 82 83 84 85 86 87 88 43 105 45 107 47 109 49 111 98 149 100 151 102 152 104 15 57 58 59 60 61 62 63 64 112 113 114 115 116 117 118 74 134 76 136 78 137 80 6 128 159 130 36 132 38 3 89 90 91 92 93 94 95 138 139 140 142 106 153 108 18 110 20 1 150 65 13 14 120 121 122 124 154 135 42 4 5 35 145 17 
120 134 138 63 91 90 145 149 79 107 106 153 87 114 113 154 93 34 95 60 122 121 158 103 129 128 159 109 49 111 76 136 135 42 116 56 118 84 140 139 160 62 124 64 126 92 147 146 57 131 72 133 100 151 150 65 78 137 80 6 108 18 17 73 86 142 88 144 115 156 155 81 94 148 96 11 123 29 28 89 102 152 104 15 130 36 35 97 110 20 1 22 4 44 43 105 117 157 119 26 141 51 50 112 125 31 2 33 9 59 58 132 38 3 40 13 67 66 127 5 46 7 48 19 75 74 143 53 8 55 24 83 82 10 61 12 30 14 69 16 71 37 99 98 21 77 23 45 25 85 27 52 32 39 101 41 68 47 54 70 
121 74 139 64 92 145 146 98 23 45 105 106 88 115 154 155 94 95 96 122 123 158 28 41 68 127 128 47 48 49 75 76 134 135 117 118 119 140 141 160 50 124 125 126 2 147 9 57 58 70 71 72 99 100 149 150 77 78 79 80 107 108 153 17 142 143 144 8 156 24 81 82 148 10 11 12 29 30 89 90 101 102 103 104 129 130 159 35 109 110 111 1 136 4 42 43 157 25 26 27 51 52 112 113 31 32 33 34 59 60 120 131 132 133 3 151 13 65 66 137 5 6 7 18 19 73 53 54 55 56 83 84 138 61 62 63 91 152 14 15 16 36 37 97 20 21 22 44 85 86 87 114 93 38 39 40 67 46 116 69 
122 75 140 124 145 92 147 99 77 105 45 107 142 154 115 156 95 94 148 121 158 123 29 101 127 68 129 48 47 109 74 134 76 136 118 117 157 139 160 141 51 64 126 125 31 146 57 9 59 71 70 131 98 149 100 151 23 79 78 137 106 153 108 18 88 144 143 53 155 81 24 83 96 11 10 61 28 89 30 91 41 103 102 152 128 159 130 36 49 111 110 20 135 42 4 44 119 26 25 85 50 112 52 114 2 33 32 93 58 120 60 72 133 132 38 150 65 13 67 80 6 5 46 17 73 19 8 55 54 116 82 138 84 12 63 62 90 104 15 14 69 35 97 37 1 22 21 43 27 87 86 113 34 3 40 39 66 7 56 16 
123 19 141 125 146 147 9 37 21 43 44 45 143 155 156 24 96 148 10 158 28 29 30 39 66 67 68 7 46 47 73 74 75 76 119 157 25 160 50 51 52 126 2 31 32 57 58 59 60 16 69 70 97 98 99 100 22 23 77 78 105 106 107 108 144 8 53 54 81 82 83 84 11 12 61 62 89 90 91 92 40 41 101 102 127 128 129 130 48 49 109 110 134 135 136 4 26 27 85 86 112 113 114 115 33 34 93 94 120 121 122 71 72 131 132 149 150 151 13 79 80 137 5 153 17 18 55 56 116 117 138 139 140 63 64 124 145 103 104 152 14 159 35 36 111 1 20 42 87 88 142 154 95 133 3 38 65 6 118 15 
124 47 142 145 95 94 148 70 74 23 77 78 154 118 117 157 122 121 158 64 126 125 31 98 41 101 102 45 105 106 48 49 109 110 140 139 160 88 144 143 53 92 147 146 57 96 11 10 61 68 127 128 71 72 131 132 75 76 134 135 79 80 137 5 115 156 155 81 119 26 25 85 123 29 28 89 2 33 32 93 99 100 149 150 103 104 152 14 107 108 153 17 111 1 20 21 141 51 50 112 8 55 54 116 9 59 58 120 12 63 62 129 130 159 35 133 3 38 39 136 4 42 43 6 7 46 24 83 82 138 27 87 86 30 91 90 34 151 13 65 66 15 16 69 18 19 73 22 52 114 113 56 60 36 37 97 40 44 84 67 
125 46 143 146 96 148 10 69 73 22 21 77 155 119 157 25 123 158 28 126 2 31 32 97 40 39 101 44 43 105 7 48 47 109 141 160 50 144 8 53 54 147 9 57 58 11 12 61 62 67 66 127 16 71 70 131 19 75 74 134 23 79 78 137 156 24 81 82 26 27 85 86 29 30 89 90 33 34 93 94 37 99 98 149 41 103 102 152 45 107 106 153 49 111 110 20 51 52 112 113 55 56 116 117 59 60 120 121 63 64 124 68 129 128 159 72 133 132 38 76 136 135 42 80 6 5 83 84 138 139 87 88 142 91 92 145 95 100 151 150 65 104 15 14 108 18 17 1 114 115 154 118 122 130 36 35 3 4 140 13 
126 7 144 147 148 96 11 16 19 21 22 23 156 157 119 26 158 123 29 125 31 2 33 37 39 40 41 43 44 45 46 47 48 49 160 141 51 143 53 8 55 146 57 9 59 10 61 12 63 66 67 68 69 70 71 72 73 74 75 76 77 78 79 80 155 81 24 83 25 85 27 87 28 89 30 91 32 93 34 95 97 98 99 100 101 102 103 104 105 106 107 108 109 110 111 1 50 112 52 114 54 116 56 118 58 120 60 122 62 124 64 127 128 129 130 131 132 133 3 134 135 136 4 137 5 6 82 138 84 140 86 142 88 90 145 92 94 149 150 151 13 152 14 15 153 17 18 20 113 154 115 117 121 159 35 36 38 42 139 65 
127 139 105 71 99 98 149 121 88 115 154 155 48 75 74 134 101 41 103 68 129 128 159 64 92 145 146 117 118 119 140 141 160 50 77 23 79 45 107 106 153 70 131 72 133 100 151 150 65 94 95 96 122 123 158 28 142 143 144 8 156 24 81 82 47 109 49 111 76 136 135 42 102 152 104 15 130 36 35 97 124 125 126 2 147 9 57 58 157 25 26 27 51 52 112 113 78 137 80 6 108 18 17 73 132 38 3 40 13 67 66 148 10 11 12 29 30 89 90 53 54 55 56 83 84 138 110 20 1 22 4 44 43 14 69 16 37 31 32 33 34 59 60 120 85 86 87 114 5 46 7 19 39 61 62 63 91 116 21 93 
128 138 106 72 100 149 150 120 87 114 113 154 49 76 134 135 102 103 104 129 130 159 35 63 91 90 145 116 56 118 84 140 139 160 78 79 80 107 108 153 17 131 132 133 3 151 13 65 66 93 34 95 60 122 121 158 86 142 88 144 115 156 155 81 109 110 111 1 136 4 42 43 152 14 15 16 36 37 97 98 62 124 64 126 92 147 146 57 117 157 119 26 141 51 50 112 137 5 6 7 18 19 73 74 38 39 40 41 67 68 127 94 148 96 11 123 29 28 89 143 53 8 55 24 83 82 20 21 22 23 44 45 105 69 70 71 99 125 31 2 33 9 59 58 25 85 27 52 46 47 48 75 101 10 61 12 30 54 77 32 
129 84 107 131 149 100 151 60 86 113 114 115 109 134 76 136 103 102 152 128 159 130 36 62 90 91 92 56 116 117 138 139 140 141 79 78 137 106 153 108 18 72 133 132 38 150 65 13 67 34 93 94 120 121 122 123 87 88 142 143 154 155 156 24 49 111 110 20 135 42 4 44 104 15 14 69 35 97 37 99 63 64 124 125 145 146 147 9 118 119 157 25 160 50 51 52 80 6 5 46 17 73 19 75 3 40 39 101 66 127 68 95 96 148 10 158 28 29 30 144 8 53 54 81 82 83 1 22 21 77 43 105 45 16 71 70 98 126 2 31 32 57 58 59 26 27 85 112 7 48 47 74 41 11 12 61 89 55 23 33 
130 83 108 132 150 151 13 59 85 112 52 114 110 135 136 4 104 152 14 159 35 36 37 61 89 30 91 55 54 116 82 138 84 140 80 137 5 153 17 18 19 133 3 38 39 65 66 67 68 33 32 93 58 120 60 122 27 87 86 142 113 154 115 156 111 1 20 21 42 43 44 45 15 16 69 70 97 98 99 100 12 63 62 124 90 145 92 147 56 118 117 157 139 160 141 51 6 7 46 47 73 74 75 76 40 41 101 102 127 128 129 34 95 94 148 121 158 123 29 88 144 143 53 155 81 24 22 23 77 78 105 106 107 71 72 131 149 64 126 125 31 146 57 9 119 26 25 50 48 49 109 134 103 96 11 10 28 8 79 2 
131 116 109 149 103 102 152 93 138 87 86 142 134 79 78 137 129 128 159 72 133 132 38 120 63 62 124 114 113 154 56 118 117 157 107 106 153 49 111 110 20 100 151 150 65 104 15 14 69 91 90 145 34 95 94 148 84 140 139 160 88 144 143 53 76 136 135 42 80 6 5 46 130 36 35 97 3 40 39 101 60 122 121 158 64 126 125 31 115 156 155 81 119 26 25 85 108 18 17 73 1 22 21 77 13 67 66 127 16 71 70 92 147 146 57 96 11 10 61 141 51 50 112 8 55 54 4 44 43 105 7 48 47 37 99 98 41 123 29 28 89 2 33 32 24 83 82 27 19 75 74 23 68 9 59 58 12 52 45 30 
132 54 110 150 104 152 14 32 82 27 85 86 135 80 137 5 130 159 35 133 3 38 39 58 12 61 62 52 112 113 55 56 116 117 108 153 17 111 1 20 21 151 13 65 66 15 16 69 70 30 89 90 33 34 93 94 83 84 138 139 87 88 142 143 136 4 42 43 6 7 46 47 36 37 97 98 40 41 101 102 59 60 120 121 63 64 124 125 114 115 154 155 118 119 157 25 18 19 73 74 22 23 77 78 67 68 127 128 71 72 131 91 92 145 146 95 96 148 10 140 141 160 50 144 8 53 44 45 105 106 48 49 109 99 100 149 103 122 123 158 28 126 2 31 156 24 81 26 75 76 134 79 129 147 9 57 11 51 107 29 
133 55 111 151 152 104 15 33 83 85 27 87 136 137 80 6 159 130 36 132 38 3 40 59 61 12 63 112 52 114 54 116 56 118 153 108 18 110 20 1 22 150 65 13 67 14 69 16 71 89 30 91 32 93 34 95 82 138 84 140 86 142 88 144 135 42 4 44 5 46 7 48 35 97 37 99 39 101 41 103 58 120 60 122 62 124 64 126 113 154 115 156 117 157 119 26 17 73 19 75 21 77 23 79 66 127 68 129 70 131 72 90 145 92 147 94 148 96 11 139 160 141 51 143 53 8 43 105 45 107 47 109 49 98 149 100 102 121 158 123 29 125 31 2 155 81 24 25 74 134 76 78 128 146 57 9 10 50 106 28 
134 90 149 79 107 106 153 113 34 60 120 121 103 129 128 159 109 49 111 76 136 135 42 56 84 138 139 62 63 64 91 92 145 146 131 72 133 100 151 150 65 78 137 80 6 108 18 17 73 86 87 88 114 115 154 155 93 94 95 96 122 123 158 28 102 152 104 15 130 36 35 97 110 20 1 22 4 44 43 105 116 117 118 119 140 141 160 50 124 125 126 2 147 9 57 58 132 38 3 40 13 67 66 127 5 46 7 48 19 75 74 142 143 144 8 156 24 81 82 148 10 11 12 29 30 89 14 69 16 71 37 99 98 21 77 23 45 157 25 26 27 51 52 112 31 32 33 59 39 101 41 68 47 53 54 55 83 61 70 85 
135 89 150 80 108 153 17 112 33 59 58 120 104 130 159 35 110 111 1 136 4 42 43 55 83 82 138 61 12 63 30 91 90 145 132 133 3 151 13 65 66 137 5 6 7 18 19 73 74 85 27 87 52 114 113 154 32 93 34 95 60 122 121 158 152 14 15 16 36 37 97 98 20 21 22 23 44 45 105 106 54 116 56 118 84 140 139 160 62 124 64 126 92 147 146 57 38 39 40 41 67 68 127 128 46 47 48 49 75 76 134 86 142 88 144 115 156 155 81 94 148 96 11 123 29 28 69 70 71 72 99 100 149 77 78 79 107 117 157 119 26 141 51 50 125 31 2 9 101 102 103 129 109 143 53 8 24 10 131 25 
136 30 151 137 153 108 18 52 32 58 59 60 152 159 130 36 111 110 20 135 42 4 44 54 82 83 84 12 61 62 89 90 91 92 133 132 38 150 65 13 67 80 6 5 46 17 73 19 75 27 85 86 112 113 114 115 33 34 93 94 120 121 122 123 104 15 14 69 35 97 37 99 1 22 21 77 43 105 45 107 55 56 116 117 138 139 140 141 63 64 124 125 145 146 147 9 3 40 39 101 66 127 68 129 7 48 47 109 74 134 76 87 88 142 143 154 155 156 24 95 96 148 10 158 28 29 16 71 70 131 98 149 100 23 79 78 106 118 119 157 25 160 50 51 126 2 31 57 41 103 102 128 49 144 8 53 81 11 72 26 
137 61 152 153 111 110 20 85 89 33 32 93 159 133 132 38 136 135 42 80 6 5 46 112 55 54 116 59 58 120 12 63 62 124 151 150 65 104 15 14 69 108 18 17 73 1 22 21 77 83 82 138 27 87 86 142 30 91 90 145 34 95 94 148 130 36 35 97 3 40 39 101 4 44 43 105 7 48 47 109 52 114 113 154 56 118 117 157 60 122 121 158 64 126 125 31 13 67 66 127 16 71 70 131 19 75 74 134 23 79 78 84 140 139 160 88 144 143 53 92 147 146 57 96 11 10 37 99 98 149 41 103 102 45 107 106 49 115 156 155 81 119 26 25 123 29 28 2 68 129 128 72 76 141 51 50 8 9 100 24 
138 149 120 87 114 113 154 134 103 129 128 159 63 91 90 145 116 56 118 84 140 139 160 79 107 106 153 131 72 133 100 151 150 65 93 34 95 60 122 121 158 86 142 88 144 115 156 155 81 109 49 111 76 136 135 42 102 152 104 15 130 36 35 97 62 124 64 126 92 147 146 57 117 157 119 26 141 51 50 112 78 137 80 6 108 18 17 73 132 38 3 40 13 67 66 127 94 148 96 11 123 29 28 89 143 53 8 55 24 83 82 110 20 1 22 4 44 43 105 14 69 16 71 37 99 98 125 31 2 33 9 59 58 25 85 27 52 5 46 7 48 19 75 74 39 101 41 68 10 61 12 30 54 21 77 23 45 70 32 47 
139 98 121 88 115 154 155 74 41 68 127 128 64 92 145 146 117 118 119 140 141 160 50 23 45 105 106 70 71 72 99 100 149 150 94 95 96 122 123 158 28 142 143 144 8 156 24 81 82 47 48 49 75 76 134 135 101 102 103 104 129 130 159 35 124 125 126 2 147 9 57 58 157 25 26 27 51 52 112 113 77 78 79 80 107 108 153 17 131 132 133 3 151 13 65 66 148 10 11 12 29 30 89 90 53 54 55 56 83 84 138 109 110 111 1 136 4 42 43 152 14 15 16 36 37 97 31 32 33 34 59 60 120 85 86 87 114 137 5 6 7 18 19 73 38 39 40 67 61 62 63 91 116 20 21 22 44 69 93 46 
140 99 122 142 154 115 156 75 101 127 68 129 124 145 92 147 118 117 157 139 160 141 51 77 105 45 107 71 70 131 98 149 100 151 95 94 148 121 158 123 29 88 144 143 53 155 81 24 83 48 47 109 74 134 76 136 41 103 102 152 128 159 130 36 64 126 125 31 146 57 9 59 119 26 25 85 50 112 52 114 23 79 78 137 106 153 108 18 72 133 132 38 150 65 13 67 96 11 10 61 28 89 30 91 8 55 54 116 82 138 84 49 111 110 20 135 42 4 44 104 15 14 69 35 97 37 2 33 32 93 58 120 60 27 87 86 113 80 6 5 46 17 73 19 3 40 39 66 12 63 62 90 56 1 22 21 43 16 34 7 
141 37 123 143 155 156 24 19 39 66 67 68 125 146 147 9 119 157 25 160 50 51 52 21 43 44 45 16 69 70 97 98 99 100 96 148 10 158 28 29 30 144 8 53 54 81 82 83 84 7 46 47 73 74 75 76 40 41 101 102 127 128 129 130 126 2 31 32 57 58 59 60 26 27 85 86 112 113 114 115 22 23 77 78 105 106 107 108 71 72 131 132 149 150 151 13 11 12 61 62 89 90 91 92 55 56 116 117 138 139 140 48 49 109 110 134 135 136 4 103 104 152 14 159 35 36 33 34 93 94 120 121 122 87 88 142 154 79 80 137 5 153 17 18 133 3 38 65 63 64 124 145 118 111 1 20 42 15 95 6 
142 70 124 154 118 117 157 47 98 41 101 102 145 95 94 148 140 139 160 88 144 143 53 74 23 77 78 68 127 128 71 72 131 132 122 121 158 64 126 125 31 115 156 155 81 119 26 25 85 45 105 106 48 49 109 110 99 100 149 150 103 104 152 14 92 147 146 57 96 11 10 61 141 51 50 112 8 55 54 116 75 76 134 135 79 80 137 5 129 130 159 35 133 3 38 39 123 29 28 89 2 33 32 93 24 83 82 138 27 87 86 107 108 153 17 111 1 20 21 151 13 65 66 15 16 69 9 59 58 120 12 63 62 52 114 113 56 136 4 42 43 6 7 46 36 37 97 40 30 91 90 34 84 18 19 73 22 67 60 44 
143 69 125 155 119 157 25 46 97 40 39 101 146 96 148 10 141 160 50 144 8 53 54 73 22 21 77 67 66 127 16 71 70 131 123 158 28 126 2 31 32 156 24 81 82 26 27 85 86 44 43 105 7 48 47 109 37 99 98 149 41 103 102 152 147 9 57 58 11 12 61 62 51 52 112 113 55 56 116 117 19 75 74 134 23 79 78 137 68 129 128 159 72 133 132 38 29 30 89 90 33 34 93 94 83 84 138 139 87 88 142 45 107 106 153 49 111 110 20 100 151 150 65 104 15 14 59 60 120 121 63 64 124 114 115 154 118 76 136 135 42 80 6 5 130 36 35 3 91 92 145 95 140 108 18 17 1 13 122 4 
144 16 126 156 157 119 26 7 37 39 40 41 147 148 96 11 160 141 51 143 53 8 55 19 21 22 23 66 67 68 69 70 71 72 158 123 29 125 31 2 33 155 81 24 83 25 85 27 87 43 44 45 46 47 48 49 97 98 99 100 101 102 103 104 146 57 9 59 10 61 12 63 50 112 52 114 54 116 56 118 73 74 75 76 77 78 79 80 127 128 129 130 131 132 133 3 28 89 30 91 32 93 34 95 82 138 84 140 86 142 88 105 106 107 108 109 110 111 1 149 150 151 13 152 14 15 58 120 60 122 62 124 64 113 154 115 117 134 135 136 4 137 5 6 159 35 36 38 90 145 92 94 139 153 17 18 20 65 121 42 
145 105 154 95 122 121 158 127 48 75 74 134 118 140 139 160 124 64 126 92 147 146 57 71 99 98 149 77 23 79 45 107 106 153 142 88 144 115 156 155 81 94 148 96 11 123 29 28 89 101 41 103 68 129 128 159 47 109 49 111 76 136 135 42 117 157 119 26 141 51 50 112 125 31 2 33 9 59 58 120 70 131 72 133 100 151 150 65 78 137 80 6 108 18 17 73 143 53 8 55 24 83 82 138 10 61 12 63 30 91 90 102 152 104 15 130 36 35 97 110 20 1 22 4 44 43 25 85 27 87 52 114 113 32 93 34 60 132 38 3 40 13 67 66 5 46 7 19 54 116 56 84 62 14 69 16 37 21 86 39 
146 43 155 96 123 158 28 66 7 19 73 74 119 141 160 50 125 126 2 147 9 57 58 16 37 97 98 21 22 23 44 45 105 106 143 144 8 156 24 81 82 148 10 11 12 29 30 89 90 39 40 41 67 68 127 128 46 47 48 49 75 76 134 135 157 25 26 27 51 52 112 113 31 32 33 34 59 60 120 121 69 70 71 72 99 100 149 150 77 78 79 80 107 108 153 17 53 54 55 56 83 84 138 139 61 62 63 64 91 92 145 101 102 103 104 129 130 159 35 109 110 111 1 136 4 42 85 86 87 88 114 115 154 93 94 95 122 131 132 133 3 151 13 65 137 5 6 18 116 117 118 140 124 152 14 15 36 20 142 38 
147 44 156 148 158 123 29 67 46 73 19 75 157 160 141 51 126 125 31 146 57 9 59 69 97 37 99 22 21 77 43 105 45 107 144 143 53 155 81 24 83 96 11 10 61 28 89 30 91 40 39 101 66 127 68 129 7 48 47 109 74 134 76 136 119 26 25 85 50 112 52 114 2 33 32 93 58 120 60 122 16 71 70 131 98 149 100 151 23 79 78 137 106 153 108 18 8 55 54 116 82 138 84 140 12 63 62 124 90 145 92 41 103 102 152 128 159 130 36 49 111 110 20 135 42 4 27 87 86 142 113 154 115 34 95 94 121 72 133 132 38 150 65 13 80 6 5 17 56 118 117 139 64 104 15 14 35 1 88 3 
148 21 157 158 126 125 31 39 43 7 46 47 160 144 143 53 147 146 57 96 11 10 61 66 16 69 70 19 73 74 22 23 77 78 156 155 81 119 26 25 85 123 29 28 89 2 33 32 93 37 97 98 40 41 101 102 44 45 105 106 48 49 109 110 141 51 50 112 8 55 54 116 9 59 58 120 12 63 62 124 67 68 127 128 71 72 131 132 75 76 134 135 79 80 137 5 24 83 82 138 27 87 86 142 30 91 90 145 34 95 94 99 100 149 150 103 104 152 14 107 108 153 17 111 1 20 52 114 113 154 56 118 117 60 122 121 64 129 130 159 35 133 3 38 136 4 42 6 84 140 139 88 92 151 13 65 15 18 115 36 
149 113 134 103 129 128 159 90 56 84 138 139 79 107 106 153 131 72 133 100 151 150 65 34 60 120 121 86 87 88 114 115 154 155 109 49 111 76 136 135 42 102 152 104 15 130 36 35 97 62 63 64 91 92 145 146 116 117 118 119 140 141 160 50 78 137 80 6 108 18 17 73 132 38 3 40 13 67 66 127 93 94 95 96 122 123 158 28 142 143 144 8 156 24 81 82 110 20 1 22 4 44 43 105 14 69 16 71 37 99 98 124 125 126 2 147 9 57 58 157 25 26 27 51 52 112 5 46 7 48 19 75 74 39 101 41 68 148 10 11 12 29 30 89 53 54 55 83 21 77 23 45 70 31 32 33 59 85 47 61 
150 112 135 104 130 159 35 89 55 83 82 138 80 108 153 17 132 133 3 151 13 65 66 33 59 58 120 85 27 87 52 114 113 154 110 111 1 136 4 42 43 152 14 15 16 36 37 97 98 61 12 63 30 91 90 145 54 116 56 118 84 140 139 160 137 5 6 7 18 19 73 74 38 39 40 41 67 68 127 128 32 93 34 95 60 122 121 158 86 142 88 144 115 156 155 81 20 21 22 23 44 45 105 106 69 70 71 72 99 100 149 62 124 64 126 92 147 146 57 117 157 119 26 141 51 50 46 47 48 49 75 76 134 101 102 103 129 94 148 96 11 123 29 28 143 53 8 24 77 78 79 107 131 125 31 2 9 25 109 10 
151 52 136 152 159 130 36 30 54 82 83 84 137 153 108 18 133 132 38 150 65 13 67 32 58 59 60 27 85 86 112 113 114 115 111 110 20 135 42 4 44 104 15 14 69 35 97 37 99 12 61 62 89 90 91 92 55 56 116 117 138 139 140 141 80 6 5 46 17 73 19 75 3 40 39 101 66 127 68 129 33 34 93 94 120 121 122 123 87 88 142 143 154 155 156 24 1 22 21 77 43 105 45 107 16 71 70 131 98 149 100 63 64 124 125 145 146 147 9 118 119 157 25 160 50 51 7 48 47 109 74 134 76 41 103 102 128 95 96 148 10 158 28 29 144 8 53 81 23 79 78 106 72 126 2 31 57 26 49 11 
152 85 137 159 133 132 38 61 112 55 54 116 153 111 110 20 151 150 65 104 15 14 69 89 33 32 93 83 82 138 27 87 86 142 136 135 42 80 6 5 46 130 36 35 97 3 40 39 101 59 58 120 12 63 62 124 52 114 113 154 56 118 117 157 108 18 17 73 1 22 21 77 13 67 66 127 16 71 70 131 30 91 90 145 34 95 94 148 84 140 139 160 88 144 143 53 4 44 43 105 7 48 47 109 37 99 98 149 41 103 102 60 122 121 158 64 126 125 31 115 156 155 81 119 26 25 19 75 74 134 23 79 78 68 129 128 72 92 147 146 57 96 11 10 141 51 50 8 45 107 106 49 100 123 29 28 2 24 76 9 
153 58 159 111 136 135 42 82 12 30 89 90 133 151 150 65 137 80 6 108 18 17 73 27 52 112 113 32 33 34 59 60 120 121 152 104 15 130 36 35 97 110 20 1 22 4 44 43 105 54 55 56 83 84 138 139 61 62 63 64 91 92 145 146 132 38 3 40 13 67 66 127 5 46 7 48 19 75 74 134 85 86 87 88 114 115 154 155 93 94 95 96 122 123 158 28 14 69 16 71 37 99 98 149 21 77 23 79 45 107 106 116 117 118 119 140 141 160 50 124 125 126 2 147 9 57 39 101 41 103 68 129 128 47 109 49 76 142 143 144 8 156 24 81 148 10 11 29 70 131 72 100 78 157 25 26 51 31 102 53 
154 127 145 118 140 139 160 105 71 99 98 149 95 122 121 158 142 88 144 115 156 155 81 48 75 74 134 101 41 103 68 129 128 159 124 64 126 92 147 146 57 117 157 119 26 141 51 50 112 77 23 79 45 107 106 153 70 131 72 133 100 151 150 65 94 148 96 11 123 29 28 89 143 53 8 55 24 83 82 138 47 109 49 111 76 136 135 42 102 152 104 15 130 36 35 97 125 31 2 33 9 59 58 120 25 85 27 87 52 114 113 78 137 80 6 108 18 17 73 132 38 3 40 13 67 66 10 61 12 63 30 91 90 54 116 56 84 110 20 1 22 4 44 43 14 69 16 37 32 93 34 60 86 5 46 7 19 39 62 21 
155 66 146 119 141 160 50 43 16 37 97 98 96 123 158 28 143 144 8 156 24 81 82 7 19 73 74 39 40 41 67 68 127 128 125 126 2 147 9 57 58 157 25 26 27 51 52 112 113 21 22 23 44 45 105 106 69 70 71 72 99 100 149 150 148 10 11 12 29 30 89 90 53 54 55 56 83 84 138 139 46 47 48 49 75 76 134 135 101 102 103 104 129 130 159 35 31 32 33 34 59 60 120 121 85 86 87 88 114 115 154 77 78 79 80 107 108 153 17 131 132 133 3 151 13 65 61 62 63 64 91 92 145 116 117 118 140 109 110 111 1 136 4 42 152 14 15 36 93 94 95 122 142 137 5 6 18 38 124 20 
156 67 147 157 160 141 51 44 69 97 37 99 148 158 123 29 144 143 53 155 81 24 83 46 73 19 75 40 39 101 66 127 68 129 126 125 31 146 57 9 59 119 26 25 85 50 112 52 114 22 21 77 43 105 45 107 16 71 70 131 98 149 100 151 96 11 10 61 28 89 30 91 8 55 54 116 82 138 84 140 7 48 47 109 74 134 76 136 41 103 102 152 128 159 130 36 2 33 32 93 58 120 60 122 27 87 86 142 113 154 115 23 79 78 137 106 153 108 18 72 133 132 38 150 65 13 12 63 62 124 90 145 92 56 118 117 139 49 111 110 20 135 42 4 104 15 14 35 34 95 94 121 88 80 6 5 17 3 64 1 
157 39 148 160 144 143 53 21 66 16 69 70 158 126 125 31 156 155 81 119 26 25 85 43 7 46 47 37 97 98 40 41 101 102 147 146 57 96 11 10 61 141 51 50 112 8 55 54 116 19 73 74 22 23 77 78 67 68 127 128 71 72 131 132 123 29 28 89 2 33 32 93 24 83 82 138 27 87 86 142 44 45 105 106 48 49 109 110 99 100 149 150 103 104 152 14 9 59 58 120 12 63 62 124 52 114 113 154 56 118 117 75 76 134 135 79 80 137 5 129 130 159 35 133 3 38 30 91 90 145 34 95 94 84 140 139 88 107 108 153 17 111 1 20 151 13 65 15 60 122 121 64 115 136 4 42 6 36 92 18 
158 73 160 126 147 146 57 97 22 44 43 105 144 156 155 81 148 96 11 123 29 28 89 40 67 66 127 46 7 48 19 75 74 134 157 119 26 141 51 50 112 125 31 2 33 9 59 58 120 69 16 71 37 99 98 149 21 77 23 79 45 107 106 153 143 53 8 55 24 83 82 138 10 61 12 63 30 91 90 145 39 101 41 103 68 129 128 159 47 109 49 111 76 136 135 42 25 85 27 87 52 114 113 154 32 93 34 95 60 122 121 70 131 72 133 100 151 150 65 78 137 80 6 108 18 17 54 116 56 118 84 140 139 62 124 64 92 102 152 104 15 130 36 35 110 20 1 4 86 142 88 115 94 132 38 3 13 5 117 14 
159 82 153 133 151 150 65 58 27 52 112 113 111 136 135 42 152 104 15 130 36 35 97 12 30 89 90 54 55 56 83 84 138 139 137 80 6 108 18 17 73 132 38 3 40 13 67 66 127 32 33 34 59 60 120 121 85 86 87 88 114 115 154 155 110 20 1 22 4 44 43 105 14 69 16 71 37 99 98 149 61 62 63 64 91 92 145 146 116 117 118 119 140 141 160 50 5 46 7 48 19 75 74 134 39 101 41 103 68 129 128 93 94 95 96 122 123 158 28 142 143 144 8 156 24 81 21 77 23 79 45 107 106 70 131 72 100 124 125 126 2 147 9 57 157 25 26 51 47 109 49 76 102 148 10 11 29 53 78 31 
160 97 158 144 156 155 81 73 40 67 66 127 126 147 146 57 157 119 26 141 51 50 112 22 44 43 105 69 16 71 37 99 98 149 148 96 11 123 29 28 89 143 53 8 55 24 83 82 138 46 7 48 19 75 74 134 39 101 41 103 68 129 128 159 125 31 2 33 9 59 58 120 25 85 27 87 52 114 113 154 21 77 23 79 45 107 106 153 70 131 72 133 100 151 150 65 10 61 12 63 30 91 90 145 54 116 56 118 84 140 139 47 109 49 111 76 136 135 42 102 152 104 15 130 36 35 32 93 34 95 60 122 121 86 142 88 115 78 137 80 6 108 18 17 132 38 3 13 62 124 64 92 117 110 20 1 4 14 94 5 
