150 11
1 2 3 4 5 6 7 8 9 10 11 12 13 14 15 16 17 18 19 20 21 22 23 24 25 26 27 28 29 30 31 32 33 34 35 36 37 38 39 40 41 42 43 44 45 46 47 48 49 50 51 52 53 54 55 56 57 58 59 60 61 62 63 64 65 66 67 68 69 70 71 72 73 74 75 76 77 78 79 80 81 82 83 84 85 86 87 88 89 90 91 92 93 94 95 96 97 98 99 100 101 102 103 104 105 106 107 108 109 110 111 112 113 114 115 116 117 118 119 120 121 122 123 124 125 126 127 128 129 130 131 132 133 134 135 136 137 138 139 140 141 142 143 144 145 146 147 148 149 150 
2 1 6 7 8 3 4 5 15 16 17 18 19 20 9 10 11 12 13 14 30 31 32 33 34 35 36 37 38 21 22 23 24 25 26 27 28 29 51 52 53 54 55 56 57 58 59 60 61 62 39 40 41 42 43 44 45 46 47 48 49 50 76 77 78 79 80 81 82 83 84 85 86 87 88 63 64 65 66 67 68 69 70 71 72 73 74 75 101 102 103 104 105 106 107 108 109 110 111 112 89 90 91 92 93 94 95 96 97 98 99 100 122 123 124 125 126 127 128 129 130 113 114 115 116 117 118 119 120 121 137 138 139 140 141 142 131 132 133 134 135 136 146 147 148 143 144 145 150 149 
3 6 9 10 11 15 16 17 21 22 23 24 25 26 30 31 32 33 34 35 39 40 41 42 43 44 45 46 47 51 52 53 54 55 56 57 58 59 1 63 64 65 66 67 68 69 70 71 72 73 2 76 77 78 79 80 81 82 83 84 85 86 4 5 89 90 91 92 93 94 95 96 97 98 99 7 8 101 102 103 104 105 106 107 108 109 110 111 12 13 14 113 114 115 116 117 118 119 120 121 18 19 20 122 123 124 125 126 127 128 129 130 27 28 29 131 132 133 134 135 136 36 37 38 137 138 139 140 141 142 48 49 50 143 144 145 60 61 62 146 147 148 74 75 149 87 88 150 100 112 
4 18 10 12 13 33 2 36 22 24 25 1 27 28 54 6 57 7 8 60 40 42 43 3 45 46 5 48 49 78 15 81 16 17 84 19 20 87 63 65 66 9 68 69 11 71 72 14 74 75 101 30 104 31 32 107 34 35 110 37 38 112 89 90 21 92 93 23 95 96 26 98 99 29 100 51 122 52 53 125 55 56 128 58 59 130 61 62 39 113 114 41 116 117 44 119 120 47 121 50 76 77 137 79 80 140 82 83 142 85 86 88 64 131 132 67 134 135 70 136 73 102 103 146 105 106 148 108 109 111 91 143 144 94 145 97 123 124 150 126 127 129 115 149 118 138 139 141 133 147 
5 62 11 13 14 86 88 2 23 25 26 27 28 29 109 111 6 112 7 8 41 43 44 45 46 47 48 49 50 127 129 15 130 16 17 18 19 20 64 66 67 68 69 70 71 72 73 74 75 1 139 141 30 142 31 32 33 34 35 36 37 38 90 91 92 93 94 95 96 97 98 99 3 100 4 147 51 148 52 53 54 55 56 57 58 59 60 61 113 114 115 116 117 118 119 120 9 121 10 12 150 76 77 78 79 80 81 82 83 84 85 87 131 132 133 134 135 21 136 22 24 101 102 103 104 105 106 107 108 110 143 144 39 145 40 42 122 123 124 125 126 128 149 63 65 137 138 140 89 146 
6 3 15 16 17 9 10 11 30 31 32 33 34 35 21 22 23 24 25 26 51 52 53 54 55 56 57 58 59 39 40 41 42 43 44 45 46 47 2 76 77 78 79 80 81 82 83 84 85 86 1 63 64 65 66 67 68 69 70 71 72 73 7 8 101 102 103 104 105 106 107 108 109 110 111 4 5 89 90 91 92 93 94 95 96 97 98 99 18 19 20 122 123 124 125 126 127 128 129 130 12 13 14 113 114 115 116 117 118 119 120 121 36 37 38 137 138 139 140 141 142 27 28 29 131 132 133 134 135 136 60 61 62 146 147 148 48 49 50 143 144 145 87 88 150 74 75 149 112 100 
7 12 16 18 19 24 1 27 31 33 34 2 36 37 42 3 45 4 5 48 52 54 55 6 57 58 8 60 61 65 9 68 10 11 71 13 14 74 76 78 79 15 81 82 17 84 85 20 87 88 89 21 92 22 23 95 25 26 98 28 29 100 101 102 30 104 105 32 107 108 35 110 111 38 112 39 113 40 41 116 43 44 119 46 47 121 49 50 51 122 123 53 125 126 56 128 129 59 130 62 63 64 131 66 67 134 69 70 136 72 73 75 77 137 138 80 140 141 83 142 86 90 91 143 93 94 145 96 97 99 103 146 147 106 148 109 114 115 149 117 118 120 124 150 127 132 133 135 139 144 
8 50 17 19 20 73 75 1 32 34 35 36 37 38 97 99 3 100 4 5 53 55 56 57 58 59 60 61 62 118 120 9 121 10 11 12 13 14 77 79 80 81 82 83 84 85 86 87 88 2 133 135 21 136 22 23 24 25 26 27 28 29 102 103 104 105 106 107 108 109 110 111 6 112 7 144 39 145 40 41 42 43 44 45 46 47 48 49 122 123 124 125 126 127 128 129 15 130 16 18 149 63 64 65 66 67 68 69 70 71 72 74 137 138 139 140 141 30 142 31 33 89 90 91 92 93 94 95 96 98 146 147 51 148 52 54 113 114 115 116 117 119 150 76 78 131 132 134 101 143 
9 15 21 22 23 30 31 32 39 40 41 42 43 44 51 52 53 54 55 56 1 63 64 65 66 67 68 69 70 2 76 77 78 79 80 81 82 83 3 4 5 89 90 91 92 93 94 95 96 97 6 7 8 101 102 103 104 105 106 107 108 109 10 11 12 13 14 113 114 115 116 117 118 119 120 16 17 18 19 20 122 123 124 125 126 127 128 129 24 25 26 27 28 29 131 132 133 134 135 136 33 34 35 36 37 38 137 138 139 140 141 142 45 46 47 48 49 50 143 144 145 57 58 59 60 61 62 146 147 148 71 72 73 74 75 149 84 85 86 87 88 150 98 99 100 110 111 112 121 130 
10 33 22 24 25 54 6 57 40 42 43 3 45 46 78 15 81 16 17 84 63 65 66 9 68 69 11 71 72 101 30 104 31 32 107 34 35 110 4 89 90 21 92 93 23 95 96 26 98 99 18 51 122 52 53 125 55 56 128 58 59 130 12 13 39 113 114 41 116 117 44 119 120 47 121 2 36 76 77 137 79 80 140 82 83 142 85 86 1 27 28 64 131 132 67 134 135 70 136 73 7 8 60 102 103 146 105 106 148 108 109 111 5 48 49 91 143 144 94 145 97 19 20 87 123 124 150 126 127 129 14 74 75 115 149 118 37 38 112 138 139 141 29 100 133 61 62 147 50 88 
11 86 23 25 26 109 111 6 41 43 44 45 46 47 127 129 15 130 16 17 64 66 67 68 69 70 71 72 73 139 141 30 142 31 32 33 34 35 5 90 91 92 93 94 95 96 97 98 99 3 62 147 51 148 52 53 54 55 56 57 58 59 13 14 113 114 115 116 117 118 119 120 9 121 10 88 2 150 76 77 78 79 80 81 82 83 84 85 27 28 29 131 132 133 134 135 21 136 22 24 112 7 8 101 102 103 104 105 106 107 108 110 48 49 50 143 144 39 145 40 42 18 19 20 122 123 124 125 126 128 74 75 1 149 63 65 36 37 38 137 138 140 100 4 89 60 61 146 12 87 
12 7 24 1 27 16 18 19 42 3 45 4 5 48 31 33 34 2 36 37 65 9 68 10 11 71 13 14 74 52 54 55 6 57 58 8 60 61 89 21 92 22 23 95 25 26 98 28 29 100 76 78 79 15 81 82 17 84 85 20 87 88 39 113 40 41 116 43 44 119 46 47 121 49 50 101 102 30 104 105 32 107 108 35 110 111 38 112 63 64 131 66 67 134 69 70 136 72 73 75 51 122 123 53 125 126 56 128 129 59 130 62 90 91 143 93 94 145 96 97 99 77 137 138 80 140 141 83 142 86 114 115 149 117 118 120 103 146 147 106 148 109 132 133 135 124 150 127 144 139 
13 112 25 27 28 130 62 18 43 45 46 5 48 49 142 86 33 88 2 36 66 68 69 11 71 72 14 74 75 148 109 54 111 6 57 7 8 60 90 92 93 23 95 96 26 98 99 29 100 4 150 127 78 129 15 81 16 17 84 19 20 87 113 114 41 116 117 44 119 120 47 121 10 50 12 139 101 141 30 104 31 32 107 34 35 110 37 38 64 131 132 67 134 135 70 136 22 73 24 1 147 51 122 52 53 125 55 56 128 58 59 61 91 143 144 94 145 40 97 42 3 76 77 137 79 80 140 82 83 85 115 149 63 118 65 9 102 103 146 105 106 108 133 89 21 123 124 126 39 138 
14 38 26 28 29 59 61 62 44 46 47 48 49 50 83 85 86 87 88 2 67 69 70 71 72 73 74 75 1 106 108 109 110 111 6 112 7 8 91 93 94 95 96 97 98 99 3 100 4 5 124 126 127 128 129 15 130 16 17 18 19 20 114 115 116 117 118 119 120 9 121 10 11 12 13 138 139 140 141 30 142 31 32 33 34 35 36 37 131 132 133 134 135 21 136 22 23 24 25 27 146 147 51 148 52 53 54 55 56 57 58 60 143 144 39 145 40 41 42 43 45 150 76 77 78 79 80 81 82 84 149 63 64 65 66 68 101 102 103 104 105 107 89 90 92 122 123 125 113 137 
15 9 30 31 32 21 22 23 51 52 53 54 55 56 39 40 41 42 43 44 2 76 77 78 79 80 81 82 83 1 63 64 65 66 67 68 69 70 6 7 8 101 102 103 104 105 106 107 108 109 3 4 5 89 90 91 92 93 94 95 96 97 16 17 18 19 20 122 123 124 125 126 127 128 129 10 11 12 13 14 113 114 115 116 117 118 119 120 33 34 35 36 37 38 137 138 139 140 141 142 24 25 26 27 28 29 131 132 133 134 135 136 57 58 59 60 61 62 146 147 148 45 46 47 48 49 50 143 144 145 84 85 86 87 88 150 71 72 73 74 75 149 110 111 112 98 99 100 130 121 
16 24 31 33 34 42 3 45 52 54 55 6 57 58 65 9 68 10 11 71 76 78 79 15 81 82 17 84 85 89 21 92 22 23 95 25 26 98 7 101 102 30 104 105 32 107 108 35 110 111 12 39 113 40 41 116 43 44 119 46 47 121 18 19 51 122 123 53 125 126 56 128 129 59 130 1 27 63 64 131 66 67 134 69 70 136 72 73 2 36 37 77 137 138 80 140 141 83 142 86 4 5 48 90 91 143 93 94 145 96 97 99 8 60 61 103 146 147 106 148 109 13 14 74 114 115 149 117 118 120 20 87 88 124 150 127 28 29 100 132 133 135 38 112 139 49 50 144 62 75 
17 73 32 34 35 97 99 3 53 55 56 57 58 59 118 120 9 121 10 11 77 79 80 81 82 83 84 85 86 133 135 21 136 22 23 24 25 26 8 102 103 104 105 106 107 108 109 110 111 6 50 144 39 145 40 41 42 43 44 45 46 47 19 20 122 123 124 125 126 127 128 129 15 130 16 75 1 149 63 64 65 66 67 68 69 70 71 72 36 37 38 137 138 139 140 141 30 142 31 33 100 4 5 89 90 91 92 93 94 95 96 98 60 61 62 146 147 51 148 52 54 12 13 14 113 114 115 116 117 119 87 88 2 150 76 78 27 28 29 131 132 134 112 7 101 48 49 143 18 74 
18 4 33 2 36 10 12 13 54 6 57 7 8 60 22 24 25 1 27 28 78 15 81 16 17 84 19 20 87 40 42 43 3 45 46 5 48 49 101 30 104 31 32 107 34 35 110 37 38 112 63 65 66 9 68 69 11 71 72 14 74 75 51 122 52 53 125 55 56 128 58 59 130 61 62 89 90 21 92 93 23 95 96 26 98 99 29 100 76 77 137 79 80 140 82 83 142 85 86 88 39 113 114 41 116 117 44 119 120 47 121 50 102 103 146 105 106 148 108 109 111 64 131 132 67 134 135 70 136 73 123 124 150 126 127 129 91 143 144 94 145 97 138 139 141 115 149 118 147 133 
19 100 34 36 37 121 50 12 55 57 58 8 60 61 136 73 24 75 1 27 79 81 82 17 84 85 20 87 88 145 97 42 99 3 45 4 5 48 102 104 105 32 107 108 35 110 111 38 112 7 149 118 65 120 9 68 10 11 71 13 14 74 122 123 53 125 126 56 128 129 59 130 16 62 18 133 89 135 21 92 22 23 95 25 26 98 28 29 77 137 138 80 140 141 83 142 31 86 33 2 144 39 113 40 41 116 43 44 119 46 47 49 103 146 147 106 148 52 109 54 6 63 64 131 66 67 134 69 70 72 124 150 76 127 78 15 90 91 143 93 94 96 139 101 30 114 115 117 51 132 
20 29 35 37 38 47 49 50 56 58 59 60 61 62 70 72 73 74 75 1 80 82 83 84 85 86 87 88 2 94 96 97 98 99 3 100 4 5 103 105 106 107 108 109 110 111 6 112 7 8 115 117 118 119 120 9 121 10 11 12 13 14 123 124 125 126 127 128 129 15 130 16 17 18 19 132 133 134 135 21 136 22 23 24 25 26 27 28 137 138 139 140 141 30 142 31 32 33 34 36 143 144 39 145 40 41 42 43 44 45 46 48 146 147 51 148 52 53 54 55 57 149 63 64 65 66 67 68 69 71 150 76 77 78 79 81 89 90 91 92 93 95 101 102 104 113 114 116 122 131 
21 30 39 40 41 51 52 53 1 63 64 65 66 67 2 76 77 78 79 80 3 4 5 89 90 91 92 93 94 6 7 8 101 102 103 104 105 106 9 10 11 12 13 14 113 114 115 116 117 118 15 16 17 18 19 20 122 123 124 125 126 127 22 23 24 25 26 27 28 29 131 132 133 134 135 31 32 33 34 35 36 37 38 137 138 139 140 141 42 43 44 45 46 47 48 49 50 143 144 145 54 55 56 57 58 59 60 61 62 146 147 148 68 69 70 71 72 73 74 75 149 81 82 83 84 85 86 87 88 150 95 96 97 98 99 100 107 108 109 110 111 112 119 120 121 128 129 130 136 142 
22 54 40 42 43 78 15 81 63 65 66 9 68 69 101 30 104 31 32 107 4 89 90 21 92 93 23 95 96 18 51 122 52 53 125 55 56 128 10 12 13 39 113 114 41 116 117 44 119 120 33 2 36 76 77 137 79 80 140 82 83 142 24 25 1 27 28 64 131 132 67 134 135 70 136 6 57 7 8 60 102 103 146 105 106 148 108 109 3 45 46 5 48 49 91 143 144 94 145 97 16 17 84 19 20 87 123 124 150 126 127 129 11 71 72 14 74 75 115 149 118 34 35 110 37 38 112 138 139 141 26 98 99 29 100 133 58 59 130 61 62 147 47 121 50 85 86 88 73 111 
23 109 41 43 44 127 129 15 64 66 67 68 69 70 139 141 30 142 31 32 5 90 91 92 93 94 95 96 97 62 147 51 148 52 53 54 55 56 11 13 14 113 114 115 116 117 118 119 120 9 86 88 2 150 76 77 78 79 80 81 82 83 25 26 27 28 29 131 132 133 134 135 21 136 22 111 6 112 7 8 101 102 103 104 105 106 107 108 45 46 47 48 49 50 143 144 39 145 40 42 130 16 17 18 19 20 122 123 124 125 126 128 71 72 73 74 75 1 149 63 65 33 34 35 36 37 38 137 138 140 98 99 3 100 4 89 57 58 59 60 61 146 121 10 12 84 85 87 24 110 
24 16 42 3 45 31 33 34 65 9 68 10 11 71 52 54 55 6 57 58 89 21 92 22 23 95 25 26 98 76 78 79 15 81 82 17 84 85 12 39 113 40 41 116 43 44 119 46 47 121 7 101 102 30 104 105 32 107 108 35 110 111 1 27 63 64 131 66 67 134 69 70 136 72 73 18 19 51 122 123 53 125 126 56 128 129 59 130 4 5 48 90 91 143 93 94 145 96 97 99 2 36 37 77 137 138 80 140 141 83 142 86 13 14 74 114 115 149 117 118 120 8 60 61 103 146 147 106 148 109 28 29 100 132 133 135 20 87 88 124 150 127 49 50 144 38 112 139 75 62 
25 130 43 45 46 142 86 33 66 68 69 11 71 72 148 109 54 111 6 57 90 92 93 23 95 96 26 98 99 150 127 78 129 15 81 16 17 84 13 113 114 41 116 117 44 119 120 47 121 10 112 139 101 141 30 104 31 32 107 34 35 110 27 28 64 131 132 67 134 135 70 136 22 73 24 62 18 147 51 122 52 53 125 55 56 128 58 59 5 48 49 91 143 144 94 145 40 97 42 3 88 2 36 76 77 137 79 80 140 82 83 85 14 74 75 115 149 63 118 65 9 7 8 60 102 103 146 105 106 108 29 100 4 133 89 21 19 20 87 123 124 126 50 12 39 37 38 138 1 61 
26 59 44 46 47 83 85 86 67 69 70 71 72 73 106 108 109 110 111 6 91 93 94 95 96 97 98 99 3 124 126 127 128 129 15 130 16 17 14 114 115 116 117 118 119 120 9 121 10 11 38 138 139 140 141 30 142 31 32 33 34 35 28 29 131 132 133 134 135 21 136 22 23 24 25 61 62 146 147 51 148 52 53 54 55 56 57 58 48 49 50 143 144 39 145 40 41 42 43 45 87 88 2 150 76 77 78 79 80 81 82 84 74 75 1 149 63 64 65 66 68 112 7 8 101 102 103 104 105 107 100 4 5 89 90 92 18 19 20 122 123 125 12 13 113 36 37 137 27 60 
27 88 45 5 48 111 112 7 68 11 71 13 14 74 129 130 16 62 18 19 92 23 95 25 26 98 28 29 100 141 142 31 86 33 34 2 36 37 113 41 116 43 44 119 46 47 121 49 50 12 147 148 52 109 54 55 6 57 58 8 60 61 64 131 66 67 134 69 70 136 72 73 24 75 1 150 76 127 78 79 15 81 82 17 84 85 20 87 90 91 143 93 94 145 96 97 42 99 3 4 139 101 102 30 104 105 32 107 108 35 110 38 114 115 149 117 118 65 120 9 10 51 122 123 53 125 126 56 128 59 132 133 89 135 21 22 77 137 138 80 140 83 144 39 40 103 146 106 63 124 
28 87 46 48 49 110 38 112 69 71 72 14 74 75 128 59 130 61 62 18 93 95 96 26 98 99 29 100 4 140 83 142 85 86 33 88 2 36 114 116 117 44 119 120 47 121 10 50 12 13 146 106 148 108 109 54 111 6 57 7 8 60 131 132 67 134 135 70 136 22 73 24 25 1 27 124 150 126 127 78 129 15 81 16 17 84 19 20 91 143 144 94 145 40 97 42 43 3 45 5 138 139 101 141 30 104 31 32 107 34 35 37 115 149 63 118 65 66 9 68 11 147 51 122 52 53 125 55 56 58 133 89 90 21 92 23 76 77 137 79 80 82 39 113 41 102 103 105 64 123 
29 20 47 49 50 35 37 38 70 72 73 74 75 1 56 58 59 60 61 62 94 96 97 98 99 3 100 4 5 80 82 83 84 85 86 87 88 2 115 117 118 119 120 9 121 10 11 12 13 14 103 105 106 107 108 109 110 111 6 112 7 8 132 133 134 135 21 136 22 23 24 25 26 27 28 123 124 125 126 127 128 129 15 130 16 17 18 19 143 144 39 145 40 41 42 43 44 45 46 48 137 138 139 140 141 30 142 31 32 33 34 36 149 63 64 65 66 67 68 69 71 146 147 51 148 52 53 54 55 57 89 90 91 92 93 95 150 76 77 78 79 81 113 114 116 101 102 104 131 122 
30 21 51 52 53 39 40 41 2 76 77 78 79 80 1 63 64 65 66 67 6 7 8 101 102 103 104 105 106 3 4 5 89 90 91 92 93 94 15 16 17 18 19 20 122 123 124 125 126 127 9 10 11 12 13 14 113 114 115 116 117 118 31 32 33 34 35 36 37 38 137 138 139 140 141 22 23 24 25 26 27 28 29 131 132 133 134 135 54 55 56 57 58 59 60 61 62 146 147 148 42 43 44 45 46 47 48 49 50 143 144 145 81 82 83 84 85 86 87 88 150 68 69 70 71 72 73 74 75 149 107 108 109 110 111 112 95 96 97 98 99 100 128 129 130 119 120 121 142 136 
31 42 52 54 55 65 9 68 76 78 79 15 81 82 89 21 92 22 23 95 7 101 102 30 104 105 32 107 108 12 39 113 40 41 116 43 44 119 16 18 19 51 122 123 53 125 126 56 128 129 24 1 27 63 64 131 66 67 134 69 70 136 33 34 2 36 37 77 137 138 80 140 141 83 142 3 45 4 5 48 90 91 143 93 94 145 96 97 6 57 58 8 60 61 103 146 147 106 148 109 10 11 71 13 14 74 114 115 149 117 118 120 17 84 85 20 87 88 124 150 127 25 26 98 28 29 100 132 133 135 35 110 111 38 112 139 46 47 121 49 50 144 59 130 62 72 73 75 86 99 
32 97 53 55 56 118 120 9 77 79 80 81 82 83 133 135 21 136 22 23 8 102 103 104 105 106 107 108 109 50 144 39 145 40 41 42 43 44 17 19 20 122 123 124 125 126 127 128 129 15 73 75 1 149 63 64 65 66 67 68 69 70 34 35 36 37 38 137 138 139 140 141 30 142 31 99 3 100 4 5 89 90 91 92 93 94 95 96 57 58 59 60 61 62 146 147 51 148 52 54 121 10 11 12 13 14 113 114 115 116 117 119 84 85 86 87 88 2 150 76 78 24 25 26 27 28 29 131 132 134 110 111 6 112 7 101 45 46 47 48 49 143 130 16 18 71 72 74 33 98 
33 10 54 6 57 22 24 25 78 15 81 16 17 84 40 42 43 3 45 46 101 30 104 31 32 107 34 35 110 63 65 66 9 68 69 11 71 72 18 51 122 52 53 125 55 56 128 58 59 130 4 89 90 21 92 93 23 95 96 26 98 99 2 36 76 77 137 79 80 140 82 83 142 85 86 12 13 39 113 114 41 116 117 44 119 120 47 121 7 8 60 102 103 146 105 106 148 108 109 111 1 27 28 64 131 132 67 134 135 70 136 73 19 20 87 123 124 150 126 127 129 5 48 49 91 143 144 94 145 97 37 38 112 138 139 141 14 74 75 115 149 118 61 62 147 29 100 133 88 50 
34 121 55 57 58 136 73 24 79 81 82 17 84 85 145 97 42 99 3 45 102 104 105 32 107 108 35 110 111 149 118 65 120 9 68 10 11 71 19 122 123 53 125 126 56 128 129 59 130 16 100 133 89 135 21 92 22 23 95 25 26 98 36 37 77 137 138 80 140 141 83 142 31 86 33 50 12 144 39 113 40 41 116 43 44 119 46 47 8 60 61 103 146 147 106 148 52 109 54 6 75 1 27 63 64 131 66 67 134 69 70 72 20 87 88 124 150 76 127 78 15 4 5 48 90 91 143 93 94 96 38 112 7 139 101 30 13 14 74 114 115 117 62 18 51 28 29 132 2 49 
35 47 56 58 59 70 72 73 80 82 83 84 85 86 94 96 97 98 99 3 103 105 106 107 108 109 110 111 6 115 117 118 119 120 9 121 10 11 20 123 124 125 126 127 128 129 15 130 16 17 29 132 133 134 135 21 136 22 23 24 25 26 37 38 137 138 139 140 141 30 142 31 32 33 34 49 50 143 144 39 145 40 41 42 43 44 45 46 60 61 62 146 147 51 148 52 53 54 55 57 74 75 1 149 63 64 65 66 67 68 69 71 87 88 2 150 76 77 78 79 81 100 4 5 89 90 91 92 93 95 112 7 8 101 102 104 12 13 14 113 114 116 18 19 122 27 28 131 36 48 
36 75 57 8 60 99 100 4 81 17 84 19 20 87 120 121 10 50 12 13 104 32 107 34 35 110 37 38 112 135 136 22 73 24 25 1 27 28 122 53 125 55 56 128 58 59 130 61 62 18 144 145 40 97 42 43 3 45 46 5 48 49 77 137 79 80 140 82 83 142 85 86 33 88 2 149 63 118 65 66 9 68 69 11 71 72 14 74 102 103 146 105 106 148 108 109 54 111 6 7 133 89 90 21 92 93 23 95 96 26 98 29 123 124 150 126 127 78 129 15 16 39 113 114 41 116 117 44 119 47 138 139 101 141 30 31 64 131 132 67 134 70 147 51 52 91 143 94 76 115 
37 74 58 60 61 98 29 100 82 84 85 20 87 88 119 47 121 49 50 12 105 107 108 35 110 111 38 112 7 134 70 136 72 73 24 75 1 27 123 125 126 56 128 129 59 130 16 62 18 19 143 94 145 96 97 42 99 3 45 4 5 48 137 138 80 140 141 83 142 31 86 33 34 2 36 115 149 117 118 65 120 9 68 10 11 71 13 14 103 146 147 106 148 52 109 54 55 6 57 8 132 133 89 135 21 92 22 23 95 25 26 28 124 150 76 127 78 79 15 81 17 144 39 113 40 41 116 43 44 46 139 101 102 30 104 32 63 64 131 66 67 69 51 122 53 90 91 93 77 114 
38 14 59 61 62 26 28 29 83 85 86 87 88 2 44 46 47 48 49 50 106 108 109 110 111 6 112 7 8 67 69 70 71 72 73 74 75 1 124 126 127 128 129 15 130 16 17 18 19 20 91 93 94 95 96 97 98 99 3 100 4 5 138 139 140 141 30 142 31 32 33 34 35 36 37 114 115 116 117 118 119 120 9 121 10 11 12 13 146 147 51 148 52 53 54 55 56 57 58 60 131 132 133 134 135 21 136 22 23 24 25 27 150 76 77 78 79 80 81 82 84 143 144 39 145 40 41 42 43 45 101 102 103 104 105 107 149 63 64 65 66 68 122 123 125 89 90 92 137 113 
39 51 1 63 64 2 76 77 3 4 5 89 90 91 6 7 8 101 102 103 9 10 11 12 13 14 113 114 115 15 16 17 18 19 20 122 123 124 21 22 23 24 25 26 27 28 29 131 132 133 30 31 32 33 34 35 36 37 38 137 138 139 40 41 42 43 44 45 46 47 48 49 50 143 144 52 53 54 55 56 57 58 59 60 61 62 146 147 65 66 67 68 69 70 71 72 73 74 75 149 78 79 80 81 82 83 84 85 86 87 88 150 92 93 94 95 96 97 98 99 100 104 105 106 107 108 109 110 111 112 116 117 118 119 120 121 125 126 127 128 129 130 134 135 136 140 141 142 145 148 
40 78 63 65 66 101 30 104 4 89 90 21 92 93 18 51 122 52 53 125 10 12 13 39 113 114 41 116 117 33 2 36 76 77 137 79 80 140 22 24 25 1 27 28 64 131 132 67 134 135 54 6 57 7 8 60 102 103 146 105 106 148 42 43 3 45 46 5 48 49 91 143 144 94 145 15 81 16 17 84 19 20 87 123 124 150 126 127 9 68 69 11 71 72 14 74 75 115 149 118 31 32 107 34 35 110 37 38 112 138 139 141 23 95 96 26 98 99 29 100 133 55 56 128 58 59 130 61 62 147 44 119 120 47 121 50 82 83 142 85 86 88 70 136 73 108 109 111 97 129 
41 127 64 66 67 139 141 30 5 90 91 92 93 94 62 147 51 148 52 53 11 13 14 113 114 115 116 117 118 86 88 2 150 76 77 78 79 80 23 25 26 27 28 29 131 132 133 134 135 21 109 111 6 112 7 8 101 102 103 104 105 106 43 44 45 46 47 48 49 50 143 144 39 145 40 129 15 130 16 17 18 19 20 122 123 124 125 126 68 69 70 71 72 73 74 75 1 149 63 65 142 31 32 33 34 35 36 37 38 137 138 140 95 96 97 98 99 3 100 4 89 54 55 56 57 58 59 60 61 146 119 120 9 121 10 12 81 82 83 84 85 87 136 22 24 107 108 110 42 128 
42 31 65 9 68 52 54 55 89 21 92 22 23 95 76 78 79 15 81 82 12 39 113 40 41 116 43 44 119 7 101 102 30 104 105 32 107 108 24 1 27 63 64 131 66 67 134 69 70 136 16 18 19 51 122 123 53 125 126 56 128 129 3 45 4 5 48 90 91 143 93 94 145 96 97 33 34 2 36 37 77 137 138 80 140 141 83 142 10 11 71 13 14 74 114 115 149 117 118 120 6 57 58 8 60 61 103 146 147 106 148 109 25 26 98 28 29 100 132 133 135 17 84 85 20 87 88 124 150 127 46 47 121 49 50 144 35 110 111 38 112 139 72 73 75 59 130 62 99 86 
43 142 66 68 69 148 109 54 90 92 93 23 95 96 150 127 78 129 15 81 13 113 114 41 116 117 44 119 120 112 139 101 141 30 104 31 32 107 25 27 28 64 131 132 67 134 135 70 136 22 130 62 18 147 51 122 52 53 125 55 56 128 45 46 5 48 49 91 143 144 94 145 40 97 42 86 33 88 2 36 76 77 137 79 80 140 82 83 11 71 72 14 74 75 115 149 63 118 65 9 111 6 57 7 8 60 102 103 146 105 106 108 26 98 99 29 100 4 133 89 21 16 17 84 19 20 87 123 124 126 47 121 10 50 12 39 34 35 110 37 38 138 73 24 1 58 59 61 3 85 
44 83 67 69 70 106 108 109 91 93 94 95 96 97 124 126 127 128 129 15 14 114 115 116 117 118 119 120 9 38 138 139 140 141 30 142 31 32 26 28 29 131 132 133 134 135 21 136 22 23 59 61 62 146 147 51 148 52 53 54 55 56 46 47 48 49 50 143 144 39 145 40 41 42 43 85 86 87 88 2 150 76 77 78 79 80 81 82 71 72 73 74 75 1 149 63 64 65 66 68 110 111 6 112 7 8 101 102 103 104 105 107 98 99 3 100 4 5 89 90 92 130 16 17 18 19 20 122 123 125 121 10 11 12 13 113 33 34 35 36 37 137 24 25 27 57 58 60 45 84 
45 111 68 11 71 129 130 16 92 23 95 25 26 98 141 142 31 86 33 34 113 41 116 43 44 119 46 47 121 147 148 52 109 54 55 6 57 58 27 64 131 66 67 134 69 70 136 72 73 24 88 150 76 127 78 79 15 81 82 17 84 85 5 48 90 91 143 93 94 145 96 97 42 99 3 112 7 139 101 102 30 104 105 32 107 108 35 110 13 14 74 114 115 149 117 118 65 120 9 10 62 18 19 51 122 123 53 125 126 56 128 59 28 29 100 132 133 89 135 21 22 2 36 37 77 137 138 80 140 83 49 50 12 144 39 40 8 60 61 103 146 106 75 1 63 20 87 124 4 38 
46 110 69 71 72 128 59 130 93 95 96 26 98 99 140 83 142 85 86 33 114 116 117 44 119 120 47 121 10 146 106 148 108 109 54 111 6 57 28 131 132 67 134 135 70 136 22 73 24 25 87 124 150 126 127 78 129 15 81 16 17 84 48 49 91 143 144 94 145 40 97 42 43 3 45 38 112 138 139 101 141 30 104 31 32 107 34 35 14 74 75 115 149 63 118 65 66 9 68 11 61 62 18 147 51 122 52 53 125 55 56 58 29 100 4 133 89 90 21 92 23 88 2 36 76 77 137 79 80 82 50 12 13 39 113 41 7 8 60 102 103 105 1 27 64 19 20 123 5 37 
47 35 70 72 73 56 58 59 94 96 97 98 99 3 80 82 83 84 85 86 115 117 118 119 120 9 121 10 11 103 105 106 107 108 109 110 111 6 29 132 133 134 135 21 136 22 23 24 25 26 20 123 124 125 126 127 128 129 15 130 16 17 49 50 143 144 39 145 40 41 42 43 44 45 46 37 38 137 138 139 140 141 30 142 31 32 33 34 74 75 1 149 63 64 65 66 67 68 69 71 60 61 62 146 147 51 148 52 53 54 55 57 100 4 5 89 90 91 92 93 95 87 88 2 150 76 77 78 79 81 12 13 14 113 114 116 112 7 8 101 102 104 27 28 131 18 19 122 48 36 
48 61 71 14 74 85 87 88 95 26 98 28 29 100 108 110 111 38 112 7 116 44 119 46 47 121 49 50 12 126 128 129 59 130 16 62 18 19 131 67 134 69 70 136 72 73 24 75 1 27 138 140 141 83 142 31 86 33 34 2 36 37 91 143 93 94 145 96 97 42 99 3 45 4 5 146 147 106 148 52 109 54 55 6 57 58 8 60 114 115 149 117 118 65 120 9 68 10 11 13 124 150 76 127 78 79 15 81 82 17 84 20 132 133 89 135 21 92 22 23 25 139 101 102 30 104 105 32 107 35 144 39 113 40 41 43 51 122 123 53 125 56 63 64 66 77 137 80 90 103 
49 60 72 74 75 84 20 87 96 98 99 29 100 4 107 35 110 37 38 112 117 119 120 47 121 10 50 12 13 125 56 128 58 59 130 61 62 18 132 134 135 70 136 22 73 24 25 1 27 28 137 80 140 82 83 142 85 86 33 88 2 36 143 144 94 145 40 97 42 43 3 45 46 5 48 103 146 105 106 148 108 109 54 111 6 57 7 8 115 149 63 118 65 66 9 68 69 11 71 14 123 124 150 126 127 78 129 15 81 16 17 19 133 89 90 21 92 93 23 95 26 138 139 101 141 30 104 31 32 34 39 113 114 41 116 44 147 51 122 52 53 55 64 131 67 76 77 79 91 102 
50 8 73 75 1 17 19 20 97 99 3 100 4 5 32 34 35 36 37 38 118 120 9 121 10 11 12 13 14 53 55 56 57 58 59 60 61 62 133 135 21 136 22 23 24 25 26 27 28 29 77 79 80 81 82 83 84 85 86 87 88 2 144 39 145 40 41 42 43 44 45 46 47 48 49 102 103 104 105 106 107 108 109 110 111 6 112 7 149 63 64 65 66 67 68 69 70 71 72 74 122 123 124 125 126 127 128 129 15 130 16 18 89 90 91 92 93 94 95 96 98 137 138 139 140 141 30 142 31 33 113 114 115 116 117 119 146 147 51 148 52 54 131 132 134 150 76 78 143 101 
51 39 2 76 77 1 63 64 6 7 8 101 102 103 3 4 5 89 90 91 15 16 17 18 19 20 122 123 124 9 10 11 12 13 14 113 114 115 30 31 32 33 34 35 36 37 38 137 138 139 21 22 23 24 25 26 27 28 29 131 132 133 52 53 54 55 56 57 58 59 60 61 62 146 147 40 41 42 43 44 45 46 47 48 49 50 143 144 78 79 80 81 82 83 84 85 86 87 88 150 65 66 67 68 69 70 71 72 73 74 75 149 104 105 106 107 108 109 110 111 112 92 93 94 95 96 97 98 99 100 125 126 127 128 129 130 116 117 118 119 120 121 140 141 142 134 135 136 148 145 
52 65 76 78 79 89 21 92 7 101 102 30 104 105 12 39 113 40 41 116 16 18 19 51 122 123 53 125 126 24 1 27 63 64 131 66 67 134 31 33 34 2 36 37 77 137 138 80 140 141 42 3 45 4 5 48 90 91 143 93 94 145 54 55 6 57 58 8 60 61 103 146 147 106 148 9 68 10 11 71 13 14 74 114 115 149 117 118 15 81 82 17 84 85 20 87 88 124 150 127 22 23 95 25 26 98 28 29 100 132 133 135 32 107 108 35 110 111 38 112 139 43 44 119 46 47 121 49 50 144 56 128 129 59 130 62 69 70 136 72 73 75 83 142 86 96 97 99 109 120 
53 118 77 79 80 133 135 21 8 102 103 104 105 106 50 144 39 145 40 41 17 19 20 122 123 124 125 126 127 73 75 1 149 63 64 65 66 67 32 34 35 36 37 38 137 138 139 140 141 30 97 99 3 100 4 5 89 90 91 92 93 94 55 56 57 58 59 60 61 62 146 147 51 148 52 120 9 121 10 11 12 13 14 113 114 115 116 117 81 82 83 84 85 86 87 88 2 150 76 78 136 22 23 24 25 26 27 28 29 131 132 134 107 108 109 110 111 6 112 7 101 42 43 44 45 46 47 48 49 143 128 129 15 130 16 18 68 69 70 71 72 74 142 31 33 95 96 98 54 119 
54 22 78 15 81 40 42 43 101 30 104 31 32 107 63 65 66 9 68 69 18 51 122 52 53 125 55 56 128 4 89 90 21 92 93 23 95 96 33 2 36 76 77 137 79 80 140 82 83 142 10 12 13 39 113 114 41 116 117 44 119 120 6 57 7 8 60 102 103 146 105 106 148 108 109 24 25 1 27 28 64 131 132 67 134 135 70 136 16 17 84 19 20 87 123 124 150 126 127 129 3 45 46 5 48 49 91 143 144 94 145 97 34 35 110 37 38 112 138 139 141 11 71 72 14 74 75 115 149 118 58 59 130 61 62 147 26 98 99 29 100 133 85 86 88 47 121 50 111 73 
55 136 79 81 82 145 97 42 102 104 105 32 107 108 149 118 65 120 9 68 19 122 123 53 125 126 56 128 129 100 133 89 135 21 92 22 23 95 34 36 37 77 137 138 80 140 141 83 142 31 121 50 12 144 39 113 40 41 116 43 44 119 57 58 8 60 61 103 146 147 106 148 52 109 54 73 24 75 1 27 63 64 131 66 67 134 69 70 17 84 85 20 87 88 124 150 76 127 78 15 99 3 45 4 5 48 90 91 143 93 94 96 35 110 111 38 112 7 139 101 30 10 11 71 13 14 74 114 115 117 59 130 16 62 18 51 25 26 98 28 29 132 86 33 2 46 47 49 6 72 
56 70 80 82 83 94 96 97 103 105 106 107 108 109 115 117 118 119 120 9 20 123 124 125 126 127 128 129 15 29 132 133 134 135 21 136 22 23 35 37 38 137 138 139 140 141 30 142 31 32 47 49 50 143 144 39 145 40 41 42 43 44 58 59 60 61 62 146 147 51 148 52 53 54 55 72 73 74 75 1 149 63 64 65 66 67 68 69 84 85 86 87 88 2 150 76 77 78 79 81 98 99 3 100 4 5 89 90 91 92 93 95 110 111 6 112 7 8 101 102 104 121 10 11 12 13 14 113 114 116 130 16 17 18 19 122 24 25 26 27 28 131 33 34 36 45 46 48 57 71 
57 99 81 17 84 120 121 10 104 32 107 34 35 110 135 136 22 73 24 25 122 53 125 55 56 128 58 59 130 144 145 40 97 42 43 3 45 46 36 77 137 79 80 140 82 83 142 85 86 33 75 149 63 118 65 66 9 68 69 11 71 72 8 60 102 103 146 105 106 148 108 109 54 111 6 100 4 133 89 90 21 92 93 23 95 96 26 98 19 20 87 123 124 150 126 127 78 129 15 16 50 12 13 39 113 114 41 116 117 44 119 47 37 38 112 138 139 101 141 30 31 1 27 28 64 131 132 67 134 70 61 62 18 147 51 52 5 48 49 91 143 94 88 2 76 14 74 115 7 29 
58 98 82 84 85 119 47 121 105 107 108 35 110 111 134 70 136 72 73 24 123 125 126 56 128 129 59 130 16 143 94 145 96 97 42 99 3 45 37 137 138 80 140 141 83 142 31 86 33 34 74 115 149 117 118 65 120 9 68 10 11 71 60 61 103 146 147 106 148 52 109 54 55 6 57 29 100 132 133 89 135 21 92 22 23 95 25 26 20 87 88 124 150 76 127 78 79 15 81 17 49 50 12 144 39 113 40 41 116 43 44 46 38 112 7 139 101 102 30 104 32 75 1 27 63 64 131 66 67 69 62 18 19 51 122 53 4 5 48 90 91 93 2 36 77 13 14 114 8 28 
59 26 83 85 86 44 46 47 106 108 109 110 111 6 67 69 70 71 72 73 124 126 127 128 129 15 130 16 17 91 93 94 95 96 97 98 99 3 38 138 139 140 141 30 142 31 32 33 34 35 14 114 115 116 117 118 119 120 9 121 10 11 61 62 146 147 51 148 52 53 54 55 56 57 58 28 29 131 132 133 134 135 21 136 22 23 24 25 87 88 2 150 76 77 78 79 80 81 82 84 48 49 50 143 144 39 145 40 41 42 43 45 112 7 8 101 102 103 104 105 107 74 75 1 149 63 64 65 66 68 18 19 20 122 123 125 100 4 5 89 90 92 36 37 137 12 13 113 60 27 
60 49 84 20 87 72 74 75 107 35 110 37 38 112 96 98 99 29 100 4 125 56 128 58 59 130 61 62 18 117 119 120 47 121 10 50 12 13 137 80 140 82 83 142 85 86 33 88 2 36 132 134 135 70 136 22 73 24 25 1 27 28 103 146 105 106 148 108 109 54 111 6 57 7 8 143 144 94 145 40 97 42 43 3 45 46 5 48 123 124 150 126 127 78 129 15 81 16 17 19 115 149 63 118 65 66 9 68 69 11 71 14 138 139 101 141 30 104 31 32 34 133 89 90 21 92 93 23 95 26 147 51 122 52 53 55 39 113 114 41 116 44 76 77 79 64 131 67 102 91 
61 48 85 87 88 71 14 74 108 110 111 38 112 7 95 26 98 28 29 100 126 128 129 59 130 16 62 18 19 116 44 119 46 47 121 49 50 12 138 140 141 83 142 31 86 33 34 2 36 37 131 67 134 69 70 136 72 73 24 75 1 27 146 147 106 148 52 109 54 55 6 57 58 8 60 91 143 93 94 145 96 97 42 99 3 45 4 5 124 150 76 127 78 79 15 81 82 17 84 20 114 115 149 117 118 65 120 9 68 10 11 13 139 101 102 30 104 105 32 107 35 132 133 89 135 21 92 22 23 25 51 122 123 53 125 56 144 39 113 40 41 43 77 137 80 63 64 66 103 90 
62 5 86 88 2 11 13 14 109 111 6 112 7 8 23 25 26 27 28 29 127 129 15 130 16 17 18 19 20 41 43 44 45 46 47 48 49 50 139 141 30 142 31 32 33 34 35 36 37 38 64 66 67 68 69 70 71 72 73 74 75 1 147 51 148 52 53 54 55 56 57 58 59 60 61 90 91 92 93 94 95 96 97 98 99 3 100 4 150 76 77 78 79 80 81 82 83 84 85 87 113 114 115 116 117 118 119 120 9 121 10 12 101 102 103 104 105 106 107 108 110 131 132 133 134 135 21 136 22 24 122 123 124 125 126 128 143 144 39 145 40 42 137 138 140 149 63 65 146 89 
63 101 4 89 90 18 51 122 10 12 13 39 113 114 33 2 36 76 77 137 22 24 25 1 27 28 64 131 132 54 6 57 7 8 60 102 103 146 40 42 43 3 45 46 5 48 49 91 143 144 78 15 81 16 17 84 19 20 87 123 124 150 65 66 9 68 69 11 71 72 14 74 75 115 149 30 104 31 32 107 34 35 110 37 38 112 138 139 21 92 93 23 95 96 26 98 99 29 100 133 52 53 125 55 56 128 58 59 130 61 62 147 41 116 117 44 119 120 47 121 50 79 80 140 82 83 142 85 86 88 67 134 135 70 136 73 105 106 148 108 109 111 94 145 97 126 127 129 118 141 
64 139 5 90 91 62 147 51 11 13 14 113 114 115 86 88 2 150 76 77 23 25 26 27 28 29 131 132 133 109 111 6 112 7 8 101 102 103 41 43 44 45 46 47 48 49 50 143 144 39 127 129 15 130 16 17 18 19 20 122 123 124 66 67 68 69 70 71 72 73 74 75 1 149 63 141 30 142 31 32 33 34 35 36 37 38 137 138 92 93 94 95 96 97 98 99 3 100 4 89 148 52 53 54 55 56 57 58 59 60 61 146 116 117 118 119 120 9 121 10 12 78 79 80 81 82 83 84 85 87 134 135 21 136 22 24 104 105 106 107 108 110 145 40 42 125 126 128 65 140 
65 52 89 21 92 76 78 79 12 39 113 40 41 116 7 101 102 30 104 105 24 1 27 63 64 131 66 67 134 16 18 19 51 122 123 53 125 126 42 3 45 4 5 48 90 91 143 93 94 145 31 33 34 2 36 37 77 137 138 80 140 141 9 68 10 11 71 13 14 74 114 115 149 117 118 54 55 6 57 58 8 60 61 103 146 147 106 148 22 23 95 25 26 98 28 29 100 132 133 135 15 81 82 17 84 85 20 87 88 124 150 127 43 44 119 46 47 121 49 50 144 32 107 108 35 110 111 38 112 139 69 70 136 72 73 75 56 128 129 59 130 62 96 97 99 83 142 86 120 109 
66 148 90 92 93 150 127 78 13 113 114 41 116 117 112 139 101 141 30 104 25 27 28 64 131 132 67 134 135 130 62 18 147 51 122 52 53 125 43 45 46 5 48 49 91 143 144 94 145 40 142 86 33 88 2 36 76 77 137 79 80 140 68 69 11 71 72 14 74 75 115 149 63 118 65 109 54 111 6 57 7 8 60 102 103 146 105 106 23 95 96 26 98 99 29 100 4 133 89 21 129 15 81 16 17 84 19 20 87 123 124 126 44 119 120 47 121 10 50 12 39 31 32 107 34 35 110 37 38 138 70 136 22 73 24 1 55 56 128 58 59 61 97 42 3 82 83 85 9 108 
67 106 91 93 94 124 126 127 14 114 115 116 117 118 38 138 139 140 141 30 26 28 29 131 132 133 134 135 21 59 61 62 146 147 51 148 52 53 44 46 47 48 49 50 143 144 39 145 40 41 83 85 86 87 88 2 150 76 77 78 79 80 69 70 71 72 73 74 75 1 149 63 64 65 66 108 109 110 111 6 112 7 8 101 102 103 104 105 95 96 97 98 99 3 100 4 5 89 90 92 128 129 15 130 16 17 18 19 20 122 123 125 119 120 9 121 10 11 12 13 113 142 31 32 33 34 35 36 37 137 136 22 23 24 25 27 54 55 56 57 58 60 42 43 45 81 82 84 68 107 
68 129 92 23 95 141 142 31 113 41 116 43 44 119 147 148 52 109 54 55 27 64 131 66 67 134 69 70 136 88 150 76 127 78 79 15 81 82 45 5 48 90 91 143 93 94 145 96 97 42 111 112 7 139 101 102 30 104 105 32 107 108 11 71 13 14 74 114 115 149 117 118 65 120 9 130 16 62 18 19 51 122 123 53 125 126 56 128 25 26 98 28 29 100 132 133 89 135 21 22 86 33 34 2 36 37 77 137 138 80 140 83 46 47 121 49 50 12 144 39 40 6 57 58 8 60 61 103 146 106 72 73 24 75 1 63 17 84 85 20 87 124 99 3 4 35 110 38 10 59 
69 128 93 95 96 140 83 142 114 116 117 44 119 120 146 106 148 108 109 54 28 131 132 67 134 135 70 136 22 87 124 150 126 127 78 129 15 81 46 48 49 91 143 144 94 145 40 97 42 43 110 38 112 138 139 101 141 30 104 31 32 107 71 72 14 74 75 115 149 63 118 65 66 9 68 59 130 61 62 18 147 51 122 52 53 125 55 56 26 98 99 29 100 4 133 89 90 21 92 23 85 86 33 88 2 36 76 77 137 79 80 82 47 121 10 50 12 13 39 113 41 111 6 57 7 8 60 102 103 105 73 24 25 1 27 64 16 17 84 19 20 123 3 45 5 34 35 37 11 58 
70 56 94 96 97 80 82 83 115 117 118 119 120 9 103 105 106 107 108 109 29 132 133 134 135 21 136 22 23 20 123 124 125 126 127 128 129 15 47 49 50 143 144 39 145 40 41 42 43 44 35 37 38 137 138 139 140 141 30 142 31 32 72 73 74 75 1 149 63 64 65 66 67 68 69 58 59 60 61 62 146 147 51 148 52 53 54 55 98 99 3 100 4 5 89 90 91 92 93 95 84 85 86 87 88 2 150 76 77 78 79 81 121 10 11 12 13 14 113 114 116 110 111 6 112 7 8 101 102 104 24 25 26 27 28 131 130 16 17 18 19 122 45 46 48 33 34 36 71 57 
71 85 95 26 98 108 110 111 116 44 119 46 47 121 126 128 129 59 130 16 131 67 134 69 70 136 72 73 24 138 140 141 83 142 31 86 33 34 48 91 143 93 94 145 96 97 42 99 3 45 61 146 147 106 148 52 109 54 55 6 57 58 14 74 114 115 149 117 118 65 120 9 68 10 11 87 88 124 150 76 127 78 79 15 81 82 17 84 28 29 100 132 133 89 135 21 92 22 23 25 38 112 7 139 101 102 30 104 105 32 107 35 49 50 12 144 39 113 40 41 43 62 18 19 51 122 123 53 125 56 75 1 27 63 64 66 2 36 37 77 137 80 4 5 90 8 60 103 13 20 
72 84 96 98 99 107 35 110 117 119 120 47 121 10 125 56 128 58 59 130 132 134 135 70 136 22 73 24 25 137 80 140 82 83 142 85 86 33 49 143 144 94 145 40 97 42 43 3 45 46 60 103 146 105 106 148 108 109 54 111 6 57 74 75 115 149 63 118 65 66 9 68 69 11 71 20 87 123 124 150 126 127 78 129 15 81 16 17 29 100 4 133 89 90 21 92 93 23 95 26 37 38 112 138 139 101 141 30 104 31 32 34 50 12 13 39 113 114 41 116 44 61 62 18 147 51 122 52 53 55 1 27 28 64 131 67 88 2 36 76 77 79 5 48 91 7 8 102 14 19 
73 17 97 99 3 32 34 35 118 120 9 121 10 11 53 55 56 57 58 59 133 135 21 136 22 23 24 25 26 77 79 80 81 82 83 84 85 86 50 144 39 145 40 41 42 43 44 45 46 47 8 102 103 104 105 106 107 108 109 110 111 6 75 1 149 63 64 65 66 67 68 69 70 71 72 19 20 122 123 124 125 126 127 128 129 15 130 16 100 4 5 89 90 91 92 93 94 95 96 98 36 37 38 137 138 139 140 141 30 142 31 33 12 13 14 113 114 115 116 117 119 60 61 62 146 147 51 148 52 54 27 28 29 131 132 134 87 88 2 150 76 78 48 49 143 112 7 101 74 18 
74 37 98 29 100 58 60 61 119 47 121 49 50 12 82 84 85 20 87 88 134 70 136 72 73 24 75 1 27 105 107 108 35 110 111 38 112 7 143 94 145 96 97 42 99 3 45 4 5 48 123 125 126 56 128 129 59 130 16 62 18 19 115 149 117 118 65 120 9 68 10 11 71 13 14 137 138 80 140 141 83 142 31 86 33 34 2 36 132 133 89 135 21 92 22 23 95 25 26 28 103 146 147 106 148 52 109 54 55 6 57 8 144 39 113 40 41 116 43 44 46 124 150 76 127 78 79 15 81 17 63 64 131 66 67 69 139 101 102 30 104 32 90 91 93 51 122 53 114 77 
75 36 99 100 4 57 8 60 120 121 10 50 12 13 81 17 84 19 20 87 135 136 22 73 24 25 1 27 28 104 32 107 34 35 110 37 38 112 144 145 40 97 42 43 3 45 46 5 48 49 122 53 125 55 56 128 58 59 130 61 62 18 149 63 118 65 66 9 68 69 11 71 72 14 74 77 137 79 80 140 82 83 142 85 86 33 88 2 133 89 90 21 92 93 23 95 96 26 98 29 102 103 146 105 106 148 108 109 54 111 6 7 39 113 114 41 116 117 44 119 47 123 124 150 126 127 78 129 15 16 64 131 132 67 134 70 138 139 101 141 30 31 91 143 94 147 51 52 115 76 
76 89 7 101 102 12 39 113 16 18 19 51 122 123 24 1 27 63 64 131 31 33 34 2 36 37 77 137 138 42 3 45 4 5 48 90 91 143 52 54 55 6 57 58 8 60 61 103 146 147 65 9 68 10 11 71 13 14 74 114 115 149 78 79 15 81 82 17 84 85 20 87 88 124 150 21 92 22 23 95 25 26 98 28 29 100 132 133 30 104 105 32 107 108 35 110 111 38 112 139 40 41 116 43 44 119 46 47 121 49 50 144 53 125 126 56 128 129 59 130 62 66 67 134 69 70 136 72 73 75 80 140 141 83 142 86 93 94 145 96 97 99 106 148 109 117 118 120 127 135 
77 133 8 102 103 50 144 39 17 19 20 122 123 124 73 75 1 149 63 64 32 34 35 36 37 38 137 138 139 97 99 3 100 4 5 89 90 91 53 55 56 57 58 59 60 61 62 146 147 51 118 120 9 121 10 11 12 13 14 113 114 115 79 80 81 82 83 84 85 86 87 88 2 150 76 135 21 136 22 23 24 25 26 27 28 29 131 132 104 105 106 107 108 109 110 111 6 112 7 101 145 40 41 42 43 44 45 46 47 48 49 143 125 126 127 128 129 15 130 16 18 65 66 67 68 69 70 71 72 74 140 141 30 142 31 33 92 93 94 95 96 98 148 52 54 116 117 119 78 134 
78 40 101 30 104 63 65 66 18 51 122 52 53 125 4 89 90 21 92 93 33 2 36 76 77 137 79 80 140 10 12 13 39 113 114 41 116 117 54 6 57 7 8 60 102 103 146 105 106 148 22 24 25 1 27 28 64 131 132 67 134 135 15 81 16 17 84 19 20 87 123 124 150 126 127 42 43 3 45 46 5 48 49 91 143 144 94 145 31 32 107 34 35 110 37 38 112 138 139 141 9 68 69 11 71 72 14 74 75 115 149 118 55 56 128 58 59 130 61 62 147 23 95 96 26 98 99 29 100 133 82 83 142 85 86 88 44 119 120 47 121 50 108 109 111 70 136 73 129 97 
79 145 102 104 105 149 118 65 19 122 123 53 125 126 100 133 89 135 21 92 34 36 37 77 137 138 80 140 141 121 50 12 144 39 113 40 41 116 55 57 58 8 60 61 103 146 147 106 148 52 136 73 24 75 1 27 63 64 131 66 67 134 81 82 17 84 85 20 87 88 124 150 76 127 78 97 42 99 3 45 4 5 48 90 91 143 93 94 32 107 108 35 110 111 38 112 7 139 101 30 120 9 68 10 11 71 13 14 74 114 115 117 56 128 129 59 130 16 62 18 51 22 23 95 25 26 98 28 29 132 83 142 31 86 33 2 43 44 119 46 47 49 109 54 6 69 70 72 15 96 
80 94 103 105 106 115 117 118 20 123 124 125 126 127 29 132 133 134 135 21 35 37 38 137 138 139 140 141 30 47 49 50 143 144 39 145 40 41 56 58 59 60 61 62 146 147 51 148 52 53 70 72 73 74 75 1 149 63 64 65 66 67 82 83 84 85 86 87 88 2 150 76 77 78 79 96 97 98 99 3 100 4 5 89 90 91 92 93 107 108 109 110 111 6 112 7 8 101 102 104 119 120 9 121 10 11 12 13 14 113 114 116 128 129 15 130 16 17 18 19 122 136 22 23 24 25 26 27 28 131 142 31 32 33 34 36 42 43 44 45 46 48 54 55 57 68 69 71 81 95 
81 120 104 32 107 135 136 22 122 53 125 55 56 128 144 145 40 97 42 43 36 77 137 79 80 140 82 83 142 75 149 63 118 65 66 9 68 69 57 8 60 102 103 146 105 106 148 108 109 54 99 100 4 133 89 90 21 92 93 23 95 96 17 84 19 20 87 123 124 150 126 127 78 129 15 121 10 50 12 13 39 113 114 41 116 117 44 119 34 35 110 37 38 112 138 139 101 141 30 31 73 24 25 1 27 28 64 131 132 67 134 70 58 59 130 61 62 18 147 51 52 3 45 46 5 48 49 91 143 94 85 86 33 88 2 76 11 71 72 14 74 115 111 6 7 26 98 29 16 47 
82 119 105 107 108 134 70 136 123 125 126 56 128 129 143 94 145 96 97 42 37 137 138 80 140 141 83 142 31 74 115 149 117 118 65 120 9 68 58 60 61 103 146 147 106 148 52 109 54 55 98 29 100 132 133 89 135 21 92 22 23 95 84 85 20 87 88 124 150 76 127 78 79 15 81 47 121 49 50 12 144 39 113 40 41 116 43 44 35 110 111 38 112 7 139 101 102 30 104 32 72 73 24 75 1 27 63 64 131 66 67 69 59 130 16 62 18 19 51 122 53 99 3 45 4 5 48 90 91 93 86 33 34 2 36 77 10 11 71 13 14 114 6 57 8 25 26 28 17 46 
83 44 106 108 109 67 69 70 124 126 127 128 129 15 91 93 94 95 96 97 38 138 139 140 141 30 142 31 32 14 114 115 116 117 118 119 120 9 59 61 62 146 147 51 148 52 53 54 55 56 26 28 29 131 132 133 134 135 21 136 22 23 85 86 87 88 2 150 76 77 78 79 80 81 82 46 47 48 49 50 143 144 39 145 40 41 42 43 110 111 6 112 7 8 101 102 103 104 105 107 71 72 73 74 75 1 149 63 64 65 66 68 130 16 17 18 19 20 122 123 125 98 99 3 100 4 5 89 90 92 33 34 35 36 37 137 121 10 11 12 13 113 57 58 60 24 25 27 84 45 
84 72 107 35 110 96 98 99 125 56 128 58 59 130 117 119 120 47 121 10 137 80 140 82 83 142 85 86 33 132 134 135 70 136 22 73 24 25 60 103 146 105 106 148 108 109 54 111 6 57 49 143 144 94 145 40 97 42 43 3 45 46 20 87 123 124 150 126 127 78 129 15 81 16 17 74 75 115 149 63 118 65 66 9 68 69 11 71 37 38 112 138 139 101 141 30 104 31 32 34 29 100 4 133 89 90 21 92 93 23 95 26 61 62 18 147 51 122 52 53 55 50 12 13 39 113 114 41 116 44 88 2 36 76 77 79 1 27 28 64 131 67 7 8 102 5 48 91 19 14 
85 71 108 110 111 95 26 98 126 128 129 59 130 16 116 44 119 46 47 121 138 140 141 83 142 31 86 33 34 131 67 134 69 70 136 72 73 24 61 146 147 106 148 52 109 54 55 6 57 58 48 91 143 93 94 145 96 97 42 99 3 45 87 88 124 150 76 127 78 79 15 81 82 17 84 14 74 114 115 149 117 118 65 120 9 68 10 11 38 112 7 139 101 102 30 104 105 32 107 35 28 29 100 132 133 89 135 21 92 22 23 25 62 18 19 51 122 123 53 125 56 49 50 12 144 39 113 40 41 43 2 36 37 77 137 80 75 1 27 63 64 66 8 60 103 4 5 90 20 13 
86 11 109 111 6 23 25 26 127 129 15 130 16 17 41 43 44 45 46 47 139 141 30 142 31 32 33 34 35 64 66 67 68 69 70 71 72 73 62 147 51 148 52 53 54 55 56 57 58 59 5 90 91 92 93 94 95 96 97 98 99 3 88 2 150 76 77 78 79 80 81 82 83 84 85 13 14 113 114 115 116 117 118 119 120 9 121 10 112 7 8 101 102 103 104 105 106 107 108 110 27 28 29 131 132 133 134 135 21 136 22 24 18 19 20 122 123 124 125 126 128 48 49 50 143 144 39 145 40 42 36 37 38 137 138 140 74 75 1 149 63 65 60 61 146 100 4 89 87 12 
87 28 110 38 112 46 48 49 128 59 130 61 62 18 69 71 72 14 74 75 140 83 142 85 86 33 88 2 36 93 95 96 26 98 99 29 100 4 146 106 148 108 109 54 111 6 57 7 8 60 114 116 117 44 119 120 47 121 10 50 12 13 124 150 126 127 78 129 15 81 16 17 84 19 20 131 132 67 134 135 70 136 22 73 24 25 1 27 138 139 101 141 30 104 31 32 107 34 35 37 91 143 144 94 145 40 97 42 43 3 45 5 147 51 122 52 53 125 55 56 58 115 149 63 118 65 66 9 68 11 76 77 137 79 80 82 133 89 90 21 92 23 102 103 105 39 113 41 123 64 
88 27 111 112 7 45 5 48 129 130 16 62 18 19 68 11 71 13 14 74 141 142 31 86 33 34 2 36 37 92 23 95 25 26 98 28 29 100 147 148 52 109 54 55 6 57 58 8 60 61 113 41 116 43 44 119 46 47 121 49 50 12 150 76 127 78 79 15 81 82 17 84 85 20 87 64 131 66 67 134 69 70 136 72 73 24 75 1 139 101 102 30 104 105 32 107 108 35 110 38 90 91 143 93 94 145 96 97 42 99 3 4 51 122 123 53 125 126 56 128 59 114 115 149 117 118 65 120 9 10 77 137 138 80 140 83 132 133 89 135 21 22 103 146 106 144 39 40 124 63 
89 76 12 39 113 7 101 102 24 1 27 63 64 131 16 18 19 51 122 123 42 3 45 4 5 48 90 91 143 31 33 34 2 36 37 77 137 138 65 9 68 10 11 71 13 14 74 114 115 149 52 54 55 6 57 58 8 60 61 103 146 147 21 92 22 23 95 25 26 98 28 29 100 132 133 78 79 15 81 82 17 84 85 20 87 88 124 150 40 41 116 43 44 119 46 47 121 49 50 144 30 104 105 32 107 108 35 110 111 38 112 139 66 67 134 69 70 136 72 73 75 53 125 126 56 128 129 59 130 62 93 94 145 96 97 99 80 140 141 83 142 86 117 118 120 106 148 109 135 127 
90 150 13 113 114 112 139 101 25 27 28 64 131 132 130 62 18 147 51 122 43 45 46 5 48 49 91 143 144 142 86 33 88 2 36 76 77 137 66 68 69 11 71 72 14 74 75 115 149 63 148 109 54 111 6 57 7 8 60 102 103 146 92 93 23 95 96 26 98 99 29 100 4 133 89 127 78 129 15 81 16 17 84 19 20 87 123 124 41 116 117 44 119 120 47 121 10 50 12 39 141 30 104 31 32 107 34 35 110 37 38 138 67 134 135 70 136 22 73 24 1 52 53 125 55 56 128 58 59 61 94 145 40 97 42 3 79 80 140 82 83 85 118 65 9 105 106 108 21 126 
91 124 14 114 115 38 138 139 26 28 29 131 132 133 59 61 62 146 147 51 44 46 47 48 49 50 143 144 39 83 85 86 87 88 2 150 76 77 67 69 70 71 72 73 74 75 1 149 63 64 106 108 109 110 111 6 112 7 8 101 102 103 93 94 95 96 97 98 99 3 100 4 5 89 90 126 127 128 129 15 130 16 17 18 19 20 122 123 116 117 118 119 120 9 121 10 11 12 13 113 140 141 30 142 31 32 33 34 35 36 37 137 134 135 21 136 22 23 24 25 27 148 52 53 54 55 56 57 58 60 145 40 41 42 43 45 78 79 80 81 82 84 65 66 68 104 105 107 92 125 
92 141 113 41 116 147 148 52 27 64 131 66 67 134 88 150 76 127 78 79 45 5 48 90 91 143 93 94 145 111 112 7 139 101 102 30 104 105 68 11 71 13 14 74 114 115 149 117 118 65 129 130 16 62 18 19 51 122 123 53 125 126 23 95 25 26 98 28 29 100 132 133 89 135 21 142 31 86 33 34 2 36 37 77 137 138 80 140 43 44 119 46 47 121 49 50 12 144 39 40 109 54 55 6 57 58 8 60 61 103 146 106 69 70 136 72 73 24 75 1 63 15 81 82 17 84 85 20 87 124 96 97 42 99 3 4 32 107 108 35 110 38 120 9 10 56 128 59 22 83 
93 140 114 116 117 146 106 148 28 131 132 67 134 135 87 124 150 126 127 78 46 48 49 91 143 144 94 145 40 110 38 112 138 139 101 141 30 104 69 71 72 14 74 75 115 149 63 118 65 66 128 59 130 61 62 18 147 51 122 52 53 125 95 96 26 98 99 29 100 4 133 89 90 21 92 83 142 85 86 33 88 2 36 76 77 137 79 80 44 119 120 47 121 10 50 12 13 39 113 41 108 109 54 111 6 57 7 8 60 102 103 105 70 136 22 73 24 25 1 27 64 129 15 81 16 17 84 19 20 123 97 42 43 3 45 5 31 32 107 34 35 37 9 68 11 55 56 58 23 82 
94 80 115 117 118 103 105 106 29 132 133 134 135 21 20 123 124 125 126 127 47 49 50 143 144 39 145 40 41 35 37 38 137 138 139 140 141 30 70 72 73 74 75 1 149 63 64 65 66 67 56 58 59 60 61 62 146 147 51 148 52 53 96 97 98 99 3 100 4 5 89 90 91 92 93 82 83 84 85 86 87 88 2 150 76 77 78 79 119 120 9 121 10 11 12 13 14 113 114 116 107 108 109 110 111 6 112 7 8 101 102 104 136 22 23 24 25 26 27 28 131 128 129 15 130 16 17 18 19 122 42 43 44 45 46 48 142 31 32 33 34 36 68 69 71 54 55 57 95 81 
95 108 116 44 119 126 128 129 131 67 134 69 70 136 138 140 141 83 142 31 48 91 143 93 94 145 96 97 42 61 146 147 106 148 52 109 54 55 71 14 74 114 115 149 117 118 65 120 9 68 85 87 88 124 150 76 127 78 79 15 81 82 26 98 28 29 100 132 133 89 135 21 92 22 23 110 111 38 112 7 139 101 102 30 104 105 32 107 46 47 121 49 50 12 144 39 113 40 41 43 59 130 16 62 18 19 51 122 123 53 125 56 72 73 24 75 1 27 63 64 66 86 33 34 2 36 37 77 137 80 99 3 45 4 5 90 6 57 58 8 60 103 10 11 13 17 84 20 25 35 
96 107 117 119 120 125 56 128 132 134 135 70 136 22 137 80 140 82 83 142 49 143 144 94 145 40 97 42 43 60 103 146 105 106 148 108 109 54 72 74 75 115 149 63 118 65 66 9 68 69 84 20 87 123 124 150 126 127 78 129 15 81 98 99 29 100 4 133 89 90 21 92 93 23 95 35 110 37 38 112 138 139 101 141 30 104 31 32 47 121 10 50 12 13 39 113 114 41 116 44 58 59 130 61 62 18 147 51 122 52 53 55 73 24 25 1 27 28 64 131 67 85 86 33 88 2 36 76 77 79 3 45 46 5 48 91 111 6 57 7 8 102 11 71 14 16 17 19 26 34 
97 32 118 120 9 53 55 56 133 135 21 136 22 23 77 79 80 81 82 83 50 144 39 145 40 41 42 43 44 8 102 103 104 105 106 107 108 109 73 75 1 149 63 64 65 66 67 68 69 70 17 19 20 122 123 124 125 126 127 128 129 15 99 3 100 4 5 89 90 91 92 93 94 95 96 34 35 36 37 38 137 138 139 140 141 30 142 31 121 10 11 12 13 14 113 114 115 116 117 119 57 58 59 60 61 62 146 147 51 148 52 54 24 25 26 27 28 29 131 132 134 84 85 86 87 88 2 150 76 78 45 46 47 48 49 143 110 111 6 112 7 101 71 72 74 130 16 18 98 33 
98 58 119 47 121 82 84 85 134 70 136 72 73 24 105 107 108 35 110 111 143 94 145 96 97 42 99 3 45 123 125 126 56 128 129 59 130 16 74 115 149 117 118 65 120 9 68 10 11 71 37 137 138 80 140 141 83 142 31 86 33 34 29 100 132 133 89 135 21 92 22 23 95 25 26 60 61 103 146 147 106 148 52 109 54 55 6 57 49 50 12 144 39 113 40 41 116 43 44 46 20 87 88 124 150 76 127 78 79 15 81 17 75 1 27 63 64 131 66 67 69 38 112 7 139 101 102 30 104 32 4 5 48 90 91 93 62 18 19 51 122 53 13 14 114 2 36 77 28 8 
99 57 120 121 10 81 17 84 135 136 22 73 24 25 104 32 107 34 35 110 144 145 40 97 42 43 3 45 46 122 53 125 55 56 128 58 59 130 75 149 63 118 65 66 9 68 69 11 71 72 36 77 137 79 80 140 82 83 142 85 86 33 100 4 133 89 90 21 92 93 23 95 96 26 98 8 60 102 103 146 105 106 148 108 109 54 111 6 50 12 13 39 113 114 41 116 117 44 119 47 19 20 87 123 124 150 126 127 78 129 15 16 1 27 28 64 131 132 67 134 70 37 38 112 138 139 101 141 30 31 5 48 49 91 143 94 61 62 18 147 51 52 14 74 115 88 2 76 29 7 
100 19 121 50 12 34 36 37 136 73 24 75 1 27 55 57 58 8 60 61 145 97 42 99 3 45 4 5 48 79 81 82 17 84 85 20 87 88 149 118 65 120 9 68 10 11 71 13 14 74 102 104 105 32 107 108 35 110 111 38 112 7 133 89 135 21 92 22 23 95 25 26 98 28 29 122 123 53 125 126 56 128 129 59 130 16 62 18 144 39 113 40 41 116 43 44 119 46 47 49 77 137 138 80 140 141 83 142 31 86 33 2 63 64 131 66 67 134 69 70 72 103 146 147 106 148 52 109 54 6 90 91 143 93 94 96 124 150 76 127 78 15 114 115 117 139 101 30 132 51 
101 63 18 51 122 4 89 90 33 2 36 76 77 137 10 12 13 39 113 114 54 6 57 7 8 60 102 103 146 22 24 25 1 27 28 64 131 132 78 15 81 16 17 84 19 20 87 123 124 150 40 42 43 3 45 46 5 48 49 91 143 144 30 104 31 32 107 34 35 110 37 38 112 138 139 65 66 9 68 69 11 71 72 14 74 75 115 149 52 53 125 55 56 128 58 59 130 61 62 147 21 92 93 23 95 96 26 98 99 29 100 133 79 80 140 82 83 142 85 86 88 41 116 117 44 119 120 47 121 50 105 106 148 108 109 111 67 134 135 70 136 73 126 127 129 94 145 97 141 118 
102 149 19 122 123 100 133 89 34 36 37 77 137 138 121 50 12 144 39 113 55 57 58 8 60 61 103 146 147 136 73 24 75 1 27 63 64 131 79 81 82 17 84 85 20 87 88 124 150 76 145 97 42 99 3 45 4 5 48 90 91 143 104 105 32 107 108 35 110 111 38 112 7 139 101 118 65 120 9 68 10 11 71 13 14 74 114 115 53 125 126 56 128 129 59 130 16 62 18 51 135 21 92 22 23 95 25 26 98 28 29 132 80 140 141 83 142 31 86 33 2 40 41 116 43 44 119 46 47 49 106 148 52 109 54 6 66 67 134 69 70 72 127 78 15 93 94 96 30 117 
103 115 20 123 124 29 132 133 35 37 38 137 138 139 47 49 50 143 144 39 56 58 59 60 61 62 146 147 51 70 72 73 74 75 1 149 63 64 80 82 83 84 85 86 87 88 2 150 76 77 94 96 97 98 99 3 100 4 5 89 90 91 105 106 107 108 109 110 111 6 112 7 8 101 102 117 118 119 120 9 121 10 11 12 13 14 113 114 125 126 127 128 129 15 130 16 17 18 19 122 134 135 21 136 22 23 24 25 26 27 28 131 140 141 30 142 31 32 33 34 36 145 40 41 42 43 44 45 46 48 148 52 53 54 55 57 65 66 67 68 69 71 78 79 81 92 93 95 104 116 
104 135 122 53 125 144 145 40 36 77 137 79 80 140 75 149 63 118 65 66 57 8 60 102 103 146 105 106 148 99 100 4 133 89 90 21 92 93 81 17 84 19 20 87 123 124 150 126 127 78 120 121 10 50 12 13 39 113 114 41 116 117 32 107 34 35 110 37 38 112 138 139 101 141 30 136 22 73 24 25 1 27 28 64 131 132 67 134 55 56 128 58 59 130 61 62 18 147 51 52 97 42 43 3 45 46 5 48 49 91 143 94 82 83 142 85 86 33 88 2 76 9 68 69 11 71 72 14 74 115 108 109 54 111 6 7 23 95 96 26 98 29 129 15 16 44 119 47 31 70 
105 134 123 125 126 143 94 145 37 137 138 80 140 141 74 115 149 117 118 65 58 60 61 103 146 147 106 148 52 98 29 100 132 133 89 135 21 92 82 84 85 20 87 88 124 150 76 127 78 79 119 47 121 49 50 12 144 39 113 40 41 116 107 108 35 110 111 38 112 7 139 101 102 30 104 70 136 72 73 24 75 1 27 63 64 131 66 67 56 128 129 59 130 16 62 18 19 51 122 53 96 97 42 99 3 45 4 5 48 90 91 93 83 142 31 86 33 34 2 36 77 120 9 68 10 11 71 13 14 114 109 54 55 6 57 8 22 23 95 25 26 28 15 81 17 43 44 46 32 69 
106 67 124 126 127 91 93 94 38 138 139 140 141 30 14 114 115 116 117 118 59 61 62 146 147 51 148 52 53 26 28 29 131 132 133 134 135 21 83 85 86 87 88 2 150 76 77 78 79 80 44 46 47 48 49 50 143 144 39 145 40 41 108 109 110 111 6 112 7 8 101 102 103 104 105 69 70 71 72 73 74 75 1 149 63 64 65 66 128 129 15 130 16 17 18 19 20 122 123 125 95 96 97 98 99 3 100 4 5 89 90 92 142 31 32 33 34 35 36 37 137 119 120 9 121 10 11 12 13 113 54 55 56 57 58 60 136 22 23 24 25 27 81 82 84 42 43 45 107 68 
107 96 125 56 128 117 119 120 137 80 140 82 83 142 132 134 135 70 136 22 60 103 146 105 106 148 108 109 54 49 143 144 94 145 40 97 42 43 84 20 87 123 124 150 126 127 78 129 15 81 72 74 75 115 149 63 118 65 66 9 68 69 35 110 37 38 112 138 139 101 141 30 104 31 32 98 99 29 100 4 133 89 90 21 92 93 23 95 58 59 130 61 62 18 147 51 122 52 53 55 47 121 10 50 12 13 39 113 114 41 116 44 85 86 33 88 2 36 76 77 79 73 24 25 1 27 28 64 131 67 111 6 57 7 8 102 3 45 46 5 48 91 16 17 19 11 71 14 34 26 
108 95 126 128 129 116 44 119 138 140 141 83 142 31 131 67 134 69 70 136 61 146 147 106 148 52 109 54 55 48 91 143 93 94 145 96 97 42 85 87 88 124 150 76 127 78 79 15 81 82 71 14 74 114 115 149 117 118 65 120 9 68 110 111 38 112 7 139 101 102 30 104 105 32 107 26 98 28 29 100 132 133 89 135 21 92 22 23 59 130 16 62 18 19 51 122 123 53 125 56 46 47 121 49 50 12 144 39 113 40 41 43 86 33 34 2 36 37 77 137 80 72 73 24 75 1 27 63 64 66 6 57 58 8 60 103 99 3 45 4 5 90 17 84 20 10 11 13 35 25 
109 23 127 129 15 41 43 44 139 141 30 142 31 32 64 66 67 68 69 70 62 147 51 148 52 53 54 55 56 5 90 91 92 93 94 95 96 97 86 88 2 150 76 77 78 79 80 81 82 83 11 13 14 113 114 115 116 117 118 119 120 9 111 6 112 7 8 101 102 103 104 105 106 107 108 25 26 27 28 29 131 132 133 134 135 21 136 22 130 16 17 18 19 20 122 123 124 125 126 128 45 46 47 48 49 50 143 144 39 145 40 42 33 34 35 36 37 38 137 138 140 71 72 73 74 75 1 149 63 65 57 58 59 60 61 146 98 99 3 100 4 89 84 85 87 121 10 12 110 24 
110 46 128 59 130 69 71 72 140 83 142 85 86 33 93 95 96 26 98 99 146 106 148 108 109 54 111 6 57 114 116 117 44 119 120 47 121 10 87 124 150 126 127 78 129 15 81 16 17 84 28 131 132 67 134 135 70 136 22 73 24 25 38 112 138 139 101 141 30 104 31 32 107 34 35 48 49 91 143 144 94 145 40 97 42 43 3 45 61 62 18 147 51 122 52 53 125 55 56 58 14 74 75 115 149 63 118 65 66 9 68 11 88 2 36 76 77 137 79 80 82 29 100 4 133 89 90 21 92 23 7 8 60 102 103 105 50 12 13 39 113 41 19 20 123 1 27 64 37 5 
111 45 129 130 16 68 11 71 141 142 31 86 33 34 92 23 95 25 26 98 147 148 52 109 54 55 6 57 58 113 41 116 43 44 119 46 47 121 88 150 76 127 78 79 15 81 82 17 84 85 27 64 131 66 67 134 69 70 136 72 73 24 112 7 139 101 102 30 104 105 32 107 108 35 110 5 48 90 91 143 93 94 145 96 97 42 99 3 62 18 19 51 122 123 53 125 126 56 128 59 13 14 74 114 115 149 117 118 65 120 9 10 2 36 37 77 137 138 80 140 83 28 29 100 132 133 89 135 21 22 8 60 61 103 146 106 49 50 12 144 39 40 20 87 124 75 1 63 38 4 
112 13 130 62 18 25 27 28 142 86 33 88 2 36 43 45 46 5 48 49 148 109 54 111 6 57 7 8 60 66 68 69 11 71 72 14 74 75 150 127 78 129 15 81 16 17 84 19 20 87 90 92 93 23 95 96 26 98 99 29 100 4 139 101 141 30 104 31 32 107 34 35 110 37 38 113 114 41 116 117 44 119 120 47 121 10 50 12 147 51 122 52 53 125 55 56 128 58 59 61 64 131 132 67 134 135 70 136 22 73 24 1 76 77 137 79 80 140 82 83 85 91 143 144 94 145 40 97 42 3 102 103 146 105 106 108 115 149 63 118 65 9 123 124 126 133 89 21 138 39 
113 147 27 64 131 88 150 76 45 5 48 90 91 143 111 112 7 139 101 102 68 11 71 13 14 74 114 115 149 129 130 16 62 18 19 51 122 123 92 23 95 25 26 98 28 29 100 132 133 89 141 142 31 86 33 34 2 36 37 77 137 138 41 116 43 44 119 46 47 121 49 50 12 144 39 148 52 109 54 55 6 57 58 8 60 61 103 146 66 67 134 69 70 136 72 73 24 75 1 63 127 78 79 15 81 82 17 84 85 20 87 124 93 94 145 96 97 42 99 3 4 30 104 105 32 107 108 35 110 38 117 118 65 120 9 10 53 125 126 56 128 59 135 21 22 80 140 83 40 106 
114 146 28 131 132 87 124 150 46 48 49 91 143 144 110 38 112 138 139 101 69 71 72 14 74 75 115 149 63 128 59 130 61 62 18 147 51 122 93 95 96 26 98 99 29 100 4 133 89 90 140 83 142 85 86 33 88 2 36 76 77 137 116 117 44 119 120 47 121 10 50 12 13 39 113 106 148 108 109 54 111 6 57 7 8 60 102 103 67 134 135 70 136 22 73 24 25 1 27 64 126 127 78 129 15 81 16 17 84 19 20 123 94 145 40 97 42 43 3 45 5 141 30 104 31 32 107 34 35 37 118 65 66 9 68 11 52 53 125 55 56 58 21 92 23 79 80 82 41 105 
115 103 29 132 133 20 123 124 47 49 50 143 144 39 35 37 38 137 138 139 70 72 73 74 75 1 149 63 64 56 58 59 60 61 62 146 147 51 94 96 97 98 99 3 100 4 5 89 90 91 80 82 83 84 85 86 87 88 2 150 76 77 117 118 119 120 9 121 10 11 12 13 14 113 114 105 106 107 108 109 110 111 6 112 7 8 101 102 134 135 21 136 22 23 24 25 26 27 28 131 125 126 127 128 129 15 130 16 17 18 19 122 145 40 41 42 43 44 45 46 48 140 141 30 142 31 32 33 34 36 65 66 67 68 69 71 148 52 53 54 55 57 92 93 95 78 79 81 116 104 
116 126 131 67 134 138 140 141 48 91 143 93 94 145 61 146 147 106 148 52 71 14 74 114 115 149 117 118 65 85 87 88 124 150 76 127 78 79 95 26 98 28 29 100 132 133 89 135 21 92 108 110 111 38 112 7 139 101 102 30 104 105 44 119 46 47 121 49 50 12 144 39 113 40 41 128 129 59 130 16 62 18 19 51 122 123 53 125 69 70 136 72 73 24 75 1 27 63 64 66 83 142 31 86 33 34 2 36 37 77 137 80 96 97 42 99 3 45 4 5 90 109 54 55 6 57 58 8 60 103 120 9 68 10 11 13 15 81 82 17 84 20 22 23 25 32 107 35 43 56 
117 125 132 134 135 137 80 140 49 143 144 94 145 40 60 103 146 105 106 148 72 74 75 115 149 63 118 65 66 84 20 87 123 124 150 126 127 78 96 98 99 29 100 4 133 89 90 21 92 93 107 35 110 37 38 112 138 139 101 141 30 104 119 120 47 121 10 50 12 13 39 113 114 41 116 56 128 58 59 130 61 62 18 147 51 122 52 53 70 136 22 73 24 25 1 27 28 64 131 67 82 83 142 85 86 33 88 2 36 76 77 79 97 42 43 3 45 46 5 48 91 108 109 54 111 6 57 7 8 102 9 68 69 11 71 14 129 15 81 16 17 19 23 95 26 31 32 34 44 55 
118 53 133 135 21 77 79 80 50 144 39 145 40 41 8 102 103 104 105 106 73 75 1 149 63 64 65 66 67 17 19 20 122 123 124 125 126 127 97 99 3 100 4 5 89 90 91 92 93 94 32 34 35 36 37 38 137 138 139 140 141 30 120 9 121 10 11 12 13 14 113 114 115 116 117 55 56 57 58 59 60 61 62 146 147 51 148 52 136 22 23 24 25 26 27 28 29 131 132 134 81 82 83 84 85 86 87 88 2 150 76 78 42 43 44 45 46 47 48 49 143 107 108 109 110 111 6 112 7 101 68 69 70 71 72 74 128 129 15 130 16 18 95 96 98 142 31 33 119 54 
119 82 134 70 136 105 107 108 143 94 145 96 97 42 123 125 126 56 128 129 74 115 149 117 118 65 120 9 68 37 137 138 80 140 141 83 142 31 98 29 100 132 133 89 135 21 92 22 23 95 58 60 61 103 146 147 106 148 52 109 54 55 47 121 49 50 12 144 39 113 40 41 116 43 44 84 85 20 87 88 124 150 76 127 78 79 15 81 72 73 24 75 1 27 63 64 131 66 67 69 35 110 111 38 112 7 139 101 102 30 104 32 99 3 45 4 5 48 90 91 93 59 130 16 62 18 19 51 122 53 10 11 71 13 14 114 86 33 34 2 36 77 25 26 28 6 57 8 46 17 
120 81 135 136 22 104 32 107 144 145 40 97 42 43 122 53 125 55 56 128 75 149 63 118 65 66 9 68 69 36 77 137 79 80 140 82 83 142 99 100 4 133 89 90 21 92 93 23 95 96 57 8 60 102 103 146 105 106 148 108 109 54 121 10 50 12 13 39 113 114 41 116 117 44 119 17 84 19 20 87 123 124 150 126 127 78 129 15 73 24 25 1 27 28 64 131 132 67 134 70 34 35 110 37 38 112 138 139 101 141 30 31 3 45 46 5 48 49 91 143 94 58 59 130 61 62 18 147 51 52 11 71 72 14 74 115 85 86 33 88 2 76 26 98 29 111 6 7 47 16 
121 34 136 73 24 55 57 58 145 97 42 99 3 45 79 81 82 17 84 85 149 118 65 120 9 68 10 11 71 102 104 105 32 107 108 35 110 111 100 133 89 135 21 92 22 23 95 25 26 98 19 122 123 53 125 126 56 128 129 59 130 16 50 12 144 39 113 40 41 116 43 44 119 46 47 36 37 77 137 138 80 140 141 83 142 31 86 33 75 1 27 63 64 131 66 67 134 69 70 72 8 60 61 103 146 147 106 148 52 109 54 6 4 5 48 90 91 143 93 94 96 20 87 88 124 150 76 127 78 15 13 14 74 114 115 117 38 112 7 139 101 30 28 29 132 62 18 51 49 2 
122 144 36 77 137 75 149 63 57 8 60 102 103 146 99 100 4 133 89 90 81 17 84 19 20 87 123 124 150 120 121 10 50 12 13 39 113 114 104 32 107 34 35 110 37 38 112 138 139 101 135 136 22 73 24 25 1 27 28 64 131 132 53 125 55 56 128 58 59 130 61 62 18 147 51 145 40 97 42 43 3 45 46 5 48 49 91 143 79 80 140 82 83 142 85 86 33 88 2 76 118 65 66 9 68 69 11 71 72 14 74 115 105 106 148 108 109 54 111 6 7 21 92 93 23 95 96 26 98 29 126 127 78 129 15 16 41 116 117 44 119 47 141 30 31 67 134 70 52 94 
123 143 37 137 138 74 115 149 58 60 61 103 146 147 98 29 100 132 133 89 82 84 85 20 87 88 124 150 76 119 47 121 49 50 12 144 39 113 105 107 108 35 110 111 38 112 7 139 101 102 134 70 136 72 73 24 75 1 27 63 64 131 125 126 56 128 129 59 130 16 62 18 19 51 122 94 145 96 97 42 99 3 45 4 5 48 90 91 80 140 141 83 142 31 86 33 34 2 36 77 117 118 65 120 9 68 10 11 71 13 14 114 106 148 52 109 54 55 6 57 8 135 21 92 22 23 95 25 26 28 127 78 79 15 81 17 40 41 116 43 44 46 30 104 32 66 67 69 53 93 
124 91 38 138 139 14 114 115 59 61 62 146 147 51 26 28 29 131 132 133 83 85 86 87 88 2 150 76 77 44 46 47 48 49 50 143 144 39 106 108 109 110 111 6 112 7 8 101 102 103 67 69 70 71 72 73 74 75 1 149 63 64 126 127 128 129 15 130 16 17 18 19 20 122 123 93 94 95 96 97 98 99 3 100 4 5 89 90 140 141 30 142 31 32 33 34 35 36 37 137 116 117 118 119 120 9 121 10 11 12 13 113 148 52 53 54 55 56 57 58 60 134 135 21 136 22 23 24 25 27 78 79 80 81 82 84 145 40 41 42 43 45 104 105 107 65 66 68 125 92 
125 117 137 80 140 132 134 135 60 103 146 105 106 148 49 143 144 94 145 40 84 20 87 123 124 150 126 127 78 72 74 75 115 149 63 118 65 66 107 35 110 37 38 112 138 139 101 141 30 104 96 98 99 29 100 4 133 89 90 21 92 93 56 128 58 59 130 61 62 18 147 51 122 52 53 119 120 47 121 10 50 12 13 39 113 114 41 116 82 83 142 85 86 33 88 2 36 76 77 79 70 136 22 73 24 25 1 27 28 64 131 67 108 109 54 111 6 57 7 8 102 97 42 43 3 45 46 5 48 91 129 15 81 16 17 19 9 68 69 11 71 14 31 32 34 23 95 26 55 44 
126 116 138 140 141 131 67 134 61 146 147 106 148 52 48 91 143 93 94 145 85 87 88 124 150 76 127 78 79 71 14 74 114 115 149 117 118 65 108 110 111 38 112 7 139 101 102 30 104 105 95 26 98 28 29 100 132 133 89 135 21 92 128 129 59 130 16 62 18 19 51 122 123 53 125 44 119 46 47 121 49 50 12 144 39 113 40 41 83 142 31 86 33 34 2 36 37 77 137 80 69 70 136 72 73 24 75 1 27 63 64 66 109 54 55 6 57 58 8 60 103 96 97 42 99 3 45 4 5 90 15 81 82 17 84 20 120 9 68 10 11 13 32 107 35 22 23 25 56 43 
127 41 139 141 30 64 66 67 62 147 51 148 52 53 5 90 91 92 93 94 86 88 2 150 76 77 78 79 80 11 13 14 113 114 115 116 117 118 109 111 6 112 7 8 101 102 103 104 105 106 23 25 26 27 28 29 131 132 133 134 135 21 129 15 130 16 17 18 19 20 122 123 124 125 126 43 44 45 46 47 48 49 50 143 144 39 145 40 142 31 32 33 34 35 36 37 38 137 138 140 68 69 70 71 72 73 74 75 1 149 63 65 54 55 56 57 58 59 60 61 146 95 96 97 98 99 3 100 4 89 81 82 83 84 85 87 119 120 9 121 10 12 107 108 110 136 22 24 128 42 
128 69 140 83 142 93 95 96 146 106 148 108 109 54 114 116 117 44 119 120 87 124 150 126 127 78 129 15 81 28 131 132 67 134 135 70 136 22 110 38 112 138 139 101 141 30 104 31 32 107 46 48 49 91 143 144 94 145 40 97 42 43 59 130 61 62 18 147 51 122 52 53 125 55 56 71 72 14 74 75 115 149 63 118 65 66 9 68 85 86 33 88 2 36 76 77 137 79 80 82 26 98 99 29 100 4 133 89 90 21 92 23 111 6 57 7 8 60 102 103 105 47 121 10 50 12 13 39 113 41 16 17 84 19 20 123 73 24 25 1 27 64 34 35 37 3 45 5 58 11 
129 68 141 142 31 92 23 95 147 148 52 109 54 55 113 41 116 43 44 119 88 150 76 127 78 79 15 81 82 27 64 131 66 67 134 69 70 136 111 112 7 139 101 102 30 104 105 32 107 108 45 5 48 90 91 143 93 94 145 96 97 42 130 16 62 18 19 51 122 123 53 125 126 56 128 11 71 13 14 74 114 115 149 117 118 65 120 9 86 33 34 2 36 37 77 137 138 80 140 83 25 26 98 28 29 100 132 133 89 135 21 22 6 57 58 8 60 61 103 146 106 46 47 121 49 50 12 144 39 40 17 84 85 20 87 124 72 73 24 75 1 63 35 110 38 99 3 4 59 10 
130 25 142 86 33 43 45 46 148 109 54 111 6 57 66 68 69 11 71 72 150 127 78 129 15 81 16 17 84 90 92 93 23 95 96 26 98 99 112 139 101 141 30 104 31 32 107 34 35 110 13 113 114 41 116 117 44 119 120 47 121 10 62 18 147 51 122 52 53 125 55 56 128 58 59 27 28 64 131 132 67 134 135 70 136 22 73 24 88 2 36 76 77 137 79 80 140 82 83 85 5 48 49 91 143 144 94 145 40 97 42 3 7 8 60 102 103 146 105 106 108 14 74 75 115 149 63 118 65 9 19 20 87 123 124 126 29 100 4 133 89 21 37 38 138 50 12 39 61 1 
131 138 48 91 143 61 146 147 71 14 74 114 115 149 85 87 88 124 150 76 95 26 98 28 29 100 132 133 89 108 110 111 38 112 7 139 101 102 116 44 119 46 47 121 49 50 12 144 39 113 126 128 129 59 130 16 62 18 19 51 122 123 67 134 69 70 136 72 73 24 75 1 27 63 64 140 141 83 142 31 86 33 34 2 36 37 77 137 93 94 145 96 97 42 99 3 45 4 5 90 106 148 52 109 54 55 6 57 58 8 60 103 117 118 65 120 9 68 10 11 13 127 78 79 15 81 82 17 84 20 135 21 92 22 23 25 30 104 105 32 107 35 40 41 43 53 125 56 66 80 
132 137 49 143 144 60 103 146 72 74 75 115 149 63 84 20 87 123 124 150 96 98 99 29 100 4 133 89 90 107 35 110 37 38 112 138 139 101 117 119 120 47 121 10 50 12 13 39 113 114 125 56 128 58 59 130 61 62 18 147 51 122 134 135 70 136 22 73 24 25 1 27 28 64 131 80 140 82 83 142 85 86 33 88 2 36 76 77 94 145 40 97 42 43 3 45 46 5 48 91 105 106 148 108 109 54 111 6 57 7 8 102 118 65 66 9 68 69 11 71 14 126 127 78 129 15 81 16 17 19 21 92 93 23 95 26 141 30 104 31 32 34 41 116 44 52 53 55 67 79 
133 77 50 144 39 8 102 103 73 75 1 149 63 64 17 19 20 122 123 124 97 99 3 100 4 5 89 90 91 32 34 35 36 37 38 137 138 139 118 120 9 121 10 11 12 13 14 113 114 115 53 55 56 57 58 59 60 61 62 146 147 51 135 21 136 22 23 24 25 26 27 28 29 131 132 79 80 81 82 83 84 85 86 87 88 2 150 76 145 40 41 42 43 44 45 46 47 48 49 143 104 105 106 107 108 109 110 111 6 112 7 101 65 66 67 68 69 70 71 72 74 125 126 127 128 129 15 130 16 18 92 93 94 95 96 98 140 141 30 142 31 33 116 117 119 148 52 54 134 78 
134 105 143 94 145 123 125 126 74 115 149 117 118 65 37 137 138 80 140 141 98 29 100 132 133 89 135 21 92 58 60 61 103 146 147 106 148 52 119 47 121 49 50 12 144 39 113 40 41 116 82 84 85 20 87 88 124 150 76 127 78 79 70 136 72 73 24 75 1 27 63 64 131 66 67 107 108 35 110 111 38 112 7 139 101 102 30 104 96 97 42 99 3 45 4 5 48 90 91 93 56 128 129 59 130 16 62 18 19 51 122 53 120 9 68 10 11 71 13 14 114 83 142 31 86 33 34 2 36 77 22 23 95 25 26 28 109 54 55 6 57 8 43 44 46 15 81 17 69 32 
135 104 144 145 40 122 53 125 75 149 63 118 65 66 36 77 137 79 80 140 99 100 4 133 89 90 21 92 93 57 8 60 102 103 146 105 106 148 120 121 10 50 12 13 39 113 114 41 116 117 81 17 84 19 20 87 123 124 150 126 127 78 136 22 73 24 25 1 27 28 64 131 132 67 134 32 107 34 35 110 37 38 112 138 139 101 141 30 97 42 43 3 45 46 5 48 49 91 143 94 55 56 128 58 59 130 61 62 18 147 51 52 9 68 69 11 71 72 14 74 115 82 83 142 85 86 33 88 2 76 23 95 96 26 98 29 108 109 54 111 6 7 44 119 47 129 15 16 70 31 
136 55 145 97 42 79 81 82 149 118 65 120 9 68 102 104 105 32 107 108 100 133 89 135 21 92 22 23 95 19 122 123 53 125 126 56 128 129 121 50 12 144 39 113 40 41 116 43 44 119 34 36 37 77 137 138 80 140 141 83 142 31 73 24 75 1 27 63 64 131 66 67 134 69 70 57 58 8 60 61 103 146 147 106 148 52 109 54 99 3 45 4 5 48 90 91 143 93 94 96 17 84 85 20 87 88 124 150 76 127 78 15 10 11 71 13 14 74 114 115 117 35 110 111 38 112 7 139 101 30 25 26 98 28 29 132 59 130 16 62 18 51 46 47 49 86 33 2 72 6 
137 132 60 103 146 49 143 144 84 20 87 123 124 150 72 74 75 115 149 63 107 35 110 37 38 112 138 139 101 96 98 99 29 100 4 133 89 90 125 56 128 58 59 130 61 62 18 147 51 122 117 119 120 47 121 10 50 12 13 39 113 114 80 140 82 83 142 85 86 33 88 2 36 76 77 134 135 70 136 22 73 24 25 1 27 28 64 131 105 106 148 108 109 54 111 6 57 7 8 102 94 145 40 97 42 43 3 45 46 5 48 91 126 127 78 129 15 81 16 17 19 118 65 66 9 68 69 11 71 14 141 30 104 31 32 34 21 92 93 23 95 26 52 53 55 41 116 44 79 67 
138 131 61 146 147 48 91 143 85 87 88 124 150 76 71 14 74 114 115 149 108 110 111 38 112 7 139 101 102 95 26 98 28 29 100 132 133 89 126 128 129 59 130 16 62 18 19 51 122 123 116 44 119 46 47 121 49 50 12 144 39 113 140 141 83 142 31 86 33 34 2 36 37 77 137 67 134 69 70 136 72 73 24 75 1 27 63 64 106 148 52 109 54 55 6 57 58 8 60 103 93 94 145 96 97 42 99 3 45 4 5 90 127 78 79 15 81 82 17 84 20 117 118 65 120 9 68 10 11 13 30 104 105 32 107 35 135 21 92 22 23 25 53 125 56 40 41 43 80 66 
139 64 62 147 51 5 90 91 86 88 2 150 76 77 11 13 14 113 114 115 109 111 6 112 7 8 101 102 103 23 25 26 27 28 29 131 132 133 127 129 15 130 16 17 18 19 20 122 123 124 41 43 44 45 46 47 48 49 50 143 144 39 141 30 142 31 32 33 34 35 36 37 38 137 138 66 67 68 69 70 71 72 73 74 75 1 149 63 148 52 53 54 55 56 57 58 59 60 61 146 92 93 94 95 96 97 98 99 3 100 4 89 78 79 80 81 82 83 84 85 87 116 117 118 119 120 9 121 10 12 104 105 106 107 108 110 134 135 21 136 22 24 125 126 128 145 40 42 140 65 
140 93 146 106 148 114 116 117 87 124 150 126 127 78 28 131 132 67 134 135 110 38 112 138 139 101 141 30 104 46 48 49 91 143 144 94 145 40 128 59 130 61 62 18 147 51 122 52 53 125 69 71 72 14 74 75 115 149 63 118 65 66 83 142 85 86 33 88 2 36 76 77 137 79 80 95 96 26 98 99 29 100 4 133 89 90 21 92 108 109 54 111 6 57 7 8 60 102 103 105 44 119 120 47 121 10 50 12 13 39 113 41 129 15 81 16 17 84 19 20 123 70 136 22 73 24 25 1 27 64 31 32 107 34 35 37 97 42 43 3 45 5 55 56 58 9 68 11 82 23 
141 92 147 148 52 113 41 116 88 150 76 127 78 79 27 64 131 66 67 134 111 112 7 139 101 102 30 104 105 45 5 48 90 91 143 93 94 145 129 130 16 62 18 19 51 122 123 53 125 126 68 11 71 13 14 74 114 115 149 117 118 65 142 31 86 33 34 2 36 37 77 137 138 80 140 23 95 25 26 98 28 29 100 132 133 89 135 21 109 54 55 6 57 58 8 60 61 103 146 106 43 44 119 46 47 121 49 50 12 144 39 40 15 81 82 17 84 85 20 87 124 69 70 136 72 73 24 75 1 63 32 107 108 35 110 38 96 97 42 99 3 4 56 128 59 120 9 10 83 22 
142 43 148 109 54 66 68 69 150 127 78 129 15 81 90 92 93 23 95 96 112 139 101 141 30 104 31 32 107 13 113 114 41 116 117 44 119 120 130 62 18 147 51 122 52 53 125 55 56 128 25 27 28 64 131 132 67 134 135 70 136 22 86 33 88 2 36 76 77 137 79 80 140 82 83 45 46 5 48 49 91 143 144 94 145 40 97 42 111 6 57 7 8 60 102 103 146 105 106 108 11 71 72 14 74 75 115 149 63 118 65 9 16 17 84 19 20 87 123 124 126 26 98 99 29 100 4 133 89 21 34 35 110 37 38 138 47 121 10 50 12 39 58 59 61 73 24 1 85 3 
143 123 74 115 149 37 137 138 98 29 100 132 133 89 58 60 61 103 146 147 119 47 121 49 50 12 144 39 113 82 84 85 20 87 88 124 150 76 134 70 136 72 73 24 75 1 27 63 64 131 105 107 108 35 110 111 38 112 7 139 101 102 94 145 96 97 42 99 3 45 4 5 48 90 91 125 126 56 128 129 59 130 16 62 18 19 51 122 117 118 65 120 9 68 10 11 71 13 14 114 80 140 141 83 142 31 86 33 34 2 36 77 135 21 92 22 23 95 25 26 28 106 148 52 109 54 55 6 57 8 40 41 116 43 44 46 127 78 79 15 81 17 66 67 69 30 104 32 93 53 
144 122 75 149 63 36 77 137 99 100 4 133 89 90 57 8 60 102 103 146 120 121 10 50 12 13 39 113 114 81 17 84 19 20 87 123 124 150 135 136 22 73 24 25 1 27 28 64 131 132 104 32 107 34 35 110 37 38 112 138 139 101 145 40 97 42 43 3 45 46 5 48 49 91 143 53 125 55 56 128 58 59 130 61 62 18 147 51 118 65 66 9 68 69 11 71 72 14 74 115 79 80 140 82 83 142 85 86 33 88 2 76 21 92 93 23 95 96 26 98 29 105 106 148 108 109 54 111 6 7 41 116 117 44 119 47 126 127 78 129 15 16 67 134 70 141 30 31 94 52 
145 79 149 118 65 102 104 105 100 133 89 135 21 92 19 122 123 53 125 126 121 50 12 144 39 113 40 41 116 34 36 37 77 137 138 80 140 141 136 73 24 75 1 27 63 64 131 66 67 134 55 57 58 8 60 61 103 146 147 106 148 52 97 42 99 3 45 4 5 48 90 91 143 93 94 81 82 17 84 85 20 87 88 124 150 76 127 78 120 9 68 10 11 71 13 14 74 114 115 117 32 107 108 35 110 111 38 112 7 139 101 30 22 23 95 25 26 98 28 29 132 56 128 129 59 130 16 62 18 51 43 44 119 46 47 49 83 142 31 86 33 2 69 70 72 109 54 6 96 15 
146 114 87 124 150 28 131 132 110 38 112 138 139 101 46 48 49 91 143 144 128 59 130 61 62 18 147 51 122 69 71 72 14 74 75 115 149 63 140 83 142 85 86 33 88 2 36 76 77 137 93 95 96 26 98 99 29 100 4 133 89 90 106 148 108 109 54 111 6 57 7 8 60 102 103 116 117 44 119 120 47 121 10 50 12 13 39 113 126 127 78 129 15 81 16 17 84 19 20 123 67 134 135 70 136 22 73 24 25 1 27 64 141 30 104 31 32 107 34 35 37 94 145 40 97 42 43 3 45 5 52 53 125 55 56 58 118 65 66 9 68 11 79 80 82 21 92 23 105 41 
147 113 88 150 76 27 64 131 111 112 7 139 101 102 45 5 48 90 91 143 129 130 16 62 18 19 51 122 123 68 11 71 13 14 74 114 115 149 141 142 31 86 33 34 2 36 37 77 137 138 92 23 95 25 26 98 28 29 100 132 133 89 148 52 109 54 55 6 57 58 8 60 61 103 146 41 116 43 44 119 46 47 121 49 50 12 144 39 127 78 79 15 81 82 17 84 85 20 87 124 66 67 134 69 70 136 72 73 24 75 1 63 30 104 105 32 107 108 35 110 38 93 94 145 96 97 42 99 3 4 53 125 126 56 128 59 117 118 65 120 9 10 80 140 83 135 21 22 106 40 
148 66 150 127 78 90 92 93 112 139 101 141 30 104 13 113 114 41 116 117 130 62 18 147 51 122 52 53 125 25 27 28 64 131 132 67 134 135 142 86 33 88 2 36 76 77 137 79 80 140 43 45 46 5 48 49 91 143 144 94 145 40 109 54 111 6 57 7 8 60 102 103 146 105 106 68 69 11 71 72 14 74 75 115 149 63 118 65 129 15 81 16 17 84 19 20 87 123 124 126 23 95 96 26 98 99 29 100 4 133 89 21 31 32 107 34 35 110 37 38 138 44 119 120 47 121 10 50 12 39 55 56 128 58 59 61 70 136 22 73 24 1 82 83 85 97 42 3 108 9 
149 102 100 133 89 19 122 123 121 50 12 144 39 113 34 36 37 77 137 138 136 73 24 75 1 27 63 64 131 55 57 58 8 60 61 103 146 147 145 97 42 99 3 45 4 5 48 90 91 143 79 81 82 17 84 85 20 87 88 124 150 76 118 65 120 9 68 10 11 71 13 14 74 114 115 104 105 32 107 108 35 110 111 38 112 7 139 101 135 21 92 22 23 95 25 26 98 28 29 132 53 125 126 56 128 129 59 130 16 62 18 51 40 41 116 43 44 119 46 47 49 80 140 141 83 142 31 86 33 2 66 67 134 69 70 72 106 148 52 109 54 6 93 94 96 127 78 15 117 30 
150 90 112 139 101 13 113 114 130 62 18 147 51 122 25 27 28 64 131 132 142 86 33 88 2 36 76 77 137 43 45 46 5 48 49 91 143 144 148 109 54 111 6 57 7 8 60 102 103 146 66 68 69 11 71 72 14 74 75 115 149 63 127 78 129 15 81 16 17 84 19 20 87 123 124 92 93 23 95 96 26 98 99 29 100 4 133 89 141 30 104 31 32 107 34 35 110 37 38 138 41 116 117 44 119 120 47 121 10 50 12 39 52 53 125 55 56 128 58 59 61 67 134 135 70 136 22 73 24 1 79 80 140 82 83 85 94 145 40 97 42 3 105 106 108 118 65 9 126 21 
