160 7
1 2 3 4 5 6 7 8 9 10 11 12 13 14 15 16 17 18 19 20 21 22 23 24 25 26 27 28 29 30 31 32 33 34 35 36 37 38 39 40 41 42 43 44 45 46 47 48 49 50 51 52 53 54 55 56 57 58 59 60 61 62 63 64 65 66 67 68 69 70 71 72 73 74 75 76 77 78 79 80 81 82 83 84 85 86 87 88 89 90 91 92 93 94 95 96 97 98 99 100 101 102 103 104 105 106 107 108 109 110 111 112 113 114 115 116 117 118 119 120 121 122 123 124 125 126 127 128 129 130 131 132 133 134 135 136 137 138 139 140 141 142 143 144 145 146 147 148 149 150 151 152 153 154 155 156 157 158 159 160 
2 1 8 9 10 11 12 3 4 5 6 7 24 25 26 27 28 29 30 31 32 33 34 13 14 15 16 17 18 19 20 21 22 23 50 51 52 53 54 55 56 57 58 59 60 61 62 63 64 35 36 37 38 39 40 41 42 43 44 45 46 47 48 49 81 82 83 84 85 86 87 88 89 90 91 92 93 94 95 96 65 66 67 68 69 70 71 72 73 74 75 76 77 78 79 80 112 113 114 115 116 117 118 119 120 121 122 123 124 125 126 97 98 99 100 101 102 103 104 105 106 107 108 109 110 111 138 139 140 141 142 143 144 145 146 147 148 127 128 129 130 131 132 133 134 135 136 137 154 155 156 157 158 149 150 151 152 153 160 159 
3 24 17 13 14 15 16 11 25 50 51 52 6 18 42 43 35 36 37 38 39 40 41 29 31 2 33 26 53 54 81 82 83 84 20 1 22 4 44 73 74 65 66 67 68 69 70 71 72 57 9 59 10 61 12 63 8 55 85 86 112 113 114 115 5 46 7 48 19 75 105 106 97 98 99 100 101 102 103 104 28 89 30 91 32 93 34 95 27 87 116 117 138 139 140 141 21 77 23 79 45 107 134 135 127 128 129 130 131 132 133 58 120 60 122 62 124 64 126 56 118 142 143 154 155 156 47 109 49 111 76 136 153 149 150 151 152 90 145 92 147 94 148 96 88 144 157 160 78 137 80 108 159 121 158 123 125 119 110 146 
4 57 13 5 17 18 19 81 2 9 28 89 14 35 36 37 6 20 21 42 43 44 45 8 24 50 112 10 11 12 29 30 58 120 15 38 39 65 66 67 68 1 22 46 47 73 74 75 76 25 26 27 51 52 82 138 31 32 33 34 59 60 90 145 3 40 69 70 97 98 99 100 7 48 77 78 105 106 107 108 53 54 55 56 83 84 113 154 61 62 63 64 91 92 121 158 16 71 101 102 127 128 129 130 23 79 109 110 134 135 136 85 86 87 88 114 115 139 160 93 94 95 96 122 123 146 41 103 131 132 149 150 151 49 111 137 153 116 117 118 119 140 141 155 124 125 126 147 72 133 152 159 80 142 143 144 156 148 104 157 
5 31 14 17 6 20 21 53 57 2 10 61 35 15 38 39 18 42 43 1 22 46 47 81 8 25 85 9 28 89 11 12 32 93 36 65 66 3 40 69 70 4 44 73 74 7 48 77 78 24 50 112 26 27 54 116 29 30 58 120 33 34 62 124 13 67 97 98 16 71 101 102 19 75 105 106 23 79 109 110 51 52 82 138 55 56 86 142 59 60 90 145 63 64 94 148 37 99 127 128 41 103 131 132 45 107 134 135 49 111 137 83 84 113 154 87 88 117 157 91 92 121 158 95 96 125 68 129 149 150 72 133 152 76 136 153 80 114 115 139 160 118 119 143 122 123 146 126 100 151 159 104 108 140 141 155 144 147 130 156 
6 11 15 18 20 1 22 26 29 31 2 33 36 38 3 40 42 4 44 5 46 7 48 51 53 8 55 57 9 59 10 61 12 63 65 13 67 14 69 16 71 17 73 19 75 21 77 23 79 81 24 83 25 85 27 87 28 89 30 91 32 93 34 95 35 97 37 99 39 101 41 103 43 105 45 107 47 109 49 111 50 112 52 114 54 116 56 118 58 120 60 122 62 124 64 126 66 127 68 129 70 131 72 133 74 134 76 136 78 137 80 82 138 84 140 86 142 88 144 90 145 92 147 94 148 96 98 149 100 151 102 152 104 106 153 108 110 113 154 115 156 117 157 119 121 158 123 125 128 159 130 132 135 139 160 141 143 146 150 155 
7 96 16 19 21 22 23 119 123 125 126 2 37 39 40 41 43 44 45 46 47 48 49 141 143 144 8 146 147 9 148 10 11 12 66 67 68 69 70 71 72 73 74 75 76 77 78 79 80 155 156 24 157 25 26 27 158 28 29 30 31 32 33 34 97 98 99 100 101 102 103 104 105 106 107 108 109 110 111 1 160 50 51 52 53 54 55 56 57 58 59 60 61 62 63 64 127 128 129 130 131 132 133 3 134 135 136 4 137 5 6 81 82 83 84 85 86 87 88 89 90 91 92 93 94 95 149 150 151 13 152 14 15 153 17 18 20 112 113 114 115 116 117 118 120 121 122 124 159 35 36 38 42 138 139 140 142 145 65 154 
8 13 28 24 25 26 27 6 14 35 36 37 11 29 57 58 50 51 52 53 54 55 56 18 20 1 22 15 38 39 65 66 67 68 31 2 33 9 59 89 90 81 82 83 84 85 86 87 88 42 4 44 5 46 7 48 3 40 69 70 97 98 99 100 10 61 12 63 30 91 120 121 112 113 114 115 116 117 118 119 17 73 19 75 21 77 23 79 16 71 101 102 127 128 129 130 32 93 34 95 60 122 145 146 138 139 140 141 142 143 144 43 105 45 107 47 109 49 111 41 103 131 132 149 150 151 62 124 64 126 92 147 158 154 155 156 157 74 134 76 136 78 137 80 72 133 152 159 94 148 96 123 160 106 153 108 110 104 125 135 
9 42 24 10 28 29 30 65 1 4 17 73 25 50 51 52 11 31 32 57 58 59 60 3 13 35 97 5 6 7 18 19 43 105 26 53 54 81 82 83 84 2 33 61 62 89 90 91 92 14 15 16 36 37 66 127 20 21 22 23 44 45 74 134 8 55 85 86 112 113 114 115 12 63 93 94 120 121 122 123 38 39 40 41 67 68 98 149 46 47 48 49 75 76 106 153 27 87 116 117 138 139 140 141 34 95 124 125 145 146 147 69 70 71 72 99 100 128 159 77 78 79 80 107 108 135 56 118 142 143 154 155 156 64 126 148 158 101 102 103 104 129 130 150 109 110 111 136 88 144 157 160 96 131 132 133 151 137 119 152 
10 20 25 28 11 31 32 38 42 1 5 46 50 26 53 54 29 57 58 2 33 61 62 65 3 14 69 4 17 73 6 7 21 77 51 81 82 8 55 85 86 9 59 89 90 12 63 93 94 13 35 97 15 16 39 101 18 19 43 105 22 23 47 109 24 83 112 113 27 87 116 117 30 91 120 121 34 95 124 125 36 37 66 127 40 41 70 131 44 45 74 134 48 49 78 137 52 114 138 139 56 118 142 143 60 122 145 146 64 126 148 67 68 98 149 71 72 102 152 75 76 106 153 79 80 110 84 140 154 155 88 144 157 92 147 158 96 99 100 128 159 103 104 132 107 108 135 111 115 156 160 119 123 129 130 150 133 136 141 151 
11 6 26 29 31 2 33 15 18 20 1 22 51 53 8 55 57 9 59 10 61 12 63 36 38 3 40 42 4 44 5 46 7 48 81 24 83 25 85 27 87 28 89 30 91 32 93 34 95 65 13 67 14 69 16 71 17 73 19 75 21 77 23 79 50 112 52 114 54 116 56 118 58 120 60 122 62 124 64 126 35 97 37 99 39 101 41 103 43 105 45 107 47 109 49 111 82 138 84 140 86 142 88 144 90 145 92 147 94 148 96 66 127 68 129 70 131 72 133 74 134 76 136 78 137 80 113 154 115 156 117 157 119 121 158 123 125 98 149 100 151 102 152 104 106 153 108 110 139 160 141 143 146 128 159 130 132 135 155 150 
12 80 27 30 32 33 34 104 108 110 111 1 52 54 55 56 58 59 60 61 62 63 64 130 132 133 3 135 136 4 137 5 6 7 82 83 84 85 86 87 88 89 90 91 92 93 94 95 96 150 151 13 152 14 15 16 153 17 18 19 20 21 22 23 112 113 114 115 116 117 118 119 120 121 122 123 124 125 126 2 159 35 36 37 38 39 40 41 42 43 44 45 46 47 48 49 138 139 140 141 142 143 144 8 145 146 147 9 148 10 11 65 66 67 68 69 70 71 72 73 74 75 76 77 78 79 154 155 156 24 157 25 26 158 28 29 31 97 98 99 100 101 102 103 105 106 107 109 160 50 51 53 57 127 128 129 131 134 81 149 
13 8 6 14 35 36 37 28 24 25 26 27 18 20 1 22 15 38 39 65 66 67 68 11 29 57 58 50 51 52 53 54 55 56 42 4 44 5 46 7 48 3 40 69 70 97 98 99 100 31 2 33 9 59 89 90 81 82 83 84 85 86 87 88 17 73 19 75 21 77 23 79 16 71 101 102 127 128 129 130 10 61 12 63 30 91 120 121 112 113 114 115 116 117 118 119 43 105 45 107 47 109 49 111 41 103 131 132 149 150 151 32 93 34 95 60 122 145 146 138 139 140 141 142 143 144 74 134 76 136 78 137 80 72 133 152 159 62 124 64 126 92 147 158 154 155 156 157 106 153 108 110 104 94 148 96 123 160 135 125 
14 81 18 35 15 38 39 10 8 24 50 112 20 42 4 44 36 65 66 3 40 69 70 28 11 31 32 25 26 27 51 52 82 138 1 5 46 17 73 19 75 13 67 97 98 16 71 101 102 29 57 58 2 33 61 62 53 54 55 56 83 84 113 154 6 7 21 77 43 105 45 107 37 99 127 128 41 103 131 132 9 59 89 90 12 63 93 94 85 86 87 88 114 115 139 160 22 23 47 109 74 134 76 136 68 129 149 150 72 133 152 30 91 120 121 34 95 124 125 116 117 118 119 140 141 155 48 49 78 137 106 153 108 100 151 159 104 60 122 145 146 64 126 148 142 143 144 156 79 80 110 135 130 92 147 158 96 157 111 123 
15 51 42 36 38 3 40 2 53 81 24 83 1 4 17 73 65 13 67 14 69 16 71 9 10 11 12 8 25 85 50 112 52 114 5 6 7 18 19 43 105 35 97 37 99 39 101 41 103 28 29 30 31 32 33 34 26 27 54 116 82 138 84 140 20 21 22 23 44 45 74 134 66 127 68 129 70 131 72 133 57 58 59 60 61 62 63 64 55 56 86 142 113 154 115 156 46 47 48 49 75 76 106 153 98 149 100 151 102 152 104 89 90 91 92 93 94 95 96 87 88 117 157 139 160 141 77 78 79 80 107 108 135 128 159 130 132 120 121 122 123 124 125 126 118 119 143 155 109 110 111 136 150 145 146 147 148 144 137 158 
16 141 43 37 39 40 41 126 143 155 156 24 22 44 73 74 66 67 68 69 70 71 72 147 148 96 11 144 157 25 160 50 51 52 46 7 48 19 75 105 106 97 98 99 100 101 102 103 104 158 123 29 125 31 2 33 119 26 53 54 81 82 83 84 21 77 23 79 45 107 134 135 127 128 129 130 131 132 133 3 146 57 9 59 10 61 12 63 8 55 85 86 112 113 114 115 47 109 49 111 76 136 153 17 149 150 151 13 152 14 15 28 89 30 91 32 93 34 95 27 87 116 117 138 139 140 78 137 80 6 108 18 42 159 35 36 38 58 120 60 122 62 124 64 56 118 142 154 110 20 1 4 65 90 145 92 94 88 5 121 
17 29 35 6 18 42 43 51 31 57 9 59 15 36 65 66 20 1 22 4 44 73 74 53 81 24 83 2 10 61 28 89 30 91 38 3 40 13 67 97 98 5 46 7 48 19 75 105 106 8 25 85 50 112 52 114 11 12 32 93 58 120 60 122 14 69 16 71 37 99 127 128 21 77 23 79 45 107 134 135 26 27 54 116 82 138 84 140 33 34 62 124 90 145 92 147 39 101 41 103 68 129 149 150 47 109 49 111 76 136 153 55 56 86 142 113 154 115 156 63 64 94 148 121 158 123 70 131 72 133 100 151 159 78 137 80 108 87 88 117 157 139 160 141 95 96 125 146 102 152 104 130 110 118 119 143 155 126 132 144 
18 28 36 20 42 4 44 50 11 29 57 58 38 65 13 67 1 5 46 17 73 19 75 26 51 81 82 31 2 33 9 59 89 90 3 14 69 35 97 37 99 6 7 21 77 43 105 45 107 53 8 55 24 83 112 113 10 61 12 63 30 91 120 121 15 16 39 101 66 127 68 129 22 23 47 109 74 134 76 136 25 85 27 87 52 114 138 139 32 93 34 95 60 122 145 146 40 41 70 131 98 149 100 151 48 49 78 137 106 153 108 54 116 56 118 84 140 154 155 62 124 64 126 92 147 158 71 72 102 152 128 159 130 79 80 110 135 86 142 88 144 115 156 160 94 148 96 123 103 104 132 150 111 117 157 119 141 125 133 143 
19 158 37 21 43 44 45 160 96 123 146 57 39 66 67 68 22 46 47 73 74 75 76 119 141 155 81 125 126 2 147 9 28 89 40 69 70 97 98 99 100 7 48 77 78 105 106 107 108 143 144 8 156 24 50 112 148 10 11 12 29 30 58 120 16 71 101 102 127 128 129 130 23 79 109 110 134 135 136 4 157 25 26 27 51 52 82 138 31 32 33 34 59 60 90 145 41 103 131 132 149 150 151 13 49 111 137 5 153 17 18 53 54 55 56 83 84 113 154 61 62 63 64 91 92 121 72 133 152 14 159 35 36 80 6 20 42 85 86 87 88 114 115 139 93 94 95 122 104 15 38 65 1 116 117 118 140 124 3 142 
20 10 38 42 1 5 46 25 28 11 31 32 65 3 14 69 4 17 73 6 7 21 77 50 26 53 54 29 57 58 2 33 61 62 13 35 97 15 16 39 101 18 19 43 105 22 23 47 109 51 81 82 8 55 85 86 9 59 89 90 12 63 93 94 36 37 66 127 40 41 70 131 44 45 74 134 48 49 78 137 24 83 112 113 27 87 116 117 30 91 120 121 34 95 124 125 67 68 98 149 71 72 102 152 75 76 106 153 79 80 110 52 114 138 139 56 118 142 143 60 122 145 146 64 126 148 99 100 128 159 103 104 132 107 108 135 111 84 140 154 155 88 144 157 92 147 158 96 129 130 150 133 136 115 156 160 119 123 151 141 
21 148 39 43 22 46 47 157 158 96 125 31 66 40 69 70 44 73 74 7 48 77 78 160 119 143 53 123 146 57 126 2 10 61 67 97 98 16 71 101 102 19 75 105 106 23 79 109 110 141 155 81 144 8 25 85 147 9 28 89 11 12 32 93 37 99 127 128 41 103 131 132 45 107 134 135 49 111 137 5 156 24 50 112 26 27 54 116 29 30 58 120 33 34 62 124 68 129 149 150 72 133 152 14 76 136 153 17 80 6 20 51 52 82 138 55 56 86 142 59 60 90 145 63 64 94 100 151 159 35 104 15 38 108 18 42 1 83 84 113 154 87 88 117 91 92 121 95 130 36 65 3 4 114 115 139 118 122 13 140 
22 126 40 44 46 7 48 144 147 148 96 11 67 69 16 71 73 19 75 21 77 23 79 156 157 119 26 158 123 29 125 31 2 33 97 37 99 39 101 41 103 43 105 45 107 47 109 49 111 160 141 51 143 53 8 55 146 57 9 59 10 61 12 63 66 127 68 129 70 131 72 133 74 134 76 136 78 137 80 6 155 81 24 83 25 85 27 87 28 89 30 91 32 93 34 95 98 149 100 151 102 152 104 15 106 153 108 18 110 20 1 50 112 52 114 54 116 56 118 58 120 60 122 62 124 64 128 159 130 36 132 38 3 135 42 4 5 82 138 84 140 86 142 88 90 145 92 94 150 65 13 14 17 113 154 115 117 121 35 139 
23 64 41 45 47 48 49 88 92 94 95 96 68 70 71 72 74 75 76 77 78 79 80 115 117 118 119 121 122 123 124 125 126 2 98 99 100 101 102 103 104 105 106 107 108 109 110 111 1 139 140 141 142 143 144 8 145 146 147 9 148 10 11 12 127 128 129 130 131 132 133 3 134 135 136 4 137 5 6 7 154 155 156 24 157 25 26 27 158 28 29 30 31 32 33 34 149 150 151 13 152 14 15 16 153 17 18 19 20 21 22 160 50 51 52 53 54 55 56 57 58 59 60 61 62 63 159 35 36 37 38 39 40 42 43 44 46 81 82 83 84 85 86 87 89 90 91 93 65 66 67 69 73 112 113 114 116 120 97 138 
24 3 11 25 50 51 52 17 13 14 15 16 29 31 2 33 26 53 54 81 82 83 84 6 18 42 43 35 36 37 38 39 40 41 57 9 59 10 61 12 63 8 55 85 86 112 113 114 115 20 1 22 4 44 73 74 65 66 67 68 69 70 71 72 28 89 30 91 32 93 34 95 27 87 116 117 138 139 140 141 5 46 7 48 19 75 105 106 97 98 99 100 101 102 103 104 58 120 60 122 62 124 64 126 56 118 142 143 154 155 156 21 77 23 79 45 107 134 135 127 128 129 130 131 132 133 90 145 92 147 94 148 96 88 144 157 160 47 109 49 111 76 136 153 149 150 151 152 121 158 123 125 119 78 137 80 108 159 146 110 
25 65 29 50 26 53 54 5 3 13 35 97 31 57 9 59 51 81 82 8 55 85 86 17 6 20 21 14 15 16 36 37 66 127 2 10 61 28 89 30 91 24 83 112 113 27 87 116 117 18 42 43 1 22 46 47 38 39 40 41 67 68 98 149 11 12 32 93 58 120 60 122 52 114 138 139 56 118 142 143 4 44 73 74 7 48 77 78 69 70 71 72 99 100 128 159 33 34 62 124 90 145 92 147 84 140 154 155 88 144 157 19 75 105 106 23 79 109 110 101 102 103 104 129 130 150 63 64 94 148 121 158 123 115 156 160 119 45 107 134 135 49 111 137 131 132 133 151 95 96 125 146 141 76 136 153 80 152 126 108 
26 36 57 51 53 8 55 1 38 65 13 67 2 9 28 89 81 24 83 25 85 27 87 4 5 6 7 3 14 69 35 97 37 99 10 11 12 29 30 58 120 50 112 52 114 54 116 56 118 17 18 19 20 21 22 23 15 16 39 101 66 127 68 129 31 32 33 34 59 60 90 145 82 138 84 140 86 142 88 144 42 43 44 45 46 47 48 49 40 41 70 131 98 149 100 151 61 62 63 64 91 92 121 158 113 154 115 156 117 157 119 73 74 75 76 77 78 79 80 71 72 102 152 128 159 130 93 94 95 96 122 123 146 139 160 141 143 105 106 107 108 109 110 111 103 104 132 150 124 125 126 147 155 134 135 136 137 133 148 153 
27 130 58 52 54 55 56 111 132 150 151 13 33 59 89 90 82 83 84 85 86 87 88 136 137 80 6 133 152 14 159 35 36 37 61 12 63 30 91 120 121 112 113 114 115 116 117 118 119 153 108 18 110 20 1 22 104 15 38 39 65 66 67 68 32 93 34 95 60 122 145 146 138 139 140 141 142 143 144 8 135 42 4 44 5 46 7 48 3 40 69 70 97 98 99 100 62 124 64 126 92 147 158 28 154 155 156 24 157 25 26 17 73 19 75 21 77 23 79 16 71 101 102 127 128 129 94 148 96 11 123 29 57 160 50 51 53 43 105 45 107 47 109 49 41 103 131 149 125 31 2 9 81 74 134 76 78 72 10 106 
28 18 50 11 29 57 58 36 20 42 4 44 26 51 81 82 31 2 33 9 59 89 90 38 65 13 67 1 5 46 17 73 19 75 53 8 55 24 83 112 113 10 61 12 63 30 91 120 121 3 14 69 35 97 37 99 6 7 21 77 43 105 45 107 25 85 27 87 52 114 138 139 32 93 34 95 60 122 145 146 15 16 39 101 66 127 68 129 22 23 47 109 74 134 76 136 54 116 56 118 84 140 154 155 62 124 64 126 92 147 158 40 41 70 131 98 149 100 151 48 49 78 137 106 153 108 86 142 88 144 115 156 160 94 148 96 123 71 72 102 152 128 159 130 79 80 110 135 117 157 119 141 125 103 104 132 150 111 143 133 
29 17 51 31 57 9 59 35 6 18 42 43 53 81 24 83 2 10 61 28 89 30 91 15 36 65 66 20 1 22 4 44 73 74 8 25 85 50 112 52 114 11 12 32 93 58 120 60 122 38 3 40 13 67 97 98 5 46 7 48 19 75 105 106 26 27 54 116 82 138 84 140 33 34 62 124 90 145 92 147 14 69 16 71 37 99 127 128 21 77 23 79 45 107 134 135 55 56 86 142 113 154 115 156 63 64 94 148 121 158 123 39 101 41 103 68 129 149 150 47 109 49 111 76 136 153 87 88 117 157 139 160 141 95 96 125 146 70 131 72 133 100 151 159 78 137 80 108 118 119 143 155 126 102 152 104 130 110 144 132 
30 153 52 32 58 59 60 159 80 108 135 42 54 82 83 84 33 61 62 89 90 91 92 104 130 150 65 110 111 1 136 4 17 73 55 85 86 112 113 114 115 12 63 93 94 120 121 122 123 132 133 3 151 13 35 97 137 5 6 7 18 19 43 105 27 87 116 117 138 139 140 141 34 95 124 125 145 146 147 9 152 14 15 16 36 37 66 127 20 21 22 23 44 45 74 134 56 118 142 143 154 155 156 24 64 126 148 10 158 28 29 38 39 40 41 67 68 98 149 46 47 48 49 75 76 106 88 144 157 25 160 50 51 96 11 31 57 69 70 71 72 99 100 128 77 78 79 107 119 26 53 81 2 101 102 103 129 109 8 131 
31 5 53 57 2 10 61 14 17 6 20 21 81 8 25 85 9 28 89 11 12 32 93 35 15 38 39 18 42 43 1 22 46 47 24 50 112 26 27 54 116 29 30 58 120 33 34 62 124 36 65 66 3 40 69 70 4 44 73 74 7 48 77 78 51 52 82 138 55 56 86 142 59 60 90 145 63 64 94 148 13 67 97 98 16 71 101 102 19 75 105 106 23 79 109 110 83 84 113 154 87 88 117 157 91 92 121 158 95 96 125 37 99 127 128 41 103 131 132 45 107 134 135 49 111 137 114 115 139 160 118 119 143 122 123 146 126 68 129 149 150 72 133 152 76 136 153 80 140 141 155 144 147 100 151 159 104 108 156 130 
32 137 54 58 33 61 62 152 153 80 110 20 82 55 85 86 59 89 90 12 63 93 94 159 104 132 38 108 135 42 111 1 5 46 83 112 113 27 87 116 117 30 91 120 121 34 95 124 125 130 150 65 133 3 14 69 136 4 17 73 6 7 21 77 52 114 138 139 56 118 142 143 60 122 145 146 64 126 148 10 151 13 35 97 15 16 39 101 18 19 43 105 22 23 47 109 84 140 154 155 88 144 157 25 92 147 158 28 96 11 31 36 37 66 127 40 41 70 131 44 45 74 134 48 49 78 115 156 160 50 119 26 53 123 29 57 2 67 68 98 149 71 72 102 75 76 106 79 141 51 81 8 9 99 100 128 103 107 24 129 
33 111 55 59 61 12 63 133 136 137 80 6 83 85 27 87 89 30 91 32 93 34 95 151 152 104 15 153 108 18 110 20 1 22 112 52 114 54 116 56 118 58 120 60 122 62 124 64 126 159 130 36 132 38 3 40 135 42 4 44 5 46 7 48 82 138 84 140 86 142 88 144 90 145 92 147 94 148 96 11 150 65 13 67 14 69 16 71 17 73 19 75 21 77 23 79 113 154 115 156 117 157 119 26 121 158 123 29 125 31 2 35 97 37 99 39 101 41 103 43 105 45 107 47 109 49 139 160 141 51 143 53 8 146 57 9 10 66 127 68 129 70 131 72 74 134 76 78 155 81 24 25 28 98 149 100 102 106 50 128 
34 49 56 60 62 63 64 72 76 78 79 80 84 86 87 88 90 91 92 93 94 95 96 100 102 103 104 106 107 108 109 110 111 1 113 114 115 116 117 118 119 120 121 122 123 124 125 126 2 128 129 130 131 132 133 3 134 135 136 4 137 5 6 7 138 139 140 141 142 143 144 8 145 146 147 9 148 10 11 12 149 150 151 13 152 14 15 16 153 17 18 19 20 21 22 23 154 155 156 24 157 25 26 27 158 28 29 30 31 32 33 159 35 36 37 38 39 40 41 42 43 44 45 46 47 48 160 50 51 52 53 54 55 57 58 59 61 65 66 67 68 69 70 71 73 74 75 77 81 82 83 85 89 97 98 99 101 105 112 127 
35 53 20 15 36 65 66 9 81 8 25 85 42 1 5 46 38 3 40 13 67 97 98 10 28 29 30 24 50 112 26 27 54 116 4 17 73 6 7 21 77 14 69 16 71 37 99 127 128 11 31 32 57 58 59 60 51 52 82 138 55 56 86 142 18 19 43 105 22 23 47 109 39 101 41 103 68 129 149 150 2 33 61 62 89 90 91 92 83 84 113 154 87 88 117 157 44 45 74 134 48 49 78 137 70 131 72 133 100 151 159 12 63 93 94 120 121 122 123 114 115 139 160 118 119 143 75 76 106 153 79 80 110 102 152 104 130 34 95 124 125 145 146 147 140 141 155 144 107 108 135 111 132 64 126 148 158 156 136 96 
36 26 1 38 65 13 67 57 51 53 8 55 4 5 6 7 3 14 69 35 97 37 99 2 9 28 89 81 24 83 25 85 27 87 17 18 19 20 21 22 23 15 16 39 101 66 127 68 129 10 11 12 29 30 58 120 50 112 52 114 54 116 56 118 42 43 44 45 46 47 48 49 40 41 70 131 98 149 100 151 31 32 33 34 59 60 90 145 82 138 84 140 86 142 88 144 73 74 75 76 77 78 79 80 71 72 102 152 128 159 130 61 62 63 64 91 92 121 158 113 154 115 156 117 157 119 105 106 107 108 109 110 111 103 104 132 150 93 94 95 96 122 123 146 139 160 141 143 134 135 136 137 133 124 125 126 147 155 153 148 
37 119 22 39 66 67 68 146 141 143 144 8 44 46 7 48 40 69 70 97 98 99 100 126 147 158 28 155 156 24 157 25 26 27 73 19 75 21 77 23 79 16 71 101 102 127 128 129 130 148 96 11 123 29 57 58 160 50 51 52 53 54 55 56 43 105 45 107 47 109 49 111 41 103 131 132 149 150 151 13 125 31 2 33 9 59 89 90 81 82 83 84 85 86 87 88 74 134 76 136 78 137 80 6 72 133 152 14 159 35 36 10 61 12 63 30 91 120 121 112 113 114 115 116 117 118 106 153 108 18 110 20 1 104 15 38 65 32 93 34 95 60 122 145 138 139 140 142 135 42 4 5 3 62 124 64 92 154 17 94 
38 50 4 65 3 14 69 31 26 51 81 82 5 17 18 19 13 35 97 15 16 39 101 57 2 10 61 53 8 55 24 83 112 113 6 20 21 42 43 44 45 36 37 66 127 40 41 70 131 9 28 89 11 12 32 93 25 85 27 87 52 114 138 139 1 22 46 47 73 74 75 76 67 68 98 149 71 72 102 152 29 30 58 120 33 34 62 124 54 116 56 118 84 140 154 155 7 48 77 78 105 106 107 108 99 100 128 159 103 104 132 59 60 90 145 63 64 94 148 86 142 88 144 115 156 160 23 79 109 110 134 135 136 129 130 150 133 91 92 121 158 95 96 125 117 157 119 141 49 111 137 153 151 122 123 146 126 143 80 147 
39 160 44 66 40 69 70 125 119 141 155 81 46 73 19 75 67 97 98 16 71 101 102 146 126 148 10 143 144 8 156 24 50 112 7 21 77 43 105 45 107 37 99 127 128 41 103 131 132 147 158 28 96 11 31 32 157 25 26 27 51 52 82 138 22 23 47 109 74 134 76 136 68 129 149 150 72 133 152 14 123 29 57 58 2 33 61 62 53 54 55 56 83 84 113 154 48 49 78 137 106 153 108 18 100 151 159 35 104 15 38 9 59 89 90 12 63 93 94 85 86 87 88 114 115 139 79 80 110 20 135 42 4 130 36 65 3 30 91 120 121 34 95 124 116 117 118 140 111 1 5 17 13 60 122 145 64 142 6 92 
40 156 73 67 69 16 71 96 157 160 141 51 7 19 43 105 97 37 99 39 101 41 103 123 125 126 2 119 143 53 155 81 24 83 21 22 23 44 45 74 134 66 127 68 129 70 131 72 133 146 147 9 148 10 11 12 144 8 25 85 50 112 52 114 46 47 48 49 75 76 106 153 98 149 100 151 102 152 104 15 158 28 29 30 31 32 33 34 26 27 54 116 82 138 84 140 77 78 79 80 107 108 135 42 128 159 130 36 132 38 3 57 58 59 60 61 62 63 64 55 56 86 142 113 154 115 109 110 111 1 136 4 17 150 65 13 14 89 90 91 92 93 94 95 87 88 117 139 137 5 6 18 35 120 121 122 124 118 20 145 
41 115 74 68 70 71 72 95 117 139 140 141 48 75 105 106 98 99 100 101 102 103 104 122 124 64 126 118 142 143 154 155 156 24 77 23 79 45 107 134 135 127 128 129 130 131 132 133 3 145 92 147 94 148 96 11 88 144 157 25 160 50 51 52 47 109 49 111 76 136 153 17 149 150 151 13 152 14 15 16 121 158 123 29 125 31 2 33 119 26 53 54 81 82 83 84 78 137 80 6 108 18 42 43 159 35 36 37 38 39 40 146 57 9 59 10 61 12 63 8 55 85 86 112 113 114 110 20 1 22 4 44 73 65 66 67 69 28 89 30 91 32 93 34 27 87 116 138 5 46 7 19 97 58 120 60 62 56 21 90 
42 9 65 1 4 17 73 24 10 28 29 30 3 13 35 97 5 6 7 18 19 43 105 25 50 51 52 11 31 32 57 58 59 60 14 15 16 36 37 66 127 20 21 22 23 44 45 74 134 26 53 54 81 82 83 84 2 33 61 62 89 90 91 92 38 39 40 41 67 68 98 149 46 47 48 49 75 76 106 153 8 55 85 86 112 113 114 115 12 63 93 94 120 121 122 123 69 70 71 72 99 100 128 159 77 78 79 80 107 108 135 27 87 116 117 138 139 140 141 34 95 124 125 145 146 147 101 102 103 104 129 130 150 109 110 111 136 56 118 142 143 154 155 156 64 126 148 158 131 132 133 151 137 88 144 157 160 96 152 119 
43 147 66 22 44 73 74 156 148 158 123 29 40 67 97 98 46 7 48 19 75 105 106 157 160 141 51 96 125 31 146 57 9 59 69 16 71 37 99 127 128 21 77 23 79 45 107 134 135 119 143 53 155 81 24 83 126 2 10 61 28 89 30 91 39 101 41 103 68 129 149 150 47 109 49 111 76 136 153 17 144 8 25 85 50 112 52 114 11 12 32 93 58 120 60 122 70 131 72 133 100 151 159 35 78 137 80 6 108 18 42 26 27 54 116 82 138 84 140 33 34 62 124 90 145 92 102 152 104 15 130 36 65 110 20 1 4 55 56 86 142 113 154 115 63 64 94 121 132 38 3 13 5 87 88 117 139 95 14 118 
44 146 67 46 73 19 75 155 126 147 158 28 69 97 37 99 7 21 77 43 105 45 107 144 156 160 50 148 96 11 123 29 57 58 16 39 101 66 127 68 129 22 23 47 109 74 134 76 136 157 119 26 141 51 81 82 125 31 2 33 9 59 89 90 40 41 70 131 98 149 100 151 48 49 78 137 106 153 108 18 143 53 8 55 24 83 112 113 10 61 12 63 30 91 120 121 71 72 102 152 128 159 130 36 79 80 110 20 135 42 4 25 85 27 87 52 114 138 139 32 93 34 95 60 122 145 103 104 132 38 150 65 13 111 1 5 17 54 116 56 118 84 140 154 62 124 64 92 133 3 14 35 6 86 142 88 115 94 15 117 
45 145 68 47 74 75 76 154 64 92 121 158 70 98 99 100 48 77 78 105 106 107 108 88 115 139 160 94 95 96 122 123 146 57 71 101 102 127 128 129 130 23 79 109 110 134 135 136 4 117 118 119 140 141 155 81 124 125 126 2 147 9 28 89 41 103 131 132 149 150 151 13 49 111 137 5 153 17 18 19 142 143 144 8 156 24 50 112 148 10 11 12 29 30 58 120 72 133 152 14 159 35 36 37 80 6 20 21 42 43 44 157 25 26 27 51 52 82 138 31 32 33 34 59 60 90 104 15 38 39 65 66 67 1 22 46 73 53 54 55 56 83 84 113 61 62 63 91 3 40 69 97 7 85 86 87 114 93 16 116 
46 125 69 73 7 21 77 143 146 126 148 10 97 16 39 101 19 43 105 22 23 47 109 155 144 157 25 147 158 28 96 11 31 32 37 66 127 40 41 70 131 44 45 74 134 48 49 78 137 156 160 50 119 26 53 54 123 29 57 58 2 33 61 62 67 68 98 149 71 72 102 152 75 76 106 153 79 80 110 20 141 51 81 82 8 55 85 86 9 59 89 90 12 63 93 94 99 100 128 159 103 104 132 38 107 108 135 42 111 1 5 24 83 112 113 27 87 116 117 30 91 120 121 34 95 124 129 130 150 65 133 3 14 136 4 17 6 52 114 138 139 56 118 142 60 122 145 64 151 13 35 15 18 84 140 154 88 92 36 115 
47 124 70 74 48 77 78 142 145 64 94 148 98 71 101 102 75 105 106 23 79 109 110 154 88 117 157 92 121 158 95 96 125 31 99 127 128 41 103 131 132 45 107 134 135 49 111 137 5 115 139 160 118 119 143 53 122 123 146 57 126 2 10 61 68 129 149 150 72 133 152 14 76 136 153 17 80 6 20 21 140 141 155 81 144 8 25 85 147 9 28 89 11 12 32 93 100 151 159 35 104 15 38 39 108 18 42 43 1 22 46 156 24 50 112 26 27 54 116 29 30 58 120 33 34 62 130 36 65 66 3 40 69 4 44 73 7 51 52 82 138 55 56 86 59 60 90 63 13 67 97 16 19 83 84 113 87 91 37 114 
48 95 71 75 77 23 79 118 122 124 64 126 99 101 41 103 105 45 107 47 109 49 111 140 142 88 144 145 92 147 94 148 96 11 127 68 129 70 131 72 133 74 134 76 136 78 137 80 6 154 115 156 117 157 119 26 121 158 123 29 125 31 2 33 98 149 100 151 102 152 104 15 106 153 108 18 110 20 1 22 139 160 141 51 143 53 8 55 146 57 9 59 10 61 12 63 128 159 130 36 132 38 3 40 135 42 4 44 5 46 7 155 81 24 83 25 85 27 87 28 89 30 91 32 93 34 150 65 13 67 14 69 16 17 73 19 21 50 112 52 114 54 116 56 58 120 60 62 35 97 37 39 43 82 138 84 86 90 66 113 
49 34 72 76 78 79 80 56 60 62 63 64 100 102 103 104 106 107 108 109 110 111 1 84 86 87 88 90 91 92 93 94 95 96 128 129 130 131 132 133 3 134 135 136 4 137 5 6 7 113 114 115 116 117 118 119 120 121 122 123 124 125 126 2 149 150 151 13 152 14 15 16 153 17 18 19 20 21 22 23 138 139 140 141 142 143 144 8 145 146 147 9 148 10 11 12 159 35 36 37 38 39 40 41 42 43 44 45 46 47 48 154 155 156 24 157 25 26 27 158 28 29 30 31 32 33 65 66 67 68 69 70 71 73 74 75 77 160 50 51 52 53 54 55 57 58 59 61 97 98 99 101 105 81 82 83 85 89 127 112 
50 38 31 26 51 81 82 4 65 3 14 69 57 2 10 61 53 8 55 24 83 112 113 5 17 18 19 13 35 97 15 16 39 101 9 28 89 11 12 32 93 25 85 27 87 52 114 138 139 6 20 21 42 43 44 45 36 37 66 127 40 41 70 131 29 30 58 120 33 34 62 124 54 116 56 118 84 140 154 155 1 22 46 47 73 74 75 76 67 68 98 149 71 72 102 152 59 60 90 145 63 64 94 148 86 142 88 144 115 156 160 7 48 77 78 105 106 107 108 99 100 128 159 103 104 132 91 92 121 158 95 96 125 117 157 119 141 23 79 109 110 134 135 136 129 130 150 133 122 123 146 126 143 49 111 137 153 151 147 80 
51 15 2 53 81 24 83 42 36 38 3 40 9 10 11 12 8 25 85 50 112 52 114 1 4 17 73 65 13 67 14 69 16 71 28 29 30 31 32 33 34 26 27 54 116 82 138 84 140 5 6 7 18 19 43 105 35 97 37 99 39 101 41 103 57 58 59 60 61 62 63 64 55 56 86 142 113 154 115 156 20 21 22 23 44 45 74 134 66 127 68 129 70 131 72 133 89 90 91 92 93 94 95 96 87 88 117 157 139 160 141 46 47 48 49 75 76 106 153 98 149 100 151 102 152 104 120 121 122 123 124 125 126 118 119 143 155 77 78 79 80 107 108 135 128 159 130 132 145 146 147 148 144 109 110 111 136 150 158 137 
52 104 33 54 82 83 84 135 130 132 133 3 59 61 12 63 55 85 86 112 113 114 115 111 136 153 17 150 151 13 152 14 15 16 89 30 91 32 93 34 95 27 87 116 117 138 139 140 141 137 80 6 108 18 42 43 159 35 36 37 38 39 40 41 58 120 60 122 62 124 64 126 56 118 142 143 154 155 156 24 110 20 1 22 4 44 73 74 65 66 67 68 69 70 71 72 90 145 92 147 94 148 96 11 88 144 157 25 160 50 51 5 46 7 48 19 75 105 106 97 98 99 100 101 102 103 121 158 123 29 125 31 2 119 26 53 81 21 77 23 79 45 107 134 127 128 129 131 146 57 9 10 8 47 109 49 76 149 28 78 
53 35 9 81 8 25 85 20 15 36 65 66 10 28 29 30 24 50 112 26 27 54 116 42 1 5 46 38 3 40 13 67 97 98 11 31 32 57 58 59 60 51 52 82 138 55 56 86 142 4 17 73 6 7 21 77 14 69 16 71 37 99 127 128 2 33 61 62 89 90 91 92 83 84 113 154 87 88 117 157 18 19 43 105 22 23 47 109 39 101 41 103 68 129 149 150 12 63 93 94 120 121 122 123 114 115 139 160 118 119 143 44 45 74 134 48 49 78 137 70 131 72 133 100 151 159 34 95 124 125 145 146 147 140 141 155 144 75 76 106 153 79 80 110 102 152 104 130 64 126 148 158 156 107 108 135 111 132 96 136 
54 159 59 82 55 85 86 110 104 130 150 65 61 89 30 91 83 112 113 27 87 116 117 135 111 137 5 132 133 3 151 13 35 97 12 32 93 58 120 60 122 52 114 138 139 56 118 142 143 136 153 17 80 6 20 21 152 14 15 16 36 37 66 127 33 34 62 124 90 145 92 147 84 140 154 155 88 144 157 25 108 18 42 43 1 22 46 47 38 39 40 41 67 68 98 149 63 64 94 148 121 158 123 29 115 156 160 50 119 26 53 4 44 73 74 7 48 77 78 69 70 71 72 99 100 128 95 96 125 31 146 57 9 141 51 81 8 19 75 105 106 23 79 109 101 102 103 129 126 2 10 28 24 45 107 134 49 131 11 76 
55 151 89 83 85 27 87 80 152 159 130 36 12 30 58 120 112 52 114 54 116 56 118 108 110 111 1 104 132 38 150 65 13 67 32 33 34 59 60 90 145 82 138 84 140 86 142 88 144 135 136 4 137 5 6 7 133 3 14 69 35 97 37 99 61 62 63 64 91 92 121 158 113 154 115 156 117 157 119 26 153 17 18 19 20 21 22 23 15 16 39 101 66 127 68 129 93 94 95 96 122 123 146 57 139 160 141 51 143 53 8 42 43 44 45 46 47 48 49 40 41 70 131 98 149 100 124 125 126 2 147 9 28 155 81 24 25 73 74 75 76 77 78 79 71 72 102 128 148 10 11 29 50 105 106 107 109 103 31 134 
56 100 90 84 86 87 88 79 102 128 129 130 63 91 120 121 113 114 115 116 117 118 119 107 109 49 111 103 131 132 149 150 151 13 93 34 95 60 122 145 146 138 139 140 141 142 143 144 8 134 76 136 78 137 80 6 72 133 152 14 159 35 36 37 62 124 64 126 92 147 158 28 154 155 156 24 157 25 26 27 106 153 108 18 110 20 1 22 104 15 38 39 65 66 67 68 94 148 96 11 123 29 57 58 160 50 51 52 53 54 55 135 42 4 44 5 46 7 48 3 40 69 70 97 98 99 125 31 2 33 9 59 89 81 82 83 85 17 73 19 75 21 77 23 16 71 101 127 10 61 12 30 112 43 105 45 47 41 32 74 
57 4 81 2 9 28 89 13 5 17 18 19 8 24 50 112 10 11 12 29 30 58 120 14 35 36 37 6 20 21 42 43 44 45 25 26 27 51 52 82 138 31 32 33 34 59 60 90 145 15 38 39 65 66 67 68 1 22 46 47 73 74 75 76 53 54 55 56 83 84 113 154 61 62 63 64 91 92 121 158 3 40 69 70 97 98 99 100 7 48 77 78 105 106 107 108 85 86 87 88 114 115 139 160 93 94 95 96 122 123 146 16 71 101 102 127 128 129 130 23 79 109 110 134 135 136 116 117 118 119 140 141 155 124 125 126 147 41 103 131 132 149 150 151 49 111 137 153 142 143 144 156 148 72 133 152 159 80 157 104 
58 136 82 33 59 89 90 151 137 153 108 18 55 83 112 113 61 12 63 30 91 120 121 152 159 130 36 80 110 20 135 42 4 44 85 27 87 52 114 138 139 32 93 34 95 60 122 145 146 104 132 38 150 65 13 67 111 1 5 46 17 73 19 75 54 116 56 118 84 140 154 155 62 124 64 126 92 147 158 28 133 3 14 69 35 97 37 99 6 7 21 77 43 105 45 107 86 142 88 144 115 156 160 50 94 148 96 11 123 29 57 15 16 39 101 66 127 68 129 22 23 47 109 74 134 76 117 157 119 26 141 51 81 125 31 2 9 40 41 70 131 98 149 100 48 49 78 106 143 53 8 24 10 71 72 102 128 79 25 103 
59 135 83 61 89 30 91 150 111 136 153 17 85 112 52 114 12 32 93 58 120 60 122 133 151 159 35 137 80 6 108 18 42 43 27 54 116 82 138 84 140 33 34 62 124 90 145 92 147 152 104 15 130 36 65 66 110 20 1 22 4 44 73 74 55 56 86 142 113 154 115 156 63 64 94 148 121 158 123 29 132 38 3 40 13 67 97 98 5 46 7 48 19 75 105 106 87 88 117 157 139 160 141 51 95 96 125 31 146 57 9 14 69 16 71 37 99 127 128 21 77 23 79 45 107 134 118 119 143 53 155 81 24 126 2 10 28 39 101 41 103 68 129 149 47 109 49 76 144 8 25 50 11 70 131 72 100 78 26 102 
60 134 84 62 90 91 92 149 49 76 106 153 86 113 114 115 63 93 94 120 121 122 123 72 100 128 159 78 79 80 107 108 135 42 87 116 117 138 139 140 141 34 95 124 125 145 146 147 9 102 103 104 129 130 150 65 109 110 111 1 136 4 17 73 56 118 142 143 154 155 156 24 64 126 148 10 158 28 29 30 131 132 133 3 151 13 35 97 137 5 6 7 18 19 43 105 88 144 157 25 160 50 51 52 96 11 31 32 57 58 59 152 14 15 16 36 37 66 127 20 21 22 23 44 45 74 119 26 53 54 81 82 83 2 33 61 89 38 39 40 41 67 68 98 46 47 48 75 8 55 85 112 12 69 70 71 99 77 27 101 
61 110 85 89 12 32 93 132 135 111 137 5 112 27 54 116 30 58 120 33 34 62 124 150 133 152 14 136 153 17 80 6 20 21 52 82 138 55 56 86 142 59 60 90 145 63 64 94 148 151 159 35 104 15 38 39 108 18 42 43 1 22 46 47 83 84 113 154 87 88 117 157 91 92 121 158 95 96 125 31 130 36 65 66 3 40 69 70 4 44 73 74 7 48 77 78 114 115 139 160 118 119 143 53 122 123 146 57 126 2 10 13 67 97 98 16 71 101 102 19 75 105 106 23 79 109 140 141 155 81 144 8 25 147 9 28 11 37 99 127 128 41 103 131 45 107 134 49 156 24 50 26 29 68 129 149 72 76 51 100 
62 109 86 90 63 93 94 131 134 49 78 137 113 87 116 117 91 120 121 34 95 124 125 149 72 102 152 76 106 153 79 80 110 20 114 138 139 56 118 142 143 60 122 145 146 64 126 148 10 100 128 159 103 104 132 38 107 108 135 42 111 1 5 46 84 140 154 155 88 144 157 25 92 147 158 28 96 11 31 32 129 130 150 65 133 3 14 69 136 4 17 73 6 7 21 77 115 156 160 50 119 26 53 54 123 29 57 58 2 33 61 151 13 35 97 15 16 39 101 18 19 43 105 22 23 47 141 51 81 82 8 55 85 9 59 89 12 36 37 66 127 40 41 70 44 45 74 48 24 83 112 27 30 67 68 98 71 75 52 99 
63 79 87 91 93 34 95 103 107 109 49 111 114 116 56 118 120 60 122 62 124 64 126 129 131 72 133 134 76 136 78 137 80 6 138 84 140 86 142 88 144 90 145 92 147 94 148 96 11 149 100 151 102 152 104 15 106 153 108 18 110 20 1 22 113 154 115 156 117 157 119 26 121 158 123 29 125 31 2 33 128 159 130 36 132 38 3 40 135 42 4 44 5 46 7 48 139 160 141 51 143 53 8 55 146 57 9 59 10 61 12 150 65 13 67 14 69 16 71 17 73 19 75 21 77 23 155 81 24 83 25 85 27 28 89 30 32 35 97 37 99 39 101 41 43 105 45 47 50 112 52 54 58 66 127 68 70 74 82 98 
64 23 88 92 94 95 96 41 45 47 48 49 115 117 118 119 121 122 123 124 125 126 2 68 70 71 72 74 75 76 77 78 79 80 139 140 141 142 143 144 8 145 146 147 9 148 10 11 12 98 99 100 101 102 103 104 105 106 107 108 109 110 111 1 154 155 156 24 157 25 26 27 158 28 29 30 31 32 33 34 127 128 129 130 131 132 133 3 134 135 136 4 137 5 6 7 160 50 51 52 53 54 55 56 57 58 59 60 61 62 63 149 150 151 13 152 14 15 16 153 17 18 19 20 21 22 81 82 83 84 85 86 87 89 90 91 93 159 35 36 37 38 39 40 42 43 44 46 112 113 114 116 120 65 66 67 69 73 138 97 
65 25 5 3 13 35 97 29 50 26 53 54 17 6 20 21 14 15 16 36 37 66 127 31 57 9 59 51 81 82 8 55 85 86 18 42 43 1 22 46 47 38 39 40 41 67 68 98 149 2 10 61 28 89 30 91 24 83 112 113 27 87 116 117 4 44 73 74 7 48 77 78 69 70 71 72 99 100 128 159 11 12 32 93 58 120 60 122 52 114 138 139 56 118 142 143 19 75 105 106 23 79 109 110 101 102 103 104 129 130 150 33 34 62 124 90 145 92 147 84 140 154 155 88 144 157 45 107 134 135 49 111 137 131 132 133 151 63 64 94 148 121 158 123 115 156 160 119 76 136 153 80 152 95 96 125 146 141 108 126 
66 157 46 40 67 97 98 123 160 119 143 53 73 7 21 77 69 16 71 37 99 127 128 125 146 147 9 141 155 81 144 8 25 85 19 43 105 22 23 47 109 39 101 41 103 68 129 149 150 126 148 10 158 28 29 30 156 24 50 112 26 27 54 116 44 45 74 134 48 49 78 137 70 131 72 133 100 151 159 35 96 11 31 32 57 58 59 60 51 52 82 138 55 56 86 142 75 76 106 153 79 80 110 20 102 152 104 15 130 36 65 2 33 61 62 89 90 91 92 83 84 113 154 87 88 117 107 108 135 42 111 1 5 132 38 3 13 12 63 93 94 120 121 122 114 115 139 118 136 4 17 6 14 34 95 124 145 140 18 64 
67 144 7 69 97 37 99 158 156 157 119 26 19 21 22 23 16 39 101 66 127 68 129 96 123 146 57 160 141 51 143 53 8 55 43 44 45 46 47 48 49 40 41 70 131 98 149 100 151 125 126 2 147 9 28 89 155 81 24 83 25 85 27 87 73 74 75 76 77 78 79 80 71 72 102 152 128 159 130 36 148 10 11 12 29 30 58 120 50 112 52 114 54 116 56 118 105 106 107 108 109 110 111 1 103 104 132 38 150 65 13 31 32 33 34 59 60 90 145 82 138 84 140 86 142 88 134 135 136 4 137 5 6 133 3 14 35 61 62 63 64 91 92 121 113 154 115 117 153 17 18 20 15 93 94 95 122 139 42 124 
68 88 48 70 98 99 100 121 115 117 118 119 75 77 23 79 71 101 102 127 128 129 130 95 122 145 146 139 140 141 142 143 144 8 105 45 107 47 109 49 111 41 103 131 132 149 150 151 13 124 64 126 92 147 158 28 154 155 156 24 157 25 26 27 74 134 76 136 78 137 80 6 72 133 152 14 159 35 36 37 94 148 96 11 123 29 57 58 160 50 51 52 53 54 55 56 106 153 108 18 110 20 1 22 104 15 38 39 65 66 67 125 31 2 33 9 59 89 90 81 82 83 84 85 86 87 135 42 4 44 5 46 7 3 40 69 97 10 61 12 63 30 91 120 112 113 114 116 17 73 19 21 16 32 93 34 60 138 43 62 
69 155 19 97 16 39 101 148 144 156 160 50 21 43 44 45 37 66 127 40 41 70 131 158 96 125 31 157 119 26 141 51 81 82 22 46 47 73 74 75 76 67 68 98 149 71 72 102 152 123 146 57 126 2 10 61 143 53 8 55 24 83 112 113 7 48 77 78 105 106 107 108 99 100 128 159 103 104 132 38 147 9 28 89 11 12 32 93 25 85 27 87 52 114 138 139 23 79 109 110 134 135 136 4 129 130 150 65 133 3 14 29 30 58 120 33 34 62 124 54 116 56 118 84 140 154 49 111 137 5 153 17 18 151 13 35 15 59 60 90 145 63 64 94 86 142 88 115 80 6 20 42 36 91 92 121 95 117 1 122 
70 154 75 98 71 101 102 94 88 115 139 160 77 105 45 107 99 127 128 41 103 131 132 121 95 124 125 117 118 119 140 141 155 81 23 47 109 74 134 76 136 68 129 149 150 72 133 152 14 122 145 146 64 126 148 10 142 143 144 8 156 24 50 112 48 49 78 137 106 153 108 18 100 151 159 35 104 15 38 39 92 147 158 28 96 11 31 32 157 25 26 27 51 52 82 138 79 80 110 20 135 42 4 44 130 36 65 66 3 40 69 123 29 57 58 2 33 61 62 53 54 55 56 83 84 113 111 1 5 46 17 73 19 13 67 97 16 9 59 89 90 12 63 93 85 86 87 114 6 7 21 43 37 30 91 120 34 116 22 60 
71 140 105 99 101 41 103 64 142 154 115 156 23 45 74 134 127 68 129 70 131 72 133 92 94 95 96 88 117 157 139 160 141 51 47 48 49 75 76 106 153 98 149 100 151 102 152 104 15 121 122 123 124 125 126 2 118 119 143 53 155 81 24 83 77 78 79 80 107 108 135 42 128 159 130 36 132 38 3 40 145 146 147 9 148 10 11 12 144 8 25 85 50 112 52 114 109 110 111 1 136 4 17 73 150 65 13 67 14 69 16 158 28 29 30 31 32 33 34 26 27 54 116 82 138 84 137 5 6 7 18 19 43 35 97 37 39 57 58 59 60 61 62 63 55 56 86 113 20 21 22 44 66 89 90 91 93 87 46 120 
72 84 106 100 102 103 104 63 86 113 114 115 79 107 134 135 128 129 130 131 132 133 3 91 93 34 95 87 116 117 138 139 140 141 109 49 111 76 136 153 17 149 150 151 13 152 14 15 16 120 60 122 62 124 64 126 56 118 142 143 154 155 156 24 78 137 80 6 108 18 42 43 159 35 36 37 38 39 40 41 90 145 92 147 94 148 96 11 88 144 157 25 160 50 51 52 110 20 1 22 4 44 73 74 65 66 67 68 69 70 71 121 158 123 29 125 31 2 33 119 26 53 54 81 82 83 5 46 7 48 19 75 105 97 98 99 101 146 57 9 59 10 61 12 8 55 85 112 21 77 23 45 127 28 89 30 32 27 47 58 
73 123 97 7 19 43 105 141 125 146 147 9 16 37 66 127 21 22 23 44 45 74 134 143 155 156 24 126 148 10 158 28 29 30 39 40 41 67 68 98 149 46 47 48 49 75 76 106 153 144 157 25 160 50 51 52 96 11 31 32 57 58 59 60 69 70 71 72 99 100 128 159 77 78 79 80 107 108 135 42 119 26 53 54 81 82 83 84 2 33 61 62 89 90 91 92 101 102 103 104 129 130 150 65 109 110 111 1 136 4 17 8 55 85 86 112 113 114 115 12 63 93 94 120 121 122 131 132 133 3 151 13 35 137 5 6 18 27 87 116 117 138 139 140 34 95 124 145 152 14 15 36 20 56 118 142 154 64 38 88 
74 122 98 48 75 105 106 140 124 145 92 147 71 99 127 128 77 23 79 45 107 134 135 142 154 115 156 64 94 148 121 158 123 29 101 41 103 68 129 149 150 47 109 49 111 76 136 153 17 88 117 157 139 160 141 51 95 96 125 31 146 57 9 59 70 131 72 133 100 151 159 35 78 137 80 6 108 18 42 43 118 119 143 53 155 81 24 83 126 2 10 61 28 89 30 91 102 152 104 15 130 36 65 66 110 20 1 22 4 44 73 144 8 25 85 50 112 52 114 11 12 32 93 58 120 60 132 38 3 40 13 67 97 5 46 7 19 26 27 54 116 82 138 84 33 34 62 90 14 69 16 37 21 55 56 86 113 63 39 87 
75 121 99 77 105 45 107 139 95 122 145 146 101 127 68 129 23 47 109 74 134 76 136 118 140 154 155 124 64 126 92 147 158 28 41 70 131 98 149 100 151 48 49 78 137 106 153 108 18 142 88 144 115 156 160 50 94 148 96 11 123 29 57 58 71 72 102 152 128 159 130 36 79 80 110 20 135 42 4 44 117 157 119 26 141 51 81 82 125 31 2 33 9 59 89 90 103 104 132 38 150 65 13 67 111 1 5 46 17 73 19 143 53 8 55 24 83 112 113 10 61 12 63 30 91 120 133 3 14 69 35 97 37 6 7 21 43 25 85 27 87 52 114 138 32 93 34 60 15 16 39 66 22 54 116 56 84 62 40 86 
76 120 100 78 106 107 108 138 34 60 90 145 102 128 129 130 79 109 110 134 135 136 4 56 84 113 154 62 63 64 91 92 121 158 103 131 132 149 150 151 13 49 111 137 5 153 17 18 19 86 87 88 114 115 139 160 93 94 95 96 122 123 146 57 72 133 152 14 159 35 36 37 80 6 20 21 42 43 44 45 116 117 118 119 140 141 155 81 124 125 126 2 147 9 28 89 104 15 38 39 65 66 67 68 1 22 46 47 73 74 75 142 143 144 8 156 24 50 112 148 10 11 12 29 30 58 3 40 69 70 97 98 99 7 48 77 105 157 25 26 27 51 52 82 31 32 33 59 16 71 101 127 23 53 54 55 83 61 41 85 
77 94 101 105 23 47 109 117 121 95 124 125 127 41 70 131 45 74 134 48 49 78 137 139 118 142 143 122 145 146 64 126 148 10 68 98 149 71 72 102 152 75 76 106 153 79 80 110 20 140 154 155 88 144 157 25 92 147 158 28 96 11 31 32 99 100 128 159 103 104 132 38 107 108 135 42 111 1 5 46 115 156 160 50 119 26 53 54 123 29 57 58 2 33 61 62 129 130 150 65 133 3 14 69 136 4 17 73 6 7 21 141 51 81 82 8 55 85 86 9 59 89 90 12 63 93 151 13 35 97 15 16 39 18 19 43 22 24 83 112 113 27 87 116 30 91 120 34 36 37 66 40 44 52 114 138 56 60 67 84 
78 93 102 106 79 109 110 116 120 34 62 124 128 103 131 132 107 134 135 49 111 137 5 138 56 86 142 60 90 145 63 64 94 148 129 149 150 72 133 152 14 76 136 153 17 80 6 20 21 84 113 154 87 88 117 157 91 92 121 158 95 96 125 31 100 151 159 35 104 15 38 39 108 18 42 43 1 22 46 47 114 115 139 160 118 119 143 53 122 123 146 57 126 2 10 61 130 36 65 66 3 40 69 70 4 44 73 74 7 48 77 140 141 155 81 144 8 25 85 147 9 28 89 11 12 32 13 67 97 98 16 71 101 19 75 105 23 156 24 50 112 26 27 54 29 30 58 33 37 99 127 41 45 51 52 82 55 59 68 83 
79 63 103 107 109 49 111 87 91 93 34 95 129 131 72 133 134 76 136 78 137 80 6 114 116 56 118 120 60 122 62 124 64 126 149 100 151 102 152 104 15 106 153 108 18 110 20 1 22 138 84 140 86 142 88 144 90 145 92 147 94 148 96 11 128 159 130 36 132 38 3 40 135 42 4 44 5 46 7 48 113 154 115 156 117 157 119 26 121 158 123 29 125 31 2 33 150 65 13 67 14 69 16 71 17 73 19 75 21 77 23 139 160 141 51 143 53 8 55 146 57 9 59 10 61 12 35 97 37 99 39 101 41 43 105 45 47 155 81 24 83 25 85 27 28 89 30 32 66 127 68 70 74 50 112 52 54 58 98 82 
80 12 104 108 110 111 1 27 30 32 33 34 130 132 133 3 135 136 4 137 5 6 7 52 54 55 56 58 59 60 61 62 63 64 150 151 13 152 14 15 16 153 17 18 19 20 21 22 23 82 83 84 85 86 87 88 89 90 91 92 93 94 95 96 159 35 36 37 38 39 40 41 42 43 44 45 46 47 48 49 112 113 114 115 116 117 118 119 120 121 122 123 124 125 126 2 65 66 67 68 69 70 71 72 73 74 75 76 77 78 79 138 139 140 141 142 143 144 8 145 146 147 9 148 10 11 97 98 99 100 101 102 103 105 106 107 109 154 155 156 24 157 25 26 158 28 29 31 127 128 129 131 134 160 50 51 53 57 149 81 
81 14 10 8 24 50 112 18 35 15 38 39 28 11 31 32 25 26 27 51 52 82 138 20 42 4 44 36 65 66 3 40 69 70 29 57 58 2 33 61 62 53 54 55 56 83 84 113 154 1 5 46 17 73 19 75 13 67 97 98 16 71 101 102 9 59 89 90 12 63 93 94 85 86 87 88 114 115 139 160 6 7 21 77 43 105 45 107 37 99 127 128 41 103 131 132 30 91 120 121 34 95 124 125 116 117 118 119 140 141 155 22 23 47 109 74 134 76 136 68 129 149 150 72 133 152 60 122 145 146 64 126 148 142 143 144 156 48 49 78 137 106 153 108 100 151 159 104 92 147 158 96 157 79 80 110 135 130 123 111 
82 152 61 55 83 112 113 108 159 104 132 38 89 12 32 93 85 27 87 52 114 138 139 110 135 136 4 130 150 65 133 3 14 69 30 58 120 33 34 62 124 54 116 56 118 84 140 154 155 111 137 5 153 17 18 19 151 13 35 97 15 16 39 101 59 60 90 145 63 64 94 148 86 142 88 144 115 156 160 50 80 6 20 21 42 43 44 45 36 37 66 127 40 41 70 131 91 92 121 158 95 96 125 31 117 157 119 26 141 51 81 1 22 46 47 73 74 75 76 67 68 98 149 71 72 102 122 123 146 57 126 2 10 143 53 8 24 7 48 77 78 105 106 107 99 100 128 103 147 9 28 11 25 23 79 109 134 129 29 49 
83 133 12 85 112 52 114 153 151 152 104 15 30 32 33 34 27 54 116 82 138 84 140 80 108 135 42 159 130 36 132 38 3 40 58 59 60 61 62 63 64 55 56 86 142 113 154 115 156 110 111 1 136 4 17 73 150 65 13 67 14 69 16 71 89 90 91 92 93 94 95 96 87 88 117 157 139 160 141 51 137 5 6 7 18 19 43 105 35 97 37 99 39 101 41 103 120 121 122 123 124 125 126 2 118 119 143 53 155 81 24 20 21 22 23 44 45 74 134 66 127 68 129 70 131 72 145 146 147 9 148 10 11 144 8 25 50 46 47 48 49 75 76 106 98 149 100 102 158 28 29 31 26 77 78 79 107 128 57 109 
84 72 63 86 113 114 115 106 100 102 103 104 91 93 34 95 87 116 117 138 139 140 141 79 107 134 135 128 129 130 131 132 133 3 120 60 122 62 124 64 126 56 118 142 143 154 155 156 24 109 49 111 76 136 153 17 149 150 151 13 152 14 15 16 90 145 92 147 94 148 96 11 88 144 157 25 160 50 51 52 78 137 80 6 108 18 42 43 159 35 36 37 38 39 40 41 121 158 123 29 125 31 2 33 119 26 53 54 81 82 83 110 20 1 22 4 44 73 74 65 66 67 68 69 70 71 146 57 9 59 10 61 12 8 55 85 112 5 46 7 48 19 75 105 97 98 99 101 28 89 30 32 27 21 77 23 45 127 58 47 
85 150 30 112 27 54 116 137 133 151 159 35 32 58 59 60 52 82 138 55 56 86 142 153 80 110 20 152 104 15 130 36 65 66 33 61 62 89 90 91 92 83 84 113 154 87 88 117 157 108 135 42 111 1 5 46 132 38 3 40 13 67 97 98 12 63 93 94 120 121 122 123 114 115 139 160 118 119 143 53 136 4 17 73 6 7 21 77 14 69 16 71 37 99 127 128 34 95 124 125 145 146 147 9 140 141 155 81 144 8 25 18 19 43 105 22 23 47 109 39 101 41 103 68 129 149 64 126 148 10 158 28 29 156 24 50 26 44 45 74 134 48 49 78 70 131 72 100 96 11 31 57 51 75 76 106 79 102 2 107 
86 149 91 113 87 116 117 78 72 100 128 159 93 120 60 122 114 138 139 56 118 142 143 106 79 109 110 102 103 104 129 130 150 65 34 62 124 90 145 92 147 84 140 154 155 88 144 157 25 107 134 135 49 111 137 5 131 132 133 3 151 13 35 97 63 64 94 148 121 158 123 29 115 156 160 50 119 26 53 54 76 136 153 17 80 6 20 21 152 14 15 16 36 37 66 127 95 96 125 31 146 57 9 59 141 51 81 82 8 55 85 108 18 42 43 1 22 46 47 38 39 40 41 67 68 98 126 2 10 61 28 89 30 24 83 112 27 4 44 73 74 7 48 77 69 70 71 99 11 12 32 58 52 19 75 105 23 101 33 45 
87 129 120 114 116 56 118 49 131 149 100 151 34 60 90 145 138 84 140 86 142 88 144 76 78 79 80 72 102 152 128 159 130 36 62 63 64 91 92 121 158 113 154 115 156 117 157 119 26 106 107 108 109 110 111 1 103 104 132 38 150 65 13 67 93 94 95 96 122 123 146 57 139 160 141 51 143 53 8 55 134 135 136 4 137 5 6 7 133 3 14 69 35 97 37 99 124 125 126 2 147 9 28 89 155 81 24 83 25 85 27 153 17 18 19 20 21 22 23 15 16 39 101 66 127 68 148 10 11 12 29 30 58 50 112 52 54 42 43 44 45 46 47 48 40 41 70 98 31 32 33 59 82 73 74 75 77 71 61 105 
88 68 121 115 117 118 119 48 70 98 99 100 95 122 145 146 139 140 141 142 143 144 8 75 77 23 79 71 101 102 127 128 129 130 124 64 126 92 147 158 28 154 155 156 24 157 25 26 27 105 45 107 47 109 49 111 41 103 131 132 149 150 151 13 94 148 96 11 123 29 57 58 160 50 51 52 53 54 55 56 74 134 76 136 78 137 80 6 72 133 152 14 159 35 36 37 125 31 2 33 9 59 89 90 81 82 83 84 85 86 87 106 153 108 18 110 20 1 22 104 15 38 39 65 66 67 10 61 12 63 30 91 120 112 113 114 116 135 42 4 44 5 46 7 3 40 69 97 32 93 34 60 138 17 73 19 21 16 62 43 
89 108 112 12 30 58 120 130 110 135 136 4 27 52 82 138 32 33 34 59 60 90 145 132 150 151 13 111 137 5 153 17 18 19 54 55 56 83 84 113 154 61 62 63 64 91 92 121 158 133 152 14 159 35 36 37 80 6 20 21 42 43 44 45 85 86 87 88 114 115 139 160 93 94 95 96 122 123 146 57 104 15 38 39 65 66 67 68 1 22 46 47 73 74 75 76 116 117 118 119 140 141 155 81 124 125 126 2 147 9 28 3 40 69 70 97 98 99 100 7 48 77 78 105 106 107 142 143 144 8 156 24 50 148 10 11 29 16 71 101 102 127 128 129 23 79 109 134 157 25 26 51 31 41 103 131 149 49 53 72 
90 107 113 63 91 120 121 129 109 134 76 136 87 114 138 139 93 34 95 60 122 145 146 131 149 100 151 49 78 137 106 153 108 18 116 56 118 84 140 154 155 62 124 64 126 92 147 158 28 72 102 152 128 159 130 36 79 80 110 20 135 42 4 44 86 142 88 144 115 156 160 50 94 148 96 11 123 29 57 58 103 104 132 38 150 65 13 67 111 1 5 46 17 73 19 75 117 157 119 26 141 51 81 82 125 31 2 33 9 59 89 133 3 14 69 35 97 37 99 6 7 21 77 43 105 45 143 53 8 55 24 83 112 10 61 12 30 15 16 39 101 66 127 68 22 23 47 74 25 85 27 52 32 40 41 70 98 48 54 71 
91 106 114 93 120 60 122 128 79 107 134 135 116 138 84 140 34 62 124 90 145 92 147 103 129 149 150 109 49 111 76 136 153 17 56 86 142 113 154 115 156 63 64 94 148 121 158 123 29 131 72 133 100 151 159 35 78 137 80 6 108 18 42 43 87 88 117 157 139 160 141 51 95 96 125 31 146 57 9 59 102 152 104 15 130 36 65 66 110 20 1 22 4 44 73 74 118 119 143 53 155 81 24 83 126 2 10 61 28 89 30 132 38 3 40 13 67 97 98 5 46 7 48 19 75 105 144 8 25 85 50 112 52 11 12 32 58 14 69 16 71 37 99 127 21 77 23 45 26 27 54 82 33 39 101 41 68 47 55 70 
92 105 115 94 121 122 123 127 23 45 74 134 117 139 140 141 95 124 125 145 146 147 9 41 68 98 149 47 48 49 75 76 106 153 118 142 143 154 155 156 24 64 126 148 10 158 28 29 30 70 71 72 99 100 128 159 77 78 79 80 107 108 135 42 88 144 157 25 160 50 51 52 96 11 31 32 57 58 59 60 101 102 103 104 129 130 150 65 109 110 111 1 136 4 17 73 119 26 53 54 81 82 83 84 2 33 61 62 89 90 91 131 132 133 3 151 13 35 97 137 5 6 7 18 19 43 8 55 85 86 112 113 114 12 63 93 120 152 14 15 16 36 37 66 20 21 22 44 27 87 116 138 34 38 39 40 67 46 56 69 
93 78 116 120 34 62 124 102 106 79 109 110 138 56 86 142 60 90 145 63 64 94 148 128 103 131 132 107 134 135 49 111 137 5 84 113 154 87 88 117 157 91 92 121 158 95 96 125 31 129 149 150 72 133 152 14 76 136 153 17 80 6 20 21 114 115 139 160 118 119 143 53 122 123 146 57 126 2 10 61 100 151 159 35 104 15 38 39 108 18 42 43 1 22 46 47 140 141 155 81 144 8 25 85 147 9 28 89 11 12 32 130 36 65 66 3 40 69 70 4 44 73 74 7 48 77 156 24 50 112 26 27 54 29 30 58 33 13 67 97 98 16 71 101 19 75 105 23 51 52 82 55 59 37 99 127 41 45 83 68 
94 77 117 121 95 124 125 101 105 23 47 109 139 118 142 143 122 145 146 64 126 148 10 127 41 70 131 45 74 134 48 49 78 137 140 154 155 88 144 157 25 92 147 158 28 96 11 31 32 68 98 149 71 72 102 152 75 76 106 153 79 80 110 20 115 156 160 50 119 26 53 54 123 29 57 58 2 33 61 62 99 100 128 159 103 104 132 38 107 108 135 42 111 1 5 46 141 51 81 82 8 55 85 86 9 59 89 90 12 63 93 129 130 150 65 133 3 14 69 136 4 17 73 6 7 21 24 83 112 113 27 87 116 30 91 120 34 151 13 35 97 15 16 39 18 19 43 22 52 114 138 56 60 36 37 66 40 44 84 67 
95 48 118 122 124 64 126 71 75 77 23 79 140 142 88 144 145 92 147 94 148 96 11 99 101 41 103 105 45 107 47 109 49 111 154 115 156 117 157 119 26 121 158 123 29 125 31 2 33 127 68 129 70 131 72 133 74 134 76 136 78 137 80 6 139 160 141 51 143 53 8 55 146 57 9 59 10 61 12 63 98 149 100 151 102 152 104 15 106 153 108 18 110 20 1 22 155 81 24 83 25 85 27 87 28 89 30 91 32 93 34 128 159 130 36 132 38 3 40 135 42 4 44 5 46 7 50 112 52 114 54 116 56 58 120 60 62 150 65 13 67 14 69 16 17 73 19 21 82 138 84 86 90 35 97 37 39 43 113 66 
96 7 119 123 125 126 2 16 19 21 22 23 141 143 144 8 146 147 9 148 10 11 12 37 39 40 41 43 44 45 46 47 48 49 155 156 24 157 25 26 27 158 28 29 30 31 32 33 34 66 67 68 69 70 71 72 73 74 75 76 77 78 79 80 160 50 51 52 53 54 55 56 57 58 59 60 61 62 63 64 97 98 99 100 101 102 103 104 105 106 107 108 109 110 111 1 81 82 83 84 85 86 87 88 89 90 91 92 93 94 95 127 128 129 130 131 132 133 3 134 135 136 4 137 5 6 112 113 114 115 116 117 118 120 121 122 124 149 150 151 13 152 14 15 153 17 18 20 138 139 140 142 145 159 35 36 38 42 154 65 
97 143 21 16 37 66 127 147 155 144 157 25 43 22 46 47 39 40 41 67 68 98 149 148 158 123 29 156 160 50 119 26 53 54 44 73 74 7 48 77 78 69 70 71 72 99 100 128 159 96 125 31 146 57 9 59 141 51 81 82 8 55 85 86 19 75 105 106 23 79 109 110 101 102 103 104 129 130 150 65 126 2 10 61 28 89 30 91 24 83 112 113 27 87 116 117 45 107 134 135 49 111 137 5 131 132 133 3 151 13 35 11 12 32 93 58 120 60 122 52 114 138 139 56 118 142 76 136 153 17 80 6 20 152 14 15 36 33 34 62 124 90 145 92 84 140 154 88 108 18 42 1 38 63 64 94 121 115 4 95 
98 142 77 71 99 127 128 92 154 88 117 157 105 23 47 109 101 41 103 68 129 149 150 94 121 122 123 115 139 160 118 119 143 53 45 74 134 48 49 78 137 70 131 72 133 100 151 159 35 95 124 125 145 146 147 9 140 141 155 81 144 8 25 85 75 76 106 153 79 80 110 20 102 152 104 15 130 36 65 66 64 126 148 10 158 28 29 30 156 24 50 112 26 27 54 116 107 108 135 42 111 1 5 46 132 38 3 40 13 67 97 96 11 31 32 57 58 59 60 51 52 82 138 55 56 86 136 4 17 73 6 7 21 14 69 16 37 2 33 61 62 89 90 91 83 84 113 87 18 19 43 22 39 12 63 93 120 114 44 34 
99 118 23 101 127 68 129 145 140 142 88 144 45 47 48 49 41 70 131 98 149 100 151 64 92 121 158 154 115 156 117 157 119 26 74 75 76 77 78 79 80 71 72 102 152 128 159 130 36 94 95 96 122 123 146 57 139 160 141 51 143 53 8 55 105 106 107 108 109 110 111 1 103 104 132 38 150 65 13 67 124 125 126 2 147 9 28 89 155 81 24 83 25 85 27 87 134 135 136 4 137 5 6 7 133 3 14 69 35 97 37 148 10 11 12 29 30 58 120 50 112 52 114 54 116 56 153 17 18 19 20 21 22 15 16 39 66 31 32 33 34 59 60 90 82 138 84 86 42 43 44 46 40 61 62 63 91 113 73 93 
100 56 79 102 128 129 130 90 84 86 87 88 107 109 49 111 103 131 132 149 150 151 13 63 91 120 121 113 114 115 116 117 118 119 134 76 136 78 137 80 6 72 133 152 14 159 35 36 37 93 34 95 60 122 145 146 138 139 140 141 142 143 144 8 106 153 108 18 110 20 1 22 104 15 38 39 65 66 67 68 62 124 64 126 92 147 158 28 154 155 156 24 157 25 26 27 135 42 4 44 5 46 7 48 3 40 69 70 97 98 99 94 148 96 11 123 29 57 58 160 50 51 52 53 54 55 17 73 19 75 21 77 23 16 71 101 127 125 31 2 33 9 59 89 81 82 83 85 43 105 45 47 41 10 61 12 30 112 74 32 
101 139 45 127 41 70 131 124 118 140 154 155 47 74 75 76 68 98 149 71 72 102 152 145 64 94 148 142 88 144 115 156 160 50 48 77 78 105 106 107 108 99 100 128 159 103 104 132 38 92 121 158 95 96 125 31 117 157 119 26 141 51 81 82 23 79 109 110 134 135 136 4 129 130 150 65 133 3 14 69 122 123 146 57 126 2 10 61 143 53 8 55 24 83 112 113 49 111 137 5 153 17 18 19 151 13 35 97 15 16 39 147 9 28 89 11 12 32 93 25 85 27 87 52 114 138 80 6 20 21 42 43 44 36 37 66 40 29 30 58 120 33 34 62 54 116 56 84 1 22 46 73 67 59 60 90 63 86 7 91 
102 138 107 128 103 131 132 62 56 84 113 154 109 134 76 136 129 149 150 72 133 152 14 90 63 93 94 86 87 88 114 115 139 160 49 78 137 106 153 108 18 100 151 159 35 104 15 38 39 91 120 121 34 95 124 125 116 117 118 119 140 141 155 81 79 80 110 20 135 42 4 44 130 36 65 66 3 40 69 70 60 122 145 146 64 126 148 10 142 143 144 8 156 24 50 112 111 1 5 46 17 73 19 75 13 67 97 98 16 71 101 92 147 158 28 96 11 31 32 157 25 26 27 51 52 82 6 7 21 77 43 105 45 37 99 127 41 123 29 57 58 2 33 61 53 54 55 83 22 23 47 74 68 9 59 89 12 85 48 30 
103 114 134 129 131 72 133 34 116 138 84 140 49 76 106 153 149 100 151 102 152 104 15 60 62 63 64 56 86 142 113 154 115 156 78 79 80 107 108 135 42 128 159 130 36 132 38 3 40 90 91 92 93 94 95 96 87 88 117 157 139 160 141 51 109 110 111 1 136 4 17 73 150 65 13 67 14 69 16 71 120 121 122 123 124 125 126 2 118 119 143 53 155 81 24 83 137 5 6 7 18 19 43 105 35 97 37 99 39 101 41 145 146 147 9 148 10 11 12 144 8 25 85 50 112 52 20 21 22 23 44 45 74 66 127 68 70 158 28 29 30 31 32 33 26 27 54 82 46 47 48 75 98 57 58 59 61 55 77 89 
104 52 135 130 132 133 3 33 54 82 83 84 111 136 153 17 150 151 13 152 14 15 16 59 61 12 63 55 85 86 112 113 114 115 137 80 6 108 18 42 43 159 35 36 37 38 39 40 41 89 30 91 32 93 34 95 27 87 116 117 138 139 140 141 110 20 1 22 4 44 73 74 65 66 67 68 69 70 71 72 58 120 60 122 62 124 64 126 56 118 142 143 154 155 156 24 5 46 7 48 19 75 105 106 97 98 99 100 101 102 103 90 145 92 147 94 148 96 11 88 144 157 25 160 50 51 21 77 23 79 45 107 134 127 128 129 131 121 158 123 29 125 31 2 119 26 53 81 47 109 49 76 149 146 57 9 10 8 78 28 
105 92 127 23 45 74 134 115 94 121 122 123 41 68 98 149 47 48 49 75 76 106 153 117 139 140 141 95 124 125 145 146 147 9 70 71 72 99 100 128 159 77 78 79 80 107 108 135 42 118 142 143 154 155 156 24 64 126 148 10 158 28 29 30 101 102 103 104 129 130 150 65 109 110 111 1 136 4 17 73 88 144 157 25 160 50 51 52 96 11 31 32 57 58 59 60 131 132 133 3 151 13 35 97 137 5 6 7 18 19 43 119 26 53 54 81 82 83 84 2 33 61 62 89 90 91 152 14 15 16 36 37 66 20 21 22 44 8 55 85 86 112 113 114 12 63 93 120 38 39 40 67 46 27 87 116 138 34 69 56 
106 91 128 79 107 134 135 114 93 120 60 122 103 129 149 150 109 49 111 76 136 153 17 116 138 84 140 34 62 124 90 145 92 147 131 72 133 100 151 159 35 78 137 80 6 108 18 42 43 56 86 142 113 154 115 156 63 64 94 148 121 158 123 29 102 152 104 15 130 36 65 66 110 20 1 22 4 44 73 74 87 88 117 157 139 160 141 51 95 96 125 31 146 57 9 59 132 38 3 40 13 67 97 98 5 46 7 48 19 75 105 118 119 143 53 155 81 24 83 126 2 10 61 28 89 30 14 69 16 71 37 99 127 21 77 23 45 144 8 25 85 50 112 52 11 12 32 58 39 101 41 68 47 26 27 54 82 33 70 55 
107 90 129 109 134 76 136 113 63 91 120 121 131 149 100 151 49 78 137 106 153 108 18 87 114 138 139 93 34 95 60 122 145 146 72 102 152 128 159 130 36 79 80 110 20 135 42 4 44 116 56 118 84 140 154 155 62 124 64 126 92 147 158 28 103 104 132 38 150 65 13 67 111 1 5 46 17 73 19 75 86 142 88 144 115 156 160 50 94 148 96 11 123 29 57 58 133 3 14 69 35 97 37 99 6 7 21 77 43 105 45 117 157 119 26 141 51 81 82 125 31 2 33 9 59 89 15 16 39 101 66 127 68 22 23 47 74 143 53 8 55 24 83 112 10 61 12 30 40 41 70 98 48 25 85 27 52 32 71 54 
108 89 130 110 135 136 4 112 12 30 58 120 132 150 151 13 111 137 5 153 17 18 19 27 52 82 138 32 33 34 59 60 90 145 133 152 14 159 35 36 37 80 6 20 21 42 43 44 45 54 55 56 83 84 113 154 61 62 63 64 91 92 121 158 104 15 38 39 65 66 67 68 1 22 46 47 73 74 75 76 85 86 87 88 114 115 139 160 93 94 95 96 122 123 146 57 3 40 69 70 97 98 99 100 7 48 77 78 105 106 107 116 117 118 119 140 141 155 81 124 125 126 2 147 9 28 16 71 101 102 127 128 129 23 79 109 134 142 143 144 8 156 24 50 148 10 11 29 41 103 131 149 49 157 25 26 51 31 72 53 
109 62 131 134 49 78 137 86 90 63 93 94 149 72 102 152 76 106 153 79 80 110 20 113 87 116 117 91 120 121 34 95 124 125 100 128 159 103 104 132 38 107 108 135 42 111 1 5 46 114 138 139 56 118 142 143 60 122 145 146 64 126 148 10 129 130 150 65 133 3 14 69 136 4 17 73 6 7 21 77 84 140 154 155 88 144 157 25 92 147 158 28 96 11 31 32 151 13 35 97 15 16 39 101 18 19 43 105 22 23 47 115 156 160 50 119 26 53 54 123 29 57 58 2 33 61 36 37 66 127 40 41 70 44 45 74 48 141 51 81 82 8 55 85 9 59 89 12 67 68 98 71 75 24 83 112 27 30 99 52 
110 61 132 135 111 137 5 85 89 12 32 93 150 133 152 14 136 153 17 80 6 20 21 112 27 54 116 30 58 120 33 34 62 124 151 159 35 104 15 38 39 108 18 42 43 1 22 46 47 52 82 138 55 56 86 142 59 60 90 145 63 64 94 148 130 36 65 66 3 40 69 70 4 44 73 74 7 48 77 78 83 84 113 154 87 88 117 157 91 92 121 158 95 96 125 31 13 67 97 98 16 71 101 102 19 75 105 106 23 79 109 114 115 139 160 118 119 143 53 122 123 146 57 126 2 10 37 99 127 128 41 103 131 45 107 134 49 140 141 155 81 144 8 25 147 9 28 11 68 129 149 72 76 156 24 50 26 29 100 51 
111 33 133 136 137 80 6 55 59 61 12 63 151 152 104 15 153 108 18 110 20 1 22 83 85 27 87 89 30 91 32 93 34 95 159 130 36 132 38 3 40 135 42 4 44 5 46 7 48 112 52 114 54 116 56 118 58 120 60 122 62 124 64 126 150 65 13 67 14 69 16 71 17 73 19 75 21 77 23 79 82 138 84 140 86 142 88 144 90 145 92 147 94 148 96 11 35 97 37 99 39 101 41 103 43 105 45 107 47 109 49 113 154 115 156 117 157 119 26 121 158 123 29 125 31 2 66 127 68 129 70 131 72 74 134 76 78 139 160 141 51 143 53 8 146 57 9 10 98 149 100 102 106 155 81 24 25 28 128 50 
112 132 32 27 52 82 138 136 150 133 152 14 58 33 61 62 54 55 56 83 84 113 154 137 153 108 18 151 159 35 104 15 38 39 59 89 90 12 63 93 94 85 86 87 88 114 115 139 160 80 110 20 135 42 4 44 130 36 65 66 3 40 69 70 30 91 120 121 34 95 124 125 116 117 118 119 140 141 155 81 111 1 5 46 17 73 19 75 13 67 97 98 16 71 101 102 60 122 145 146 64 126 148 10 142 143 144 8 156 24 50 6 7 21 77 43 105 45 107 37 99 127 128 41 103 131 92 147 158 28 96 11 31 157 25 26 51 22 23 47 109 74 134 76 68 129 149 72 123 29 57 2 53 48 49 78 106 100 9 79 
113 131 93 87 114 138 139 76 149 72 102 152 120 34 62 124 116 56 118 84 140 154 155 78 106 107 108 100 128 159 103 104 132 38 60 90 145 63 64 94 148 86 142 88 144 115 156 160 50 79 109 110 134 135 136 4 129 130 150 65 133 3 14 69 91 92 121 158 95 96 125 31 117 157 119 26 141 51 81 82 49 111 137 5 153 17 18 19 151 13 35 97 15 16 39 101 122 123 146 57 126 2 10 61 143 53 8 55 24 83 112 80 6 20 21 42 43 44 45 36 37 66 127 40 41 70 147 9 28 89 11 12 32 25 85 27 52 1 22 46 47 73 74 75 67 68 98 71 29 30 58 33 54 7 48 77 105 99 59 23 
114 103 34 116 138 84 140 134 129 131 72 133 60 62 63 64 56 86 142 113 154 115 156 49 76 106 153 149 100 151 102 152 104 15 90 91 92 93 94 95 96 87 88 117 157 139 160 141 51 78 79 80 107 108 135 42 128 159 130 36 132 38 3 40 120 121 122 123 124 125 126 2 118 119 143 53 155 81 24 83 109 110 111 1 136 4 17 73 150 65 13 67 14 69 16 71 145 146 147 9 148 10 11 12 144 8 25 85 50 112 52 137 5 6 7 18 19 43 105 35 97 37 99 39 101 41 158 28 29 30 31 32 33 26 27 54 82 20 21 22 23 44 45 74 66 127 68 70 57 58 59 61 55 46 47 48 75 98 89 77 
115 41 95 117 139 140 141 74 68 70 71 72 122 124 64 126 118 142 143 154 155 156 24 48 75 105 106 98 99 100 101 102 103 104 145 92 147 94 148 96 11 88 144 157 25 160 50 51 52 77 23 79 45 107 134 135 127 128 129 130 131 132 133 3 121 158 123 29 125 31 2 33 119 26 53 54 81 82 83 84 47 109 49 111 76 136 153 17 149 150 151 13 152 14 15 16 146 57 9 59 10 61 12 63 8 55 85 86 112 113 114 78 137 80 6 108 18 42 43 159 35 36 37 38 39 40 28 89 30 91 32 93 34 27 87 116 138 110 20 1 22 4 44 73 65 66 67 69 58 120 60 62 56 5 46 7 19 97 90 21 
116 128 60 138 56 86 142 109 103 129 149 150 62 90 91 92 84 113 154 87 88 117 157 134 49 78 137 131 72 133 100 151 159 35 63 93 94 120 121 122 123 114 115 139 160 118 119 143 53 76 106 153 79 80 110 20 102 152 104 15 130 36 65 66 34 95 124 125 145 146 147 9 140 141 155 81 144 8 25 85 107 108 135 42 111 1 5 46 132 38 3 40 13 67 97 98 64 126 148 10 158 28 29 30 156 24 50 112 26 27 54 136 4 17 73 6 7 21 77 14 69 16 71 37 99 127 96 11 31 32 57 58 59 51 52 82 55 18 19 43 105 22 23 47 39 101 41 68 2 33 61 89 83 44 45 74 48 70 12 75 
117 127 122 139 118 142 143 47 41 68 98 149 124 145 92 147 140 154 155 88 144 157 25 74 48 77 78 70 71 72 99 100 128 159 64 94 148 121 158 123 29 115 156 160 50 119 26 53 54 75 105 106 23 79 109 110 101 102 103 104 129 130 150 65 95 96 125 31 146 57 9 59 141 51 81 82 8 55 85 86 45 107 134 135 49 111 137 5 131 132 133 3 151 13 35 97 126 2 10 61 28 89 30 91 24 83 112 113 27 87 116 76 136 153 17 80 6 20 21 152 14 15 16 36 37 66 11 12 32 93 58 120 60 52 114 138 56 108 18 42 43 1 22 46 38 39 40 67 33 34 62 90 84 4 44 73 7 69 63 19 
118 99 145 140 142 88 144 23 101 127 68 129 64 92 121 158 154 115 156 117 157 119 26 45 47 48 49 41 70 131 98 149 100 151 94 95 96 122 123 146 57 139 160 141 51 143 53 8 55 74 75 76 77 78 79 80 71 72 102 152 128 159 130 36 124 125 126 2 147 9 28 89 155 81 24 83 25 85 27 87 105 106 107 108 109 110 111 1 103 104 132 38 150 65 13 67 148 10 11 12 29 30 58 120 50 112 52 114 54 116 56 134 135 136 4 137 5 6 7 133 3 14 69 35 97 37 31 32 33 34 59 60 90 82 138 84 86 153 17 18 19 20 21 22 15 16 39 66 61 62 63 91 113 42 43 44 46 40 93 73 
119 37 146 141 143 144 8 22 39 66 67 68 126 147 158 28 155 156 24 157 25 26 27 44 46 7 48 40 69 70 97 98 99 100 148 96 11 123 29 57 58 160 50 51 52 53 54 55 56 73 19 75 21 77 23 79 16 71 101 102 127 128 129 130 125 31 2 33 9 59 89 90 81 82 83 84 85 86 87 88 43 105 45 107 47 109 49 111 41 103 131 132 149 150 151 13 10 61 12 63 30 91 120 121 112 113 114 115 116 117 118 74 134 76 136 78 137 80 6 72 133 152 14 159 35 36 32 93 34 95 60 122 145 138 139 140 142 106 153 108 18 110 20 1 104 15 38 65 62 124 64 92 154 135 42 4 5 3 94 17 
120 76 138 34 60 90 145 100 78 106 107 108 56 84 113 154 62 63 64 91 92 121 158 102 128 129 130 79 109 110 134 135 136 4 86 87 88 114 115 139 160 93 94 95 96 122 123 146 57 103 131 132 149 150 151 13 49 111 137 5 153 17 18 19 116 117 118 119 140 141 155 81 124 125 126 2 147 9 28 89 72 133 152 14 159 35 36 37 80 6 20 21 42 43 44 45 142 143 144 8 156 24 50 112 148 10 11 12 29 30 58 104 15 38 39 65 66 67 68 1 22 46 47 73 74 75 157 25 26 27 51 52 82 31 32 33 59 3 40 69 70 97 98 99 7 48 77 105 53 54 55 83 61 16 71 101 127 23 85 41 
121 75 139 95 122 145 146 99 77 105 45 107 118 140 154 155 124 64 126 92 147 158 28 101 127 68 129 23 47 109 74 134 76 136 142 88 144 115 156 160 50 94 148 96 11 123 29 57 58 41 70 131 98 149 100 151 48 49 78 137 106 153 108 18 117 157 119 26 141 51 81 82 125 31 2 33 9 59 89 90 71 72 102 152 128 159 130 36 79 80 110 20 135 42 4 44 143 53 8 55 24 83 112 113 10 61 12 63 30 91 120 103 104 132 38 150 65 13 67 111 1 5 46 17 73 19 25 85 27 87 52 114 138 32 93 34 60 133 3 14 69 35 97 37 6 7 21 43 54 116 56 84 62 15 16 39 66 22 86 40 
122 74 140 124 145 92 147 98 48 75 105 106 142 154 115 156 64 94 148 121 158 123 29 71 99 127 128 77 23 79 45 107 134 135 88 117 157 139 160 141 51 95 96 125 31 146 57 9 59 101 41 103 68 129 149 150 47 109 49 111 76 136 153 17 118 119 143 53 155 81 24 83 126 2 10 61 28 89 30 91 70 131 72 133 100 151 159 35 78 137 80 6 108 18 42 43 144 8 25 85 50 112 52 114 11 12 32 93 58 120 60 102 152 104 15 130 36 65 66 110 20 1 22 4 44 73 26 27 54 116 82 138 84 33 34 62 90 132 38 3 40 13 67 97 5 46 7 19 55 56 86 113 63 14 69 16 37 21 87 39 
123 73 141 125 146 147 9 97 7 19 43 105 143 155 156 24 126 148 10 158 28 29 30 16 37 66 127 21 22 23 44 45 74 134 144 157 25 160 50 51 52 96 11 31 32 57 58 59 60 39 40 41 67 68 98 149 46 47 48 49 75 76 106 153 119 26 53 54 81 82 83 84 2 33 61 62 89 90 91 92 69 70 71 72 99 100 128 159 77 78 79 80 107 108 135 42 8 55 85 86 112 113 114 115 12 63 93 94 120 121 122 101 102 103 104 129 130 150 65 109 110 111 1 136 4 17 27 87 116 117 138 139 140 34 95 124 145 131 132 133 3 151 13 35 137 5 6 18 56 118 142 154 64 152 14 15 36 20 88 38 
124 47 142 145 64 94 148 70 74 48 77 78 154 88 117 157 92 121 158 95 96 125 31 98 71 101 102 75 105 106 23 79 109 110 115 139 160 118 119 143 53 122 123 146 57 126 2 10 61 99 127 128 41 103 131 132 45 107 134 135 49 111 137 5 140 141 155 81 144 8 25 85 147 9 28 89 11 12 32 93 68 129 149 150 72 133 152 14 76 136 153 17 80 6 20 21 156 24 50 112 26 27 54 116 29 30 58 120 33 34 62 100 151 159 35 104 15 38 39 108 18 42 43 1 22 46 51 52 82 138 55 56 86 59 60 90 63 130 36 65 66 3 40 69 4 44 73 7 83 84 113 87 91 13 67 97 16 19 114 37 
125 46 143 146 126 148 10 69 73 7 21 77 155 144 157 25 147 158 28 96 11 31 32 97 16 39 101 19 43 105 22 23 47 109 156 160 50 119 26 53 54 123 29 57 58 2 33 61 62 37 66 127 40 41 70 131 44 45 74 134 48 49 78 137 141 51 81 82 8 55 85 86 9 59 89 90 12 63 93 94 67 68 98 149 71 72 102 152 75 76 106 153 79 80 110 20 24 83 112 113 27 87 116 117 30 91 120 121 34 95 124 99 100 128 159 103 104 132 38 107 108 135 42 111 1 5 52 114 138 139 56 118 142 60 122 145 64 129 130 150 65 133 3 14 136 4 17 6 84 140 154 88 92 151 13 35 15 18 115 36 
126 22 144 147 148 96 11 40 44 46 7 48 156 157 119 26 158 123 29 125 31 2 33 67 69 16 71 73 19 75 21 77 23 79 160 141 51 143 53 8 55 146 57 9 59 10 61 12 63 97 37 99 39 101 41 103 43 105 45 107 47 109 49 111 155 81 24 83 25 85 27 87 28 89 30 91 32 93 34 95 66 127 68 129 70 131 72 133 74 134 76 136 78 137 80 6 50 112 52 114 54 116 56 118 58 120 60 122 62 124 64 98 149 100 151 102 152 104 15 106 153 108 18 110 20 1 82 138 84 140 86 142 88 90 145 92 94 128 159 130 36 132 38 3 135 42 4 5 113 154 115 117 121 150 65 13 14 17 139 35 
127 117 47 41 68 98 149 122 139 118 142 143 74 48 77 78 70 71 72 99 100 128 159 124 145 92 147 140 154 155 88 144 157 25 75 105 106 23 79 109 110 101 102 103 104 129 130 150 65 64 94 148 121 158 123 29 115 156 160 50 119 26 53 54 45 107 134 135 49 111 137 5 131 132 133 3 151 13 35 97 95 96 125 31 146 57 9 59 141 51 81 82 8 55 85 86 76 136 153 17 80 6 20 21 152 14 15 16 36 37 66 126 2 10 61 28 89 30 91 24 83 112 113 27 87 116 108 18 42 43 1 22 46 38 39 40 67 11 12 32 93 58 120 60 52 114 138 56 4 44 73 7 69 33 34 62 90 84 19 63 
128 116 109 103 129 149 150 60 138 56 86 142 134 49 78 137 131 72 133 100 151 159 35 62 90 91 92 84 113 154 87 88 117 157 76 106 153 79 80 110 20 102 152 104 15 130 36 65 66 63 93 94 120 121 122 123 114 115 139 160 118 119 143 53 107 108 135 42 111 1 5 46 132 38 3 40 13 67 97 98 34 95 124 125 145 146 147 9 140 141 155 81 144 8 25 85 136 4 17 73 6 7 21 77 14 69 16 71 37 99 127 64 126 148 10 158 28 29 30 156 24 50 112 26 27 54 18 19 43 105 22 23 47 39 101 41 68 96 11 31 32 57 58 59 51 52 82 55 44 45 74 48 70 2 33 61 89 83 75 12 
129 87 49 131 149 100 151 120 114 116 56 118 76 78 79 80 72 102 152 128 159 130 36 34 60 90 145 138 84 140 86 142 88 144 106 107 108 109 110 111 1 103 104 132 38 150 65 13 67 62 63 64 91 92 121 158 113 154 115 156 117 157 119 26 134 135 136 4 137 5 6 7 133 3 14 69 35 97 37 99 93 94 95 96 122 123 146 57 139 160 141 51 143 53 8 55 153 17 18 19 20 21 22 23 15 16 39 101 66 127 68 124 125 126 2 147 9 28 89 155 81 24 83 25 85 27 42 43 44 45 46 47 48 40 41 70 98 148 10 11 12 29 30 58 50 112 52 54 73 74 75 77 71 31 32 33 59 82 105 61 
130 27 111 132 150 151 13 58 52 54 55 56 136 137 80 6 133 152 14 159 35 36 37 33 59 89 90 82 83 84 85 86 87 88 153 108 18 110 20 1 22 104 15 38 39 65 66 67 68 61 12 63 30 91 120 121 112 113 114 115 116 117 118 119 135 42 4 44 5 46 7 48 3 40 69 70 97 98 99 100 32 93 34 95 60 122 145 146 138 139 140 141 142 143 144 8 17 73 19 75 21 77 23 79 16 71 101 102 127 128 129 62 124 64 126 92 147 158 28 154 155 156 24 157 25 26 43 105 45 107 47 109 49 41 103 131 149 94 148 96 11 123 29 57 160 50 51 53 74 134 76 78 72 125 31 2 9 81 106 10 
131 113 76 149 72 102 152 93 87 114 138 139 78 106 107 108 100 128 159 103 104 132 38 120 34 62 124 116 56 118 84 140 154 155 79 109 110 134 135 136 4 129 130 150 65 133 3 14 69 60 90 145 63 64 94 148 86 142 88 144 115 156 160 50 49 111 137 5 153 17 18 19 151 13 35 97 15 16 39 101 91 92 121 158 95 96 125 31 117 157 119 26 141 51 81 82 80 6 20 21 42 43 44 45 36 37 66 127 40 41 70 122 123 146 57 126 2 10 61 143 53 8 55 24 83 112 1 22 46 47 73 74 75 67 68 98 71 147 9 28 89 11 12 32 25 85 27 52 7 48 77 105 99 29 30 58 33 54 23 59 
132 112 136 150 133 152 14 32 27 52 82 138 137 153 108 18 151 159 35 104 15 38 39 58 33 61 62 54 55 56 83 84 113 154 80 110 20 135 42 4 44 130 36 65 66 3 40 69 70 59 89 90 12 63 93 94 85 86 87 88 114 115 139 160 111 1 5 46 17 73 19 75 13 67 97 98 16 71 101 102 30 91 120 121 34 95 124 125 116 117 118 119 140 141 155 81 6 7 21 77 43 105 45 107 37 99 127 128 41 103 131 60 122 145 146 64 126 148 10 142 143 144 8 156 24 50 22 23 47 109 74 134 76 68 129 149 72 92 147 158 28 96 11 31 157 25 26 51 48 49 78 106 100 123 29 57 2 53 79 9 
133 83 153 151 152 104 15 12 85 112 52 114 80 108 135 42 159 130 36 132 38 3 40 30 32 33 34 27 54 116 82 138 84 140 110 111 1 136 4 17 73 150 65 13 67 14 69 16 71 58 59 60 61 62 63 64 55 56 86 142 113 154 115 156 137 5 6 7 18 19 43 105 35 97 37 99 39 101 41 103 89 90 91 92 93 94 95 96 87 88 117 157 139 160 141 51 20 21 22 23 44 45 74 134 66 127 68 129 70 131 72 120 121 122 123 124 125 126 2 118 119 143 53 155 81 24 46 47 48 49 75 76 106 98 149 100 102 145 146 147 9 148 10 11 144 8 25 50 77 78 79 107 128 158 28 29 31 26 109 57 
134 60 149 49 76 106 153 84 62 90 91 92 72 100 128 159 78 79 80 107 108 135 42 86 113 114 115 63 93 94 120 121 122 123 102 103 104 129 130 150 65 109 110 111 1 136 4 17 73 87 116 117 138 139 140 141 34 95 124 125 145 146 147 9 131 132 133 3 151 13 35 97 137 5 6 7 18 19 43 105 56 118 142 143 154 155 156 24 64 126 148 10 158 28 29 30 152 14 15 16 36 37 66 127 20 21 22 23 44 45 74 88 144 157 25 160 50 51 52 96 11 31 32 57 58 59 38 39 40 41 67 68 98 46 47 48 75 119 26 53 54 81 82 83 2 33 61 89 69 70 71 99 77 8 55 85 112 12 101 27 
135 59 150 111 136 153 17 83 61 89 30 91 133 151 159 35 137 80 6 108 18 42 43 85 112 52 114 12 32 93 58 120 60 122 152 104 15 130 36 65 66 110 20 1 22 4 44 73 74 27 54 116 82 138 84 140 33 34 62 124 90 145 92 147 132 38 3 40 13 67 97 98 5 46 7 48 19 75 105 106 55 56 86 142 113 154 115 156 63 64 94 148 121 158 123 29 14 69 16 71 37 99 127 128 21 77 23 79 45 107 134 87 88 117 157 139 160 141 51 95 96 125 31 146 57 9 39 101 41 103 68 129 149 47 109 49 76 118 119 143 53 155 81 24 126 2 10 28 70 131 72 100 78 144 8 25 50 11 102 26 
136 58 151 137 153 108 18 82 33 59 89 90 152 159 130 36 80 110 20 135 42 4 44 55 83 112 113 61 12 63 30 91 120 121 104 132 38 150 65 13 67 111 1 5 46 17 73 19 75 85 27 87 52 114 138 139 32 93 34 95 60 122 145 146 133 3 14 69 35 97 37 99 6 7 21 77 43 105 45 107 54 116 56 118 84 140 154 155 62 124 64 126 92 147 158 28 15 16 39 101 66 127 68 129 22 23 47 109 74 134 76 86 142 88 144 115 156 160 50 94 148 96 11 123 29 57 40 41 70 131 98 149 100 48 49 78 106 117 157 119 26 141 51 81 125 31 2 9 71 72 102 128 79 143 53 8 24 10 103 25 
137 32 152 153 80 110 20 54 58 33 61 62 159 104 132 38 108 135 42 111 1 5 46 82 55 85 86 59 89 90 12 63 93 94 130 150 65 133 3 14 69 136 4 17 73 6 7 21 77 83 112 113 27 87 116 117 30 91 120 121 34 95 124 125 151 13 35 97 15 16 39 101 18 19 43 105 22 23 47 109 52 114 138 139 56 118 142 143 60 122 145 146 64 126 148 10 36 37 66 127 40 41 70 131 44 45 74 134 48 49 78 84 140 154 155 88 144 157 25 92 147 158 28 96 11 31 67 68 98 149 71 72 102 75 76 106 79 115 156 160 50 119 26 53 123 29 57 2 99 100 128 103 107 141 51 81 8 9 129 24 
138 102 62 56 84 113 154 107 128 103 131 132 90 63 93 94 86 87 88 114 115 139 160 109 134 76 136 129 149 150 72 133 152 14 91 120 121 34 95 124 125 116 117 118 119 140 141 155 81 49 78 137 106 153 108 18 100 151 159 35 104 15 38 39 60 122 145 146 64 126 148 10 142 143 144 8 156 24 50 112 79 80 110 20 135 42 4 44 130 36 65 66 3 40 69 70 92 147 158 28 96 11 31 32 157 25 26 27 51 52 82 111 1 5 46 17 73 19 75 13 67 97 98 16 71 101 123 29 57 58 2 33 61 53 54 55 83 6 7 21 77 43 105 45 37 99 127 41 9 59 89 12 85 22 23 47 74 68 30 48 
139 101 124 118 140 154 155 45 127 41 70 131 145 64 94 148 142 88 144 115 156 160 50 47 74 75 76 68 98 149 71 72 102 152 92 121 158 95 96 125 31 117 157 119 26 141 51 81 82 48 77 78 105 106 107 108 99 100 128 159 103 104 132 38 122 123 146 57 126 2 10 61 143 53 8 55 24 83 112 113 23 79 109 110 134 135 136 4 129 130 150 65 133 3 14 69 147 9 28 89 11 12 32 93 25 85 27 87 52 114 138 49 111 137 5 153 17 18 19 151 13 35 97 15 16 39 29 30 58 120 33 34 62 54 116 56 84 80 6 20 21 42 43 44 36 37 66 40 59 60 90 63 86 1 22 46 73 67 91 7 
140 71 64 142 154 115 156 105 99 101 41 103 92 94 95 96 88 117 157 139 160 141 51 23 45 74 134 127 68 129 70 131 72 133 121 122 123 124 125 126 2 118 119 143 53 155 81 24 83 47 48 49 75 76 106 153 98 149 100 151 102 152 104 15 145 146 147 9 148 10 11 12 144 8 25 85 50 112 52 114 77 78 79 80 107 108 135 42 128 159 130 36 132 38 3 40 158 28 29 30 31 32 33 34 26 27 54 116 82 138 84 109 110 111 1 136 4 17 73 150 65 13 67 14 69 16 57 58 59 60 61 62 63 55 56 86 113 137 5 6 7 18 19 43 35 97 37 39 89 90 91 93 87 20 21 22 44 66 120 46 
141 16 126 143 155 156 24 43 37 39 40 41 147 148 96 11 144 157 25 160 50 51 52 22 44 73 74 66 67 68 69 70 71 72 158 123 29 125 31 2 33 119 26 53 54 81 82 83 84 46 7 48 19 75 105 106 97 98 99 100 101 102 103 104 146 57 9 59 10 61 12 63 8 55 85 86 112 113 114 115 21 77 23 79 45 107 134 135 127 128 129 130 131 132 133 3 28 89 30 91 32 93 34 95 27 87 116 117 138 139 140 47 109 49 111 76 136 153 17 149 150 151 13 152 14 15 58 120 60 122 62 124 64 56 118 142 154 78 137 80 6 108 18 42 159 35 36 38 90 145 92 94 88 110 20 1 4 65 121 5 
142 98 92 154 88 117 157 77 71 99 127 128 94 121 122 123 115 139 160 118 119 143 53 105 23 47 109 101 41 103 68 129 149 150 95 124 125 145 146 147 9 140 141 155 81 144 8 25 85 45 74 134 48 49 78 137 70 131 72 133 100 151 159 35 64 126 148 10 158 28 29 30 156 24 50 112 26 27 54 116 75 76 106 153 79 80 110 20 102 152 104 15 130 36 65 66 96 11 31 32 57 58 59 60 51 52 82 138 55 56 86 107 108 135 42 111 1 5 46 132 38 3 40 13 67 97 2 33 61 62 89 90 91 83 84 113 87 136 4 17 73 6 7 21 14 69 16 37 12 63 93 120 114 18 19 43 22 39 34 44 
143 97 147 155 144 157 25 21 16 37 66 127 148 158 123 29 156 160 50 119 26 53 54 43 22 46 47 39 40 41 67 68 98 149 96 125 31 146 57 9 59 141 51 81 82 8 55 85 86 44 73 74 7 48 77 78 69 70 71 72 99 100 128 159 126 2 10 61 28 89 30 91 24 83 112 113 27 87 116 117 19 75 105 106 23 79 109 110 101 102 103 104 129 130 150 65 11 12 32 93 58 120 60 122 52 114 138 139 56 118 142 45 107 134 135 49 111 137 5 131 132 133 3 151 13 35 33 34 62 124 90 145 92 84 140 154 88 76 136 153 17 80 6 20 152 14 15 36 63 64 94 121 115 108 18 42 1 38 95 4 
144 67 158 156 157 119 26 7 69 97 37 99 96 123 146 57 160 141 51 143 53 8 55 19 21 22 23 16 39 101 66 127 68 129 125 126 2 147 9 28 89 155 81 24 83 25 85 27 87 43 44 45 46 47 48 49 40 41 70 131 98 149 100 151 148 10 11 12 29 30 58 120 50 112 52 114 54 116 56 118 73 74 75 76 77 78 79 80 71 72 102 152 128 159 130 36 31 32 33 34 59 60 90 145 82 138 84 140 86 142 88 105 106 107 108 109 110 111 1 103 104 132 38 150 65 13 61 62 63 64 91 92 121 113 154 115 117 134 135 136 4 137 5 6 133 3 14 35 93 94 95 122 139 153 17 18 20 15 124 42 
145 45 154 64 92 121 158 68 47 74 75 76 88 115 139 160 94 95 96 122 123 146 57 70 98 99 100 48 77 78 105 106 107 108 117 118 119 140 141 155 81 124 125 126 2 147 9 28 89 71 101 102 127 128 129 130 23 79 109 110 134 135 136 4 142 143 144 8 156 24 50 112 148 10 11 12 29 30 58 120 41 103 131 132 149 150 151 13 49 111 137 5 153 17 18 19 157 25 26 27 51 52 82 138 31 32 33 34 59 60 90 72 133 152 14 159 35 36 37 80 6 20 21 42 43 44 53 54 55 56 83 84 113 61 62 63 91 104 15 38 39 65 66 67 1 22 46 73 85 86 87 114 93 3 40 69 97 7 116 16 
146 44 155 126 147 158 28 67 46 73 19 75 144 156 160 50 148 96 11 123 29 57 58 69 97 37 99 7 21 77 43 105 45 107 157 119 26 141 51 81 82 125 31 2 33 9 59 89 90 16 39 101 66 127 68 129 22 23 47 109 74 134 76 136 143 53 8 55 24 83 112 113 10 61 12 63 30 91 120 121 40 41 70 131 98 149 100 151 48 49 78 137 106 153 108 18 25 85 27 87 52 114 138 139 32 93 34 95 60 122 145 71 72 102 152 128 159 130 36 79 80 110 20 135 42 4 54 116 56 118 84 140 154 62 124 64 92 103 104 132 38 150 65 13 111 1 5 17 86 142 88 115 94 133 3 14 35 6 117 15 
147 43 156 148 158 123 29 66 22 44 73 74 157 160 141 51 96 125 31 146 57 9 59 40 67 97 98 46 7 48 19 75 105 106 119 143 53 155 81 24 83 126 2 10 61 28 89 30 91 69 16 71 37 99 127 128 21 77 23 79 45 107 134 135 144 8 25 85 50 112 52 114 11 12 32 93 58 120 60 122 39 101 41 103 68 129 149 150 47 109 49 111 76 136 153 17 26 27 54 116 82 138 84 140 33 34 62 124 90 145 92 70 131 72 133 100 151 159 35 78 137 80 6 108 18 42 55 56 86 142 113 154 115 63 64 94 121 102 152 104 15 130 36 65 110 20 1 4 87 88 117 139 95 132 38 3 13 5 118 14 
148 21 157 158 96 125 31 39 43 22 46 47 160 119 143 53 123 146 57 126 2 10 61 66 40 69 70 44 73 74 7 48 77 78 141 155 81 144 8 25 85 147 9 28 89 11 12 32 93 67 97 98 16 71 101 102 19 75 105 106 23 79 109 110 156 24 50 112 26 27 54 116 29 30 58 120 33 34 62 124 37 99 127 128 41 103 131 132 45 107 134 135 49 111 137 5 51 52 82 138 55 56 86 142 59 60 90 145 63 64 94 68 129 149 150 72 133 152 14 76 136 153 17 80 6 20 83 84 113 154 87 88 117 91 92 121 95 100 151 159 35 104 15 38 108 18 42 1 114 115 139 118 122 130 36 65 3 4 140 13 
149 86 78 72 100 128 159 91 113 87 116 117 106 79 109 110 102 103 104 129 130 150 65 93 120 60 122 114 138 139 56 118 142 143 107 134 135 49 111 137 5 131 132 133 3 151 13 35 97 34 62 124 90 145 92 147 84 140 154 155 88 144 157 25 76 136 153 17 80 6 20 21 152 14 15 16 36 37 66 127 63 64 94 148 121 158 123 29 115 156 160 50 119 26 53 54 108 18 42 43 1 22 46 47 38 39 40 41 67 68 98 95 96 125 31 146 57 9 59 141 51 81 82 8 55 85 4 44 73 74 7 48 77 69 70 71 99 126 2 10 61 28 89 30 24 83 112 27 19 75 105 23 101 11 12 32 58 52 45 33 
150 85 137 133 151 159 35 30 112 27 54 116 153 80 110 20 152 104 15 130 36 65 66 32 58 59 60 52 82 138 55 56 86 142 108 135 42 111 1 5 46 132 38 3 40 13 67 97 98 33 61 62 89 90 91 92 83 84 113 154 87 88 117 157 136 4 17 73 6 7 21 77 14 69 16 71 37 99 127 128 12 63 93 94 120 121 122 123 114 115 139 160 118 119 143 53 18 19 43 105 22 23 47 109 39 101 41 103 68 129 149 34 95 124 125 145 146 147 9 140 141 155 81 144 8 25 44 45 74 134 48 49 78 70 131 72 100 64 126 148 10 158 28 29 156 24 50 26 75 76 106 79 102 96 11 31 57 51 107 2 
151 55 80 152 159 130 36 89 83 85 27 87 108 110 111 1 104 132 38 150 65 13 67 12 30 58 120 112 52 114 54 116 56 118 135 136 4 137 5 6 7 133 3 14 69 35 97 37 99 32 33 34 59 60 90 145 82 138 84 140 86 142 88 144 153 17 18 19 20 21 22 23 15 16 39 101 66 127 68 129 61 62 63 64 91 92 121 158 113 154 115 156 117 157 119 26 42 43 44 45 46 47 48 49 40 41 70 131 98 149 100 93 94 95 96 122 123 146 57 139 160 141 51 143 53 8 73 74 75 76 77 78 79 71 72 102 128 124 125 126 2 147 9 28 155 81 24 25 105 106 107 109 103 148 10 11 29 50 134 31 
152 82 108 159 104 132 38 61 55 83 112 113 110 135 136 4 130 150 65 133 3 14 69 89 12 32 93 85 27 87 52 114 138 139 111 137 5 153 17 18 19 151 13 35 97 15 16 39 101 30 58 120 33 34 62 124 54 116 56 118 84 140 154 155 80 6 20 21 42 43 44 45 36 37 66 127 40 41 70 131 59 60 90 145 63 64 94 148 86 142 88 144 115 156 160 50 1 22 46 47 73 74 75 76 67 68 98 149 71 72 102 91 92 121 158 95 96 125 31 117 157 119 26 141 51 81 7 48 77 78 105 106 107 99 100 128 103 122 123 146 57 126 2 10 143 53 8 24 23 79 109 134 129 147 9 28 11 25 49 29 
153 30 159 80 108 135 42 52 32 58 59 60 104 130 150 65 110 111 1 136 4 17 73 54 82 83 84 33 61 62 89 90 91 92 132 133 3 151 13 35 97 137 5 6 7 18 19 43 105 55 85 86 112 113 114 115 12 63 93 94 120 121 122 123 152 14 15 16 36 37 66 127 20 21 22 23 44 45 74 134 27 87 116 117 138 139 140 141 34 95 124 125 145 146 147 9 38 39 40 41 67 68 98 149 46 47 48 49 75 76 106 56 118 142 143 154 155 156 24 64 126 148 10 158 28 29 69 70 71 72 99 100 128 77 78 79 107 88 144 157 25 160 50 51 96 11 31 57 101 102 103 129 109 119 26 53 81 2 131 8 
154 70 94 88 115 139 160 75 98 71 101 102 121 95 124 125 117 118 119 140 141 155 81 77 105 45 107 99 127 128 41 103 131 132 122 145 146 64 126 148 10 142 143 144 8 156 24 50 112 23 47 109 74 134 76 136 68 129 149 150 72 133 152 14 92 147 158 28 96 11 31 32 157 25 26 27 51 52 82 138 48 49 78 137 106 153 108 18 100 151 159 35 104 15 38 39 123 29 57 58 2 33 61 62 53 54 55 56 83 84 113 79 80 110 20 135 42 4 44 130 36 65 66 3 40 69 9 59 89 90 12 63 93 85 86 87 114 111 1 5 46 17 73 19 13 67 97 16 30 91 120 34 116 6 7 21 43 37 60 22 
155 69 148 144 156 160 50 19 97 16 39 101 158 96 125 31 157 119 26 141 51 81 82 21 43 44 45 37 66 127 40 41 70 131 123 146 57 126 2 10 61 143 53 8 55 24 83 112 113 22 46 47 73 74 75 76 67 68 98 149 71 72 102 152 147 9 28 89 11 12 32 93 25 85 27 87 52 114 138 139 7 48 77 78 105 106 107 108 99 100 128 159 103 104 132 38 29 30 58 120 33 34 62 124 54 116 56 118 84 140 154 23 79 109 110 134 135 136 4 129 130 150 65 133 3 14 59 60 90 145 63 64 94 86 142 88 115 49 111 137 5 153 17 18 151 13 35 15 91 92 121 95 117 80 6 20 42 36 122 1 
156 40 96 157 160 141 51 73 67 69 16 71 123 125 126 2 119 143 53 155 81 24 83 7 19 43 105 97 37 99 39 101 41 103 146 147 9 148 10 11 12 144 8 25 85 50 112 52 114 21 22 23 44 45 74 134 66 127 68 129 70 131 72 133 158 28 29 30 31 32 33 34 26 27 54 116 82 138 84 140 46 47 48 49 75 76 106 153 98 149 100 151 102 152 104 15 57 58 59 60 61 62 63 64 55 56 86 142 113 154 115 77 78 79 80 107 108 135 42 128 159 130 36 132 38 3 89 90 91 92 93 94 95 87 88 117 139 109 110 111 1 136 4 17 150 65 13 14 120 121 122 124 118 137 5 6 18 35 145 20 
157 66 123 160 119 143 53 46 40 67 97 98 125 146 147 9 141 155 81 144 8 25 85 73 7 21 77 69 16 71 37 99 127 128 126 148 10 158 28 29 30 156 24 50 112 26 27 54 116 19 43 105 22 23 47 109 39 101 41 103 68 129 149 150 96 11 31 32 57 58 59 60 51 52 82 138 55 56 86 142 44 45 74 134 48 49 78 137 70 131 72 133 100 151 159 35 2 33 61 62 89 90 91 92 83 84 113 154 87 88 117 75 76 106 153 79 80 110 20 102 152 104 15 130 36 65 12 63 93 94 120 121 122 114 115 139 118 107 108 135 42 111 1 5 132 38 3 13 34 95 124 145 140 136 4 17 6 14 64 18 
158 19 160 96 123 146 57 37 21 43 44 45 119 141 155 81 125 126 2 147 9 28 89 39 66 67 68 22 46 47 73 74 75 76 143 144 8 156 24 50 112 148 10 11 12 29 30 58 120 40 69 70 97 98 99 100 7 48 77 78 105 106 107 108 157 25 26 27 51 52 82 138 31 32 33 34 59 60 90 145 16 71 101 102 127 128 129 130 23 79 109 110 134 135 136 4 53 54 55 56 83 84 113 154 61 62 63 64 91 92 121 41 103 131 132 149 150 151 13 49 111 137 5 153 17 18 85 86 87 88 114 115 139 93 94 95 122 72 133 152 14 159 35 36 80 6 20 42 116 117 118 140 124 104 15 38 65 1 142 3 
159 54 110 104 130 150 65 59 82 55 85 86 135 111 137 5 132 133 3 151 13 35 97 61 89 30 91 83 112 113 27 87 116 117 136 153 17 80 6 20 21 152 14 15 16 36 37 66 127 12 32 93 58 120 60 122 52 114 138 139 56 118 142 143 108 18 42 43 1 22 46 47 38 39 40 41 67 68 98 149 33 34 62 124 90 145 92 147 84 140 154 155 88 144 157 25 4 44 73 74 7 48 77 78 69 70 71 72 99 100 128 63 64 94 148 121 158 123 29 115 156 160 50 119 26 53 19 75 105 106 23 79 109 101 102 103 129 95 96 125 31 146 57 9 141 51 81 8 45 107 134 49 131 126 2 10 28 24 76 11 
160 39 125 119 141 155 81 44 66 40 69 70 146 126 148 10 143 144 8 156 24 50 112 46 73 19 75 67 97 98 16 71 101 102 147 158 28 96 11 31 32 157 25 26 27 51 52 82 138 7 21 77 43 105 45 107 37 99 127 128 41 103 131 132 123 29 57 58 2 33 61 62 53 54 55 56 83 84 113 154 22 23 47 109 74 134 76 136 68 129 149 150 72 133 152 14 9 59 89 90 12 63 93 94 85 86 87 88 114 115 139 48 49 78 137 106 153 108 18 100 151 159 35 104 15 38 30 91 120 121 34 95 124 116 117 118 140 79 80 110 20 135 42 4 130 36 65 3 60 122 145 64 142 111 1 5 17 13 92 6 
