160 155
1 2 3 4 5 6 7 8 9 10 11 12 13 14 15 16 17 18 19 20 21 22 23 24 25 26 27 28 29 30 31 32 33 34 35 36 37 38 39 40 41 42 43 44 45 46 47 48 49 50 51 52 53 54 55 56 57 58 59 60 61 62 63 64 65 66 67 68 69 70 71 72 73 74 75 76 77 78 79 80 81 82 83 84 85 86 87 88 89 90 91 92 93 94 95 96 97 98 99 100 101 102 103 104 105 106 107 108 109 110 111 112 113 114 115 116 117 118 119 120 121 122 123 124 125 126 127 128 129 130 131 132 133 134 135 136 137 138 139 140 141 142 143 144 145 146 147 148 149 150 151 152 153 154 155 156 157 158 159 160 
2 5 8 9 10 11 12 14 17 1 20 21 24 25 26 27 28 29 30 31 32 33 34 35 3 38 39 4 42 43 6 7 46 47 50 51 52 53 54 55 56 57 58 59 60 61 62 63 64 13 65 66 15 16 69 70 18 19 73 74 22 23 77 78 81 82 83 84 85 86 87 88 89 90 91 92 93 94 95 96 36 37 97 98 40 41 101 102 44 45 105 106 48 49 109 110 112 113 114 115 116 117 118 119 120 121 122 123 124 125 126 67 68 127 128 71 72 131 132 75 76 134 135 79 80 137 138 139 140 141 142 143 144 145 146 147 148 99 100 149 150 103 104 152 107 108 153 111 154 155 156 157 158 129 130 159 133 136 160 151 
3 8 1 13 14 15 16 2 24 25 26 27 4 5 6 7 35 36 37 38 39 40 41 9 10 11 12 50 51 52 53 54 55 56 17 18 19 20 21 22 23 65 66 67 68 69 70 71 72 28 29 30 31 32 33 34 81 82 83 84 85 86 87 88 42 43 44 45 46 47 48 49 97 98 99 100 101 102 103 104 57 58 59 60 61 62 63 64 112 113 114 115 116 117 118 119 73 74 75 76 77 78 79 80 127 128 129 130 131 132 133 89 90 91 92 93 94 95 96 138 139 140 141 142 143 144 105 106 107 108 109 110 111 149 150 151 152 120 121 122 123 124 125 126 154 155 156 157 134 135 136 137 159 145 146 147 148 160 153 158 
4 9 36 1 17 18 19 51 2 28 29 30 15 65 13 67 5 6 7 42 43 44 45 26 81 24 83 10 11 12 57 58 59 60 38 3 40 35 97 37 99 20 21 22 23 73 74 75 76 53 8 55 50 112 52 114 31 32 33 34 89 90 91 92 14 69 16 71 66 127 68 129 46 47 48 49 105 106 107 108 25 85 27 87 82 138 84 140 61 62 63 64 120 121 122 123 39 101 41 103 98 149 100 151 77 78 79 80 134 135 136 54 116 56 118 113 154 115 156 93 94 95 96 145 146 147 70 131 72 133 128 159 130 109 110 111 153 86 142 88 144 139 160 141 124 125 126 158 102 152 104 150 137 117 157 119 155 148 132 143 
5 10 14 17 1 20 21 25 28 2 31 32 35 3 38 39 4 42 43 6 7 46 47 50 8 53 54 9 57 58 11 12 61 62 13 65 66 15 16 69 70 18 19 73 74 22 23 77 78 24 81 82 26 27 85 86 29 30 89 90 33 34 93 94 36 37 97 98 40 41 101 102 44 45 105 106 48 49 109 110 51 52 112 113 55 56 116 117 59 60 120 121 63 64 124 125 67 68 127 128 71 72 131 132 75 76 134 135 79 80 137 83 84 138 139 87 88 142 143 91 92 145 146 95 96 148 99 100 149 150 103 104 152 107 108 153 111 114 115 154 155 118 119 157 122 123 158 126 129 130 159 133 136 140 141 160 144 147 151 156 
6 11 15 18 20 1 22 26 29 31 2 33 36 38 3 40 42 4 44 5 46 7 48 51 53 8 55 57 9 59 10 61 12 63 65 13 67 14 69 16 71 17 73 19 75 21 77 23 79 81 24 83 25 85 27 87 28 89 30 91 32 93 34 95 35 97 37 99 39 101 41 103 43 105 45 107 47 109 49 111 50 112 52 114 54 116 56 118 58 120 60 122 62 124 64 126 66 127 68 129 70 131 72 133 74 134 76 136 78 137 80 82 138 84 140 86 142 88 144 90 145 92 147 94 148 96 98 149 100 151 102 152 104 106 153 108 110 113 154 115 156 117 157 119 121 158 123 125 128 159 130 132 135 139 160 141 143 146 150 155 
7 96 16 19 21 22 23 119 123 125 126 2 37 39 40 41 43 44 45 46 47 48 49 141 143 144 8 146 147 9 148 10 11 12 66 67 68 69 70 71 72 73 74 75 76 77 78 79 80 155 156 24 157 25 26 27 158 28 29 30 31 32 33 34 97 98 99 100 101 102 103 104 105 106 107 108 109 110 111 1 160 50 51 52 53 54 55 56 57 58 59 60 61 62 63 64 127 128 129 130 131 132 133 3 134 135 136 4 137 5 6 81 82 83 84 85 86 87 88 89 90 91 92 93 94 95 149 150 151 13 152 14 15 153 17 18 20 112 113 114 115 116 117 118 120 121 122 124 159 35 36 38 42 138 139 140 142 145 65 154 
8 14 2 24 25 26 27 5 35 3 38 39 9 10 11 12 50 51 52 53 54 55 56 17 1 20 21 13 65 66 15 16 69 70 28 29 30 31 32 33 34 81 82 83 84 85 86 87 88 4 42 43 6 7 46 47 36 37 97 98 40 41 101 102 57 58 59 60 61 62 63 64 112 113 114 115 116 117 118 119 18 19 73 74 22 23 77 78 67 68 127 128 71 72 131 132 89 90 91 92 93 94 95 96 138 139 140 141 142 143 144 44 45 105 106 48 49 109 110 99 100 149 150 103 104 152 120 121 122 123 124 125 126 154 155 156 157 75 76 134 135 79 80 137 129 130 159 133 145 146 147 148 160 107 108 153 111 151 158 136 
9 17 51 2 28 29 30 65 5 4 42 43 26 81 24 83 10 11 12 57 58 59 60 38 36 35 97 1 20 21 18 19 73 74 53 8 55 50 112 52 114 31 32 33 34 89 90 91 92 15 14 69 13 67 66 127 6 7 46 47 44 45 105 106 25 85 27 87 82 138 84 140 61 62 63 64 120 121 122 123 3 40 39 101 37 99 98 149 22 23 77 78 75 76 134 135 54 116 56 118 113 154 115 156 93 94 95 96 145 146 147 16 71 70 131 68 129 128 159 48 49 109 110 107 108 153 86 142 88 144 139 160 141 124 125 126 158 41 103 102 152 100 151 150 79 80 137 136 117 157 119 155 148 72 133 132 130 111 143 104 
10 1 25 28 2 31 32 3 4 5 6 7 50 8 53 54 9 57 58 11 12 61 62 13 14 15 16 17 18 19 20 21 22 23 24 81 82 26 27 85 86 29 30 89 90 33 34 93 94 35 36 37 38 39 40 41 42 43 44 45 46 47 48 49 51 52 112 113 55 56 116 117 59 60 120 121 63 64 124 125 65 66 67 68 69 70 71 72 73 74 75 76 77 78 79 80 83 84 138 139 87 88 142 143 91 92 145 146 95 96 148 97 98 99 100 101 102 103 104 105 106 107 108 109 110 111 114 115 154 155 118 119 157 122 123 158 126 127 128 129 130 131 132 133 134 135 136 137 140 141 160 144 147 149 150 151 152 153 156 159 
11 20 26 29 31 2 33 38 42 6 5 46 51 53 8 55 57 9 59 10 61 12 63 65 15 14 69 18 17 73 1 22 21 77 81 24 83 25 85 27 87 28 89 30 91 32 93 34 95 36 35 97 3 40 39 101 4 44 43 105 7 48 47 109 50 112 52 114 54 116 56 118 58 120 60 122 62 124 64 126 13 67 66 127 16 71 70 131 19 75 74 134 23 79 78 137 82 138 84 140 86 142 88 144 90 145 92 147 94 148 96 37 99 98 149 41 103 102 152 45 107 106 153 49 111 110 113 154 115 156 117 157 119 121 158 123 125 68 129 128 159 72 133 132 76 136 135 80 139 160 141 143 146 100 151 150 104 108 155 130 
12 110 27 30 32 33 34 132 135 80 137 5 52 54 55 56 58 59 60 61 62 63 64 150 104 152 14 108 153 17 111 1 20 21 82 83 84 85 86 87 88 89 90 91 92 93 94 95 96 130 159 35 133 3 38 39 136 4 42 43 6 7 46 47 112 113 114 115 116 117 118 119 120 121 122 123 124 125 126 2 151 13 65 66 15 16 69 70 18 19 73 74 22 23 77 78 138 139 140 141 142 143 144 8 145 146 147 9 148 10 11 36 37 97 98 40 41 101 102 44 45 105 106 48 49 109 154 155 156 24 157 25 26 158 28 29 31 67 68 127 128 71 72 131 75 76 134 79 160 50 51 53 57 99 100 149 103 107 81 129 
13 24 18 3 35 36 37 29 8 50 51 52 6 42 4 44 14 15 16 65 66 67 68 11 57 9 59 25 26 27 81 82 83 84 20 1 22 17 73 19 75 38 39 40 41 97 98 99 100 31 2 33 28 89 30 91 53 54 55 56 112 113 114 115 5 46 7 48 43 105 45 107 69 70 71 72 127 128 129 130 10 61 12 63 58 120 60 122 85 86 87 88 138 139 140 141 21 77 23 79 74 134 76 136 101 102 103 104 149 150 151 32 93 34 95 90 145 92 147 116 117 118 119 154 155 156 47 109 49 111 106 153 108 131 132 133 159 62 124 64 126 121 158 123 142 143 144 160 78 137 80 135 152 94 148 96 146 157 110 125 
14 25 5 35 3 38 39 10 50 8 53 54 17 1 20 21 13 65 66 15 16 69 70 28 2 31 32 24 81 82 26 27 85 86 4 42 43 6 7 46 47 36 37 97 98 40 41 101 102 9 57 58 11 12 61 62 51 52 112 113 55 56 116 117 18 19 73 74 22 23 77 78 67 68 127 128 71 72 131 132 29 30 89 90 33 34 93 94 83 84 138 139 87 88 142 143 44 45 105 106 48 49 109 110 99 100 149 150 103 104 152 59 60 120 121 63 64 124 125 114 115 154 155 118 119 157 75 76 134 135 79 80 137 129 130 159 133 91 92 145 146 95 96 148 140 141 160 144 107 108 153 111 151 122 123 158 126 156 136 147 
15 26 6 36 38 3 40 11 51 53 8 55 18 20 1 22 65 13 67 14 69 16 71 29 31 2 33 81 24 83 25 85 27 87 42 4 44 5 46 7 48 35 97 37 99 39 101 41 103 57 9 59 10 61 12 63 50 112 52 114 54 116 56 118 17 73 19 75 21 77 23 79 66 127 68 129 70 131 72 133 28 89 30 91 32 93 34 95 82 138 84 140 86 142 88 144 43 105 45 107 47 109 49 111 98 149 100 151 102 152 104 58 120 60 122 62 124 64 126 113 154 115 156 117 157 119 74 134 76 136 78 137 80 128 159 130 132 90 145 92 147 94 148 96 139 160 141 143 106 153 108 110 150 121 158 123 125 155 135 146 
16 119 7 37 39 40 41 96 141 143 144 8 19 21 22 23 66 67 68 69 70 71 72 123 125 126 2 155 156 24 157 25 26 27 43 44 45 46 47 48 49 97 98 99 100 101 102 103 104 146 147 9 148 10 11 12 160 50 51 52 53 54 55 56 73 74 75 76 77 78 79 80 127 128 129 130 131 132 133 3 158 28 29 30 31 32 33 34 81 82 83 84 85 86 87 88 105 106 107 108 109 110 111 1 149 150 151 13 152 14 15 57 58 59 60 61 62 63 64 112 113 114 115 116 117 118 134 135 136 4 137 5 6 159 35 36 38 89 90 91 92 93 94 95 138 139 140 142 153 17 18 20 65 120 121 122 124 154 42 145 
17 28 65 5 4 42 43 81 10 9 57 58 38 36 35 97 1 20 21 18 19 73 74 53 51 50 112 2 31 32 29 30 89 90 15 14 69 13 67 66 127 6 7 46 47 44 45 105 106 26 25 85 24 83 82 138 11 12 61 62 59 60 120 121 3 40 39 101 37 99 98 149 22 23 77 78 75 76 134 135 8 55 54 116 52 114 113 154 33 34 93 94 91 92 145 146 16 71 70 131 68 129 128 159 48 49 109 110 107 108 153 27 87 86 142 84 140 139 160 63 64 124 125 122 123 158 41 103 102 152 100 151 150 79 80 137 136 56 118 117 157 115 156 155 95 96 148 147 72 133 132 130 111 88 144 143 141 126 104 119 
18 29 13 6 42 4 44 24 11 57 9 59 3 35 36 37 20 1 22 17 73 19 75 8 50 51 52 31 2 33 28 89 30 91 14 15 16 65 66 67 68 5 46 7 48 43 105 45 107 25 26 27 81 82 83 84 10 61 12 63 58 120 60 122 38 39 40 41 97 98 99 100 21 77 23 79 74 134 76 136 53 54 55 56 112 113 114 115 32 93 34 95 90 145 92 147 69 70 71 72 127 128 129 130 47 109 49 111 106 153 108 85 86 87 88 138 139 140 141 62 124 64 126 121 158 123 101 102 103 104 149 150 151 78 137 80 135 116 117 118 119 154 155 156 94 148 96 146 131 132 133 159 110 142 143 144 160 125 152 157 
19 123 67 7 43 44 45 156 96 146 147 9 40 97 37 99 21 22 23 73 74 75 76 144 160 141 51 125 126 2 158 28 29 30 69 16 71 66 127 68 129 46 47 48 49 105 106 107 108 157 119 26 155 81 24 83 148 10 11 12 57 58 59 60 39 101 41 103 98 149 100 151 77 78 79 80 134 135 136 4 143 53 8 55 50 112 52 114 31 32 33 34 89 90 91 92 70 131 72 133 128 159 130 36 109 110 111 1 153 17 18 25 85 27 87 82 138 84 140 61 62 63 64 120 121 122 102 152 104 15 150 65 13 137 5 6 42 54 116 56 118 113 154 115 93 94 95 145 132 38 3 35 20 86 142 88 139 124 14 117 
20 31 38 42 6 5 46 53 57 11 10 61 65 15 14 69 18 17 73 1 22 21 77 81 26 25 85 29 28 89 2 33 32 93 36 35 97 3 40 39 101 4 44 43 105 7 48 47 109 51 50 112 8 55 54 116 9 59 58 120 12 63 62 124 13 67 66 127 16 71 70 131 19 75 74 134 23 79 78 137 24 83 82 138 27 87 86 142 30 91 90 145 34 95 94 148 37 99 98 149 41 103 102 152 45 107 106 153 49 111 110 52 114 113 154 56 118 117 157 60 122 121 158 64 126 125 68 129 128 159 72 133 132 76 136 135 80 84 140 139 160 88 144 143 92 147 146 96 100 151 150 104 108 115 156 155 119 123 130 141 
21 125 39 43 7 46 47 143 146 96 148 10 66 16 69 70 19 73 74 22 23 77 78 155 119 157 25 123 158 28 126 2 31 32 37 97 98 40 41 101 102 44 45 105 106 48 49 109 110 141 160 50 144 8 53 54 147 9 57 58 11 12 61 62 67 68 127 128 71 72 131 132 75 76 134 135 79 80 137 5 156 24 81 82 26 27 85 86 29 30 89 90 33 34 93 94 99 100 149 150 103 104 152 14 107 108 153 17 111 1 20 51 52 112 113 55 56 116 117 59 60 120 121 63 64 124 129 130 159 35 133 3 38 136 4 42 6 83 84 138 139 87 88 142 91 92 145 95 151 13 65 15 18 114 115 154 118 122 36 140 
22 126 40 44 46 7 48 144 147 148 96 11 67 69 16 71 73 19 75 21 77 23 79 156 157 119 26 158 123 29 125 31 2 33 97 37 99 39 101 41 103 43 105 45 107 47 109 49 111 160 141 51 143 53 8 55 146 57 9 59 10 61 12 63 66 127 68 129 70 131 72 133 74 134 76 136 78 137 80 6 155 81 24 83 25 85 27 87 28 89 30 91 32 93 34 95 98 149 100 151 102 152 104 15 106 153 108 18 110 20 1 50 112 52 114 54 116 56 118 58 120 60 122 62 124 64 128 159 130 36 132 38 3 135 42 4 5 82 138 84 140 86 142 88 90 145 92 94 150 65 13 14 17 113 154 115 117 121 35 139 
23 64 41 45 47 48 49 88 92 94 95 96 68 70 71 72 74 75 76 77 78 79 80 115 117 118 119 121 122 123 124 125 126 2 98 99 100 101 102 103 104 105 106 107 108 109 110 111 1 139 140 141 142 143 144 8 145 146 147 9 148 10 11 12 127 128 129 130 131 132 133 3 134 135 136 4 137 5 6 7 154 155 156 24 157 25 26 27 158 28 29 30 31 32 33 34 149 150 151 13 152 14 15 16 153 17 18 19 20 21 22 160 50 51 52 53 54 55 56 57 58 59 60 61 62 63 159 35 36 37 38 39 40 42 43 44 46 81 82 83 84 85 86 87 89 90 91 93 65 66 67 69 73 112 113 114 116 120 97 138 
24 35 29 8 50 51 52 42 14 13 65 66 11 57 9 59 25 26 27 81 82 83 84 20 18 17 73 3 38 39 36 37 97 98 31 2 33 28 89 30 91 53 54 55 56 112 113 114 115 6 5 46 4 44 43 105 15 16 69 70 67 68 127 128 10 61 12 63 58 120 60 122 85 86 87 88 138 139 140 141 1 22 21 77 19 75 74 134 40 41 101 102 99 100 149 150 32 93 34 95 90 145 92 147 116 117 118 119 154 155 156 7 48 47 109 45 107 106 153 71 72 131 132 129 130 159 62 124 64 126 121 158 123 142 143 144 160 23 79 78 137 76 136 135 103 104 152 151 94 148 96 146 157 49 111 110 108 133 125 80 
25 3 10 50 8 53 54 1 13 14 15 16 28 2 31 32 24 81 82 26 27 85 86 4 5 6 7 35 36 37 38 39 40 41 9 57 58 11 12 61 62 51 52 112 113 55 56 116 117 17 18 19 20 21 22 23 65 66 67 68 69 70 71 72 29 30 89 90 33 34 93 94 83 84 138 139 87 88 142 143 42 43 44 45 46 47 48 49 97 98 99 100 101 102 103 104 59 60 120 121 63 64 124 125 114 115 154 155 118 119 157 73 74 75 76 77 78 79 80 127 128 129 130 131 132 133 91 92 145 146 95 96 148 140 141 160 144 105 106 107 108 109 110 111 149 150 151 152 122 123 158 126 156 134 135 136 137 159 147 153 
26 38 11 51 53 8 55 20 65 15 14 69 29 31 2 33 81 24 83 25 85 27 87 42 6 5 46 36 35 97 3 40 39 101 57 9 59 10 61 12 63 50 112 52 114 54 116 56 118 18 17 73 1 22 21 77 13 67 66 127 16 71 70 131 28 89 30 91 32 93 34 95 82 138 84 140 86 142 88 144 4 44 43 105 7 48 47 109 37 99 98 149 41 103 102 152 58 120 60 122 62 124 64 126 113 154 115 156 117 157 119 19 75 74 134 23 79 78 137 68 129 128 159 72 133 132 90 145 92 147 94 148 96 139 160 141 143 45 107 106 153 49 111 110 100 151 150 104 121 158 123 125 155 76 136 135 80 130 146 108 
27 132 12 52 54 55 56 110 150 104 152 14 30 32 33 34 82 83 84 85 86 87 88 135 80 137 5 130 159 35 133 3 38 39 58 59 60 61 62 63 64 112 113 114 115 116 117 118 119 108 153 17 111 1 20 21 151 13 65 66 15 16 69 70 89 90 91 92 93 94 95 96 138 139 140 141 142 143 144 8 136 4 42 43 6 7 46 47 36 37 97 98 40 41 101 102 120 121 122 123 124 125 126 2 154 155 156 24 157 25 26 18 19 73 74 22 23 77 78 67 68 127 128 71 72 131 145 146 147 9 148 10 11 160 50 51 53 44 45 105 106 48 49 109 99 100 149 103 158 28 29 31 81 75 76 134 79 129 57 107 
28 4 81 10 9 57 58 36 1 17 18 19 53 51 50 112 2 31 32 29 30 89 90 15 65 13 67 5 6 7 42 43 44 45 26 25 85 24 83 82 138 11 12 61 62 59 60 120 121 38 3 40 35 97 37 99 20 21 22 23 73 74 75 76 8 55 54 116 52 114 113 154 33 34 93 94 91 92 145 146 14 69 16 71 66 127 68 129 46 47 48 49 105 106 107 108 27 87 86 142 84 140 139 160 63 64 124 125 122 123 158 39 101 41 103 98 149 100 151 77 78 79 80 134 135 136 56 118 117 157 115 156 155 95 96 148 147 70 131 72 133 128 159 130 109 110 111 153 88 144 143 141 126 102 152 104 150 137 119 132 
29 42 24 11 57 9 59 35 20 18 17 73 8 50 51 52 31 2 33 28 89 30 91 14 13 65 66 6 5 46 4 44 43 105 25 26 27 81 82 83 84 10 61 12 63 58 120 60 122 3 38 39 36 37 97 98 1 22 21 77 19 75 74 134 53 54 55 56 112 113 114 115 32 93 34 95 90 145 92 147 15 16 69 70 67 68 127 128 7 48 47 109 45 107 106 153 85 86 87 88 138 139 140 141 62 124 64 126 121 158 123 40 41 101 102 99 100 149 150 23 79 78 137 76 136 135 116 117 118 119 154 155 156 94 148 96 146 71 72 131 132 129 130 159 49 111 110 108 142 143 144 160 125 103 104 152 151 80 157 133 
30 135 83 12 58 59 60 159 110 108 153 17 55 112 52 114 32 33 34 89 90 91 92 152 151 150 65 80 137 5 136 4 42 43 85 27 87 82 138 84 140 61 62 63 64 120 121 122 123 133 132 38 130 36 35 97 111 1 20 21 18 19 73 74 54 116 56 118 113 154 115 156 93 94 95 96 145 146 147 9 104 15 14 69 13 67 66 127 6 7 46 47 44 45 105 106 86 142 88 144 139 160 141 51 124 125 126 2 158 28 29 3 40 39 101 37 99 98 149 22 23 77 78 75 76 134 117 157 119 26 155 81 24 148 10 11 57 16 71 70 131 68 129 128 48 49 109 107 143 53 8 50 31 41 103 102 100 79 25 72 
31 6 53 57 11 10 61 15 18 20 1 22 81 26 25 85 29 28 89 2 33 32 93 36 38 3 40 42 4 44 5 46 7 48 51 50 112 8 55 54 116 9 59 58 120 12 63 62 124 65 13 67 14 69 16 71 17 73 19 75 21 77 23 79 24 83 82 138 27 87 86 142 30 91 90 145 34 95 94 148 35 97 37 99 39 101 41 103 43 105 45 107 47 109 49 111 52 114 113 154 56 118 117 157 60 122 121 158 64 126 125 66 127 68 129 70 131 72 133 74 134 76 136 78 137 80 84 140 139 160 88 144 143 92 147 146 96 98 149 100 151 102 152 104 106 153 108 110 115 156 155 119 123 128 159 130 132 135 141 150 
32 80 54 58 12 61 62 104 108 110 111 1 82 27 85 86 30 89 90 33 34 93 94 130 132 133 3 135 136 4 137 5 6 7 52 112 113 55 56 116 117 59 60 120 121 63 64 124 125 150 151 13 152 14 15 16 153 17 18 19 20 21 22 23 83 84 138 139 87 88 142 143 91 92 145 146 95 96 148 10 159 35 36 37 38 39 40 41 42 43 44 45 46 47 48 49 114 115 154 155 118 119 157 25 122 123 158 28 126 2 31 65 66 67 68 69 70 71 72 73 74 75 76 77 78 79 140 141 160 50 144 8 53 147 9 57 11 97 98 99 100 101 102 103 105 106 107 109 156 24 81 26 29 127 128 129 131 134 51 149 
33 137 55 59 61 12 63 152 153 111 110 20 83 85 27 87 89 30 91 32 93 34 95 159 133 132 38 136 135 42 80 6 5 46 112 52 114 54 116 56 118 58 120 60 122 62 124 64 126 151 150 65 104 15 14 69 108 18 17 73 1 22 21 77 82 138 84 140 86 142 88 144 90 145 92 147 94 148 96 11 130 36 35 97 3 40 39 101 4 44 43 105 7 48 47 109 113 154 115 156 117 157 119 26 121 158 123 29 125 31 2 13 67 66 127 16 71 70 131 19 75 74 134 23 79 78 139 160 141 51 143 53 8 146 57 9 10 37 99 98 149 41 103 102 45 107 106 49 155 81 24 25 28 68 129 128 72 76 50 100 
34 78 56 60 62 63 64 102 106 49 109 110 84 86 87 88 90 91 92 93 94 95 96 128 72 131 132 76 134 135 79 80 137 5 113 114 115 116 117 118 119 120 121 122 123 124 125 126 2 100 149 150 103 104 152 14 107 108 153 17 111 1 20 21 138 139 140 141 142 143 144 8 145 146 147 9 148 10 11 12 129 130 159 35 133 3 38 39 136 4 42 43 6 7 46 47 154 155 156 24 157 25 26 27 158 28 29 30 31 32 33 151 13 65 66 15 16 69 70 18 19 73 74 22 23 77 160 50 51 52 53 54 55 57 58 59 61 36 37 97 98 40 41 101 44 45 105 48 81 82 83 85 89 67 68 127 71 75 112 99 
35 50 42 14 13 65 66 57 25 24 81 82 20 18 17 73 3 38 39 36 37 97 98 31 29 28 89 8 53 54 51 52 112 113 6 5 46 4 44 43 105 15 16 69 70 67 68 127 128 11 10 61 9 59 58 120 26 27 85 86 83 84 138 139 1 22 21 77 19 75 74 134 40 41 101 102 99 100 149 150 2 33 32 93 30 91 90 145 55 56 116 117 114 115 154 155 7 48 47 109 45 107 106 153 71 72 131 132 129 130 159 12 63 62 124 60 122 121 158 87 88 142 143 140 141 160 23 79 78 137 76 136 135 103 104 152 151 34 95 94 148 92 147 146 118 119 157 156 49 111 110 108 133 64 126 125 123 144 80 96 
36 51 4 15 65 13 67 9 26 81 24 83 1 17 18 19 38 3 40 35 97 37 99 2 28 29 30 53 8 55 50 112 52 114 5 6 7 42 43 44 45 14 69 16 71 66 127 68 129 10 11 12 57 58 59 60 25 85 27 87 82 138 84 140 20 21 22 23 73 74 75 76 39 101 41 103 98 149 100 151 31 32 33 34 89 90 91 92 54 116 56 118 113 154 115 156 46 47 48 49 105 106 107 108 70 131 72 133 128 159 130 61 62 63 64 120 121 122 123 86 142 88 144 139 160 141 77 78 79 80 134 135 136 102 152 104 150 93 94 95 96 145 146 147 117 157 119 155 109 110 111 153 132 124 125 126 158 143 137 148 
37 141 44 16 66 67 68 147 119 155 156 24 22 73 19 75 39 40 41 97 98 99 100 126 158 123 29 143 144 8 160 50 51 52 46 7 48 43 105 45 107 69 70 71 72 127 128 129 130 148 96 11 146 57 9 59 157 25 26 27 81 82 83 84 21 77 23 79 74 134 76 136 101 102 103 104 149 150 151 13 125 31 2 33 28 89 30 91 53 54 55 56 112 113 114 115 47 109 49 111 106 153 108 18 131 132 133 3 159 35 36 10 61 12 63 58 120 60 122 85 86 87 88 138 139 140 78 137 80 6 135 42 4 152 14 15 65 32 93 34 95 90 145 92 116 117 118 154 110 20 1 17 38 62 124 64 121 142 5 94 
38 53 20 65 15 14 69 31 81 26 25 85 42 6 5 46 36 35 97 3 40 39 101 57 11 10 61 51 50 112 8 55 54 116 18 17 73 1 22 21 77 13 67 66 127 16 71 70 131 29 28 89 2 33 32 93 24 83 82 138 27 87 86 142 4 44 43 105 7 48 47 109 37 99 98 149 41 103 102 152 9 59 58 120 12 63 62 124 52 114 113 154 56 118 117 157 19 75 74 134 23 79 78 137 68 129 128 159 72 133 132 30 91 90 145 34 95 94 148 84 140 139 160 88 144 143 45 107 106 153 49 111 110 100 151 150 104 60 122 121 158 64 126 125 115 156 155 119 76 136 135 80 130 92 147 146 96 141 108 123 
39 143 21 66 16 69 70 125 155 119 157 25 43 7 46 47 37 97 98 40 41 101 102 146 96 148 10 141 160 50 144 8 53 54 19 73 74 22 23 77 78 67 68 127 128 71 72 131 132 123 158 28 126 2 31 32 156 24 81 82 26 27 85 86 44 45 105 106 48 49 109 110 99 100 149 150 103 104 152 14 147 9 57 58 11 12 61 62 51 52 112 113 55 56 116 117 75 76 134 135 79 80 137 5 129 130 159 35 133 3 38 29 30 89 90 33 34 93 94 83 84 138 139 87 88 142 107 108 153 17 111 1 20 151 13 65 15 59 60 120 121 63 64 124 114 115 154 118 136 4 42 6 36 91 92 145 95 140 18 122 
40 144 22 67 69 16 71 126 156 157 119 26 44 46 7 48 97 37 99 39 101 41 103 147 148 96 11 160 141 51 143 53 8 55 73 19 75 21 77 23 79 66 127 68 129 70 131 72 133 158 123 29 125 31 2 33 155 81 24 83 25 85 27 87 43 105 45 107 47 109 49 111 98 149 100 151 102 152 104 15 146 57 9 59 10 61 12 63 50 112 52 114 54 116 56 118 74 134 76 136 78 137 80 6 128 159 130 36 132 38 3 28 89 30 91 32 93 34 95 82 138 84 140 86 142 88 106 153 108 18 110 20 1 150 65 13 14 58 120 60 122 62 124 64 113 154 115 117 135 42 4 5 35 90 145 92 94 139 17 121 
41 88 23 68 70 71 72 64 115 117 118 119 45 47 48 49 98 99 100 101 102 103 104 92 94 95 96 139 140 141 142 143 144 8 74 75 76 77 78 79 80 127 128 129 130 131 132 133 3 121 122 123 124 125 126 2 154 155 156 24 157 25 26 27 105 106 107 108 109 110 111 1 149 150 151 13 152 14 15 16 145 146 147 9 148 10 11 12 160 50 51 52 53 54 55 56 134 135 136 4 137 5 6 7 159 35 36 37 38 39 40 158 28 29 30 31 32 33 34 81 82 83 84 85 86 87 153 17 18 19 20 21 22 65 66 67 69 57 58 59 60 61 62 63 112 113 114 116 42 43 44 46 97 89 90 91 93 138 73 120 
42 57 35 20 18 17 73 50 31 29 28 89 14 13 65 66 6 5 46 4 44 43 105 25 24 81 82 11 10 61 9 59 58 120 3 38 39 36 37 97 98 1 22 21 77 19 75 74 134 8 53 54 51 52 112 113 2 33 32 93 30 91 90 145 15 16 69 70 67 68 127 128 7 48 47 109 45 107 106 153 26 27 85 86 83 84 138 139 12 63 62 124 60 122 121 158 40 41 101 102 99 100 149 150 23 79 78 137 76 136 135 55 56 116 117 114 115 154 155 34 95 94 148 92 147 146 71 72 131 132 129 130 159 49 111 110 108 87 88 142 143 140 141 160 64 126 125 123 103 104 152 151 80 118 119 157 156 96 133 144 
43 146 97 21 19 73 74 160 125 123 158 28 69 67 66 127 7 46 47 44 45 105 106 157 156 155 81 96 148 10 147 9 57 58 40 39 101 37 99 98 149 22 23 77 78 75 76 134 135 144 143 53 141 51 50 112 126 2 31 32 29 30 89 90 16 71 70 131 68 129 128 159 48 49 109 110 107 108 153 17 119 26 25 85 24 83 82 138 11 12 61 62 59 60 120 121 41 103 102 152 100 151 150 65 79 80 137 5 136 4 42 8 55 54 116 52 114 113 154 33 34 93 94 91 92 145 72 133 132 38 130 36 35 111 1 20 18 27 87 86 142 84 140 139 63 64 124 122 104 15 14 13 6 56 118 117 115 95 3 88 
44 147 37 22 73 19 75 141 126 158 123 29 16 66 67 68 46 7 48 43 105 45 107 119 155 156 24 148 96 11 146 57 9 59 39 40 41 97 98 99 100 21 77 23 79 74 134 76 136 143 144 8 160 50 51 52 125 31 2 33 28 89 30 91 69 70 71 72 127 128 129 130 47 109 49 111 106 153 108 18 157 25 26 27 81 82 83 84 10 61 12 63 58 120 60 122 101 102 103 104 149 150 151 13 78 137 80 6 135 42 4 53 54 55 56 112 113 114 115 32 93 34 95 90 145 92 131 132 133 3 159 35 36 110 20 1 17 85 86 87 88 138 139 140 62 124 64 121 152 14 15 65 5 116 117 118 154 94 38 142 
45 92 99 23 74 75 76 140 64 121 122 123 71 127 68 129 47 48 49 105 106 107 108 118 154 115 156 94 95 96 145 146 147 9 101 41 103 98 149 100 151 77 78 79 80 134 135 136 4 142 88 144 139 160 141 51 124 125 126 2 158 28 29 30 70 131 72 133 128 159 130 36 109 110 111 1 153 17 18 19 117 157 119 26 155 81 24 83 148 10 11 12 57 58 59 60 102 152 104 15 150 65 13 67 137 5 6 7 42 43 44 143 53 8 55 50 112 52 114 31 32 33 34 89 90 91 132 38 3 40 35 97 37 20 21 22 73 25 85 27 87 82 138 84 61 62 63 120 14 69 16 66 46 54 116 56 113 93 39 86 
46 148 69 73 22 21 77 157 158 126 125 31 97 40 39 101 44 43 105 7 48 47 109 160 144 143 53 147 146 57 96 11 10 61 67 66 127 16 71 70 131 19 75 74 134 23 79 78 137 156 155 81 119 26 25 85 123 29 28 89 2 33 32 93 37 99 98 149 41 103 102 152 45 107 106 153 49 111 110 20 141 51 50 112 8 55 54 116 9 59 58 120 12 63 62 124 68 129 128 159 72 133 132 38 76 136 135 42 80 6 5 24 83 82 138 27 87 86 142 30 91 90 145 34 95 94 100 151 150 65 104 15 14 108 18 17 1 52 114 113 154 56 118 117 60 122 121 64 130 36 35 3 4 84 140 139 88 92 13 115 
47 94 70 74 23 77 78 117 121 64 124 125 98 41 101 102 45 105 106 48 49 109 110 139 88 142 143 92 145 146 95 96 148 10 68 127 128 71 72 131 132 75 76 134 135 79 80 137 5 115 154 155 118 119 157 25 122 123 158 28 126 2 31 32 99 100 149 150 103 104 152 14 107 108 153 17 111 1 20 21 140 141 160 50 144 8 53 54 147 9 57 58 11 12 61 62 129 130 159 35 133 3 38 39 136 4 42 43 6 7 46 156 24 81 82 26 27 85 86 29 30 89 90 33 34 93 151 13 65 66 15 16 69 18 19 73 22 51 52 112 113 55 56 116 59 60 120 63 36 37 97 40 44 83 84 138 87 91 67 114 
48 95 71 75 77 23 79 118 122 124 64 126 99 101 41 103 105 45 107 47 109 49 111 140 142 88 144 145 92 147 94 148 96 11 127 68 129 70 131 72 133 74 134 76 136 78 137 80 6 154 115 156 117 157 119 26 121 158 123 29 125 31 2 33 98 149 100 151 102 152 104 15 106 153 108 18 110 20 1 22 139 160 141 51 143 53 8 55 146 57 9 59 10 61 12 63 128 159 130 36 132 38 3 40 135 42 4 44 5 46 7 155 81 24 83 25 85 27 87 28 89 30 91 32 93 34 150 65 13 67 14 69 16 17 73 19 21 50 112 52 114 54 116 56 58 120 60 62 35 97 37 39 43 82 138 84 86 90 66 113 
49 34 72 76 78 79 80 56 60 62 63 64 100 102 103 104 106 107 108 109 110 111 1 84 86 87 88 90 91 92 93 94 95 96 128 129 130 131 132 133 3 134 135 136 4 137 5 6 7 113 114 115 116 117 118 119 120 121 122 123 124 125 126 2 149 150 151 13 152 14 15 16 153 17 18 19 20 21 22 23 138 139 140 141 142 143 144 8 145 146 147 9 148 10 11 12 159 35 36 37 38 39 40 41 42 43 44 45 46 47 48 154 155 156 24 157 25 26 27 158 28 29 30 31 32 33 65 66 67 68 69 70 71 73 74 75 77 160 50 51 52 53 54 55 57 58 59 61 97 98 99 101 105 81 82 83 85 89 127 112 
50 13 57 25 24 81 82 18 3 35 36 37 31 29 28 89 8 53 54 51 52 112 113 6 42 4 44 14 15 16 65 66 67 68 11 10 61 9 59 58 120 26 27 85 86 83 84 138 139 20 1 22 17 73 19 75 38 39 40 41 97 98 99 100 2 33 32 93 30 91 90 145 55 56 116 117 114 115 154 155 5 46 7 48 43 105 45 107 69 70 71 72 127 128 129 130 12 63 62 124 60 122 121 158 87 88 142 143 140 141 160 21 77 23 79 74 134 76 136 101 102 103 104 149 150 151 34 95 94 148 92 147 146 118 119 157 156 47 109 49 111 106 153 108 131 132 133 159 64 126 125 123 144 78 137 80 135 152 96 110 
51 65 9 26 81 24 83 17 38 36 35 97 2 28 29 30 53 8 55 50 112 52 114 5 4 42 43 15 14 69 13 67 66 127 10 11 12 57 58 59 60 25 85 27 87 82 138 84 140 1 20 21 18 19 73 74 3 40 39 101 37 99 98 149 31 32 33 34 89 90 91 92 54 116 56 118 113 154 115 156 6 7 46 47 44 45 105 106 16 71 70 131 68 129 128 159 61 62 63 64 120 121 122 123 86 142 88 144 139 160 141 22 23 77 78 75 76 134 135 41 103 102 152 100 151 150 93 94 95 96 145 146 147 117 157 119 155 48 49 109 110 107 108 153 72 133 132 130 124 125 126 158 143 79 80 137 136 104 148 111 
52 150 59 27 82 83 84 153 132 130 159 35 33 89 30 91 54 55 56 112 113 114 115 137 136 135 42 104 152 14 151 13 65 66 61 12 63 58 120 60 122 85 86 87 88 138 139 140 141 111 110 20 108 18 17 73 133 3 38 39 36 37 97 98 32 93 34 95 90 145 92 147 116 117 118 119 154 155 156 24 80 6 5 46 4 44 43 105 15 16 69 70 67 68 127 128 62 124 64 126 121 158 123 29 142 143 144 8 160 50 51 1 22 21 77 19 75 74 134 40 41 101 102 99 100 149 94 148 96 11 146 57 9 157 25 26 81 7 48 47 109 45 107 106 71 72 131 129 125 31 2 28 53 23 79 78 76 103 10 49 
53 15 31 81 26 25 85 6 36 38 3 40 57 11 10 61 51 50 112 8 55 54 116 18 20 1 22 65 13 67 14 69 16 71 29 28 89 2 33 32 93 24 83 82 138 27 87 86 142 42 4 44 5 46 7 48 35 97 37 99 39 101 41 103 9 59 58 120 12 63 62 124 52 114 113 154 56 118 117 157 17 73 19 75 21 77 23 79 66 127 68 129 70 131 72 133 30 91 90 145 34 95 94 148 84 140 139 160 88 144 143 43 105 45 107 47 109 49 111 98 149 100 151 102 152 104 60 122 121 158 64 126 125 115 156 155 119 74 134 76 136 78 137 80 128 159 130 132 92 147 146 96 141 106 153 108 110 150 123 135 
54 104 32 82 27 85 86 80 130 132 133 3 58 12 61 62 52 112 113 55 56 116 117 108 110 111 1 150 151 13 152 14 15 16 30 89 90 33 34 93 94 83 84 138 139 87 88 142 143 135 136 4 137 5 6 7 159 35 36 37 38 39 40 41 59 60 120 121 63 64 124 125 114 115 154 155 118 119 157 25 153 17 18 19 20 21 22 23 65 66 67 68 69 70 71 72 91 92 145 146 95 96 148 10 140 141 160 50 144 8 53 42 43 44 45 46 47 48 49 97 98 99 100 101 102 103 122 123 158 28 126 2 31 156 24 81 26 73 74 75 76 77 78 79 127 128 129 131 147 9 57 11 51 105 106 107 109 149 29 134 
55 152 33 83 85 27 87 137 159 133 132 38 59 61 12 63 112 52 114 54 116 56 118 153 111 110 20 151 150 65 104 15 14 69 89 30 91 32 93 34 95 82 138 84 140 86 142 88 144 136 135 42 80 6 5 46 130 36 35 97 3 40 39 101 58 120 60 122 62 124 64 126 113 154 115 156 117 157 119 26 108 18 17 73 1 22 21 77 13 67 66 127 16 71 70 131 90 145 92 147 94 148 96 11 139 160 141 51 143 53 8 4 44 43 105 7 48 47 109 37 99 98 149 41 103 102 121 158 123 29 125 31 2 155 81 24 25 19 75 74 134 23 79 78 68 129 128 72 146 57 9 10 50 45 107 106 49 100 28 76 
56 102 34 84 86 87 88 78 128 72 131 132 60 62 63 64 113 114 115 116 117 118 119 106 49 109 110 100 149 150 103 104 152 14 90 91 92 93 94 95 96 138 139 140 141 142 143 144 8 76 134 135 79 80 137 5 129 130 159 35 133 3 38 39 120 121 122 123 124 125 126 2 154 155 156 24 157 25 26 27 107 108 153 17 111 1 20 21 151 13 65 66 15 16 69 70 145 146 147 9 148 10 11 12 160 50 51 52 53 54 55 136 4 42 43 6 7 46 47 36 37 97 98 40 41 101 158 28 29 30 31 32 33 81 82 83 85 18 19 73 74 22 23 77 67 68 127 71 57 58 59 61 112 44 45 105 48 99 89 75 
57 18 50 31 29 28 89 13 6 42 4 44 25 24 81 82 11 10 61 9 59 58 120 3 35 36 37 20 1 22 17 73 19 75 8 53 54 51 52 112 113 2 33 32 93 30 91 90 145 14 15 16 65 66 67 68 5 46 7 48 43 105 45 107 26 27 85 86 83 84 138 139 12 63 62 124 60 122 121 158 38 39 40 41 97 98 99 100 21 77 23 79 74 134 76 136 55 56 116 117 114 115 154 155 34 95 94 148 92 147 146 69 70 71 72 127 128 129 130 47 109 49 111 106 153 108 87 88 142 143 140 141 160 64 126 125 123 101 102 103 104 149 150 151 78 137 80 135 118 119 157 156 96 131 132 133 159 110 144 152 
58 108 112 32 30 89 90 151 80 135 136 4 85 83 82 138 12 61 62 59 60 120 121 133 159 130 36 110 111 1 153 17 18 19 55 54 116 52 114 113 154 33 34 93 94 91 92 145 146 152 104 15 150 65 13 67 137 5 6 7 42 43 44 45 27 87 86 142 84 140 139 160 63 64 124 125 122 123 158 28 132 38 3 40 35 97 37 99 20 21 22 23 73 74 75 76 56 118 117 157 115 156 155 81 95 96 148 10 147 9 57 14 69 16 71 66 127 68 129 46 47 48 49 105 106 107 88 144 143 53 141 51 50 126 2 31 29 39 101 41 103 98 149 100 77 78 79 134 119 26 25 24 11 70 131 72 128 109 8 102 
59 153 52 33 89 30 91 150 137 136 135 42 27 82 83 84 61 12 63 58 120 60 122 132 130 159 35 111 110 20 108 18 17 73 54 55 56 112 113 114 115 32 93 34 95 90 145 92 147 104 152 14 151 13 65 66 80 6 5 46 4 44 43 105 85 86 87 88 138 139 140 141 62 124 64 126 121 158 123 29 133 3 38 39 36 37 97 98 1 22 21 77 19 75 74 134 116 117 118 119 154 155 156 24 94 148 96 11 146 57 9 15 16 69 70 67 68 127 128 7 48 47 109 45 107 106 142 143 144 8 160 50 51 125 31 2 28 40 41 101 102 99 100 149 23 79 78 76 157 25 26 81 10 71 72 131 129 49 53 103 
60 106 114 34 90 91 92 149 78 76 134 135 87 138 84 140 62 63 64 120 121 122 123 131 129 128 159 49 109 110 107 108 153 17 116 56 118 113 154 115 156 93 94 95 96 145 146 147 9 103 102 152 100 151 150 65 79 80 137 5 136 4 42 43 86 142 88 144 139 160 141 51 124 125 126 2 158 28 29 30 72 133 132 38 130 36 35 97 111 1 20 21 18 19 73 74 117 157 119 26 155 81 24 83 148 10 11 12 57 58 59 104 15 14 69 13 67 66 127 6 7 46 47 44 45 105 143 53 8 55 50 112 52 31 32 33 89 3 40 39 101 37 99 98 22 23 77 75 25 85 27 82 61 16 71 70 68 48 54 41 
61 111 85 89 33 32 93 133 136 137 80 6 112 55 54 116 59 58 120 12 63 62 124 151 152 104 15 153 108 18 110 20 1 22 83 82 138 27 87 86 142 30 91 90 145 34 95 94 148 159 130 36 132 38 3 40 135 42 4 44 5 46 7 48 52 114 113 154 56 118 117 157 60 122 121 158 64 126 125 31 150 65 13 67 14 69 16 71 17 73 19 75 21 77 23 79 84 140 139 160 88 144 143 53 92 147 146 57 96 11 10 35 97 37 99 39 101 41 103 43 105 45 107 47 109 49 115 156 155 81 119 26 25 123 29 28 2 66 127 68 129 70 131 72 74 134 76 78 141 51 50 8 9 98 149 100 102 106 24 128 
62 49 86 90 34 93 94 72 76 78 79 80 113 56 116 117 60 120 121 63 64 124 125 100 102 103 104 106 107 108 109 110 111 1 84 138 139 87 88 142 143 91 92 145 146 95 96 148 10 128 129 130 131 132 133 3 134 135 136 4 137 5 6 7 114 115 154 155 118 119 157 25 122 123 158 28 126 2 31 32 149 150 151 13 152 14 15 16 153 17 18 19 20 21 22 23 140 141 160 50 144 8 53 54 147 9 57 58 11 12 61 159 35 36 37 38 39 40 41 42 43 44 45 46 47 48 156 24 81 82 26 27 85 29 30 89 33 65 66 67 68 69 70 71 73 74 75 77 51 52 112 55 59 97 98 99 101 105 83 127 
63 109 87 91 93 34 95 131 134 79 78 137 114 116 56 118 120 60 122 62 124 64 126 149 103 102 152 107 106 153 49 111 110 20 138 84 140 86 142 88 144 90 145 92 147 94 148 96 11 129 128 159 72 133 132 38 76 136 135 42 80 6 5 46 113 154 115 156 117 157 119 26 121 158 123 29 125 31 2 33 100 151 150 65 104 15 14 69 108 18 17 73 1 22 21 77 139 160 141 51 143 53 8 55 146 57 9 59 10 61 12 130 36 35 97 3 40 39 101 4 44 43 105 7 48 47 155 81 24 83 25 85 27 28 89 30 32 13 67 66 127 16 71 70 19 75 74 23 50 112 52 54 58 37 99 98 41 45 82 68 
64 47 88 92 94 95 96 70 74 23 77 78 115 117 118 119 121 122 123 124 125 126 2 98 41 101 102 45 105 106 48 49 109 110 139 140 141 142 143 144 8 145 146 147 9 148 10 11 12 68 127 128 71 72 131 132 75 76 134 135 79 80 137 5 154 155 156 24 157 25 26 27 158 28 29 30 31 32 33 34 99 100 149 150 103 104 152 14 107 108 153 17 111 1 20 21 160 50 51 52 53 54 55 56 57 58 59 60 61 62 63 129 130 159 35 133 3 38 39 136 4 42 43 6 7 46 81 82 83 84 85 86 87 89 90 91 93 151 13 65 66 15 16 69 18 19 73 22 112 113 114 116 120 36 37 97 40 44 138 67 
65 81 17 38 36 35 97 28 53 51 50 112 5 4 42 43 15 14 69 13 67 66 127 10 9 57 58 26 25 85 24 83 82 138 1 20 21 18 19 73 74 3 40 39 101 37 99 98 149 2 31 32 29 30 89 90 8 55 54 116 52 114 113 154 6 7 46 47 44 45 105 106 16 71 70 131 68 129 128 159 11 12 61 62 59 60 120 121 27 87 86 142 84 140 139 160 22 23 77 78 75 76 134 135 41 103 102 152 100 151 150 33 34 93 94 91 92 145 146 56 118 117 157 115 156 155 48 49 109 110 107 108 153 72 133 132 130 63 64 124 125 122 123 158 88 144 143 141 79 80 137 136 104 95 96 148 147 119 111 126 
66 155 73 39 37 97 98 158 143 141 160 50 46 44 43 105 16 69 70 67 68 127 128 148 147 146 57 119 157 25 156 24 81 82 22 21 77 19 75 74 134 40 41 101 102 99 100 149 150 126 125 31 123 29 28 89 144 8 53 54 51 52 112 113 7 48 47 109 45 107 106 153 71 72 131 132 129 130 159 35 96 11 10 61 9 59 58 120 26 27 85 86 83 84 138 139 23 79 78 137 76 136 135 42 103 104 152 14 151 13 65 2 33 32 93 30 91 90 145 55 56 116 117 114 115 154 49 111 110 20 108 18 17 133 3 38 36 12 63 62 124 60 122 121 87 88 142 140 80 6 5 4 15 34 95 94 92 118 1 64 
67 156 19 40 97 37 99 123 144 160 141 51 7 43 44 45 69 16 71 66 127 68 129 96 146 147 9 157 119 26 155 81 24 83 21 22 23 73 74 75 76 39 101 41 103 98 149 100 151 125 126 2 158 28 29 30 143 53 8 55 50 112 52 114 46 47 48 49 105 106 107 108 70 131 72 133 128 159 130 36 148 10 11 12 57 58 59 60 25 85 27 87 82 138 84 140 77 78 79 80 134 135 136 4 102 152 104 15 150 65 13 31 32 33 34 89 90 91 92 54 116 56 118 113 154 115 109 110 111 1 153 17 18 132 38 3 35 61 62 63 64 120 121 122 86 142 88 139 137 5 6 42 14 93 94 95 145 117 20 124 
68 115 75 41 98 99 100 122 88 139 140 141 48 105 45 107 70 71 72 127 128 129 130 95 145 92 147 117 118 119 154 155 156 24 77 23 79 74 134 76 136 101 102 103 104 149 150 151 13 124 64 126 121 158 123 29 142 143 144 8 160 50 51 52 47 109 49 111 106 153 108 18 131 132 133 3 159 35 36 37 94 148 96 11 146 57 9 59 157 25 26 27 81 82 83 84 78 137 80 6 135 42 4 44 152 14 15 16 65 66 67 125 31 2 33 28 89 30 91 53 54 55 56 112 113 114 110 20 1 22 17 73 19 38 39 40 97 10 61 12 63 58 120 60 85 86 87 138 5 46 7 43 69 32 93 34 90 116 21 62 
69 157 46 97 40 39 101 148 160 144 143 53 73 22 21 77 67 66 127 16 71 70 131 158 126 125 31 156 155 81 119 26 25 85 44 43 105 7 48 47 109 37 99 98 149 41 103 102 152 147 146 57 96 11 10 61 141 51 50 112 8 55 54 116 19 75 74 134 23 79 78 137 68 129 128 159 72 133 132 38 123 29 28 89 2 33 32 93 24 83 82 138 27 87 86 142 45 107 106 153 49 111 110 20 100 151 150 65 104 15 14 9 59 58 120 12 63 62 124 52 114 113 154 56 118 117 76 136 135 42 80 6 5 130 36 35 3 30 91 90 145 34 95 94 84 140 139 88 108 18 17 1 13 60 122 121 64 115 4 92 
70 117 47 98 41 101 102 94 139 88 142 143 74 23 77 78 68 127 128 71 72 131 132 121 64 124 125 115 154 155 118 119 157 25 45 105 106 48 49 109 110 99 100 149 150 103 104 152 14 92 145 146 95 96 148 10 140 141 160 50 144 8 53 54 75 76 134 135 79 80 137 5 129 130 159 35 133 3 38 39 122 123 158 28 126 2 31 32 156 24 81 82 26 27 85 86 107 108 153 17 111 1 20 21 151 13 65 66 15 16 69 147 9 57 58 11 12 61 62 51 52 112 113 55 56 116 136 4 42 43 6 7 46 36 37 97 40 29 30 89 90 33 34 93 83 84 138 87 18 19 73 22 67 59 60 120 63 114 44 91 
71 118 48 99 101 41 103 95 140 142 88 144 75 77 23 79 127 68 129 70 131 72 133 122 124 64 126 154 115 156 117 157 119 26 105 45 107 47 109 49 111 98 149 100 151 102 152 104 15 145 92 147 94 148 96 11 139 160 141 51 143 53 8 55 74 134 76 136 78 137 80 6 128 159 130 36 132 38 3 40 121 158 123 29 125 31 2 33 155 81 24 83 25 85 27 87 106 153 108 18 110 20 1 22 150 65 13 67 14 69 16 146 57 9 59 10 61 12 63 50 112 52 114 54 116 56 135 42 4 44 5 46 7 35 97 37 39 28 89 30 91 32 93 34 82 138 84 86 17 73 19 21 66 58 120 60 62 113 43 90 
72 56 49 100 102 103 104 34 84 86 87 88 76 78 79 80 128 129 130 131 132 133 3 60 62 63 64 113 114 115 116 117 118 119 106 107 108 109 110 111 1 149 150 151 13 152 14 15 16 90 91 92 93 94 95 96 138 139 140 141 142 143 144 8 134 135 136 4 137 5 6 7 159 35 36 37 38 39 40 41 120 121 122 123 124 125 126 2 154 155 156 24 157 25 26 27 153 17 18 19 20 21 22 23 65 66 67 68 69 70 71 145 146 147 9 148 10 11 12 160 50 51 52 53 54 55 42 43 44 45 46 47 48 97 98 99 101 158 28 29 30 31 32 33 81 82 83 85 73 74 75 77 127 57 58 59 61 112 105 89 
73 158 66 46 44 43 105 155 148 147 146 57 39 37 97 98 22 21 77 19 75 74 134 143 141 160 50 126 125 31 123 29 28 89 16 69 70 67 68 127 128 7 48 47 109 45 107 106 153 119 157 25 156 24 81 82 96 11 10 61 9 59 58 120 40 41 101 102 99 100 149 150 23 79 78 137 76 136 135 42 144 8 53 54 51 52 112 113 2 33 32 93 30 91 90 145 71 72 131 132 129 130 159 35 49 111 110 20 108 18 17 26 27 85 86 83 84 138 139 12 63 62 124 60 122 121 103 104 152 14 151 13 65 80 6 5 4 55 56 116 117 114 115 154 34 95 94 92 133 3 38 36 1 87 88 142 140 64 15 118 
74 121 127 47 45 105 106 154 94 92 145 146 101 99 98 149 23 77 78 75 76 134 135 142 140 139 160 64 124 125 122 123 158 28 71 70 131 68 129 128 159 48 49 109 110 107 108 153 17 118 117 157 115 156 155 81 95 96 148 10 147 9 57 58 41 103 102 152 100 151 150 65 79 80 137 5 136 4 42 43 88 144 143 53 141 51 50 112 126 2 31 32 29 30 89 90 72 133 132 38 130 36 35 97 111 1 20 21 18 19 73 119 26 25 85 24 83 82 138 11 12 61 62 59 60 120 104 15 14 69 13 67 66 6 7 46 44 8 55 54 116 52 114 113 33 34 93 91 3 40 39 37 22 27 87 86 84 63 16 56 
75 122 68 48 105 45 107 115 95 145 92 147 41 98 99 100 77 23 79 74 134 76 136 88 139 140 141 124 64 126 121 158 123 29 70 71 72 127 128 129 130 47 109 49 111 106 153 108 18 117 118 119 154 155 156 24 94 148 96 11 146 57 9 59 101 102 103 104 149 150 151 13 78 137 80 6 135 42 4 44 142 143 144 8 160 50 51 52 125 31 2 33 28 89 30 91 131 132 133 3 159 35 36 37 110 20 1 22 17 73 19 157 25 26 27 81 82 83 84 10 61 12 63 58 120 60 152 14 15 16 65 66 67 5 46 7 43 53 54 55 56 112 113 114 32 93 34 90 38 39 40 97 21 85 86 87 138 62 69 116 
76 60 129 49 106 107 108 114 34 90 91 92 103 149 100 151 78 79 80 134 135 136 4 87 138 84 140 62 63 64 120 121 122 123 131 72 133 128 159 130 36 109 110 111 1 153 17 18 19 116 56 118 113 154 115 156 93 94 95 96 145 146 147 9 102 152 104 15 150 65 13 67 137 5 6 7 42 43 44 45 86 142 88 144 139 160 141 51 124 125 126 2 158 28 29 30 132 38 3 40 35 97 37 99 20 21 22 23 73 74 75 117 157 119 26 155 81 24 83 148 10 11 12 57 58 59 14 69 16 71 66 127 68 46 47 48 105 143 53 8 55 50 112 52 31 32 33 89 39 101 41 98 77 25 85 27 82 61 70 54 
77 124 101 105 48 47 109 142 145 95 94 148 127 71 70 131 75 74 134 23 79 78 137 154 118 117 157 122 121 158 64 126 125 31 99 98 149 41 103 102 152 45 107 106 153 49 111 110 20 140 139 160 88 144 143 53 92 147 146 57 96 11 10 61 68 129 128 159 72 133 132 38 76 136 135 42 80 6 5 46 115 156 155 81 119 26 25 85 123 29 28 89 2 33 32 93 100 151 150 65 104 15 14 69 108 18 17 73 1 22 21 141 51 50 112 8 55 54 116 9 59 58 120 12 63 62 130 36 35 97 3 40 39 4 44 43 7 24 83 82 138 27 87 86 30 91 90 34 13 67 66 16 19 52 114 113 56 60 37 84 
78 62 102 106 49 109 110 86 90 34 93 94 128 72 131 132 76 134 135 79 80 137 5 113 56 116 117 60 120 121 63 64 124 125 100 149 150 103 104 152 14 107 108 153 17 111 1 20 21 84 138 139 87 88 142 143 91 92 145 146 95 96 148 10 129 130 159 35 133 3 38 39 136 4 42 43 6 7 46 47 114 115 154 155 118 119 157 25 122 123 158 28 126 2 31 32 151 13 65 66 15 16 69 70 18 19 73 74 22 23 77 140 141 160 50 144 8 53 54 147 9 57 58 11 12 61 36 37 97 98 40 41 101 44 45 105 48 156 24 81 82 26 27 85 29 30 89 33 67 68 127 71 75 51 52 112 55 59 99 83 
79 63 103 107 109 49 111 87 91 93 34 95 129 131 72 133 134 76 136 78 137 80 6 114 116 56 118 120 60 122 62 124 64 126 149 100 151 102 152 104 15 106 153 108 18 110 20 1 22 138 84 140 86 142 88 144 90 145 92 147 94 148 96 11 128 159 130 36 132 38 3 40 135 42 4 44 5 46 7 48 113 154 115 156 117 157 119 26 121 158 123 29 125 31 2 33 150 65 13 67 14 69 16 71 17 73 19 75 21 77 23 139 160 141 51 143 53 8 55 146 57 9 59 10 61 12 35 97 37 99 39 101 41 43 105 45 47 155 81 24 83 25 85 27 28 89 30 32 66 127 68 70 74 50 112 52 54 58 98 82 
80 12 104 108 110 111 1 27 30 32 33 34 130 132 133 3 135 136 4 137 5 6 7 52 54 55 56 58 59 60 61 62 63 64 150 151 13 152 14 15 16 153 17 18 19 20 21 22 23 82 83 84 85 86 87 88 89 90 91 92 93 94 95 96 159 35 36 37 38 39 40 41 42 43 44 45 46 47 48 49 112 113 114 115 116 117 118 119 120 121 122 123 124 125 126 2 65 66 67 68 69 70 71 72 73 74 75 76 77 78 79 138 139 140 141 142 143 144 8 145 146 147 9 148 10 11 97 98 99 100 101 102 103 105 106 107 109 154 155 156 24 157 25 26 158 28 29 31 127 128 129 131 134 160 50 51 53 57 149 81 
81 36 28 53 51 50 112 4 15 65 13 67 10 9 57 58 26 25 85 24 83 82 138 1 17 18 19 38 3 40 35 97 37 99 2 31 32 29 30 89 90 8 55 54 116 52 114 113 154 5 6 7 42 43 44 45 14 69 16 71 66 127 68 129 11 12 61 62 59 60 120 121 27 87 86 142 84 140 139 160 20 21 22 23 73 74 75 76 39 101 41 103 98 149 100 151 33 34 93 94 91 92 145 146 56 118 117 157 115 156 155 46 47 48 49 105 106 107 108 70 131 72 133 128 159 130 63 64 124 125 122 123 158 88 144 143 141 77 78 79 80 134 135 136 102 152 104 150 95 96 148 147 119 109 110 111 153 132 126 137 
82 130 89 54 52 112 113 136 104 150 151 13 61 59 58 120 27 85 86 83 84 138 139 111 153 108 18 132 133 3 159 35 36 37 33 32 93 30 91 90 145 55 56 116 117 114 115 154 155 137 80 6 135 42 4 44 152 14 15 16 65 66 67 68 12 63 62 124 60 122 121 158 87 88 142 143 140 141 160 50 110 20 1 22 17 73 19 75 38 39 40 41 97 98 99 100 34 95 94 148 92 147 146 57 118 119 157 25 156 24 81 5 46 7 48 43 105 45 107 69 70 71 72 127 128 129 64 126 125 31 123 29 28 144 8 53 51 21 77 23 79 74 134 76 101 102 103 149 96 11 10 9 26 47 109 49 106 131 2 78 
83 159 30 55 112 52 114 135 152 151 150 65 12 58 59 60 85 27 87 82 138 84 140 110 108 153 17 133 132 38 130 36 35 97 32 33 34 89 90 91 92 54 116 56 118 113 154 115 156 80 137 5 136 4 42 43 104 15 14 69 13 67 66 127 61 62 63 64 120 121 122 123 86 142 88 144 139 160 141 51 111 1 20 21 18 19 73 74 3 40 39 101 37 99 98 149 93 94 95 96 145 146 147 9 117 157 119 26 155 81 24 6 7 46 47 44 45 105 106 16 71 70 131 68 129 128 124 125 126 2 158 28 29 143 53 8 50 22 23 77 78 75 76 134 41 103 102 100 148 10 11 57 25 48 49 109 107 72 31 79 
84 128 91 56 113 114 115 134 102 100 149 150 63 120 60 122 86 87 88 138 139 140 141 109 107 106 153 72 131 132 129 130 159 35 93 34 95 90 145 92 147 116 117 118 119 154 155 156 24 79 78 137 76 136 135 42 103 104 152 14 151 13 65 66 62 124 64 126 121 158 123 29 142 143 144 8 160 50 51 52 49 111 110 20 108 18 17 73 133 3 38 39 36 37 97 98 94 148 96 11 146 57 9 59 157 25 26 27 81 82 83 80 6 5 46 4 44 43 105 15 16 69 70 67 68 127 125 31 2 33 28 89 30 53 54 55 112 1 22 21 77 19 75 74 40 41 101 99 10 61 12 58 85 7 48 47 45 71 32 23 
85 133 61 112 55 54 116 111 151 152 104 15 89 33 32 93 83 82 138 27 87 86 142 136 137 80 6 159 130 36 132 38 3 40 59 58 120 12 63 62 124 52 114 113 154 56 118 117 157 153 108 18 110 20 1 22 150 65 13 67 14 69 16 71 30 91 90 145 34 95 94 148 84 140 139 160 88 144 143 53 135 42 4 44 5 46 7 48 35 97 37 99 39 101 41 103 60 122 121 158 64 126 125 31 115 156 155 81 119 26 25 17 73 19 75 21 77 23 79 66 127 68 129 70 131 72 92 147 146 57 96 11 10 141 51 50 8 43 105 45 107 47 109 49 98 149 100 102 123 29 28 2 24 74 134 76 78 128 9 106 
86 72 62 113 56 116 117 49 100 102 103 104 90 34 93 94 84 138 139 87 88 142 143 76 78 79 80 128 129 130 131 132 133 3 60 120 121 63 64 124 125 114 115 154 155 118 119 157 25 106 107 108 109 110 111 1 149 150 151 13 152 14 15 16 91 92 145 146 95 96 148 10 140 141 160 50 144 8 53 54 134 135 136 4 137 5 6 7 159 35 36 37 38 39 40 41 122 123 158 28 126 2 31 32 156 24 81 82 26 27 85 153 17 18 19 20 21 22 23 65 66 67 68 69 70 71 147 9 57 58 11 12 61 51 52 112 55 42 43 44 45 46 47 48 97 98 99 101 29 30 89 33 83 73 74 75 77 127 59 105 
87 131 63 114 116 56 118 109 149 103 102 152 91 93 34 95 138 84 140 86 142 88 144 134 79 78 137 129 128 159 72 133 132 38 120 60 122 62 124 64 126 113 154 115 156 117 157 119 26 107 106 153 49 111 110 20 100 151 150 65 104 15 14 69 90 145 92 147 94 148 96 11 139 160 141 51 143 53 8 55 76 136 135 42 80 6 5 46 130 36 35 97 3 40 39 101 121 158 123 29 125 31 2 33 155 81 24 83 25 85 27 108 18 17 73 1 22 21 77 13 67 66 127 16 71 70 146 57 9 59 10 61 12 50 112 52 54 4 44 43 105 7 48 47 37 99 98 41 28 89 30 32 82 19 75 74 23 68 58 45 
88 70 64 115 117 118 119 47 98 41 101 102 92 94 95 96 139 140 141 142 143 144 8 74 23 77 78 68 127 128 71 72 131 132 121 122 123 124 125 126 2 154 155 156 24 157 25 26 27 45 105 106 48 49 109 110 99 100 149 150 103 104 152 14 145 146 147 9 148 10 11 12 160 50 51 52 53 54 55 56 75 76 134 135 79 80 137 5 129 130 159 35 133 3 38 39 158 28 29 30 31 32 33 34 81 82 83 84 85 86 87 107 108 153 17 111 1 20 21 151 13 65 66 15 16 69 57 58 59 60 61 62 63 112 113 114 116 136 4 42 43 6 7 46 36 37 97 40 89 90 91 93 138 18 19 73 22 67 120 44 
89 136 82 61 59 58 120 130 111 153 108 18 54 52 112 113 33 32 93 30 91 90 145 104 150 151 13 137 80 6 135 42 4 44 27 85 86 83 84 138 139 12 63 62 124 60 122 121 158 132 133 3 159 35 36 37 110 20 1 22 17 73 19 75 55 56 116 117 114 115 154 155 34 95 94 148 92 147 146 57 152 14 15 16 65 66 67 68 5 46 7 48 43 105 45 107 87 88 142 143 140 141 160 50 64 126 125 31 123 29 28 38 39 40 41 97 98 99 100 21 77 23 79 74 134 76 118 119 157 25 156 24 81 96 11 10 9 69 70 71 72 127 128 129 47 109 49 106 144 8 53 51 2 101 102 103 149 78 26 131 
90 76 138 62 60 120 121 129 49 106 107 108 116 114 113 154 34 93 94 91 92 145 146 103 149 100 151 78 79 80 134 135 136 4 87 86 142 84 140 139 160 63 64 124 125 122 123 158 28 131 72 133 128 159 130 36 109 110 111 1 153 17 18 19 56 118 117 157 115 156 155 81 95 96 148 10 147 9 57 58 102 152 104 15 150 65 13 67 137 5 6 7 42 43 44 45 88 144 143 53 141 51 50 112 126 2 31 32 29 30 89 132 38 3 40 35 97 37 99 20 21 22 23 73 74 75 119 26 25 85 24 83 82 11 12 61 59 14 69 16 71 66 127 68 46 47 48 105 8 55 54 52 33 39 101 41 98 77 27 70 
91 134 84 63 120 60 122 128 109 107 106 153 56 113 114 115 93 34 95 90 145 92 147 102 100 149 150 79 78 137 76 136 135 42 86 87 88 138 139 140 141 62 124 64 126 121 158 123 29 72 131 132 129 130 159 35 49 111 110 20 108 18 17 73 116 117 118 119 154 155 156 24 94 148 96 11 146 57 9 59 103 104 152 14 151 13 65 66 80 6 5 46 4 44 43 105 142 143 144 8 160 50 51 52 125 31 2 33 28 89 30 133 3 38 39 36 37 97 98 1 22 21 77 19 75 74 157 25 26 27 81 82 83 10 61 12 58 15 16 69 70 67 68 127 7 48 47 45 53 54 55 112 32 40 41 101 99 23 85 71 
92 74 140 64 121 122 123 127 47 45 105 106 118 154 115 156 94 95 96 145 146 147 9 101 99 98 149 23 77 78 75 76 134 135 142 88 144 139 160 141 51 124 125 126 2 158 28 29 30 71 70 131 68 129 128 159 48 49 109 110 107 108 153 17 117 157 119 26 155 81 24 83 148 10 11 12 57 58 59 60 41 103 102 152 100 151 150 65 79 80 137 5 136 4 42 43 143 53 8 55 50 112 52 114 31 32 33 34 89 90 91 72 133 132 38 130 36 35 97 111 1 20 21 18 19 73 25 85 27 87 82 138 84 61 62 63 120 104 15 14 69 13 67 66 6 7 46 44 54 116 56 113 93 3 40 39 37 22 86 16 
93 79 116 120 63 62 124 103 107 109 49 111 138 87 86 142 91 90 145 34 95 94 148 129 131 72 133 134 76 136 78 137 80 6 114 113 154 56 118 117 157 60 122 121 158 64 126 125 31 149 100 151 102 152 104 15 106 153 108 18 110 20 1 22 84 140 139 160 88 144 143 53 92 147 146 57 96 11 10 61 128 159 130 36 132 38 3 40 135 42 4 44 5 46 7 48 115 156 155 81 119 26 25 85 123 29 28 89 2 33 32 150 65 13 67 14 69 16 71 17 73 19 75 21 77 23 141 51 50 112 8 55 54 9 59 58 12 35 97 37 99 39 101 41 43 105 45 47 24 83 82 27 30 66 127 68 70 74 52 98 
94 23 117 121 64 124 125 41 45 47 48 49 139 88 142 143 92 145 146 95 96 148 10 68 70 71 72 74 75 76 77 78 79 80 115 154 155 118 119 157 25 122 123 158 28 126 2 31 32 98 99 100 101 102 103 104 105 106 107 108 109 110 111 1 140 141 160 50 144 8 53 54 147 9 57 58 11 12 61 62 127 128 129 130 131 132 133 3 134 135 136 4 137 5 6 7 156 24 81 82 26 27 85 86 29 30 89 90 33 34 93 149 150 151 13 152 14 15 16 153 17 18 19 20 21 22 51 52 112 113 55 56 116 59 60 120 63 159 35 36 37 38 39 40 42 43 44 46 83 84 138 87 91 65 66 67 69 73 114 97 
95 77 118 122 124 64 126 101 105 48 47 109 140 142 88 144 145 92 147 94 148 96 11 127 71 70 131 75 74 134 23 79 78 137 154 115 156 117 157 119 26 121 158 123 29 125 31 2 33 99 98 149 41 103 102 152 45 107 106 153 49 111 110 20 139 160 141 51 143 53 8 55 146 57 9 59 10 61 12 63 68 129 128 159 72 133 132 38 76 136 135 42 80 6 5 46 155 81 24 83 25 85 27 87 28 89 30 91 32 93 34 100 151 150 65 104 15 14 69 108 18 17 73 1 22 21 50 112 52 114 54 116 56 58 120 60 62 130 36 35 97 3 40 39 4 44 43 7 82 138 84 86 90 13 67 66 16 19 113 37 
96 21 119 123 125 126 2 39 43 7 46 47 141 143 144 8 146 147 9 148 10 11 12 66 16 69 70 19 73 74 22 23 77 78 155 156 24 157 25 26 27 158 28 29 30 31 32 33 34 37 97 98 40 41 101 102 44 45 105 106 48 49 109 110 160 50 51 52 53 54 55 56 57 58 59 60 61 62 63 64 67 68 127 128 71 72 131 132 75 76 134 135 79 80 137 5 81 82 83 84 85 86 87 88 89 90 91 92 93 94 95 99 100 149 150 103 104 152 14 107 108 153 17 111 1 20 112 113 114 115 116 117 118 120 121 122 124 129 130 159 35 133 3 38 136 4 42 6 138 139 140 142 145 151 13 65 15 18 154 36 
97 160 43 69 67 66 127 146 157 156 155 81 21 19 73 74 40 39 101 37 99 98 149 125 123 158 28 144 143 53 141 51 50 112 7 46 47 44 45 105 106 16 71 70 131 68 129 128 159 96 148 10 147 9 57 58 119 26 25 85 24 83 82 138 22 23 77 78 75 76 134 135 41 103 102 152 100 151 150 65 126 2 31 32 29 30 89 90 8 55 54 116 52 114 113 154 48 49 109 110 107 108 153 17 72 133 132 38 130 36 35 11 12 61 62 59 60 120 121 27 87 86 142 84 140 139 79 80 137 5 136 4 42 104 15 14 13 33 34 93 94 91 92 145 56 118 117 115 111 1 20 18 3 63 64 124 122 88 6 95 
98 139 105 70 68 127 128 145 117 115 154 155 77 75 74 134 41 101 102 99 100 149 150 124 122 121 158 88 142 143 140 141 160 50 48 47 109 45 107 106 153 71 72 131 132 129 130 159 35 95 94 148 92 147 146 57 118 119 157 25 156 24 81 82 23 79 78 137 76 136 135 42 103 104 152 14 151 13 65 66 64 126 125 31 123 29 28 89 144 8 53 54 51 52 112 113 49 111 110 20 108 18 17 73 133 3 38 39 36 37 97 96 11 10 61 9 59 58 120 26 27 85 86 83 84 138 80 6 5 46 4 44 43 15 16 69 67 2 33 32 93 30 91 90 55 56 116 114 1 22 21 19 40 12 63 62 60 87 7 34 
99 140 45 71 127 68 129 92 118 154 115 156 23 74 75 76 101 41 103 98 149 100 151 64 121 122 123 142 88 144 139 160 141 51 47 48 49 105 106 107 108 70 131 72 133 128 159 130 36 94 95 96 145 146 147 9 117 157 119 26 155 81 24 83 77 78 79 80 134 135 136 4 102 152 104 15 150 65 13 67 124 125 126 2 158 28 29 30 143 53 8 55 50 112 52 114 109 110 111 1 153 17 18 19 132 38 3 40 35 97 37 148 10 11 12 57 58 59 60 25 85 27 87 82 138 84 137 5 6 7 42 43 44 14 69 16 66 31 32 33 34 89 90 91 54 116 56 113 20 21 22 73 39 61 62 63 120 86 46 93 
100 84 107 72 128 129 130 91 56 113 114 115 79 134 76 136 102 103 104 149 150 151 13 63 120 60 122 86 87 88 138 139 140 141 109 49 111 106 153 108 18 131 132 133 3 159 35 36 37 93 34 95 90 145 92 147 116 117 118 119 154 155 156 24 78 137 80 6 135 42 4 44 152 14 15 16 65 66 67 68 62 124 64 126 121 158 123 29 142 143 144 8 160 50 51 52 110 20 1 22 17 73 19 75 38 39 40 41 97 98 99 94 148 96 11 146 57 9 59 157 25 26 27 81 82 83 5 46 7 48 43 105 45 69 70 71 127 125 31 2 33 28 89 30 53 54 55 112 21 77 23 74 101 10 61 12 58 85 47 32 
101 142 77 127 71 70 131 124 154 118 117 157 105 48 47 109 99 98 149 41 103 102 152 145 95 94 148 140 139 160 88 144 143 53 75 74 134 23 79 78 137 68 129 128 159 72 133 132 38 122 121 158 64 126 125 31 115 156 155 81 119 26 25 85 45 107 106 153 49 111 110 20 100 151 150 65 104 15 14 69 92 147 146 57 96 11 10 61 141 51 50 112 8 55 54 116 76 136 135 42 80 6 5 46 130 36 35 97 3 40 39 123 29 28 89 2 33 32 93 24 83 82 138 27 87 86 108 18 17 73 1 22 21 13 67 66 16 9 59 58 120 12 63 62 52 114 113 56 4 44 43 7 37 30 91 90 34 84 19 60 
102 86 78 128 72 131 132 62 113 56 116 117 106 49 109 110 100 149 150 103 104 152 14 90 34 93 94 84 138 139 87 88 142 143 76 134 135 79 80 137 5 129 130 159 35 133 3 38 39 60 120 121 63 64 124 125 114 115 154 155 118 119 157 25 107 108 153 17 111 1 20 21 151 13 65 66 15 16 69 70 91 92 145 146 95 96 148 10 140 141 160 50 144 8 53 54 136 4 42 43 6 7 46 47 36 37 97 98 40 41 101 122 123 158 28 126 2 31 32 156 24 81 82 26 27 85 18 19 73 74 22 23 77 67 68 127 71 147 9 57 58 11 12 61 51 52 112 55 44 45 105 48 99 29 30 89 33 83 75 59 
103 87 79 129 131 72 133 63 114 116 56 118 107 109 49 111 149 100 151 102 152 104 15 91 93 34 95 138 84 140 86 142 88 144 134 76 136 78 137 80 6 128 159 130 36 132 38 3 40 120 60 122 62 124 64 126 113 154 115 156 117 157 119 26 106 153 108 18 110 20 1 22 150 65 13 67 14 69 16 71 90 145 92 147 94 148 96 11 139 160 141 51 143 53 8 55 135 42 4 44 5 46 7 48 35 97 37 99 39 101 41 121 158 123 29 125 31 2 33 155 81 24 83 25 85 27 17 73 19 75 21 77 23 66 127 68 70 146 57 9 59 10 61 12 50 112 52 54 43 105 45 47 98 28 89 30 32 82 74 58 
104 27 80 130 132 133 3 12 52 54 55 56 108 110 111 1 150 151 13 152 14 15 16 30 32 33 34 82 83 84 85 86 87 88 135 136 4 137 5 6 7 159 35 36 37 38 39 40 41 58 59 60 61 62 63 64 112 113 114 115 116 117 118 119 153 17 18 19 20 21 22 23 65 66 67 68 69 70 71 72 89 90 91 92 93 94 95 96 138 139 140 141 142 143 144 8 42 43 44 45 46 47 48 49 97 98 99 100 101 102 103 120 121 122 123 124 125 126 2 154 155 156 24 157 25 26 73 74 75 76 77 78 79 127 128 129 131 145 146 147 9 148 10 11 160 50 51 53 105 106 107 109 149 158 28 29 31 81 134 57 
105 145 98 77 75 74 134 139 124 122 121 158 70 68 127 128 48 47 109 45 107 106 153 117 115 154 155 95 94 148 92 147 146 57 41 101 102 99 100 149 150 23 79 78 137 76 136 135 42 88 142 143 140 141 160 50 64 126 125 31 123 29 28 89 71 72 131 132 129 130 159 35 49 111 110 20 108 18 17 73 118 119 157 25 156 24 81 82 96 11 10 61 9 59 58 120 103 104 152 14 151 13 65 66 80 6 5 46 4 44 43 144 8 53 54 51 52 112 113 2 33 32 93 30 91 90 133 3 38 39 36 37 97 1 22 21 19 26 27 85 86 83 84 138 12 63 62 60 15 16 69 67 7 55 56 116 114 34 40 87 
106 90 149 78 76 134 135 138 62 60 120 121 131 129 128 159 49 109 110 107 108 153 17 116 114 113 154 34 93 94 91 92 145 146 103 102 152 100 151 150 65 79 80 137 5 136 4 42 43 87 86 142 84 140 139 160 63 64 124 125 122 123 158 28 72 133 132 38 130 36 35 97 111 1 20 21 18 19 73 74 56 118 117 157 115 156 155 81 95 96 148 10 147 9 57 58 104 15 14 69 13 67 66 127 6 7 46 47 44 45 105 88 144 143 53 141 51 50 112 126 2 31 32 29 30 89 3 40 39 101 37 99 98 22 23 77 75 119 26 25 85 24 83 82 11 12 61 59 16 71 70 68 48 8 55 54 52 33 41 27 
107 91 100 79 134 76 136 84 63 120 60 122 72 128 129 130 109 49 111 106 153 108 18 56 113 114 115 93 34 95 90 145 92 147 102 103 104 149 150 151 13 78 137 80 6 135 42 4 44 86 87 88 138 139 140 141 62 124 64 126 121 158 123 29 131 132 133 3 159 35 36 37 110 20 1 22 17 73 19 75 116 117 118 119 154 155 156 24 94 148 96 11 146 57 9 59 152 14 15 16 65 66 67 68 5 46 7 48 43 105 45 142 143 144 8 160 50 51 52 125 31 2 33 28 89 30 38 39 40 41 97 98 99 21 77 23 74 157 25 26 27 81 82 83 10 61 12 58 69 70 71 127 47 53 54 55 112 32 101 85 
108 30 151 80 135 136 4 83 12 58 59 60 133 159 130 36 110 111 1 153 17 18 19 55 112 52 114 32 33 34 89 90 91 92 152 104 15 150 65 13 67 137 5 6 7 42 43 44 45 85 27 87 82 138 84 140 61 62 63 64 120 121 122 123 132 38 3 40 35 97 37 99 20 21 22 23 73 74 75 76 54 116 56 118 113 154 115 156 93 94 95 96 145 146 147 9 14 69 16 71 66 127 68 129 46 47 48 49 105 106 107 86 142 88 144 139 160 141 51 124 125 126 2 158 28 29 39 101 41 103 98 149 100 77 78 79 134 117 157 119 26 155 81 24 148 10 11 57 70 131 72 128 109 143 53 8 50 31 102 25 
109 93 131 134 79 78 137 116 120 63 62 124 149 103 102 152 107 106 153 49 111 110 20 138 87 86 142 91 90 145 34 95 94 148 129 128 159 72 133 132 38 76 136 135 42 80 6 5 46 114 113 154 56 118 117 157 60 122 121 158 64 126 125 31 100 151 150 65 104 15 14 69 108 18 17 73 1 22 21 77 84 140 139 160 88 144 143 53 92 147 146 57 96 11 10 61 130 36 35 97 3 40 39 101 4 44 43 105 7 48 47 115 156 155 81 119 26 25 85 123 29 28 89 2 33 32 13 67 66 127 16 71 70 19 75 74 23 141 51 50 112 8 55 54 9 59 58 12 37 99 98 41 45 24 83 82 27 30 68 52 
110 32 132 135 80 137 5 54 58 12 61 62 150 104 152 14 108 153 17 111 1 20 21 82 27 85 86 30 89 90 33 34 93 94 130 159 35 133 3 38 39 136 4 42 43 6 7 46 47 52 112 113 55 56 116 117 59 60 120 121 63 64 124 125 151 13 65 66 15 16 69 70 18 19 73 74 22 23 77 78 83 84 138 139 87 88 142 143 91 92 145 146 95 96 148 10 36 37 97 98 40 41 101 102 44 45 105 106 48 49 109 114 115 154 155 118 119 157 25 122 123 158 28 126 2 31 67 68 127 128 71 72 131 75 76 134 79 140 141 160 50 144 8 53 147 9 57 11 99 100 149 103 107 156 24 81 26 29 129 51 
111 33 133 136 137 80 6 55 59 61 12 63 151 152 104 15 153 108 18 110 20 1 22 83 85 27 87 89 30 91 32 93 34 95 159 130 36 132 38 3 40 135 42 4 44 5 46 7 48 112 52 114 54 116 56 118 58 120 60 122 62 124 64 126 150 65 13 67 14 69 16 71 17 73 19 75 21 77 23 79 82 138 84 140 86 142 88 144 90 145 92 147 94 148 96 11 35 97 37 99 39 101 41 103 43 105 45 107 47 109 49 113 154 115 156 117 157 119 26 121 158 123 29 125 31 2 66 127 68 129 70 131 72 74 134 76 78 139 160 141 51 143 53 8 146 57 9 10 98 149 100 102 106 155 81 24 25 28 128 50 
112 151 58 85 83 82 138 108 133 159 130 36 32 30 89 90 55 54 116 52 114 113 154 80 135 136 4 152 104 15 150 65 13 67 12 61 62 59 60 120 121 27 87 86 142 84 140 139 160 110 111 1 153 17 18 19 132 38 3 40 35 97 37 99 33 34 93 94 91 92 145 146 56 118 117 157 115 156 155 81 137 5 6 7 42 43 44 45 14 69 16 71 66 127 68 129 63 64 124 125 122 123 158 28 88 144 143 53 141 51 50 20 21 22 23 73 74 75 76 39 101 41 103 98 149 100 95 96 148 10 147 9 57 119 26 25 24 46 47 48 49 105 106 107 70 131 72 128 126 2 31 29 8 77 78 79 134 102 11 109 
113 100 120 86 84 138 139 107 72 128 129 130 93 91 90 145 56 116 117 114 115 154 155 79 134 76 136 102 103 104 149 150 151 13 63 62 124 60 122 121 158 87 88 142 143 140 141 160 50 109 49 111 106 153 108 18 131 132 133 3 159 35 36 37 34 95 94 148 92 147 146 57 118 119 157 25 156 24 81 82 78 137 80 6 135 42 4 44 152 14 15 16 65 66 67 68 64 126 125 31 123 29 28 89 144 8 53 54 51 52 112 110 20 1 22 17 73 19 75 38 39 40 41 97 98 99 96 11 10 61 9 59 58 26 27 85 83 5 46 7 48 43 105 45 69 70 71 127 2 33 32 30 55 21 77 23 74 101 12 47 
114 149 60 87 138 84 140 106 131 129 128 159 34 90 91 92 116 56 118 113 154 115 156 78 76 134 135 103 102 152 100 151 150 65 62 63 64 120 121 122 123 86 142 88 144 139 160 141 51 49 109 110 107 108 153 17 72 133 132 38 130 36 35 97 93 94 95 96 145 146 147 9 117 157 119 26 155 81 24 83 79 80 137 5 136 4 42 43 104 15 14 69 13 67 66 127 124 125 126 2 158 28 29 30 143 53 8 55 50 112 52 111 1 20 21 18 19 73 74 3 40 39 101 37 99 98 148 10 11 12 57 58 59 25 85 27 82 6 7 46 47 44 45 105 16 71 70 68 31 32 33 89 54 22 23 77 75 41 61 48 
115 98 122 88 139 140 141 105 70 68 127 128 95 145 92 147 117 118 119 154 155 156 24 77 75 74 134 41 101 102 99 100 149 150 124 64 126 121 158 123 29 142 143 144 8 160 50 51 52 48 47 109 45 107 106 153 71 72 131 132 129 130 159 35 94 148 96 11 146 57 9 59 157 25 26 27 81 82 83 84 23 79 78 137 76 136 135 42 103 104 152 14 151 13 65 66 125 31 2 33 28 89 30 91 53 54 55 56 112 113 114 49 111 110 20 108 18 17 73 133 3 38 39 36 37 97 10 61 12 63 58 120 60 85 86 87 138 80 6 5 46 4 44 43 15 16 69 67 32 93 34 90 116 1 22 21 19 40 62 7 
116 103 93 138 87 86 142 79 129 131 72 133 120 63 62 124 114 113 154 56 118 117 157 107 109 49 111 149 100 151 102 152 104 15 91 90 145 34 95 94 148 84 140 139 160 88 144 143 53 134 76 136 78 137 80 6 128 159 130 36 132 38 3 40 60 122 121 158 64 126 125 31 115 156 155 81 119 26 25 85 106 153 108 18 110 20 1 22 150 65 13 67 14 69 16 71 92 147 146 57 96 11 10 61 141 51 50 112 8 55 54 135 42 4 44 5 46 7 48 35 97 37 99 39 101 41 123 29 28 89 2 33 32 24 83 82 27 17 73 19 75 21 77 23 66 127 68 70 9 59 58 12 52 43 105 45 47 98 30 74 
117 41 94 139 88 142 143 23 68 70 71 72 121 64 124 125 115 154 155 118 119 157 25 45 47 48 49 98 99 100 101 102 103 104 92 145 146 95 96 148 10 140 141 160 50 144 8 53 54 74 75 76 77 78 79 80 127 128 129 130 131 132 133 3 122 123 158 28 126 2 31 32 156 24 81 82 26 27 85 86 105 106 107 108 109 110 111 1 149 150 151 13 152 14 15 16 147 9 57 58 11 12 61 62 51 52 112 113 55 56 116 134 135 136 4 137 5 6 7 159 35 36 37 38 39 40 29 30 89 90 33 34 93 83 84 138 87 153 17 18 19 20 21 22 65 66 67 69 59 60 120 63 114 42 43 44 46 97 91 73 
118 101 95 140 142 88 144 77 127 71 70 131 122 124 64 126 154 115 156 117 157 119 26 105 48 47 109 99 98 149 41 103 102 152 145 92 147 94 148 96 11 139 160 141 51 143 53 8 55 75 74 134 23 79 78 137 68 129 128 159 72 133 132 38 121 158 123 29 125 31 2 33 155 81 24 83 25 85 27 87 45 107 106 153 49 111 110 20 100 151 150 65 104 15 14 69 146 57 9 59 10 61 12 63 50 112 52 114 54 116 56 76 136 135 42 80 6 5 46 130 36 35 97 3 40 39 28 89 30 91 32 93 34 82 138 84 86 108 18 17 73 1 22 21 13 67 66 16 58 120 60 62 113 4 44 43 7 37 90 19 
119 39 96 141 143 144 8 21 66 16 69 70 123 125 126 2 155 156 24 157 25 26 27 43 7 46 47 37 97 98 40 41 101 102 146 147 9 148 10 11 12 160 50 51 52 53 54 55 56 19 73 74 22 23 77 78 67 68 127 128 71 72 131 132 158 28 29 30 31 32 33 34 81 82 83 84 85 86 87 88 44 45 105 106 48 49 109 110 99 100 149 150 103 104 152 14 57 58 59 60 61 62 63 64 112 113 114 115 116 117 118 75 76 134 135 79 80 137 5 129 130 159 35 133 3 38 89 90 91 92 93 94 95 138 139 140 142 107 108 153 17 111 1 20 151 13 65 15 120 121 122 124 154 136 4 42 6 36 145 18 
120 107 113 93 91 90 145 100 79 134 76 136 86 84 138 139 63 62 124 60 122 121 158 72 128 129 130 109 49 111 106 153 108 18 56 116 117 114 115 154 155 34 95 94 148 92 147 146 57 102 103 104 149 150 151 13 78 137 80 6 135 42 4 44 87 88 142 143 140 141 160 50 64 126 125 31 123 29 28 89 131 132 133 3 159 35 36 37 110 20 1 22 17 73 19 75 118 119 157 25 156 24 81 82 96 11 10 61 9 59 58 152 14 15 16 65 66 67 68 5 46 7 48 43 105 45 144 8 53 54 51 52 112 2 33 32 30 38 39 40 41 97 98 99 21 77 23 74 26 27 85 83 12 69 70 71 127 47 55 101 
121 45 154 94 92 145 146 99 23 74 75 76 142 140 139 160 64 124 125 122 123 158 28 71 127 68 129 47 48 49 105 106 107 108 118 117 157 115 156 155 81 95 96 148 10 147 9 57 58 101 41 103 98 149 100 151 77 78 79 80 134 135 136 4 88 144 143 53 141 51 50 112 126 2 31 32 29 30 89 90 70 131 72 133 128 159 130 36 109 110 111 1 153 17 18 19 119 26 25 85 24 83 82 138 11 12 61 62 59 60 120 102 152 104 15 150 65 13 67 137 5 6 7 42 43 44 8 55 54 116 52 114 113 33 34 93 91 132 38 3 40 35 97 37 20 21 22 73 27 87 86 84 63 14 69 16 66 46 56 39 
122 105 115 95 145 92 147 98 77 75 74 134 88 139 140 141 124 64 126 121 158 123 29 70 68 127 128 48 47 109 45 107 106 153 117 118 119 154 155 156 24 94 148 96 11 146 57 9 59 41 101 102 99 100 149 150 23 79 78 137 76 136 135 42 142 143 144 8 160 50 51 52 125 31 2 33 28 89 30 91 71 72 131 132 129 130 159 35 49 111 110 20 108 18 17 73 157 25 26 27 81 82 83 84 10 61 12 63 58 120 60 103 104 152 14 151 13 65 66 80 6 5 46 4 44 43 53 54 55 56 112 113 114 32 93 34 90 133 3 38 39 36 37 97 1 22 21 19 85 86 87 138 62 15 16 69 67 7 116 40 
123 43 156 96 146 147 9 97 21 19 73 74 144 160 141 51 125 126 2 158 28 29 30 69 67 66 127 7 46 47 44 45 105 106 157 119 26 155 81 24 83 148 10 11 12 57 58 59 60 40 39 101 37 99 98 149 22 23 77 78 75 76 134 135 143 53 8 55 50 112 52 114 31 32 33 34 89 90 91 92 16 71 70 131 68 129 128 159 48 49 109 110 107 108 153 17 25 85 27 87 82 138 84 140 61 62 63 64 120 121 122 41 103 102 152 100 151 150 65 79 80 137 5 136 4 42 54 116 56 118 113 154 115 93 94 95 145 72 133 132 38 130 36 35 111 1 20 18 86 142 88 139 124 104 15 14 13 6 117 3 
124 48 142 145 95 94 148 71 75 77 23 79 154 118 117 157 122 121 158 64 126 125 31 99 101 41 103 105 45 107 47 109 49 111 140 139 160 88 144 143 53 92 147 146 57 96 11 10 61 127 68 129 70 131 72 133 74 134 76 136 78 137 80 6 115 156 155 81 119 26 25 85 123 29 28 89 2 33 32 93 98 149 100 151 102 152 104 15 106 153 108 18 110 20 1 22 141 51 50 112 8 55 54 116 9 59 58 120 12 63 62 128 159 130 36 132 38 3 40 135 42 4 44 5 46 7 24 83 82 138 27 87 86 30 91 90 34 150 65 13 67 14 69 16 17 73 19 21 52 114 113 56 60 35 97 37 39 43 84 66 
125 7 143 146 96 148 10 16 19 21 22 23 155 119 157 25 123 158 28 126 2 31 32 37 39 40 41 43 44 45 46 47 48 49 141 160 50 144 8 53 54 147 9 57 58 11 12 61 62 66 67 68 69 70 71 72 73 74 75 76 77 78 79 80 156 24 81 82 26 27 85 86 29 30 89 90 33 34 93 94 97 98 99 100 101 102 103 104 105 106 107 108 109 110 111 1 51 52 112 113 55 56 116 117 59 60 120 121 63 64 124 127 128 129 130 131 132 133 3 134 135 136 4 137 5 6 83 84 138 139 87 88 142 91 92 145 95 149 150 151 13 152 14 15 153 17 18 20 114 115 154 118 122 159 35 36 38 42 140 65 
126 46 144 147 148 96 11 69 73 22 21 77 156 157 119 26 158 123 29 125 31 2 33 97 40 39 101 44 43 105 7 48 47 109 160 141 51 143 53 8 55 146 57 9 59 10 61 12 63 67 66 127 16 71 70 131 19 75 74 134 23 79 78 137 155 81 24 83 25 85 27 87 28 89 30 91 32 93 34 95 37 99 98 149 41 103 102 152 45 107 106 153 49 111 110 20 50 112 52 114 54 116 56 118 58 120 60 122 62 124 64 68 129 128 159 72 133 132 38 76 136 135 42 80 6 5 82 138 84 140 86 142 88 90 145 92 94 100 151 150 65 104 15 14 108 18 17 1 113 154 115 117 121 130 36 35 3 4 139 13 
127 154 74 101 99 98 149 121 142 140 139 160 47 45 105 106 71 70 131 68 129 128 159 94 92 145 146 118 117 157 115 156 155 81 23 77 78 75 76 134 135 41 103 102 152 100 151 150 65 64 124 125 122 123 158 28 88 144 143 53 141 51 50 112 48 49 109 110 107 108 153 17 72 133 132 38 130 36 35 97 95 96 148 10 147 9 57 58 119 26 25 85 24 83 82 138 79 80 137 5 136 4 42 43 104 15 14 69 13 67 66 126 2 31 32 29 30 89 90 8 55 54 116 52 114 113 111 1 20 21 18 19 73 3 40 39 37 11 12 61 62 59 60 120 27 87 86 84 6 7 46 44 16 33 34 93 91 56 22 63 
128 113 134 102 100 149 150 120 86 84 138 139 109 107 106 153 72 131 132 129 130 159 35 93 91 90 145 56 116 117 114 115 154 155 79 78 137 76 136 135 42 103 104 152 14 151 13 65 66 63 62 124 60 122 121 158 87 88 142 143 140 141 160 50 49 111 110 20 108 18 17 73 133 3 38 39 36 37 97 98 34 95 94 148 92 147 146 57 118 119 157 25 156 24 81 82 80 6 5 46 4 44 43 105 15 16 69 70 67 68 127 64 126 125 31 123 29 28 89 144 8 53 54 51 52 112 1 22 21 77 19 75 74 40 41 101 99 96 11 10 61 9 59 58 26 27 85 83 7 48 47 45 71 2 33 32 30 55 23 12 
129 114 76 103 149 100 151 60 87 138 84 140 49 106 107 108 131 72 133 128 159 130 36 34 90 91 92 116 56 118 113 154 115 156 78 79 80 134 135 136 4 102 152 104 15 150 65 13 67 62 63 64 120 121 122 123 86 142 88 144 139 160 141 51 109 110 111 1 153 17 18 19 132 38 3 40 35 97 37 99 93 94 95 96 145 146 147 9 117 157 119 26 155 81 24 83 137 5 6 7 42 43 44 45 14 69 16 71 66 127 68 124 125 126 2 158 28 29 30 143 53 8 55 50 112 52 20 21 22 23 73 74 75 39 101 41 98 148 10 11 12 57 58 59 25 85 27 82 46 47 48 105 70 31 32 33 89 54 77 61 
130 52 136 104 150 151 13 59 27 82 83 84 111 153 108 18 132 133 3 159 35 36 37 33 89 30 91 54 55 56 112 113 114 115 137 80 6 135 42 4 44 152 14 15 16 65 66 67 68 61 12 63 58 120 60 122 85 86 87 88 138 139 140 141 110 20 1 22 17 73 19 75 38 39 40 41 97 98 99 100 32 93 34 95 90 145 92 147 116 117 118 119 154 155 156 24 5 46 7 48 43 105 45 107 69 70 71 72 127 128 129 62 124 64 126 121 158 123 29 142 143 144 8 160 50 51 21 77 23 79 74 134 76 101 102 103 149 94 148 96 11 146 57 9 157 25 26 81 47 109 49 106 131 125 31 2 28 53 78 10 
131 116 109 149 103 102 152 93 138 87 86 142 134 79 78 137 129 128 159 72 133 132 38 120 63 62 124 114 113 154 56 118 117 157 107 106 153 49 111 110 20 100 151 150 65 104 15 14 69 91 90 145 34 95 94 148 84 140 139 160 88 144 143 53 76 136 135 42 80 6 5 46 130 36 35 97 3 40 39 101 60 122 121 158 64 126 125 31 115 156 155 81 119 26 25 85 108 18 17 73 1 22 21 77 13 67 66 127 16 71 70 92 147 146 57 96 11 10 61 141 51 50 112 8 55 54 4 44 43 105 7 48 47 37 99 98 41 123 29 28 89 2 33 32 24 83 82 27 19 75 74 23 68 9 59 58 12 52 45 30 
132 54 110 150 104 152 14 32 82 27 85 86 135 80 137 5 130 159 35 133 3 38 39 58 12 61 62 52 112 113 55 56 116 117 108 153 17 111 1 20 21 151 13 65 66 15 16 69 70 30 89 90 33 34 93 94 83 84 138 139 87 88 142 143 136 4 42 43 6 7 46 47 36 37 97 98 40 41 101 102 59 60 120 121 63 64 124 125 114 115 154 155 118 119 157 25 18 19 73 74 22 23 77 78 67 68 127 128 71 72 131 91 92 145 146 95 96 148 10 140 141 160 50 144 8 53 44 45 105 106 48 49 109 99 100 149 103 122 123 158 28 126 2 31 156 24 81 26 75 76 134 79 129 147 9 57 11 51 107 29 
133 55 111 151 152 104 15 33 83 85 27 87 136 137 80 6 159 130 36 132 38 3 40 59 61 12 63 112 52 114 54 116 56 118 153 108 18 110 20 1 22 150 65 13 67 14 69 16 71 89 30 91 32 93 34 95 82 138 84 140 86 142 88 144 135 42 4 44 5 46 7 48 35 97 37 99 39 101 41 103 58 120 60 122 62 124 64 126 113 154 115 156 117 157 119 26 17 73 19 75 21 77 23 79 66 127 68 129 70 131 72 90 145 92 147 94 148 96 11 139 160 141 51 143 53 8 43 105 45 107 47 109 49 98 149 100 102 121 158 123 29 125 31 2 155 81 24 25 74 134 76 78 128 146 57 9 10 50 106 28 
134 120 128 109 107 106 153 113 93 91 90 145 102 100 149 150 79 78 137 76 136 135 42 86 84 138 139 63 62 124 60 122 121 158 72 131 132 129 130 159 35 49 111 110 20 108 18 17 73 56 116 117 114 115 154 155 34 95 94 148 92 147 146 57 103 104 152 14 151 13 65 66 80 6 5 46 4 44 43 105 87 88 142 143 140 141 160 50 64 126 125 31 123 29 28 89 133 3 38 39 36 37 97 98 1 22 21 77 19 75 74 118 119 157 25 156 24 81 82 96 11 10 61 9 59 58 15 16 69 70 67 68 127 7 48 47 45 144 8 53 54 51 52 112 2 33 32 30 40 41 101 99 23 26 27 85 83 12 71 55 
135 58 159 110 108 153 17 112 32 30 89 90 152 151 150 65 80 137 5 136 4 42 43 85 83 82 138 12 61 62 59 60 120 121 133 132 38 130 36 35 97 111 1 20 21 18 19 73 74 55 54 116 52 114 113 154 33 34 93 94 91 92 145 146 104 15 14 69 13 67 66 127 6 7 46 47 44 45 105 106 27 87 86 142 84 140 139 160 63 64 124 125 122 123 158 28 3 40 39 101 37 99 98 149 22 23 77 78 75 76 134 56 118 117 157 115 156 155 81 95 96 148 10 147 9 57 16 71 70 131 68 129 128 48 49 109 107 88 144 143 53 141 51 50 126 2 31 29 41 103 102 100 79 119 26 25 24 11 72 8 
136 59 130 111 153 108 18 52 33 89 30 91 104 150 151 13 137 80 6 135 42 4 44 27 82 83 84 61 12 63 58 120 60 122 132 133 3 159 35 36 37 110 20 1 22 17 73 19 75 54 55 56 112 113 114 115 32 93 34 95 90 145 92 147 152 14 15 16 65 66 67 68 5 46 7 48 43 105 45 107 85 86 87 88 138 139 140 141 62 124 64 126 121 158 123 29 38 39 40 41 97 98 99 100 21 77 23 79 74 134 76 116 117 118 119 154 155 156 24 94 148 96 11 146 57 9 69 70 71 72 127 128 129 47 109 49 106 142 143 144 8 160 50 51 125 31 2 28 101 102 103 149 78 157 25 26 81 10 131 53 
137 61 152 153 111 110 20 85 89 33 32 93 159 133 132 38 136 135 42 80 6 5 46 112 55 54 116 59 58 120 12 63 62 124 151 150 65 104 15 14 69 108 18 17 73 1 22 21 77 83 82 138 27 87 86 142 30 91 90 145 34 95 94 148 130 36 35 97 3 40 39 101 4 44 43 105 7 48 47 109 52 114 113 154 56 118 117 157 60 122 121 158 64 126 125 31 13 67 66 127 16 71 70 131 19 75 74 134 23 79 78 84 140 139 160 88 144 143 53 92 147 146 57 96 11 10 37 99 98 149 41 103 102 45 107 106 49 115 156 155 81 119 26 25 123 29 28 2 68 129 128 72 76 141 51 50 8 9 100 24 
138 129 90 116 114 113 154 76 103 149 100 151 62 60 120 121 87 86 142 84 140 139 160 49 106 107 108 131 72 133 128 159 130 36 34 93 94 91 92 145 146 56 118 117 157 115 156 155 81 78 79 80 134 135 136 4 102 152 104 15 150 65 13 67 63 64 124 125 122 123 158 28 88 144 143 53 141 51 50 112 109 110 111 1 153 17 18 19 132 38 3 40 35 97 37 99 95 96 148 10 147 9 57 58 119 26 25 85 24 83 82 137 5 6 7 42 43 44 45 14 69 16 71 66 127 68 126 2 31 32 29 30 89 8 55 54 52 20 21 22 23 73 74 75 39 101 41 98 11 12 61 59 27 46 47 48 105 70 33 77 
139 68 145 117 115 154 155 75 41 98 99 100 124 122 121 158 88 142 143 140 141 160 50 48 105 45 107 70 71 72 127 128 129 130 95 94 148 92 147 146 57 118 119 157 25 156 24 81 82 77 23 79 74 134 76 136 101 102 103 104 149 150 151 13 64 126 125 31 123 29 28 89 144 8 53 54 51 52 112 113 47 109 49 111 106 153 108 18 131 132 133 3 159 35 36 37 96 11 10 61 9 59 58 120 26 27 85 86 83 84 138 78 137 80 6 135 42 4 44 152 14 15 16 65 66 67 2 33 32 93 30 91 90 55 56 116 114 110 20 1 22 17 73 19 38 39 40 97 12 63 62 60 87 5 46 7 43 69 34 21 
140 127 92 118 154 115 156 74 101 99 98 149 64 121 122 123 142 88 144 139 160 141 51 47 45 105 106 71 70 131 68 129 128 159 94 95 96 145 146 147 9 117 157 119 26 155 81 24 83 23 77 78 75 76 134 135 41 103 102 152 100 151 150 65 124 125 126 2 158 28 29 30 143 53 8 55 50 112 52 114 48 49 109 110 107 108 153 17 72 133 132 38 130 36 35 97 148 10 11 12 57 58 59 60 25 85 27 87 82 138 84 79 80 137 5 136 4 42 43 104 15 14 69 13 67 66 31 32 33 34 89 90 91 54 116 56 113 111 1 20 21 18 19 73 3 40 39 37 61 62 63 120 86 6 7 46 44 16 93 22 
141 66 147 119 155 156 24 73 39 37 97 98 126 158 123 29 143 144 8 160 50 51 52 46 44 43 105 16 69 70 67 68 127 128 148 96 11 146 57 9 59 157 25 26 27 81 82 83 84 22 21 77 19 75 74 134 40 41 101 102 99 100 149 150 125 31 2 33 28 89 30 91 53 54 55 56 112 113 114 115 7 48 47 109 45 107 106 153 71 72 131 132 129 130 159 35 10 61 12 63 58 120 60 122 85 86 87 88 138 139 140 23 79 78 137 76 136 135 42 103 104 152 14 151 13 65 32 93 34 95 90 145 92 116 117 118 154 49 111 110 20 108 18 17 133 3 38 36 62 124 64 121 142 80 6 5 4 15 94 1 
142 71 124 154 118 117 157 48 99 101 41 103 145 95 94 148 140 139 160 88 144 143 53 75 77 23 79 127 68 129 70 131 72 133 122 121 158 64 126 125 31 115 156 155 81 119 26 25 85 105 45 107 47 109 49 111 98 149 100 151 102 152 104 15 92 147 146 57 96 11 10 61 141 51 50 112 8 55 54 116 74 134 76 136 78 137 80 6 128 159 130 36 132 38 3 40 123 29 28 89 2 33 32 93 24 83 82 138 27 87 86 106 153 108 18 110 20 1 22 150 65 13 67 14 69 16 9 59 58 120 12 63 62 52 114 113 56 135 42 4 44 5 46 7 35 97 37 39 30 91 90 34 84 17 73 19 21 66 60 43 
143 16 125 155 119 157 25 7 37 39 40 41 146 96 148 10 141 160 50 144 8 53 54 19 21 22 23 66 67 68 69 70 71 72 123 158 28 126 2 31 32 156 24 81 82 26 27 85 86 43 44 45 46 47 48 49 97 98 99 100 101 102 103 104 147 9 57 58 11 12 61 62 51 52 112 113 55 56 116 117 73 74 75 76 77 78 79 80 127 128 129 130 131 132 133 3 29 30 89 90 33 34 93 94 83 84 138 139 87 88 142 105 106 107 108 109 110 111 1 149 150 151 13 152 14 15 59 60 120 121 63 64 124 114 115 154 118 134 135 136 4 137 5 6 159 35 36 38 91 92 145 95 140 153 17 18 20 65 122 42 
144 69 126 156 157 119 26 46 97 40 39 101 147 148 96 11 160 141 51 143 53 8 55 73 22 21 77 67 66 127 16 71 70 131 158 123 29 125 31 2 33 155 81 24 83 25 85 27 87 44 43 105 7 48 47 109 37 99 98 149 41 103 102 152 146 57 9 59 10 61 12 63 50 112 52 114 54 116 56 118 19 75 74 134 23 79 78 137 68 129 128 159 72 133 132 38 28 89 30 91 32 93 34 95 82 138 84 140 86 142 88 45 107 106 153 49 111 110 20 100 151 150 65 104 15 14 58 120 60 122 62 124 64 113 154 115 117 76 136 135 42 80 6 5 130 36 35 3 90 145 92 94 139 108 18 17 1 13 121 4 
145 75 139 124 122 121 158 68 48 105 45 107 117 115 154 155 95 94 148 92 147 146 57 41 98 99 100 77 23 79 74 134 76 136 88 142 143 140 141 160 50 64 126 125 31 123 29 28 89 70 71 72 127 128 129 130 47 109 49 111 106 153 108 18 118 119 157 25 156 24 81 82 96 11 10 61 9 59 58 120 101 102 103 104 149 150 151 13 78 137 80 6 135 42 4 44 144 8 53 54 51 52 112 113 2 33 32 93 30 91 90 131 132 133 3 159 35 36 37 110 20 1 22 17 73 19 26 27 85 86 83 84 138 12 63 62 60 152 14 15 16 65 66 67 5 46 7 43 55 56 116 114 34 38 39 40 97 21 87 69 
146 19 160 125 123 158 28 67 7 43 44 45 157 156 155 81 96 148 10 147 9 57 58 40 97 37 99 21 22 23 73 74 75 76 144 143 53 141 51 50 112 126 2 31 32 29 30 89 90 69 16 71 66 127 68 129 46 47 48 49 105 106 107 108 119 26 25 85 24 83 82 138 11 12 61 62 59 60 120 121 39 101 41 103 98 149 100 151 77 78 79 80 134 135 136 4 8 55 54 116 52 114 113 154 33 34 93 94 91 92 145 70 131 72 133 128 159 130 36 109 110 111 1 153 17 18 27 87 86 142 84 140 139 63 64 124 122 102 152 104 15 150 65 13 137 5 6 42 56 118 117 115 95 132 38 3 35 20 88 14 
147 73 141 126 158 123 29 66 46 44 43 105 119 155 156 24 148 96 11 146 57 9 59 39 37 97 98 22 21 77 19 75 74 134 143 144 8 160 50 51 52 125 31 2 33 28 89 30 91 16 69 70 67 68 127 128 7 48 47 109 45 107 106 153 157 25 26 27 81 82 83 84 10 61 12 63 58 120 60 122 40 41 101 102 99 100 149 150 23 79 78 137 76 136 135 42 53 54 55 56 112 113 114 115 32 93 34 95 90 145 92 71 72 131 132 129 130 159 35 49 111 110 20 108 18 17 85 86 87 88 138 139 140 62 124 64 121 103 104 152 14 151 13 65 80 6 5 4 116 117 118 154 94 133 3 38 36 1 142 15 
148 22 157 158 126 125 31 40 44 46 7 48 160 144 143 53 147 146 57 96 11 10 61 67 69 16 71 73 19 75 21 77 23 79 156 155 81 119 26 25 85 123 29 28 89 2 33 32 93 97 37 99 39 101 41 103 43 105 45 107 47 109 49 111 141 51 50 112 8 55 54 116 9 59 58 120 12 63 62 124 66 127 68 129 70 131 72 133 74 134 76 136 78 137 80 6 24 83 82 138 27 87 86 142 30 91 90 145 34 95 94 98 149 100 151 102 152 104 15 106 153 108 18 110 20 1 52 114 113 154 56 118 117 60 122 121 64 128 159 130 36 132 38 3 135 42 4 5 84 140 139 88 92 150 65 13 14 17 115 35 
149 138 106 131 129 128 159 90 116 114 113 154 78 76 134 135 103 102 152 100 151 150 65 62 60 120 121 87 86 142 84 140 139 160 49 109 110 107 108 153 17 72 133 132 38 130 36 35 97 34 93 94 91 92 145 146 56 118 117 157 115 156 155 81 79 80 137 5 136 4 42 43 104 15 14 69 13 67 66 127 63 64 124 125 122 123 158 28 88 144 143 53 141 51 50 112 111 1 20 21 18 19 73 74 3 40 39 101 37 99 98 95 96 148 10 147 9 57 58 119 26 25 85 24 83 82 6 7 46 47 44 45 105 16 71 70 68 126 2 31 32 29 30 89 8 55 54 52 22 23 77 75 41 11 12 61 59 27 48 33 
150 82 153 132 130 159 35 89 54 52 112 113 137 136 135 42 104 152 14 151 13 65 66 61 59 58 120 27 85 86 83 84 138 139 111 110 20 108 18 17 73 133 3 38 39 36 37 97 98 33 32 93 30 91 90 145 55 56 116 117 114 115 154 155 80 6 5 46 4 44 43 105 15 16 69 70 67 68 127 128 12 63 62 124 60 122 121 158 87 88 142 143 140 141 160 50 1 22 21 77 19 75 74 134 40 41 101 102 99 100 149 34 95 94 148 92 147 146 57 118 119 157 25 156 24 81 7 48 47 109 45 107 106 71 72 131 129 64 126 125 31 123 29 28 144 8 53 51 23 79 78 76 103 96 11 10 9 26 49 2 
151 83 108 133 159 130 36 30 55 112 52 114 80 135 136 4 152 104 15 150 65 13 67 12 58 59 60 85 27 87 82 138 84 140 110 111 1 153 17 18 19 132 38 3 40 35 97 37 99 32 33 34 89 90 91 92 54 116 56 118 113 154 115 156 137 5 6 7 42 43 44 45 14 69 16 71 66 127 68 129 61 62 63 64 120 121 122 123 86 142 88 144 139 160 141 51 20 21 22 23 73 74 75 76 39 101 41 103 98 149 100 93 94 95 96 145 146 147 9 117 157 119 26 155 81 24 46 47 48 49 105 106 107 70 131 72 128 124 125 126 2 158 28 29 143 53 8 50 77 78 79 134 102 148 10 11 57 25 109 31 
152 85 137 159 133 132 38 61 112 55 54 116 153 111 110 20 151 150 65 104 15 14 69 89 33 32 93 83 82 138 27 87 86 142 136 135 42 80 6 5 46 130 36 35 97 3 40 39 101 59 58 120 12 63 62 124 52 114 113 154 56 118 117 157 108 18 17 73 1 22 21 77 13 67 66 127 16 71 70 131 30 91 90 145 34 95 94 148 84 140 139 160 88 144 143 53 4 44 43 105 7 48 47 109 37 99 98 149 41 103 102 60 122 121 158 64 126 125 31 115 156 155 81 119 26 25 19 75 74 134 23 79 78 68 129 128 72 92 147 146 57 96 11 10 141 51 50 8 45 107 106 49 100 123 29 28 2 24 76 9 
153 89 150 137 136 135 42 82 61 59 58 120 132 130 159 35 111 110 20 108 18 17 73 54 52 112 113 33 32 93 30 91 90 145 104 152 14 151 13 65 66 80 6 5 46 4 44 43 105 27 85 86 83 84 138 139 12 63 62 124 60 122 121 158 133 3 38 39 36 37 97 98 1 22 21 77 19 75 74 134 55 56 116 117 114 115 154 155 34 95 94 148 92 147 146 57 15 16 69 70 67 68 127 128 7 48 47 109 45 107 106 87 88 142 143 140 141 160 50 64 126 125 31 123 29 28 40 41 101 102 99 100 149 23 79 78 76 118 119 157 25 156 24 81 96 11 10 9 71 72 131 129 49 144 8 53 51 2 103 26 
154 99 121 142 140 139 160 45 71 127 68 129 94 92 145 146 118 117 157 115 156 155 81 23 74 75 76 101 41 103 98 149 100 151 64 124 125 122 123 158 28 88 144 143 53 141 51 50 112 47 48 49 105 106 107 108 70 131 72 133 128 159 130 36 95 96 148 10 147 9 57 58 119 26 25 85 24 83 82 138 77 78 79 80 134 135 136 4 102 152 104 15 150 65 13 67 126 2 31 32 29 30 89 90 8 55 54 116 52 114 113 109 110 111 1 153 17 18 19 132 38 3 40 35 97 37 11 12 61 62 59 60 120 27 87 86 84 137 5 6 7 42 43 44 14 69 16 66 33 34 93 91 56 20 21 22 73 39 63 46 
155 37 158 143 141 160 50 44 16 66 67 68 148 147 146 57 119 157 25 156 24 81 82 22 73 19 75 39 40 41 97 98 99 100 126 125 31 123 29 28 89 144 8 53 54 51 52 112 113 46 7 48 43 105 45 107 69 70 71 72 127 128 129 130 96 11 10 61 9 59 58 120 26 27 85 86 83 84 138 139 21 77 23 79 74 134 76 136 101 102 103 104 149 150 151 13 2 33 32 93 30 91 90 145 55 56 116 117 114 115 154 47 109 49 111 106 153 108 18 131 132 133 3 159 35 36 12 63 62 124 60 122 121 87 88 142 140 78 137 80 6 135 42 4 152 14 15 65 34 95 94 92 118 110 20 1 17 38 64 5 
156 97 123 144 160 141 51 43 69 67 66 127 96 146 147 9 157 119 26 155 81 24 83 21 19 73 74 40 39 101 37 99 98 149 125 126 2 158 28 29 30 143 53 8 55 50 112 52 114 7 46 47 44 45 105 106 16 71 70 131 68 129 128 159 148 10 11 12 57 58 59 60 25 85 27 87 82 138 84 140 22 23 77 78 75 76 134 135 41 103 102 152 100 151 150 65 31 32 33 34 89 90 91 92 54 116 56 118 113 154 115 48 49 109 110 107 108 153 17 72 133 132 38 130 36 35 61 62 63 64 120 121 122 86 142 88 139 79 80 137 5 136 4 42 104 15 14 13 93 94 95 145 117 111 1 20 18 3 124 6 
157 40 148 160 144 143 53 22 67 69 16 71 158 126 125 31 156 155 81 119 26 25 85 44 46 7 48 97 37 99 39 101 41 103 147 146 57 96 11 10 61 141 51 50 112 8 55 54 116 73 19 75 21 77 23 79 66 127 68 129 70 131 72 133 123 29 28 89 2 33 32 93 24 83 82 138 27 87 86 142 43 105 45 107 47 109 49 111 98 149 100 151 102 152 104 15 9 59 58 120 12 63 62 124 52 114 113 154 56 118 117 74 134 76 136 78 137 80 6 128 159 130 36 132 38 3 30 91 90 145 34 95 94 84 140 139 88 106 153 108 18 110 20 1 150 65 13 14 60 122 121 64 115 135 42 4 5 35 92 17 
158 44 155 148 147 146 57 37 22 73 19 75 143 141 160 50 126 125 31 123 29 28 89 16 66 67 68 46 7 48 43 105 45 107 119 157 25 156 24 81 82 96 11 10 61 9 59 58 120 39 40 41 97 98 99 100 21 77 23 79 74 134 76 136 144 8 53 54 51 52 112 113 2 33 32 93 30 91 90 145 69 70 71 72 127 128 129 130 47 109 49 111 106 153 108 18 26 27 85 86 83 84 138 139 12 63 62 124 60 122 121 101 102 103 104 149 150 151 13 78 137 80 6 135 42 4 55 56 116 117 114 115 154 34 95 94 92 131 132 133 3 159 35 36 110 20 1 17 87 88 142 140 64 152 14 15 65 5 118 38 
159 112 135 152 151 150 65 58 85 83 82 138 110 108 153 17 133 132 38 130 36 35 97 32 30 89 90 55 54 116 52 114 113 154 80 137 5 136 4 42 43 104 15 14 69 13 67 66 127 12 61 62 59 60 120 121 27 87 86 142 84 140 139 160 111 1 20 21 18 19 73 74 3 40 39 101 37 99 98 149 33 34 93 94 91 92 145 146 56 118 117 157 115 156 155 81 6 7 46 47 44 45 105 106 16 71 70 131 68 129 128 63 64 124 125 122 123 158 28 88 144 143 53 141 51 50 22 23 77 78 75 76 134 41 103 102 100 95 96 148 10 147 9 57 119 26 25 24 48 49 109 107 72 126 2 31 29 8 79 11 
160 67 146 157 156 155 81 19 40 97 37 99 125 123 158 28 144 143 53 141 51 50 112 7 43 44 45 69 16 71 66 127 68 129 96 148 10 147 9 57 58 119 26 25 85 24 83 82 138 21 22 23 73 74 75 76 39 101 41 103 98 149 100 151 126 2 31 32 29 30 89 90 8 55 54 116 52 114 113 154 46 47 48 49 105 106 107 108 70 131 72 133 128 159 130 36 11 12 61 62 59 60 120 121 27 87 86 142 84 140 139 77 78 79 80 134 135 136 4 102 152 104 15 150 65 13 33 34 93 94 91 92 145 56 118 117 115 109 110 111 1 153 17 18 132 38 3 35 63 64 124 122 88 137 5 6 42 14 95 20 
