160 45
1 2 3 4 5 6 7 8 9 10 11 12 13 14 15 16 17 18 19 20 21 22 23 24 25 26 27 28 29 30 31 32 33 34 35 36 37 38 39 40 41 42 43 44 45 46 47 48 49 50 51 52 53 54 55 56 57 58 59 60 61 62 63 64 65 66 67 68 69 70 71 72 73 74 75 76 77 78 79 80 81 82 83 84 85 86 87 88 89 90 91 92 93 94 95 96 97 98 99 100 101 102 103 104 105 106 107 108 109 110 111 112 113 114 115 116 117 118 119 120 121 122 123 124 125 126 127 128 129 130 131 132 133 134 135 136 137 138 139 140 141 142 143 144 145 146 147 148 149 150 151 152 153 154 155 156 157 158 159 160 
2 6 8 9 10 11 12 15 19 21 1 23 24 25 26 27 28 29 30 31 32 33 34 37 39 3 41 44 46 4 48 5 49 7 50 51 52 53 54 55 56 57 58 59 60 61 62 63 64 67 69 13 71 14 72 16 75 77 17 79 18 80 20 22 81 82 83 84 85 86 87 88 89 90 91 92 93 94 95 96 99 101 35 103 36 104 38 40 106 108 42 110 43 111 45 47 112 113 114 115 116 117 118 119 120 121 122 123 124 125 126 128 130 65 132 66 133 68 70 134 73 136 74 137 76 78 138 139 140 141 142 143 144 145 146 147 148 149 97 151 98 152 100 102 105 153 107 109 154 155 156 157 158 127 159 129 131 135 160 150 
3 25 7 13 14 15 16 33 51 8 54 55 20 22 23 1 35 36 37 38 39 40 41 62 12 64 10 82 24 85 86 26 27 88 45 47 48 4 49 5 6 65 66 67 68 69 70 71 72 94 31 96 29 34 2 32 113 50 116 117 52 53 119 56 76 78 79 17 80 18 19 21 97 98 99 100 101 102 103 104 124 60 126 58 63 9 61 11 138 81 141 142 83 84 144 87 107 109 110 42 111 43 44 46 127 128 129 130 131 132 133 146 92 148 90 95 28 93 30 112 154 155 114 115 157 118 135 136 73 137 74 75 77 149 150 151 152 122 158 120 125 57 123 59 139 140 160 143 153 105 106 108 159 147 89 145 91 156 134 121 
4 9 13 17 18 19 20 24 28 29 30 31 35 36 37 38 42 43 44 45 46 47 48 50 51 52 53 57 58 59 60 61 62 63 65 66 67 68 69 70 71 73 74 75 76 77 78 79 80 81 82 83 84 85 86 87 89 90 91 92 93 94 95 96 97 98 99 100 101 102 103 104 1 105 106 107 108 109 110 111 112 113 114 115 116 117 118 119 2 120 121 122 123 124 125 126 3 127 128 129 130 131 132 133 5 6 7 134 135 136 137 8 138 139 140 141 142 143 144 10 11 12 145 146 147 148 14 15 16 149 150 151 152 21 22 23 153 25 26 27 154 155 156 157 32 33 34 158 39 40 41 159 49 54 55 56 160 64 72 88 
5 10 14 18 1 21 22 25 29 2 32 33 36 3 39 40 43 4 46 47 6 7 49 51 8 54 55 58 9 61 62 11 12 64 66 13 69 70 15 16 72 74 17 77 78 19 20 80 23 82 24 85 86 26 27 88 90 28 93 94 30 31 96 34 98 35 101 102 37 38 104 41 105 42 108 109 44 45 111 48 113 50 116 117 52 53 119 56 120 57 123 124 59 60 126 63 127 65 130 131 67 68 133 71 73 134 135 75 76 137 79 138 81 141 142 83 84 144 87 89 145 146 91 92 148 95 97 149 150 99 100 152 103 106 107 153 110 112 154 155 114 115 157 118 121 122 158 125 128 129 159 132 136 139 140 160 143 147 151 156 
6 11 15 19 21 1 23 26 30 32 2 34 37 39 3 41 44 46 4 48 5 49 7 52 54 8 56 59 61 9 63 10 64 12 67 69 13 71 14 72 16 75 77 17 79 18 80 20 22 83 85 24 87 25 88 27 91 93 28 95 29 96 31 33 99 101 35 103 36 104 38 40 106 108 42 110 43 111 45 47 114 116 50 118 51 119 53 55 121 123 57 125 58 126 60 62 128 130 65 132 66 133 68 70 134 73 136 74 137 76 78 139 141 81 143 82 144 84 86 145 89 147 90 148 92 94 149 97 151 98 152 100 102 105 153 107 109 154 112 156 113 157 115 117 120 158 122 124 127 159 129 131 135 138 160 140 142 146 150 155 
7 12 16 20 22 23 1 27 31 33 34 2 38 40 41 3 45 47 48 4 49 5 6 53 55 56 8 60 62 63 9 64 10 11 68 70 71 13 72 14 15 76 78 79 17 80 18 19 21 84 86 87 24 88 25 26 92 94 95 28 96 29 30 32 100 102 103 35 104 36 37 39 107 109 110 42 111 43 44 46 115 117 118 50 119 51 52 54 122 124 125 57 126 58 59 61 129 131 132 65 133 66 67 69 135 136 73 137 74 75 77 140 142 143 81 144 82 83 85 146 147 89 148 90 91 93 150 151 97 152 98 99 101 153 105 106 108 155 156 112 157 113 114 116 158 120 121 123 159 127 128 130 134 160 138 139 141 145 149 154 
8 39 12 24 25 26 27 49 69 15 14 72 31 33 34 2 50 51 52 53 54 55 56 80 23 22 21 101 37 36 104 3 41 40 60 62 63 9 64 10 11 81 82 83 84 85 86 87 88 111 48 47 46 7 6 5 130 67 66 133 13 71 70 16 92 94 95 28 96 29 30 32 112 113 114 115 116 117 118 119 137 79 78 77 20 19 18 1 149 99 98 152 35 103 102 38 122 124 125 57 126 58 59 61 138 139 140 141 142 143 144 153 110 109 108 45 44 43 4 128 127 159 65 132 131 68 146 147 89 148 90 91 93 154 155 156 157 136 135 134 76 75 74 17 97 151 150 100 158 120 121 123 160 107 106 105 42 129 145 73 
9 19 24 28 29 30 31 37 44 46 4 48 50 51 52 53 57 58 59 60 61 62 63 67 69 13 71 75 77 17 79 18 80 20 81 82 83 84 85 86 87 89 90 91 92 93 94 95 96 99 101 35 103 36 104 38 106 108 42 110 43 111 45 47 112 113 114 115 116 117 118 119 2 120 121 122 123 124 125 126 128 130 65 132 66 133 68 70 6 134 73 136 74 137 76 78 8 138 139 140 141 142 143 144 10 11 12 145 146 147 148 15 149 97 151 98 152 100 102 21 1 23 105 153 107 109 25 26 27 154 155 156 157 32 33 34 158 39 3 41 127 159 129 131 5 49 7 135 54 55 56 160 64 14 72 16 150 22 88 40 
10 21 25 29 2 32 33 39 46 6 5 49 51 8 54 55 58 9 61 62 11 12 64 69 15 14 72 77 19 18 80 1 23 22 82 24 85 86 26 27 88 90 28 93 94 30 31 96 34 101 37 36 104 3 41 40 108 44 43 111 4 48 47 7 113 50 116 117 52 53 119 56 120 57 123 124 59 60 126 63 130 67 66 133 13 71 70 16 134 75 74 137 17 79 78 20 138 81 141 142 83 84 144 87 89 145 146 91 92 148 95 149 99 98 152 35 103 102 38 106 105 153 42 110 109 45 112 154 155 114 115 157 118 121 122 158 125 128 127 159 65 132 131 68 73 136 135 76 139 140 160 143 147 97 151 150 100 107 156 129 
11 1 26 30 32 2 34 3 4 5 6 7 52 54 8 56 59 61 9 63 10 64 12 13 14 15 16 17 18 19 20 21 22 23 83 85 24 87 25 88 27 91 93 28 95 29 96 31 33 35 36 37 38 39 40 41 42 43 44 45 46 47 48 49 114 116 50 118 51 119 53 55 121 123 57 125 58 126 60 62 65 66 67 68 69 70 71 72 73 74 75 76 77 78 79 80 139 141 81 143 82 144 84 86 145 89 147 90 148 92 94 97 98 99 100 101 102 103 104 105 106 107 108 109 110 111 154 112 156 113 157 115 117 120 158 122 124 127 128 129 130 131 132 133 134 135 136 137 138 160 140 142 146 149 150 151 152 153 155 159 
12 23 27 31 33 34 2 41 48 49 7 6 53 55 56 8 60 62 63 9 64 10 11 71 72 16 15 79 80 20 19 22 21 1 84 86 87 24 88 25 26 92 94 95 28 96 29 30 32 103 104 38 37 40 39 3 110 111 45 44 47 46 4 5 115 117 118 50 119 51 52 54 122 124 125 57 126 58 59 61 132 133 68 67 70 69 13 14 136 137 76 75 78 77 17 18 140 142 143 81 144 82 83 85 146 147 89 148 90 91 93 151 152 100 99 102 101 35 36 153 107 106 109 108 42 43 155 156 112 157 113 114 116 158 120 121 123 159 129 128 131 130 65 66 135 134 73 74 160 138 139 141 145 150 149 97 98 105 154 127 
13 51 20 35 36 37 38 62 82 24 85 86 45 47 48 4 65 66 67 68 69 70 71 94 31 96 29 113 50 116 117 52 53 119 76 78 79 17 80 18 19 97 98 99 100 101 102 103 104 124 60 126 58 63 9 61 138 81 141 142 83 84 144 87 107 109 110 42 111 43 44 46 3 127 128 129 130 131 132 133 146 92 148 90 95 28 93 30 25 112 154 155 114 115 157 118 7 135 136 73 137 74 75 77 14 15 16 149 150 151 152 33 122 158 120 125 57 123 59 8 54 55 139 140 160 143 22 23 1 153 105 106 108 39 40 41 159 12 64 10 147 89 145 91 26 27 88 156 49 5 6 134 72 34 2 32 121 56 21 11 
14 8 22 36 3 39 40 12 24 25 26 27 47 7 49 5 66 13 69 70 15 16 72 31 33 34 2 50 51 52 53 54 55 56 78 20 80 18 23 1 21 98 35 101 102 37 38 104 41 60 62 63 9 64 10 11 81 82 83 84 85 86 87 88 109 45 111 43 48 4 46 6 127 65 130 131 67 68 133 71 92 94 95 28 96 29 30 32 112 113 114 115 116 117 118 119 135 76 137 74 79 17 77 19 97 149 150 99 100 152 103 122 124 125 57 126 58 59 61 138 139 140 141 142 143 144 107 153 105 110 42 108 44 128 129 159 132 146 147 89 148 90 91 93 154 155 156 157 136 73 134 75 151 158 120 121 123 160 106 145 
15 54 23 37 39 3 41 64 85 26 25 88 48 49 7 6 67 69 13 71 14 72 16 96 34 33 32 116 52 51 119 8 56 55 79 80 20 19 22 21 1 99 101 35 103 36 104 38 40 126 63 62 61 12 11 10 141 83 82 144 24 87 86 27 110 111 45 44 47 46 4 5 128 130 65 132 66 133 68 70 148 95 94 93 31 30 29 2 154 114 113 157 50 118 117 53 136 137 76 75 78 77 17 18 149 97 151 98 152 100 102 158 125 124 123 60 59 58 9 139 138 160 81 143 142 84 153 107 106 109 108 42 43 127 159 129 131 147 146 145 92 91 90 28 112 156 155 115 135 134 73 74 150 122 121 120 57 140 105 89 
16 55 1 38 40 41 3 10 86 27 88 25 4 5 6 7 68 70 71 13 72 14 15 29 2 32 33 117 53 119 51 56 8 54 17 18 19 20 21 22 23 100 102 103 35 104 36 37 39 58 9 61 62 11 12 64 142 84 144 82 87 24 85 26 42 43 44 45 46 47 48 49 129 131 132 65 133 66 67 69 90 28 93 94 30 31 96 34 155 115 157 113 118 50 116 52 73 74 75 76 77 78 79 80 150 151 97 152 98 99 101 120 57 123 124 59 60 126 63 140 160 138 143 81 141 83 105 106 107 108 109 110 111 159 127 128 130 89 145 146 91 92 148 95 156 112 154 114 134 135 136 137 149 121 122 158 125 139 153 147 
17 28 35 42 43 44 45 50 57 58 59 60 65 66 67 68 73 74 75 76 77 78 79 81 82 83 84 89 90 91 92 93 94 95 97 98 99 100 101 102 103 1 105 106 107 108 109 110 111 112 113 114 115 116 117 118 2 120 121 122 123 124 125 126 3 127 128 129 130 131 132 133 4 5 6 7 134 135 136 137 8 138 139 140 141 142 143 144 9 10 11 12 145 146 147 148 13 14 15 16 149 150 151 152 18 19 20 21 22 23 153 24 25 26 27 154 155 156 157 29 30 31 32 33 34 158 36 37 38 39 40 41 159 46 47 48 49 51 52 53 54 55 56 160 61 62 63 64 69 70 71 72 80 85 86 87 88 96 104 119 
18 29 36 43 4 46 47 51 58 9 61 62 66 13 69 70 74 17 77 78 19 20 80 82 24 85 86 90 28 93 94 30 31 96 98 35 101 102 37 38 104 105 42 108 109 44 45 111 48 113 50 116 117 52 53 119 120 57 123 124 59 60 126 63 127 65 130 131 67 68 133 71 5 73 134 135 75 76 137 79 138 81 141 142 83 84 144 87 10 89 145 146 91 92 148 95 14 97 149 150 99 100 152 103 1 21 22 106 107 153 110 25 112 154 155 114 115 157 118 2 32 33 121 122 158 125 3 39 40 128 129 159 132 6 7 49 136 8 54 55 139 140 160 143 11 12 64 147 15 16 72 151 23 26 27 88 156 34 41 56 
19 30 37 44 46 4 48 52 59 61 9 63 67 69 13 71 75 77 17 79 18 80 20 83 85 24 87 91 93 28 95 29 96 31 99 101 35 103 36 104 38 106 108 42 110 43 111 45 47 114 116 50 118 51 119 53 121 123 57 125 58 126 60 62 128 130 65 132 66 133 68 70 6 134 73 136 74 137 76 78 139 141 81 143 82 144 84 86 11 145 89 147 90 148 92 94 15 149 97 151 98 152 100 102 21 1 23 105 153 107 109 26 154 112 156 113 157 115 117 32 2 34 120 158 122 124 39 3 41 127 159 129 131 5 49 7 135 54 8 56 138 160 140 142 10 64 12 146 14 72 16 150 22 25 88 27 155 33 40 55 
20 31 38 45 47 48 4 53 60 62 63 9 68 70 71 13 76 78 79 17 80 18 19 84 86 87 24 92 94 95 28 96 29 30 100 102 103 35 104 36 37 107 109 110 42 111 43 44 46 115 117 118 50 119 51 52 122 124 125 57 126 58 59 61 129 131 132 65 133 66 67 69 7 135 136 73 137 74 75 77 140 142 143 81 144 82 83 85 12 146 147 89 148 90 91 93 16 150 151 97 152 98 99 101 22 23 1 153 105 106 108 27 155 156 112 157 113 114 116 33 34 2 158 120 121 123 40 41 3 159 127 128 130 49 5 6 134 55 56 8 160 138 139 141 64 10 11 145 72 14 15 149 21 88 25 26 154 32 39 54 
21 32 39 46 6 5 49 54 61 11 10 64 69 15 14 72 77 19 18 80 1 23 22 85 26 25 88 93 30 29 96 2 34 33 101 37 36 104 3 41 40 108 44 43 111 4 48 47 7 116 52 51 119 8 56 55 123 59 58 126 9 63 62 12 130 67 66 133 13 71 70 16 134 75 74 137 17 79 78 20 141 83 82 144 24 87 86 27 145 91 90 148 28 95 94 31 149 99 98 152 35 103 102 38 106 105 153 42 110 109 45 154 114 113 157 50 118 117 53 121 120 158 57 125 124 60 128 127 159 65 132 131 68 73 136 135 76 139 138 160 81 143 142 84 89 147 146 92 97 151 150 100 107 112 156 155 115 122 129 140 
22 33 40 47 7 49 5 55 62 12 64 10 70 16 72 14 78 20 80 18 23 1 21 86 27 88 25 94 31 96 29 34 2 32 102 38 104 36 41 3 39 109 45 111 43 48 4 46 6 117 53 119 51 56 8 54 124 60 126 58 63 9 61 11 131 68 133 66 71 13 69 15 135 76 137 74 79 17 77 19 142 84 144 82 87 24 85 26 146 92 148 90 95 28 93 30 150 100 152 98 103 35 101 37 107 153 105 110 42 108 44 155 115 157 113 118 50 116 52 122 158 120 125 57 123 59 129 159 127 132 65 130 67 136 73 134 75 140 160 138 143 81 141 83 147 89 145 91 151 97 149 99 106 156 112 154 114 121 128 139 
23 34 41 48 49 7 6 56 63 64 12 11 71 72 16 15 79 80 20 19 22 21 1 87 88 27 26 95 96 31 30 33 32 2 103 104 38 37 40 39 3 110 111 45 44 47 46 4 5 118 119 53 52 55 54 8 125 126 60 59 62 61 9 10 132 133 68 67 70 69 13 14 136 137 76 75 78 77 17 18 143 144 84 83 86 85 24 25 147 148 92 91 94 93 28 29 151 152 100 99 102 101 35 36 153 107 106 109 108 42 43 156 157 115 114 117 116 50 51 158 122 121 124 123 57 58 159 129 128 131 130 65 66 135 134 73 74 160 140 139 142 141 81 82 146 145 89 90 150 149 97 98 105 155 154 112 113 120 127 138 
24 69 31 50 51 52 53 80 101 37 36 104 60 62 63 9 81 82 83 84 85 86 87 111 48 47 46 130 67 66 133 13 71 70 92 94 95 28 96 29 30 112 113 114 115 116 117 118 119 137 79 78 77 20 19 18 149 99 98 152 35 103 102 38 122 124 125 57 126 58 59 61 8 138 139 140 141 142 143 144 153 110 109 108 45 44 43 4 39 128 127 159 65 132 131 68 12 146 147 89 148 90 91 93 25 26 27 154 155 156 157 49 136 135 134 76 75 74 17 15 14 72 97 151 150 100 33 34 2 158 120 121 123 54 55 56 160 23 22 21 107 106 105 42 3 41 40 129 64 10 11 145 88 7 6 5 73 16 32 1 
25 15 33 51 8 54 55 23 37 39 3 41 62 12 64 10 82 24 85 86 26 27 88 48 49 7 6 67 69 13 71 14 72 16 94 31 96 29 34 2 32 113 50 116 117 52 53 119 56 79 80 20 19 22 21 1 99 101 35 103 36 104 38 40 124 60 126 58 63 9 61 11 138 81 141 142 83 84 144 87 110 111 45 44 47 46 4 5 128 130 65 132 66 133 68 70 146 92 148 90 95 28 93 30 112 154 155 114 115 157 118 136 137 76 75 78 77 17 18 149 97 151 98 152 100 102 122 158 120 125 57 123 59 139 140 160 143 153 107 106 109 108 42 43 127 159 129 131 147 89 145 91 156 135 134 73 74 150 121 105 
26 14 34 52 54 8 56 22 36 3 39 40 63 64 12 11 83 85 24 87 25 88 27 47 7 49 5 66 13 69 70 15 16 72 95 96 31 30 33 32 2 114 116 50 118 51 119 53 55 78 20 80 18 23 1 21 98 35 101 102 37 38 104 41 125 126 60 59 62 61 9 10 139 141 81 143 82 144 84 86 109 45 111 43 48 4 46 6 127 65 130 131 67 68 133 71 147 148 92 91 94 93 28 29 154 112 156 113 157 115 117 135 76 137 74 79 17 77 19 97 149 150 99 100 152 103 158 122 121 124 123 57 58 138 160 140 142 107 153 105 110 42 108 44 128 129 159 132 146 145 89 90 155 136 73 134 75 151 120 106 
27 72 2 53 55 56 8 21 104 41 40 39 9 10 11 12 84 86 87 24 88 25 26 46 6 5 49 133 71 70 69 16 15 14 28 29 30 31 32 33 34 115 117 118 50 119 51 52 54 77 19 18 80 1 23 22 152 103 102 101 38 37 36 3 57 58 59 60 61 62 63 64 140 142 143 81 144 82 83 85 108 44 43 111 4 48 47 7 159 132 131 130 68 67 66 13 89 90 91 92 93 94 95 96 155 156 112 157 113 114 116 134 75 74 137 17 79 78 20 151 150 149 100 99 98 35 120 121 122 123 124 125 126 160 138 139 141 106 105 153 42 110 109 45 129 128 127 65 145 146 147 148 154 73 136 135 76 97 158 107 
28 44 50 57 58 59 60 67 75 77 17 79 81 82 83 84 89 90 91 92 93 94 95 99 101 35 103 106 108 42 110 43 111 45 112 113 114 115 116 117 118 2 120 121 122 123 124 125 126 128 130 65 132 66 133 68 6 134 73 136 74 137 76 78 8 138 139 140 141 142 143 144 9 10 11 12 145 146 147 148 15 149 97 151 98 152 100 102 19 21 1 23 105 153 107 109 24 25 26 27 154 155 156 157 29 30 31 32 33 34 158 37 39 3 41 127 159 129 131 46 4 48 5 49 7 135 51 52 53 54 55 56 160 61 62 63 64 69 13 71 14 72 16 150 18 80 20 22 85 86 87 88 96 36 104 38 40 47 119 70 
29 46 51 58 9 61 62 69 77 19 18 80 82 24 85 86 90 28 93 94 30 31 96 101 37 36 104 108 44 43 111 4 48 47 113 50 116 117 52 53 119 120 57 123 124 59 60 126 63 130 67 66 133 13 71 70 134 75 74 137 17 79 78 20 138 81 141 142 83 84 144 87 10 89 145 146 91 92 148 95 149 99 98 152 35 103 102 38 21 106 105 153 42 110 109 45 25 112 154 155 114 115 157 118 2 32 33 121 122 158 125 39 128 127 159 65 132 131 68 6 5 49 73 136 135 76 8 54 55 139 140 160 143 11 12 64 147 15 14 72 97 151 150 100 1 23 22 107 26 27 88 156 34 3 41 40 129 7 56 16 
30 4 52 59 61 9 63 13 17 18 19 20 83 85 24 87 91 93 28 95 29 96 31 35 36 37 38 42 43 44 45 46 47 48 114 116 50 118 51 119 53 121 123 57 125 58 126 60 62 65 66 67 68 69 70 71 73 74 75 76 77 78 79 80 139 141 81 143 82 144 84 86 11 145 89 147 90 148 92 94 97 98 99 100 101 102 103 104 1 105 106 107 108 109 110 111 26 154 112 156 113 157 115 117 32 2 34 120 158 122 124 3 127 128 129 130 131 132 133 5 6 7 134 135 136 137 54 8 56 138 160 140 142 10 64 12 146 14 15 16 149 150 151 152 21 22 23 153 25 88 27 155 33 39 40 41 159 49 55 72 
31 48 53 60 62 63 9 71 79 80 20 19 84 86 87 24 92 94 95 28 96 29 30 103 104 38 37 110 111 45 44 47 46 4 115 117 118 50 119 51 52 122 124 125 57 126 58 59 61 132 133 68 67 70 69 13 136 137 76 75 78 77 17 18 140 142 143 81 144 82 83 85 12 146 147 89 148 90 91 93 151 152 100 99 102 101 35 36 23 153 107 106 109 108 42 43 27 155 156 112 157 113 114 116 33 34 2 158 120 121 123 41 159 129 128 131 130 65 66 49 7 6 135 134 73 74 55 56 8 160 138 139 141 64 10 11 145 72 16 15 150 149 97 98 22 21 1 105 88 25 26 154 32 40 39 3 127 5 54 14 
32 5 54 61 11 10 64 14 18 1 21 22 85 26 25 88 93 30 29 96 2 34 33 36 3 39 40 43 4 46 47 6 7 49 116 52 51 119 8 56 55 123 59 58 126 9 63 62 12 66 13 69 70 15 16 72 74 17 77 78 19 20 80 23 141 83 82 144 24 87 86 27 145 91 90 148 28 95 94 31 98 35 101 102 37 38 104 41 105 42 108 109 44 45 111 48 154 114 113 157 50 118 117 53 121 120 158 57 125 124 60 127 65 130 131 67 68 133 71 73 134 135 75 76 137 79 139 138 160 81 143 142 84 89 147 146 92 97 149 150 99 100 152 103 106 107 153 110 112 156 155 115 122 128 129 159 132 136 140 151 
33 49 55 62 12 64 10 72 80 23 22 21 86 27 88 25 94 31 96 29 34 2 32 104 41 40 39 111 48 47 46 7 6 5 117 53 119 51 56 8 54 124 60 126 58 63 9 61 11 133 71 70 69 16 15 14 137 79 78 77 20 19 18 1 142 84 144 82 87 24 85 26 146 92 148 90 95 28 93 30 152 103 102 101 38 37 36 3 153 110 109 108 45 44 43 4 155 115 157 113 118 50 116 52 122 158 120 125 57 123 59 159 132 131 130 68 67 66 13 136 135 134 76 75 74 17 140 160 138 143 81 141 83 147 89 145 91 151 150 149 100 99 98 35 107 106 105 42 156 112 154 114 121 129 128 127 65 73 139 97 
34 7 56 63 64 12 11 16 20 22 23 1 87 88 27 26 95 96 31 30 33 32 2 38 40 41 3 45 47 48 4 49 5 6 118 119 53 52 55 54 8 125 126 60 59 62 61 9 10 68 70 71 13 72 14 15 76 78 79 17 80 18 19 21 143 144 84 83 86 85 24 25 147 148 92 91 94 93 28 29 100 102 103 35 104 36 37 39 107 109 110 42 111 43 44 46 156 157 115 114 117 116 50 51 158 122 121 124 123 57 58 129 131 132 65 133 66 67 69 135 136 73 137 74 75 77 160 140 139 142 141 81 82 146 145 89 90 150 151 97 152 98 99 101 153 105 106 108 155 154 112 113 120 159 127 128 130 134 138 149 
35 82 45 65 66 67 68 94 113 50 116 117 76 78 79 17 97 98 99 100 101 102 103 124 60 126 58 138 81 141 142 83 84 144 107 109 110 42 111 43 44 3 127 128 129 130 131 132 133 146 92 148 90 95 28 93 25 112 154 155 114 115 157 118 7 135 136 73 137 74 75 77 13 14 15 16 149 150 151 152 33 122 158 120 125 57 123 59 51 8 54 55 139 140 160 143 20 22 23 1 153 105 106 108 36 37 38 39 40 41 159 62 12 64 10 147 89 145 91 24 85 86 26 27 88 156 47 48 4 49 5 6 134 69 70 71 72 31 96 29 34 2 32 121 52 53 119 56 80 18 19 21 104 63 9 61 11 87 46 30 
36 24 47 66 13 69 70 31 50 51 52 53 78 20 80 18 98 35 101 102 37 38 104 60 62 63 9 81 82 83 84 85 86 87 109 45 111 43 48 4 46 127 65 130 131 67 68 133 71 92 94 95 28 96 29 30 112 113 114 115 116 117 118 119 135 76 137 74 79 17 77 19 14 97 149 150 99 100 152 103 122 124 125 57 126 58 59 61 8 138 139 140 141 142 143 144 22 107 153 105 110 42 108 44 3 39 40 128 129 159 132 12 146 147 89 148 90 91 93 25 26 27 154 155 156 157 7 49 5 136 73 134 75 15 16 72 151 33 34 2 158 120 121 123 54 55 56 160 23 1 21 106 41 64 10 11 145 88 6 32 
37 85 48 67 69 13 71 96 116 52 51 119 79 80 20 19 99 101 35 103 36 104 38 126 63 62 61 141 83 82 144 24 87 86 110 111 45 44 47 46 4 128 130 65 132 66 133 68 70 148 95 94 93 31 30 29 154 114 113 157 50 118 117 53 136 137 76 75 78 77 17 18 15 149 97 151 98 152 100 102 158 125 124 123 60 59 58 9 54 139 138 160 81 143 142 84 23 153 107 106 109 108 42 43 39 3 41 127 159 129 131 64 147 146 145 92 91 90 28 26 25 88 112 156 155 115 49 7 6 135 134 73 74 14 72 16 150 34 33 32 122 121 120 57 8 56 55 140 22 21 1 105 40 12 11 10 89 27 5 2 
38 86 4 68 70 71 13 29 117 53 119 51 17 18 19 20 100 102 103 35 104 36 37 58 9 61 62 142 84 144 82 87 24 85 42 43 44 45 46 47 48 129 131 132 65 133 66 67 69 90 28 93 94 30 31 96 155 115 157 113 118 50 116 52 73 74 75 76 77 78 79 80 16 150 151 97 152 98 99 101 120 57 123 124 59 60 126 63 55 140 160 138 143 81 141 83 1 105 106 107 108 109 110 111 40 41 3 159 127 128 130 10 89 145 146 91 92 148 95 27 88 25 156 112 154 114 5 6 7 134 135 136 137 72 14 15 149 2 32 33 121 122 158 125 56 8 54 139 21 22 23 153 39 11 12 64 147 26 49 34 
39 26 49 69 15 14 72 34 52 54 8 56 80 23 22 21 101 37 36 104 3 41 40 63 64 12 11 83 85 24 87 25 88 27 111 48 47 46 7 6 5 130 67 66 133 13 71 70 16 95 96 31 30 33 32 2 114 116 50 118 51 119 53 55 137 79 78 77 20 19 18 1 149 99 98 152 35 103 102 38 125 126 60 59 62 61 9 10 139 141 81 143 82 144 84 86 153 110 109 108 45 44 43 4 128 127 159 65 132 131 68 147 148 92 91 94 93 28 29 154 112 156 113 157 115 117 136 135 134 76 75 74 17 97 151 150 100 158 122 121 124 123 57 58 138 160 140 142 107 106 105 42 129 146 145 89 90 155 73 120 
40 27 5 70 16 72 14 2 53 55 56 8 18 1 21 22 102 38 104 36 41 3 39 9 10 11 12 84 86 87 24 88 25 26 43 4 46 47 6 7 49 131 68 133 66 71 13 69 15 28 29 30 31 32 33 34 115 117 118 50 119 51 52 54 74 17 77 78 19 20 80 23 150 100 152 98 103 35 101 37 57 58 59 60 61 62 63 64 140 142 143 81 144 82 83 85 105 42 108 109 44 45 111 48 129 159 127 132 65 130 67 89 90 91 92 93 94 95 96 155 156 112 157 113 114 116 73 134 135 75 76 137 79 151 97 149 99 120 121 122 123 124 125 126 160 138 139 141 106 107 153 110 128 145 146 147 148 154 136 158 
41 88 6 71 72 16 15 32 119 56 55 54 19 21 1 23 103 104 38 37 40 39 3 61 11 10 64 144 87 86 85 27 26 25 44 46 4 48 5 49 7 132 133 68 67 70 69 13 14 93 30 29 96 2 34 33 157 118 117 116 53 52 51 8 75 77 17 79 18 80 20 22 151 152 100 99 102 101 35 36 123 59 58 126 9 63 62 12 160 143 142 141 84 83 82 24 106 108 42 110 43 111 45 47 159 129 128 131 130 65 66 145 91 90 148 28 95 94 31 156 155 154 115 114 113 50 134 73 136 74 137 76 78 150 149 97 98 121 120 158 57 125 124 60 140 139 138 81 105 153 107 109 127 89 147 146 92 112 135 122 
42 57 65 73 74 75 76 81 89 90 91 92 97 98 99 100 1 105 106 107 108 109 110 112 113 114 115 2 120 121 122 123 124 125 3 127 128 129 130 131 132 4 5 6 7 134 135 136 137 8 138 139 140 141 142 143 9 10 11 12 145 146 147 148 13 14 15 16 149 150 151 152 17 18 19 20 21 22 23 153 24 25 26 27 154 155 156 157 28 29 30 31 32 33 34 158 35 36 37 38 39 40 41 159 43 44 45 46 47 48 49 50 51 52 53 54 55 56 160 58 59 60 61 62 63 64 66 67 68 69 70 71 72 77 78 79 80 82 83 84 85 86 87 88 93 94 95 96 101 102 103 104 111 116 117 118 119 126 133 144 
43 58 66 74 17 77 78 82 90 28 93 94 98 35 101 102 105 42 108 109 44 45 111 113 50 116 117 120 57 123 124 59 60 126 127 65 130 131 67 68 133 5 73 134 135 75 76 137 79 138 81 141 142 83 84 144 10 89 145 146 91 92 148 95 14 97 149 150 99 100 152 103 18 1 21 22 106 107 153 110 25 112 154 155 114 115 157 118 29 2 32 33 121 122 158 125 36 3 39 40 128 129 159 132 4 46 47 6 7 49 136 51 8 54 55 139 140 160 143 9 61 62 11 12 64 147 13 69 70 15 16 72 151 19 20 80 23 24 85 86 26 27 88 156 30 31 96 34 37 38 104 41 48 52 53 119 56 63 71 87 
44 59 67 75 77 17 79 83 91 93 28 95 99 101 35 103 106 108 42 110 43 111 45 114 116 50 118 121 123 57 125 58 126 60 128 130 65 132 66 133 68 6 134 73 136 74 137 76 78 139 141 81 143 82 144 84 11 145 89 147 90 148 92 94 15 149 97 151 98 152 100 102 19 21 1 23 105 153 107 109 26 154 112 156 113 157 115 117 30 32 2 34 120 158 122 124 37 39 3 41 127 159 129 131 46 4 48 5 49 7 135 52 54 8 56 138 160 140 142 61 9 63 10 64 12 146 69 13 71 14 72 16 150 18 80 20 22 85 24 87 25 88 27 155 29 96 31 33 36 104 38 40 47 51 119 53 55 62 70 86 
45 60 68 76 78 79 17 84 92 94 95 28 100 102 103 35 107 109 110 42 111 43 44 115 117 118 50 122 124 125 57 126 58 59 129 131 132 65 133 66 67 7 135 136 73 137 74 75 77 140 142 143 81 144 82 83 12 146 147 89 148 90 91 93 16 150 151 97 152 98 99 101 20 22 23 1 153 105 106 108 27 155 156 112 157 113 114 116 31 33 34 2 158 120 121 123 38 40 41 3 159 127 128 130 47 48 4 49 5 6 134 53 55 56 8 160 138 139 141 62 63 9 64 10 11 145 70 71 13 72 14 15 149 80 18 19 21 86 87 24 88 25 26 154 96 29 30 32 104 36 37 39 46 119 51 52 54 61 69 85 
46 61 69 77 19 18 80 85 93 30 29 96 101 37 36 104 108 44 43 111 4 48 47 116 52 51 119 123 59 58 126 9 63 62 130 67 66 133 13 71 70 134 75 74 137 17 79 78 20 141 83 82 144 24 87 86 145 91 90 148 28 95 94 31 149 99 98 152 35 103 102 38 21 106 105 153 42 110 109 45 154 114 113 157 50 118 117 53 32 121 120 158 57 125 124 60 39 128 127 159 65 132 131 68 6 5 49 73 136 135 76 54 139 138 160 81 143 142 84 11 10 64 89 147 146 92 15 14 72 97 151 150 100 1 23 22 107 26 25 88 112 156 155 115 2 34 33 122 3 41 40 129 7 8 56 55 140 12 16 27 
47 62 70 78 20 80 18 86 94 31 96 29 102 38 104 36 109 45 111 43 48 4 46 117 53 119 51 124 60 126 58 63 9 61 131 68 133 66 71 13 69 135 76 137 74 79 17 77 19 142 84 144 82 87 24 85 146 92 148 90 95 28 93 30 150 100 152 98 103 35 101 37 22 107 153 105 110 42 108 44 155 115 157 113 118 50 116 52 33 122 158 120 125 57 123 59 40 129 159 127 132 65 130 67 7 49 5 136 73 134 75 55 140 160 138 143 81 141 83 12 64 10 147 89 145 91 16 72 14 151 97 149 99 23 1 21 106 27 88 25 156 112 154 114 34 2 32 121 41 3 39 128 6 56 8 54 139 11 15 26 
48 63 71 79 80 20 19 87 95 96 31 30 103 104 38 37 110 111 45 44 47 46 4 118 119 53 52 125 126 60 59 62 61 9 132 133 68 67 70 69 13 136 137 76 75 78 77 17 18 143 144 84 83 86 85 24 147 148 92 91 94 93 28 29 151 152 100 99 102 101 35 36 23 153 107 106 109 108 42 43 156 157 115 114 117 116 50 51 34 158 122 121 124 123 57 58 41 159 129 128 131 130 65 66 49 7 6 135 134 73 74 56 160 140 139 142 141 81 82 64 12 11 146 145 89 90 72 16 15 150 149 97 98 22 21 1 105 88 27 26 155 154 112 113 33 32 2 120 40 39 3 127 5 55 54 8 138 10 14 25 
49 64 72 80 23 22 21 88 96 34 33 32 104 41 40 39 111 48 47 46 7 6 5 119 56 55 54 126 63 62 61 12 11 10 133 71 70 69 16 15 14 137 79 78 77 20 19 18 1 144 87 86 85 27 26 25 148 95 94 93 31 30 29 2 152 103 102 101 38 37 36 3 153 110 109 108 45 44 43 4 157 118 117 116 53 52 51 8 158 125 124 123 60 59 58 9 159 132 131 130 68 67 66 13 136 135 134 76 75 74 17 160 143 142 141 84 83 82 24 147 146 145 92 91 90 28 151 150 149 100 99 98 35 107 106 105 42 156 155 154 115 114 113 50 122 121 120 57 129 128 127 65 73 140 139 138 81 89 97 112 
50 101 60 81 82 83 84 111 130 67 66 133 92 94 95 28 112 113 114 115 116 117 118 137 79 78 77 149 99 98 152 35 103 102 122 124 125 57 126 58 59 8 138 139 140 141 142 143 144 153 110 109 108 45 44 43 39 128 127 159 65 132 131 68 12 146 147 89 148 90 91 93 24 25 26 27 154 155 156 157 49 136 135 134 76 75 74 17 69 15 14 72 97 151 150 100 31 33 34 2 158 120 121 123 51 52 53 54 55 56 160 80 23 22 21 107 106 105 42 37 36 104 3 41 40 129 62 63 9 64 10 11 145 85 86 87 88 48 47 46 7 6 5 73 13 71 70 16 96 29 30 32 119 20 19 18 1 38 61 4 
51 37 62 82 24 85 86 48 67 69 13 71 94 31 96 29 113 50 116 117 52 53 119 79 80 20 19 99 101 35 103 36 104 38 124 60 126 58 63 9 61 138 81 141 142 83 84 144 87 110 111 45 44 47 46 4 128 130 65 132 66 133 68 70 146 92 148 90 95 28 93 30 25 112 154 155 114 115 157 118 136 137 76 75 78 77 17 18 15 149 97 151 98 152 100 102 33 122 158 120 125 57 123 59 8 54 55 139 140 160 143 23 153 107 106 109 108 42 43 39 3 41 127 159 129 131 12 64 10 147 89 145 91 26 27 88 156 49 7 6 135 134 73 74 14 72 16 150 34 2 32 121 56 22 21 1 105 40 11 5 
52 36 63 83 85 24 87 47 66 13 69 70 95 96 31 30 114 116 50 118 51 119 53 78 20 80 18 98 35 101 102 37 38 104 125 126 60 59 62 61 9 139 141 81 143 82 144 84 86 109 45 111 43 48 4 46 127 65 130 131 67 68 133 71 147 148 92 91 94 93 28 29 26 154 112 156 113 157 115 117 135 76 137 74 79 17 77 19 14 97 149 150 99 100 152 103 34 158 122 121 124 123 57 58 54 8 56 138 160 140 142 22 107 153 105 110 42 108 44 3 39 40 128 129 159 132 64 12 11 146 145 89 90 25 88 27 155 7 49 5 136 73 134 75 15 16 72 151 33 32 2 120 55 23 1 21 106 41 10 6 
53 104 9 84 86 87 24 46 133 71 70 69 28 29 30 31 115 117 118 50 119 51 52 77 19 18 80 152 103 102 101 38 37 36 57 58 59 60 61 62 63 140 142 143 81 144 82 83 85 108 44 43 111 4 48 47 159 132 131 130 68 67 66 13 89 90 91 92 93 94 95 96 27 155 156 112 157 113 114 116 134 75 74 137 17 79 78 20 72 151 150 149 100 99 98 35 2 120 121 122 123 124 125 126 55 56 8 160 138 139 141 21 106 105 153 42 110 109 45 41 40 39 129 128 127 65 10 11 12 145 146 147 148 88 25 26 154 6 5 49 73 136 135 76 16 15 14 97 32 33 34 158 54 1 23 22 107 3 64 7 
54 3 64 85 26 25 88 7 13 14 15 16 96 34 33 32 116 52 51 119 8 56 55 20 22 23 1 35 36 37 38 39 40 41 126 63 62 61 12 11 10 141 83 82 144 24 87 86 27 45 47 48 4 49 5 6 65 66 67 68 69 70 71 72 148 95 94 93 31 30 29 2 154 114 113 157 50 118 117 53 76 78 79 17 80 18 19 21 97 98 99 100 101 102 103 104 158 125 124 123 60 59 58 9 139 138 160 81 143 142 84 107 109 110 42 111 43 44 46 127 128 129 130 131 132 133 147 146 145 92 91 90 28 112 156 155 115 135 136 73 137 74 75 77 149 150 151 152 122 121 120 57 140 153 105 106 108 159 89 134 
55 41 10 86 27 88 25 6 71 72 16 15 29 2 32 33 117 53 119 51 56 8 54 19 21 1 23 103 104 38 37 40 39 3 58 9 61 62 11 12 64 142 84 144 82 87 24 85 26 44 46 4 48 5 49 7 132 133 68 67 70 69 13 14 90 28 93 94 30 31 96 34 155 115 157 113 118 50 116 52 75 77 17 79 18 80 20 22 151 152 100 99 102 101 35 36 120 57 123 124 59 60 126 63 140 160 138 143 81 141 83 106 108 42 110 43 111 45 47 159 129 128 131 130 65 66 89 145 146 91 92 148 95 156 112 154 114 134 73 136 74 137 76 78 150 149 97 98 121 122 158 125 139 105 153 107 109 127 147 135 
56 40 11 87 88 27 26 5 70 16 72 14 30 32 2 34 118 119 53 52 55 54 8 18 1 21 22 102 38 104 36 41 3 39 59 61 9 63 10 64 12 143 144 84 83 86 85 24 25 43 4 46 47 6 7 49 131 68 133 66 71 13 69 15 91 93 28 95 29 96 31 33 156 157 115 114 117 116 50 51 74 17 77 78 19 20 80 23 150 100 152 98 103 35 101 37 121 123 57 125 58 126 60 62 160 140 139 142 141 81 82 105 42 108 109 44 45 111 48 129 159 127 132 65 130 67 145 89 147 90 148 92 94 155 154 112 113 73 134 135 75 76 137 79 151 97 149 99 120 158 122 124 138 106 107 153 110 128 146 136 
57 75 81 89 90 91 92 99 106 108 42 110 112 113 114 115 2 120 121 122 123 124 125 128 130 65 132 6 134 73 136 74 137 76 8 138 139 140 141 142 143 9 10 11 12 145 146 147 148 15 149 97 151 98 152 100 19 21 1 23 105 153 107 109 24 25 26 27 154 155 156 157 28 29 30 31 32 33 34 158 37 39 3 41 127 159 129 131 44 46 4 48 5 49 7 135 50 51 52 53 54 55 56 160 58 59 60 61 62 63 64 67 69 13 71 14 72 16 150 77 17 79 18 80 20 22 82 83 84 85 86 87 88 93 94 95 96 101 35 103 36 104 38 40 43 111 45 47 116 117 118 119 126 66 133 68 70 78 144 102 
58 77 82 90 28 93 94 101 108 44 43 111 113 50 116 117 120 57 123 124 59 60 126 130 67 66 133 134 75 74 137 17 79 78 138 81 141 142 83 84 144 10 89 145 146 91 92 148 95 149 99 98 152 35 103 102 21 106 105 153 42 110 109 45 25 112 154 155 114 115 157 118 29 2 32 33 121 122 158 125 39 128 127 159 65 132 131 68 46 6 5 49 73 136 135 76 51 8 54 55 139 140 160 143 9 61 62 11 12 64 147 69 15 14 72 97 151 150 100 19 18 80 1 23 22 107 24 85 86 26 27 88 156 30 31 96 34 37 36 104 3 41 40 129 4 48 47 7 52 53 119 56 63 13 71 70 16 20 87 38 
59 17 83 91 93 28 95 35 42 43 44 45 114 116 50 118 121 123 57 125 58 126 60 65 66 67 68 73 74 75 76 77 78 79 139 141 81 143 82 144 84 11 145 89 147 90 148 92 94 97 98 99 100 101 102 103 1 105 106 107 108 109 110 111 26 154 112 156 113 157 115 117 30 32 2 34 120 158 122 124 3 127 128 129 130 131 132 133 4 5 6 7 134 135 136 137 52 54 8 56 138 160 140 142 61 9 63 10 64 12 146 13 14 15 16 149 150 151 152 18 19 20 21 22 23 153 85 24 87 25 88 27 155 29 96 31 33 36 37 38 39 40 41 159 46 47 48 49 51 119 53 55 62 69 70 71 72 80 86 104 
60 79 84 92 94 95 28 103 110 111 45 44 115 117 118 50 122 124 125 57 126 58 59 132 133 68 67 136 137 76 75 78 77 17 140 142 143 81 144 82 83 12 146 147 89 148 90 91 93 151 152 100 99 102 101 35 23 153 107 106 109 108 42 43 27 155 156 112 157 113 114 116 31 33 34 2 158 120 121 123 41 159 129 128 131 130 65 66 48 49 7 6 135 134 73 74 53 55 56 8 160 138 139 141 62 63 9 64 10 11 145 71 72 16 15 150 149 97 98 80 20 19 22 21 1 105 86 87 24 88 25 26 154 96 29 30 32 104 38 37 40 39 3 127 47 46 4 5 119 51 52 54 61 70 69 13 14 18 85 36 
61 18 85 93 30 29 96 36 43 4 46 47 116 52 51 119 123 59 58 126 9 63 62 66 13 69 70 74 17 77 78 19 20 80 141 83 82 144 24 87 86 145 91 90 148 28 95 94 31 98 35 101 102 37 38 104 105 42 108 109 44 45 111 48 154 114 113 157 50 118 117 53 32 121 120 158 57 125 124 60 127 65 130 131 67 68 133 71 5 73 134 135 75 76 137 79 54 139 138 160 81 143 142 84 11 10 64 89 147 146 92 14 97 149 150 99 100 152 103 1 21 22 106 107 153 110 26 25 88 112 156 155 115 2 34 33 122 3 39 40 128 129 159 132 6 7 49 136 8 56 55 140 12 15 16 72 151 23 27 41 
62 80 86 94 31 96 29 104 111 48 47 46 117 53 119 51 124 60 126 58 63 9 61 133 71 70 69 137 79 78 77 20 19 18 142 84 144 82 87 24 85 146 92 148 90 95 28 93 30 152 103 102 101 38 37 36 153 110 109 108 45 44 43 4 155 115 157 113 118 50 116 52 33 122 158 120 125 57 123 59 159 132 131 130 68 67 66 13 49 136 135 134 76 75 74 17 55 140 160 138 143 81 141 83 12 64 10 147 89 145 91 72 151 150 149 100 99 98 35 23 22 21 107 106 105 42 27 88 25 156 112 154 114 34 2 32 121 41 40 39 129 128 127 65 7 6 5 73 56 8 54 139 11 16 15 14 97 1 26 3 
63 20 87 95 96 31 30 38 45 47 48 4 118 119 53 52 125 126 60 59 62 61 9 68 70 71 13 76 78 79 17 80 18 19 143 144 84 83 86 85 24 147 148 92 91 94 93 28 29 100 102 103 35 104 36 37 107 109 110 42 111 43 44 46 156 157 115 114 117 116 50 51 34 158 122 121 124 123 57 58 129 131 132 65 133 66 67 69 7 135 136 73 137 74 75 77 56 160 140 139 142 141 81 82 64 12 11 146 145 89 90 16 150 151 97 152 98 99 101 22 23 1 153 105 106 108 88 27 26 155 154 112 113 33 32 2 120 40 41 3 159 127 128 130 49 5 6 134 55 54 8 138 10 72 14 15 149 21 25 39 
64 22 88 96 34 33 32 40 47 7 49 5 119 56 55 54 126 63 62 61 12 11 10 70 16 72 14 78 20 80 18 23 1 21 144 87 86 85 27 26 25 148 95 94 93 31 30 29 2 102 38 104 36 41 3 39 109 45 111 43 48 4 46 6 157 118 117 116 53 52 51 8 158 125 124 123 60 59 58 9 131 68 133 66 71 13 69 15 135 76 137 74 79 17 77 19 160 143 142 141 84 83 82 24 147 146 145 92 91 90 28 150 100 152 98 103 35 101 37 107 153 105 110 42 108 44 156 155 154 115 114 113 50 122 121 120 57 129 159 127 132 65 130 67 136 73 134 75 140 139 138 81 89 151 97 149 99 106 112 128 
65 113 76 97 98 99 100 124 138 81 141 142 107 109 110 42 3 127 128 129 130 131 132 146 92 148 90 25 112 154 155 114 115 157 7 135 136 73 137 74 75 13 14 15 16 149 150 151 152 33 122 158 120 125 57 123 51 8 54 55 139 140 160 143 20 22 23 1 153 105 106 108 35 36 37 38 39 40 41 159 62 12 64 10 147 89 145 91 82 24 85 86 26 27 88 156 45 47 48 4 49 5 6 134 66 67 68 69 70 71 72 94 31 96 29 34 2 32 121 50 116 117 52 53 119 56 78 79 17 80 18 19 21 101 102 103 104 60 126 58 63 9 61 11 83 84 144 87 111 43 44 46 133 95 28 93 30 118 77 59 
66 50 78 98 35 101 102 60 81 82 83 84 109 45 111 43 127 65 130 131 67 68 133 92 94 95 28 112 113 114 115 116 117 118 135 76 137 74 79 17 77 14 97 149 150 99 100 152 103 122 124 125 57 126 58 59 8 138 139 140 141 142 143 144 22 107 153 105 110 42 108 44 36 3 39 40 128 129 159 132 12 146 147 89 148 90 91 93 24 25 26 27 154 155 156 157 47 7 49 5 136 73 134 75 13 69 70 15 16 72 151 31 33 34 2 158 120 121 123 51 52 53 54 55 56 160 20 80 18 23 1 21 106 37 38 104 41 62 63 9 64 10 11 145 85 86 87 88 48 4 46 6 71 96 29 30 32 119 19 61 
67 116 79 99 101 35 103 126 141 83 82 144 110 111 45 44 128 130 65 132 66 133 68 148 95 94 93 154 114 113 157 50 118 117 136 137 76 75 78 77 17 15 149 97 151 98 152 100 102 158 125 124 123 60 59 58 54 139 138 160 81 143 142 84 23 153 107 106 109 108 42 43 37 39 3 41 127 159 129 131 64 147 146 145 92 91 90 28 85 26 25 88 112 156 155 115 48 49 7 6 135 134 73 74 69 13 71 14 72 16 150 96 34 33 32 122 121 120 57 52 51 119 8 56 55 140 80 20 19 22 21 1 105 36 104 38 40 63 62 61 12 11 10 89 24 87 86 27 47 46 4 5 70 31 30 29 2 53 18 9 
68 117 17 100 102 103 35 58 142 84 144 82 42 43 44 45 129 131 132 65 133 66 67 90 28 93 94 155 115 157 113 118 50 116 73 74 75 76 77 78 79 16 150 151 97 152 98 99 101 120 57 123 124 59 60 126 55 140 160 138 143 81 141 83 1 105 106 107 108 109 110 111 38 40 41 3 159 127 128 130 10 89 145 146 91 92 148 95 86 27 88 25 156 112 154 114 4 5 6 7 134 135 136 137 70 71 13 72 14 15 149 29 2 32 33 121 122 158 125 53 119 51 56 8 54 139 18 19 20 21 22 23 153 104 36 37 39 9 61 62 11 12 64 147 87 24 85 26 46 47 48 49 69 30 31 96 34 52 80 63 
69 52 80 101 37 36 104 63 83 85 24 87 111 48 47 46 130 67 66 133 13 71 70 95 96 31 30 114 116 50 118 51 119 53 137 79 78 77 20 19 18 149 99 98 152 35 103 102 38 125 126 60 59 62 61 9 139 141 81 143 82 144 84 86 153 110 109 108 45 44 43 4 39 128 127 159 65 132 131 68 147 148 92 91 94 93 28 29 26 154 112 156 113 157 115 117 49 136 135 134 76 75 74 17 15 14 72 97 151 150 100 34 158 122 121 124 123 57 58 54 8 56 138 160 140 142 23 22 21 107 106 105 42 3 41 40 129 64 12 11 146 145 89 90 25 88 27 155 7 6 5 73 16 33 32 2 120 55 1 10 
70 53 18 102 38 104 36 9 84 86 87 24 43 4 46 47 131 68 133 66 71 13 69 28 29 30 31 115 117 118 50 119 51 52 74 17 77 78 19 20 80 150 100 152 98 103 35 101 37 57 58 59 60 61 62 63 140 142 143 81 144 82 83 85 105 42 108 109 44 45 111 48 40 129 159 127 132 65 130 67 89 90 91 92 93 94 95 96 27 155 156 112 157 113 114 116 5 73 134 135 75 76 137 79 16 72 14 151 97 149 99 2 120 121 122 123 124 125 126 55 56 8 160 138 139 141 1 21 22 106 107 153 110 41 3 39 128 10 11 12 145 146 147 148 88 25 26 154 6 7 49 136 15 32 33 34 158 54 23 64 
71 119 19 103 104 38 37 61 144 87 86 85 44 46 4 48 132 133 68 67 70 69 13 93 30 29 96 157 118 117 116 53 52 51 75 77 17 79 18 80 20 151 152 100 99 102 101 35 36 123 59 58 126 9 63 62 160 143 142 141 84 83 82 24 106 108 42 110 43 111 45 47 41 159 129 128 131 130 65 66 145 91 90 148 28 95 94 31 88 156 155 154 115 114 113 50 6 134 73 136 74 137 76 78 72 16 15 150 149 97 98 32 121 120 158 57 125 124 60 56 55 54 140 139 138 81 21 1 23 105 153 107 109 40 39 3 127 11 10 64 89 147 146 92 27 26 25 112 5 49 7 135 14 2 34 33 122 8 22 12 
72 56 21 104 41 40 39 11 87 88 27 26 46 6 5 49 133 71 70 69 16 15 14 30 32 2 34 118 119 53 52 55 54 8 77 19 18 80 1 23 22 152 103 102 101 38 37 36 3 59 61 9 63 10 64 12 143 144 84 83 86 85 24 25 108 44 43 111 4 48 47 7 159 132 131 130 68 67 66 13 91 93 28 95 29 96 31 33 156 157 115 114 117 116 50 51 134 75 74 137 17 79 78 20 151 150 149 100 99 98 35 121 123 57 125 58 126 60 62 160 140 139 142 141 81 82 106 105 153 42 110 109 45 129 128 127 65 145 89 147 90 148 92 94 155 154 112 113 73 136 135 76 97 120 158 122 124 138 107 146 
73 89 97 1 105 106 107 112 2 120 121 122 3 127 128 129 4 5 6 7 134 135 136 8 138 139 140 9 10 11 12 145 146 147 13 14 15 16 149 150 151 17 18 19 20 21 22 23 153 24 25 26 27 154 155 156 28 29 30 31 32 33 34 158 35 36 37 38 39 40 41 159 42 43 44 45 46 47 48 49 50 51 52 53 54 55 56 160 57 58 59 60 61 62 63 64 65 66 67 68 69 70 71 72 74 75 76 77 78 79 80 81 82 83 84 85 86 87 88 90 91 92 93 94 95 96 98 99 100 101 102 103 104 108 109 110 111 113 114 115 116 117 118 119 123 124 125 126 130 131 132 133 137 141 142 143 144 148 152 157 
74 90 98 105 42 108 109 113 120 57 123 124 127 65 130 131 5 73 134 135 75 76 137 138 81 141 142 10 89 145 146 91 92 148 14 97 149 150 99 100 152 18 1 21 22 106 107 153 110 25 112 154 155 114 115 157 29 2 32 33 121 122 158 125 36 3 39 40 128 129 159 132 43 4 46 47 6 7 49 136 51 8 54 55 139 140 160 143 58 9 61 62 11 12 64 147 66 13 69 70 15 16 72 151 17 77 78 19 20 80 23 82 24 85 86 26 27 88 156 28 93 94 30 31 96 34 35 101 102 37 38 104 41 44 45 111 48 50 116 117 52 53 119 56 59 60 126 63 67 68 133 71 79 83 84 144 87 95 103 118 
75 91 99 106 108 42 110 114 121 123 57 125 128 130 65 132 6 134 73 136 74 137 76 139 141 81 143 11 145 89 147 90 148 92 15 149 97 151 98 152 100 19 21 1 23 105 153 107 109 26 154 112 156 113 157 115 30 32 2 34 120 158 122 124 37 39 3 41 127 159 129 131 44 46 4 48 5 49 7 135 52 54 8 56 138 160 140 142 59 61 9 63 10 64 12 146 67 69 13 71 14 72 16 150 77 17 79 18 80 20 22 83 85 24 87 25 88 27 155 93 28 95 29 96 31 33 101 35 103 36 104 38 40 43 111 45 47 116 50 118 51 119 53 55 58 126 60 62 66 133 68 70 78 82 144 84 86 94 102 117 
76 92 100 107 109 110 42 115 122 124 125 57 129 131 132 65 7 135 136 73 137 74 75 140 142 143 81 12 146 147 89 148 90 91 16 150 151 97 152 98 99 20 22 23 1 153 105 106 108 27 155 156 112 157 113 114 31 33 34 2 158 120 121 123 38 40 41 3 159 127 128 130 45 47 48 4 49 5 6 134 53 55 56 8 160 138 139 141 60 62 63 9 64 10 11 145 68 70 71 13 72 14 15 149 78 79 17 80 18 19 21 84 86 87 24 88 25 26 154 94 95 28 96 29 30 32 102 103 35 104 36 37 39 111 43 44 46 117 118 50 119 51 52 54 126 58 59 61 133 66 67 69 77 144 82 83 85 93 101 116 
77 93 101 108 44 43 111 116 123 59 58 126 130 67 66 133 134 75 74 137 17 79 78 141 83 82 144 145 91 90 148 28 95 94 149 99 98 152 35 103 102 21 106 105 153 42 110 109 45 154 114 113 157 50 118 117 32 121 120 158 57 125 124 60 39 128 127 159 65 132 131 68 46 6 5 49 73 136 135 76 54 139 138 160 81 143 142 84 61 11 10 64 89 147 146 92 69 15 14 72 97 151 150 100 19 18 80 1 23 22 107 85 26 25 88 112 156 155 115 30 29 96 2 34 33 122 37 36 104 3 41 40 129 4 48 47 7 52 51 119 8 56 55 140 9 63 62 12 13 71 70 16 20 24 87 86 27 31 38 53 
78 94 102 109 45 111 43 117 124 60 126 58 131 68 133 66 135 76 137 74 79 17 77 142 84 144 82 146 92 148 90 95 28 93 150 100 152 98 103 35 101 22 107 153 105 110 42 108 44 155 115 157 113 118 50 116 33 122 158 120 125 57 123 59 40 129 159 127 132 65 130 67 47 7 49 5 136 73 134 75 55 140 160 138 143 81 141 83 62 12 64 10 147 89 145 91 70 16 72 14 151 97 149 99 20 80 18 23 1 21 106 86 27 88 25 156 112 154 114 31 96 29 34 2 32 121 38 104 36 41 3 39 128 48 4 46 6 53 119 51 56 8 54 139 63 9 61 11 71 13 69 15 19 87 24 85 26 30 37 52 
79 95 103 110 111 45 44 118 125 126 60 59 132 133 68 67 136 137 76 75 78 77 17 143 144 84 83 147 148 92 91 94 93 28 151 152 100 99 102 101 35 23 153 107 106 109 108 42 43 156 157 115 114 117 116 50 34 158 122 121 124 123 57 58 41 159 129 128 131 130 65 66 48 49 7 6 135 134 73 74 56 160 140 139 142 141 81 82 63 64 12 11 146 145 89 90 71 72 16 15 150 149 97 98 80 20 19 22 21 1 105 87 88 27 26 155 154 112 113 96 31 30 33 32 2 120 104 38 37 40 39 3 127 47 46 4 5 119 53 52 55 54 8 138 62 61 9 10 70 69 13 14 18 86 85 24 25 29 36 51 
80 96 104 111 48 47 46 119 126 63 62 61 133 71 70 69 137 79 78 77 20 19 18 144 87 86 85 148 95 94 93 31 30 29 152 103 102 101 38 37 36 153 110 109 108 45 44 43 4 157 118 117 116 53 52 51 158 125 124 123 60 59 58 9 159 132 131 130 68 67 66 13 49 136 135 134 76 75 74 17 160 143 142 141 84 83 82 24 64 147 146 145 92 91 90 28 72 151 150 149 100 99 98 35 23 22 21 107 106 105 42 88 156 155 154 115 114 113 50 34 33 32 122 121 120 57 41 40 39 129 128 127 65 7 6 5 73 56 55 54 140 139 138 81 12 11 10 89 16 15 14 97 1 27 26 25 112 2 3 8 
81 130 92 112 113 114 115 137 149 99 98 152 122 124 125 57 8 138 139 140 141 142 143 153 110 109 108 39 128 127 159 65 132 131 12 146 147 89 148 90 91 24 25 26 27 154 155 156 157 49 136 135 134 76 75 74 69 15 14 72 97 151 150 100 31 33 34 2 158 120 121 123 50 51 52 53 54 55 56 160 80 23 22 21 107 106 105 42 101 37 36 104 3 41 40 129 60 62 63 9 64 10 11 145 82 83 84 85 86 87 88 111 48 47 46 7 6 5 73 67 66 133 13 71 70 16 94 95 28 96 29 30 32 116 117 118 119 79 78 77 20 19 18 1 35 103 102 38 126 58 59 61 144 45 44 43 4 68 93 17 
82 67 94 113 50 116 117 79 99 101 35 103 124 60 126 58 138 81 141 142 83 84 144 110 111 45 44 128 130 65 132 66 133 68 146 92 148 90 95 28 93 25 112 154 155 114 115 157 118 136 137 76 75 78 77 17 15 149 97 151 98 152 100 102 33 122 158 120 125 57 123 59 51 8 54 55 139 140 160 143 23 153 107 106 109 108 42 43 37 39 3 41 127 159 129 131 62 12 64 10 147 89 145 91 24 85 86 26 27 88 156 48 49 7 6 135 134 73 74 69 13 71 14 72 16 150 31 96 29 34 2 32 121 52 53 119 56 80 20 19 22 21 1 105 36 104 38 40 63 9 61 11 87 47 46 4 5 70 30 18 
83 66 95 114 116 50 118 78 98 35 101 102 125 126 60 59 139 141 81 143 82 144 84 109 45 111 43 127 65 130 131 67 68 133 147 148 92 91 94 93 28 26 154 112 156 113 157 115 117 135 76 137 74 79 17 77 14 97 149 150 99 100 152 103 34 158 122 121 124 123 57 58 52 54 8 56 138 160 140 142 22 107 153 105 110 42 108 44 36 3 39 40 128 129 159 132 63 64 12 11 146 145 89 90 85 24 87 25 88 27 155 47 7 49 5 136 73 134 75 13 69 70 15 16 72 151 96 31 30 33 32 2 120 51 119 53 55 20 80 18 23 1 21 106 37 38 104 41 62 61 9 10 86 48 4 46 6 71 29 19 
84 133 28 115 117 118 50 77 152 103 102 101 57 58 59 60 140 142 143 81 144 82 83 108 44 43 111 159 132 131 130 68 67 66 89 90 91 92 93 94 95 27 155 156 112 157 113 114 116 134 75 74 137 17 79 78 72 151 150 149 100 99 98 35 2 120 121 122 123 124 125 126 53 55 56 8 160 138 139 141 21 106 105 153 42 110 109 45 104 41 40 39 129 128 127 65 9 10 11 12 145 146 147 148 86 87 24 88 25 26 154 46 6 5 49 73 136 135 76 71 70 69 16 15 14 97 29 30 31 32 33 34 158 119 51 52 54 19 18 80 1 23 22 107 38 37 36 3 61 62 63 64 85 4 48 47 7 13 96 20 
85 13 96 116 52 51 119 20 35 36 37 38 126 63 62 61 141 83 82 144 24 87 86 45 47 48 4 65 66 67 68 69 70 71 148 95 94 93 31 30 29 154 114 113 157 50 118 117 53 76 78 79 17 80 18 19 97 98 99 100 101 102 103 104 158 125 124 123 60 59 58 9 54 139 138 160 81 143 142 84 107 109 110 42 111 43 44 46 3 127 128 129 130 131 132 133 64 147 146 145 92 91 90 28 26 25 88 112 156 155 115 7 135 136 73 137 74 75 77 14 15 16 149 150 151 152 34 33 32 122 121 120 57 8 56 55 140 22 23 1 153 105 106 108 39 40 41 159 12 11 10 89 27 49 5 6 134 72 2 21 
86 71 29 117 53 119 51 19 103 104 38 37 58 9 61 62 142 84 144 82 87 24 85 44 46 4 48 132 133 68 67 70 69 13 90 28 93 94 30 31 96 155 115 157 113 118 50 116 52 75 77 17 79 18 80 20 151 152 100 99 102 101 35 36 120 57 123 124 59 60 126 63 55 140 160 138 143 81 141 83 106 108 42 110 43 111 45 47 41 159 129 128 131 130 65 66 10 89 145 146 91 92 148 95 27 88 25 156 112 154 114 6 134 73 136 74 137 76 78 72 16 15 150 149 97 98 2 32 33 121 122 158 125 56 8 54 139 21 1 23 105 153 107 109 40 39 3 127 11 12 64 147 26 5 49 7 135 14 34 22 
87 70 30 118 119 53 52 18 102 38 104 36 59 61 9 63 143 144 84 83 86 85 24 43 4 46 47 131 68 133 66 71 13 69 91 93 28 95 29 96 31 156 157 115 114 117 116 50 51 74 17 77 78 19 20 80 150 100 152 98 103 35 101 37 121 123 57 125 58 126 60 62 56 160 140 139 142 141 81 82 105 42 108 109 44 45 111 48 40 129 159 127 132 65 130 67 11 145 89 147 90 148 92 94 88 27 26 155 154 112 113 5 73 134 135 75 76 137 79 16 72 14 151 97 149 99 32 2 34 120 158 122 124 55 54 8 138 1 21 22 106 107 153 110 41 3 39 128 10 64 12 146 25 6 7 49 136 15 33 23 
88 16 32 119 56 55 54 1 38 40 41 3 61 11 10 64 144 87 86 85 27 26 25 4 5 6 7 68 70 71 13 72 14 15 93 30 29 96 2 34 33 157 118 117 116 53 52 51 8 17 18 19 20 21 22 23 100 102 103 35 104 36 37 39 123 59 58 126 9 63 62 12 160 143 142 141 84 83 82 24 42 43 44 45 46 47 48 49 129 131 132 65 133 66 67 69 145 91 90 148 28 95 94 31 156 155 154 115 114 113 50 73 74 75 76 77 78 79 80 150 151 97 152 98 99 101 121 120 158 57 125 124 60 140 139 138 81 105 106 107 108 109 110 111 159 127 128 130 89 147 146 92 112 134 135 136 137 149 122 153 
89 106 112 2 120 121 122 128 6 134 73 136 8 138 139 140 9 10 11 12 145 146 147 15 149 97 151 19 21 1 23 105 153 107 24 25 26 27 154 155 156 28 29 30 31 32 33 34 158 37 39 3 41 127 159 129 44 46 4 48 5 49 7 135 50 51 52 53 54 55 56 160 57 58 59 60 61 62 63 64 67 69 13 71 14 72 16 150 75 77 17 79 18 80 20 22 81 82 83 84 85 86 87 88 90 91 92 93 94 95 96 99 101 35 103 36 104 38 40 108 42 110 43 111 45 47 113 114 115 116 117 118 119 123 124 125 126 130 65 132 66 133 68 70 74 137 76 78 141 142 143 144 148 98 152 100 102 109 157 131 
90 108 113 120 57 123 124 130 134 75 74 137 138 81 141 142 10 89 145 146 91 92 148 149 99 98 152 21 106 105 153 42 110 109 25 112 154 155 114 115 157 29 2 32 33 121 122 158 125 39 128 127 159 65 132 131 46 6 5 49 73 136 135 76 51 8 54 55 139 140 160 143 58 9 61 62 11 12 64 147 69 15 14 72 97 151 150 100 77 19 18 80 1 23 22 107 82 24 85 86 26 27 88 156 28 93 94 30 31 96 34 101 37 36 104 3 41 40 129 44 43 111 4 48 47 7 50 116 117 52 53 119 56 59 60 126 63 67 66 133 13 71 70 16 17 79 78 20 83 84 144 87 95 35 103 102 38 45 118 68 
91 42 114 121 123 57 125 65 73 74 75 76 139 141 81 143 11 145 89 147 90 148 92 97 98 99 100 1 105 106 107 108 109 110 26 154 112 156 113 157 115 30 32 2 34 120 158 122 124 3 127 128 129 130 131 132 4 5 6 7 134 135 136 137 52 54 8 56 138 160 140 142 59 61 9 63 10 64 12 146 13 14 15 16 149 150 151 152 17 18 19 20 21 22 23 153 83 85 24 87 25 88 27 155 93 28 95 29 96 31 33 35 36 37 38 39 40 41 159 43 44 45 46 47 48 49 116 50 118 51 119 53 55 58 126 60 62 66 67 68 69 70 71 72 77 78 79 80 82 144 84 86 94 101 102 103 104 111 117 133 
92 110 115 122 124 125 57 132 136 137 76 75 140 142 143 81 12 146 147 89 148 90 91 151 152 100 99 23 153 107 106 109 108 42 27 155 156 112 157 113 114 31 33 34 2 158 120 121 123 41 159 129 128 131 130 65 48 49 7 6 135 134 73 74 53 55 56 8 160 138 139 141 60 62 63 9 64 10 11 145 71 72 16 15 150 149 97 98 79 80 20 19 22 21 1 105 84 86 87 24 88 25 26 154 94 95 28 96 29 30 32 103 104 38 37 40 39 3 127 111 45 44 47 46 4 5 117 118 50 119 51 52 54 126 58 59 61 133 68 67 70 69 13 14 78 77 17 18 144 82 83 85 93 102 101 35 36 43 116 66 
93 43 116 123 59 58 126 66 74 17 77 78 141 83 82 144 145 91 90 148 28 95 94 98 35 101 102 105 42 108 109 44 45 111 154 114 113 157 50 118 117 32 121 120 158 57 125 124 60 127 65 130 131 67 68 133 5 73 134 135 75 76 137 79 54 139 138 160 81 143 142 84 61 11 10 64 89 147 146 92 14 97 149 150 99 100 152 103 18 1 21 22 106 107 153 110 85 26 25 88 112 156 155 115 30 29 96 2 34 33 122 36 3 39 40 128 129 159 132 4 46 47 6 7 49 136 52 51 119 8 56 55 140 9 63 62 12 13 69 70 15 16 72 151 19 20 80 23 24 87 86 27 31 37 38 104 41 48 53 71 
94 111 117 124 60 126 58 133 137 79 78 77 142 84 144 82 146 92 148 90 95 28 93 152 103 102 101 153 110 109 108 45 44 43 155 115 157 113 118 50 116 33 122 158 120 125 57 123 59 159 132 131 130 68 67 66 49 136 135 134 76 75 74 17 55 140 160 138 143 81 141 83 62 12 64 10 147 89 145 91 72 151 150 149 100 99 98 35 80 23 22 21 107 106 105 42 86 27 88 25 156 112 154 114 31 96 29 34 2 32 121 104 41 40 39 129 128 127 65 48 47 46 7 6 5 73 53 119 51 56 8 54 139 63 9 61 11 71 70 69 16 15 14 97 20 19 18 1 87 24 85 26 30 38 37 36 3 4 52 13 
95 45 118 125 126 60 59 68 76 78 79 17 143 144 84 83 147 148 92 91 94 93 28 100 102 103 35 107 109 110 42 111 43 44 156 157 115 114 117 116 50 34 158 122 121 124 123 57 58 129 131 132 65 133 66 67 7 135 136 73 137 74 75 77 56 160 140 139 142 141 81 82 63 64 12 11 146 145 89 90 16 150 151 97 152 98 99 101 20 22 23 1 153 105 106 108 87 88 27 26 155 154 112 113 96 31 30 33 32 2 120 38 40 41 3 159 127 128 130 47 48 4 49 5 6 134 119 53 52 55 54 8 138 62 61 9 10 70 71 13 72 14 15 149 80 18 19 21 86 85 24 25 29 104 36 37 39 46 51 69 
96 47 119 126 63 62 61 70 78 20 80 18 144 87 86 85 148 95 94 93 31 30 29 102 38 104 36 109 45 111 43 48 4 46 157 118 117 116 53 52 51 158 125 124 123 60 59 58 9 131 68 133 66 71 13 69 135 76 137 74 79 17 77 19 160 143 142 141 84 83 82 24 64 147 146 145 92 91 90 28 150 100 152 98 103 35 101 37 22 107 153 105 110 42 108 44 88 156 155 154 115 114 113 50 34 33 32 122 121 120 57 40 129 159 127 132 65 130 67 7 49 5 136 73 134 75 56 55 54 140 139 138 81 12 11 10 89 16 72 14 151 97 149 99 23 1 21 106 27 26 25 112 2 41 3 39 128 6 8 15 
97 138 107 3 127 128 129 146 25 112 154 155 7 135 136 73 13 14 15 16 149 150 151 33 122 158 120 51 8 54 55 139 140 160 20 22 23 1 153 105 106 35 36 37 38 39 40 41 159 62 12 64 10 147 89 145 82 24 85 86 26 27 88 156 45 47 48 4 49 5 6 134 65 66 67 68 69 70 71 72 94 31 96 29 34 2 32 121 113 50 116 117 52 53 119 56 76 78 79 17 80 18 19 21 98 99 100 101 102 103 104 124 60 126 58 63 9 61 11 81 141 142 83 84 144 87 109 110 42 111 43 44 46 130 131 132 133 92 148 90 95 28 93 30 114 115 157 118 137 74 75 77 152 125 57 123 59 143 108 91 
98 81 109 127 65 130 131 92 112 113 114 115 135 76 137 74 14 97 149 150 99 100 152 122 124 125 57 8 138 139 140 141 142 143 22 107 153 105 110 42 108 36 3 39 40 128 129 159 132 12 146 147 89 148 90 91 24 25 26 27 154 155 156 157 47 7 49 5 136 73 134 75 66 13 69 70 15 16 72 151 31 33 34 2 158 120 121 123 50 51 52 53 54 55 56 160 78 20 80 18 23 1 21 106 35 101 102 37 38 104 41 60 62 63 9 64 10 11 145 82 83 84 85 86 87 88 45 111 43 48 4 46 6 67 68 133 71 94 95 28 96 29 30 32 116 117 118 119 79 17 77 19 103 126 58 59 61 144 44 93 
99 141 110 128 130 65 132 148 154 114 113 157 136 137 76 75 15 149 97 151 98 152 100 158 125 124 123 54 139 138 160 81 143 142 23 153 107 106 109 108 42 37 39 3 41 127 159 129 131 64 147 146 145 92 91 90 85 26 25 88 112 156 155 115 48 49 7 6 135 134 73 74 67 69 13 71 14 72 16 150 96 34 33 32 122 121 120 57 116 52 51 119 8 56 55 140 79 80 20 19 22 21 1 105 101 35 103 36 104 38 40 126 63 62 61 12 11 10 89 83 82 144 24 87 86 27 111 45 44 47 46 4 5 66 133 68 70 95 94 93 31 30 29 2 50 118 117 53 78 77 17 18 102 60 59 58 9 84 43 28 
100 142 42 129 131 132 65 90 155 115 157 113 73 74 75 76 16 150 151 97 152 98 99 120 57 123 124 55 140 160 138 143 81 141 1 105 106 107 108 109 110 38 40 41 3 159 127 128 130 10 89 145 146 91 92 148 86 27 88 25 156 112 154 114 4 5 6 7 134 135 136 137 68 70 71 13 72 14 15 149 29 2 32 33 121 122 158 125 117 53 119 51 56 8 54 139 17 18 19 20 21 22 23 153 102 103 35 104 36 37 39 58 9 61 62 11 12 64 147 84 144 82 87 24 85 26 43 44 45 46 47 48 49 133 66 67 69 28 93 94 30 31 96 34 118 50 116 52 77 78 79 80 101 59 60 126 63 83 111 95 
101 83 111 130 67 66 133 95 114 116 50 118 137 79 78 77 149 99 98 152 35 103 102 125 126 60 59 139 141 81 143 82 144 84 153 110 109 108 45 44 43 39 128 127 159 65 132 131 68 147 148 92 91 94 93 28 26 154 112 156 113 157 115 117 49 136 135 134 76 75 74 17 69 15 14 72 97 151 150 100 34 158 122 121 124 123 57 58 52 54 8 56 138 160 140 142 80 23 22 21 107 106 105 42 37 36 104 3 41 40 129 63 64 12 11 146 145 89 90 85 24 87 25 88 27 155 48 47 46 7 6 5 73 13 71 70 16 96 31 30 33 32 2 120 51 119 53 55 20 19 18 1 38 62 61 9 10 86 4 29 
102 84 43 131 68 133 66 28 115 117 118 50 74 17 77 78 150 100 152 98 103 35 101 57 58 59 60 140 142 143 81 144 82 83 105 42 108 109 44 45 111 40 129 159 127 132 65 130 67 89 90 91 92 93 94 95 27 155 156 112 157 113 114 116 5 73 134 135 75 76 137 79 70 16 72 14 151 97 149 99 2 120 121 122 123 124 125 126 53 55 56 8 160 138 139 141 18 1 21 22 106 107 153 110 38 104 36 41 3 39 128 9 10 11 12 145 146 147 148 86 87 24 88 25 26 154 4 46 47 6 7 49 136 71 13 69 15 29 30 31 32 33 34 158 119 51 52 54 19 20 80 23 37 61 62 63 64 85 48 96 
103 144 44 132 133 68 67 93 157 118 117 116 75 77 17 79 151 152 100 99 102 101 35 123 59 58 126 160 143 142 141 84 83 82 106 108 42 110 43 111 45 41 159 129 128 131 130 65 66 145 91 90 148 28 95 94 88 156 155 154 115 114 113 50 6 134 73 136 74 137 76 78 71 72 16 15 150 149 97 98 32 121 120 158 57 125 124 60 119 56 55 54 140 139 138 81 19 21 1 23 105 153 107 109 104 38 37 40 39 3 127 61 11 10 64 89 147 146 92 87 86 85 27 26 25 112 46 4 48 5 49 7 135 70 69 13 14 30 29 96 2 34 33 122 53 52 51 8 18 80 20 22 36 9 63 62 12 24 47 31 
104 87 46 133 71 70 69 30 118 119 53 52 77 19 18 80 152 103 102 101 38 37 36 59 61 9 63 143 144 84 83 86 85 24 108 44 43 111 4 48 47 159 132 131 130 68 67 66 13 91 93 28 95 29 96 31 156 157 115 114 117 116 50 51 134 75 74 137 17 79 78 20 72 151 150 149 100 99 98 35 121 123 57 125 58 126 60 62 56 160 140 139 142 141 81 82 21 106 105 153 42 110 109 45 41 40 39 129 128 127 65 11 145 89 147 90 148 92 94 88 27 26 155 154 112 113 6 5 49 73 136 135 76 16 15 14 97 32 2 34 120 158 122 124 55 54 8 138 1 23 22 107 3 10 64 12 146 25 7 33 
105 120 127 5 73 134 135 138 10 89 145 146 14 97 149 150 18 1 21 22 106 107 153 25 112 154 155 29 2 32 33 121 122 158 36 3 39 40 128 129 159 43 4 46 47 6 7 49 136 51 8 54 55 139 140 160 58 9 61 62 11 12 64 147 66 13 69 70 15 16 72 151 74 17 77 78 19 20 80 23 82 24 85 86 26 27 88 156 90 28 93 94 30 31 96 34 98 35 101 102 37 38 104 41 42 108 109 44 45 111 48 113 50 116 117 52 53 119 56 57 123 124 59 60 126 63 65 130 131 67 68 133 71 75 76 137 79 81 141 142 83 84 144 87 91 92 148 95 99 100 152 103 110 114 115 157 118 125 132 143 
106 121 128 6 134 73 136 139 11 145 89 147 15 149 97 151 19 21 1 23 105 153 107 26 154 112 156 30 32 2 34 120 158 122 37 39 3 41 127 159 129 44 46 4 48 5 49 7 135 52 54 8 56 138 160 140 59 61 9 63 10 64 12 146 67 69 13 71 14 72 16 150 75 77 17 79 18 80 20 22 83 85 24 87 25 88 27 155 91 93 28 95 29 96 31 33 99 101 35 103 36 104 38 40 108 42 110 43 111 45 47 114 116 50 118 51 119 53 55 123 57 125 58 126 60 62 130 65 132 66 133 68 70 74 137 76 78 141 81 143 82 144 84 86 90 148 92 94 98 152 100 102 109 113 157 115 117 124 131 142 
107 122 129 7 135 136 73 140 12 146 147 89 16 150 151 97 20 22 23 1 153 105 106 27 155 156 112 31 33 34 2 158 120 121 38 40 41 3 159 127 128 45 47 48 4 49 5 6 134 53 55 56 8 160 138 139 60 62 63 9 64 10 11 145 68 70 71 13 72 14 15 149 76 78 79 17 80 18 19 21 84 86 87 24 88 25 26 154 92 94 95 28 96 29 30 32 100 102 103 35 104 36 37 39 109 110 42 111 43 44 46 115 117 118 50 119 51 52 54 124 125 57 126 58 59 61 131 132 65 133 66 67 69 137 74 75 77 142 143 81 144 82 83 85 148 90 91 93 152 98 99 101 108 157 113 114 116 123 130 141 
108 123 130 134 75 74 137 141 145 91 90 148 149 99 98 152 21 106 105 153 42 110 109 154 114 113 157 32 121 120 158 57 125 124 39 128 127 159 65 132 131 46 6 5 49 73 136 135 76 54 139 138 160 81 143 142 61 11 10 64 89 147 146 92 69 15 14 72 97 151 150 100 77 19 18 80 1 23 22 107 85 26 25 88 112 156 155 115 93 30 29 96 2 34 33 122 101 37 36 104 3 41 40 129 44 43 111 4 48 47 7 116 52 51 119 8 56 55 140 59 58 126 9 63 62 12 67 66 133 13 71 70 16 17 79 78 20 83 82 144 24 87 86 27 28 95 94 31 35 103 102 38 45 50 118 117 53 60 68 84 
109 124 131 135 76 137 74 142 146 92 148 90 150 100 152 98 22 107 153 105 110 42 108 155 115 157 113 33 122 158 120 125 57 123 40 129 159 127 132 65 130 47 7 49 5 136 73 134 75 55 140 160 138 143 81 141 62 12 64 10 147 89 145 91 70 16 72 14 151 97 149 99 78 20 80 18 23 1 21 106 86 27 88 25 156 112 154 114 94 31 96 29 34 2 32 121 102 38 104 36 41 3 39 128 45 111 43 48 4 46 6 117 53 119 51 56 8 54 139 60 126 58 63 9 61 11 68 133 66 71 13 69 15 79 17 77 19 84 144 82 87 24 85 26 95 28 93 30 103 35 101 37 44 118 50 116 52 59 67 83 
110 125 132 136 137 76 75 143 147 148 92 91 151 152 100 99 23 153 107 106 109 108 42 156 157 115 114 34 158 122 121 124 123 57 41 159 129 128 131 130 65 48 49 7 6 135 134 73 74 56 160 140 139 142 141 81 63 64 12 11 146 145 89 90 71 72 16 15 150 149 97 98 79 80 20 19 22 21 1 105 87 88 27 26 155 154 112 113 95 96 31 30 33 32 2 120 103 104 38 37 40 39 3 127 111 45 44 47 46 4 5 118 119 53 52 55 54 8 138 126 60 59 62 61 9 10 133 68 67 70 69 13 14 78 77 17 18 144 84 83 86 85 24 25 94 93 28 29 102 101 35 36 43 117 116 50 51 58 66 82 
111 126 133 137 79 78 77 144 148 95 94 93 152 103 102 101 153 110 109 108 45 44 43 157 118 117 116 158 125 124 123 60 59 58 159 132 131 130 68 67 66 49 136 135 134 76 75 74 17 160 143 142 141 84 83 82 64 147 146 145 92 91 90 28 72 151 150 149 100 99 98 35 80 23 22 21 107 106 105 42 88 156 155 154 115 114 113 50 96 34 33 32 122 121 120 57 104 41 40 39 129 128 127 65 48 47 46 7 6 5 73 119 56 55 54 140 139 138 81 63 62 61 12 11 10 89 71 70 69 16 15 14 97 20 19 18 1 87 86 85 27 26 25 112 31 30 29 2 38 37 36 3 4 53 52 51 8 9 13 24 
112 149 122 8 138 139 140 153 39 128 127 159 12 146 147 89 24 25 26 27 154 155 156 49 136 135 134 69 15 14 72 97 151 150 31 33 34 2 158 120 121 50 51 52 53 54 55 56 160 80 23 22 21 107 106 105 101 37 36 104 3 41 40 129 60 62 63 9 64 10 11 145 81 82 83 84 85 86 87 88 111 48 47 46 7 6 5 73 130 67 66 133 13 71 70 16 92 94 95 28 96 29 30 32 113 114 115 116 117 118 119 137 79 78 77 20 19 18 1 99 98 152 35 103 102 38 124 125 57 126 58 59 61 141 142 143 144 110 109 108 45 44 43 4 65 132 131 68 148 90 91 93 157 76 75 74 17 100 123 42 
113 99 124 138 81 141 142 110 128 130 65 132 146 92 148 90 25 112 154 155 114 115 157 136 137 76 75 15 149 97 151 98 152 100 33 122 158 120 125 57 123 51 8 54 55 139 140 160 143 23 153 107 106 109 108 42 37 39 3 41 127 159 129 131 62 12 64 10 147 89 145 91 82 24 85 86 26 27 88 156 48 49 7 6 135 134 73 74 67 69 13 71 14 72 16 150 94 31 96 29 34 2 32 121 50 116 117 52 53 119 56 79 80 20 19 22 21 1 105 101 35 103 36 104 38 40 60 126 58 63 9 61 11 83 84 144 87 111 45 44 47 46 4 5 66 133 68 70 95 28 93 30 118 78 77 17 18 102 59 43 
114 98 125 139 141 81 143 109 127 65 130 131 147 148 92 91 26 154 112 156 113 157 115 135 76 137 74 14 97 149 150 99 100 152 34 158 122 121 124 123 57 52 54 8 56 138 160 140 142 22 107 153 105 110 42 108 36 3 39 40 128 129 159 132 63 64 12 11 146 145 89 90 83 85 24 87 25 88 27 155 47 7 49 5 136 73 134 75 66 13 69 70 15 16 72 151 95 96 31 30 33 32 2 120 116 50 118 51 119 53 55 78 20 80 18 23 1 21 106 35 101 102 37 38 104 41 126 60 59 62 61 9 10 82 144 84 86 45 111 43 48 4 46 6 67 68 133 71 94 93 28 29 117 79 17 77 19 103 58 44 
115 152 57 140 142 143 81 108 159 132 131 130 89 90 91 92 27 155 156 112 157 113 114 134 75 74 137 72 151 150 149 100 99 98 2 120 121 122 123 124 125 53 55 56 8 160 138 139 141 21 106 105 153 42 110 109 104 41 40 39 129 128 127 65 9 10 11 12 145 146 147 148 84 86 87 24 88 25 26 154 46 6 5 49 73 136 135 76 133 71 70 69 16 15 14 97 28 29 30 31 32 33 34 158 117 118 50 119 51 52 54 77 19 18 80 1 23 22 107 103 102 101 38 37 36 3 58 59 60 61 62 63 64 144 82 83 85 44 43 111 4 48 47 7 68 67 66 13 93 94 95 96 116 17 79 78 20 35 126 45 
116 35 126 141 83 82 144 45 65 66 67 68 148 95 94 93 154 114 113 157 50 118 117 76 78 79 17 97 98 99 100 101 102 103 158 125 124 123 60 59 58 54 139 138 160 81 143 142 84 107 109 110 42 111 43 44 3 127 128 129 130 131 132 133 64 147 146 145 92 91 90 28 85 26 25 88 112 156 155 115 7 135 136 73 137 74 75 77 13 14 15 16 149 150 151 152 96 34 33 32 122 121 120 57 52 51 119 8 56 55 140 20 22 23 1 153 105 106 108 36 37 38 39 40 41 159 63 62 61 12 11 10 89 24 87 86 27 47 48 4 49 5 6 134 69 70 71 72 31 30 29 2 53 80 18 19 21 104 9 46 
117 103 58 142 84 144 82 44 132 133 68 67 90 28 93 94 155 115 157 113 118 50 116 75 77 17 79 151 152 100 99 102 101 35 120 57 123 124 59 60 126 55 140 160 138 143 81 141 83 106 108 42 110 43 111 45 41 159 129 128 131 130 65 66 10 89 145 146 91 92 148 95 86 27 88 25 156 112 154 114 6 134 73 136 74 137 76 78 71 72 16 15 150 149 97 98 29 2 32 33 121 122 158 125 53 119 51 56 8 54 139 19 21 1 23 105 153 107 109 104 38 37 40 39 3 127 9 61 62 11 12 64 147 87 24 85 26 46 4 48 5 49 7 135 70 69 13 14 30 31 96 34 52 18 80 20 22 36 63 47 
118 102 59 143 144 84 83 43 131 68 133 66 91 93 28 95 156 157 115 114 117 116 50 74 17 77 78 150 100 152 98 103 35 101 121 123 57 125 58 126 60 56 160 140 139 142 141 81 82 105 42 108 109 44 45 111 40 129 159 127 132 65 130 67 11 145 89 147 90 148 92 94 87 88 27 26 155 154 112 113 5 73 134 135 75 76 137 79 70 16 72 14 151 97 149 99 30 32 2 34 120 158 122 124 119 53 52 55 54 8 138 18 1 21 22 106 107 153 110 38 104 36 41 3 39 128 61 9 63 10 64 12 146 86 85 24 25 4 46 47 6 7 49 136 71 13 69 15 29 96 31 33 51 19 20 80 23 37 62 48 
119 38 61 144 87 86 85 4 68 70 71 13 93 30 29 96 157 118 117 116 53 52 51 17 18 19 20 100 102 103 35 104 36 37 123 59 58 126 9 63 62 160 143 142 141 84 83 82 24 42 43 44 45 46 47 48 129 131 132 65 133 66 67 69 145 91 90 148 28 95 94 31 88 156 155 154 115 114 113 50 73 74 75 76 77 78 79 80 16 150 151 97 152 98 99 101 32 121 120 158 57 125 124 60 56 55 54 140 139 138 81 1 105 106 107 108 109 110 111 40 41 3 159 127 128 130 11 10 64 89 147 146 92 27 26 25 112 5 6 7 134 135 136 137 72 14 15 149 2 34 33 122 8 21 22 23 153 39 12 49 
120 134 138 10 89 145 146 149 21 106 105 153 25 112 154 155 29 2 32 33 121 122 158 39 128 127 159 46 6 5 49 73 136 135 51 8 54 55 139 140 160 58 9 61 62 11 12 64 147 69 15 14 72 97 151 150 77 19 18 80 1 23 22 107 82 24 85 86 26 27 88 156 90 28 93 94 30 31 96 34 101 37 36 104 3 41 40 129 108 44 43 111 4 48 47 7 113 50 116 117 52 53 119 56 57 123 124 59 60 126 63 130 67 66 133 13 71 70 16 75 74 137 17 79 78 20 81 141 142 83 84 144 87 91 92 148 95 99 98 152 35 103 102 38 42 110 109 45 114 115 157 118 125 65 132 131 68 76 143 100 
121 73 139 11 145 89 147 97 1 105 106 107 26 154 112 156 30 32 2 34 120 158 122 3 127 128 129 4 5 6 7 134 135 136 52 54 8 56 138 160 140 59 61 9 63 10 64 12 146 13 14 15 16 149 150 151 17 18 19 20 21 22 23 153 83 85 24 87 25 88 27 155 91 93 28 95 29 96 31 33 35 36 37 38 39 40 41 159 42 43 44 45 46 47 48 49 114 116 50 118 51 119 53 55 123 57 125 58 126 60 62 65 66 67 68 69 70 71 72 74 75 76 77 78 79 80 141 81 143 82 144 84 86 90 148 92 94 98 99 100 101 102 103 104 108 109 110 111 113 157 115 117 124 130 131 132 133 137 142 152 
122 136 140 12 146 147 89 151 23 153 107 106 27 155 156 112 31 33 34 2 158 120 121 41 159 129 128 48 49 7 6 135 134 73 53 55 56 8 160 138 139 60 62 63 9 64 10 11 145 71 72 16 15 150 149 97 79 80 20 19 22 21 1 105 84 86 87 24 88 25 26 154 92 94 95 28 96 29 30 32 103 104 38 37 40 39 3 127 110 111 45 44 47 46 4 5 115 117 118 50 119 51 52 54 124 125 57 126 58 59 61 132 133 68 67 70 69 13 14 137 76 75 78 77 17 18 142 143 81 144 82 83 85 148 90 91 93 152 100 99 102 101 35 36 109 108 42 43 157 113 114 116 123 131 130 65 66 74 141 98 
123 74 141 145 91 90 148 98 105 42 108 109 154 114 113 157 32 121 120 158 57 125 124 127 65 130 131 5 73 134 135 75 76 137 54 139 138 160 81 143 142 61 11 10 64 89 147 146 92 14 97 149 150 99 100 152 18 1 21 22 106 107 153 110 85 26 25 88 112 156 155 115 93 30 29 96 2 34 33 122 36 3 39 40 128 129 159 132 43 4 46 47 6 7 49 136 116 52 51 119 8 56 55 140 59 58 126 9 63 62 12 66 13 69 70 15 16 72 151 17 77 78 19 20 80 23 83 82 144 24 87 86 27 28 95 94 31 35 101 102 37 38 104 41 44 45 111 48 50 118 117 53 60 67 68 133 71 79 84 103 
124 137 142 146 92 148 90 152 153 110 109 108 155 115 157 113 33 122 158 120 125 57 123 159 132 131 130 49 136 135 134 76 75 74 55 140 160 138 143 81 141 62 12 64 10 147 89 145 91 72 151 150 149 100 99 98 80 23 22 21 107 106 105 42 86 27 88 25 156 112 154 114 94 31 96 29 34 2 32 121 104 41 40 39 129 128 127 65 111 48 47 46 7 6 5 73 117 53 119 51 56 8 54 139 60 126 58 63 9 61 11 133 71 70 69 16 15 14 97 79 78 77 20 19 18 1 84 144 82 87 24 85 26 95 28 93 30 103 102 101 38 37 36 3 45 44 43 4 118 50 116 52 59 68 67 66 13 17 83 35 
125 76 143 147 148 92 91 100 107 109 110 42 156 157 115 114 34 158 122 121 124 123 57 129 131 132 65 7 135 136 73 137 74 75 56 160 140 139 142 141 81 63 64 12 11 146 145 89 90 16 150 151 97 152 98 99 20 22 23 1 153 105 106 108 87 88 27 26 155 154 112 113 95 96 31 30 33 32 2 120 38 40 41 3 159 127 128 130 45 47 48 4 49 5 6 134 118 119 53 52 55 54 8 138 126 60 59 62 61 9 10 68 70 71 13 72 14 15 149 78 79 17 80 18 19 21 144 84 83 86 85 24 25 94 93 28 29 102 103 35 104 36 37 39 111 43 44 46 117 116 50 51 58 133 66 67 69 77 82 101 
126 78 144 148 95 94 93 102 109 45 111 43 157 118 117 116 158 125 124 123 60 59 58 131 68 133 66 135 76 137 74 79 17 77 160 143 142 141 84 83 82 64 147 146 145 92 91 90 28 150 100 152 98 103 35 101 22 107 153 105 110 42 108 44 88 156 155 154 115 114 113 50 96 34 33 32 122 121 120 57 40 129 159 127 132 65 130 67 47 7 49 5 136 73 134 75 119 56 55 54 140 139 138 81 63 62 61 12 11 10 89 70 16 72 14 151 97 149 99 20 80 18 23 1 21 106 87 86 85 27 26 25 112 31 30 29 2 38 104 36 41 3 39 128 48 4 46 6 53 52 51 8 9 71 13 69 15 19 24 37 
127 112 135 14 97 149 150 122 8 138 139 140 22 107 153 105 36 3 39 40 128 129 159 12 146 147 89 24 25 26 27 154 155 156 47 7 49 5 136 73 134 66 13 69 70 15 16 72 151 31 33 34 2 158 120 121 50 51 52 53 54 55 56 160 78 20 80 18 23 1 21 106 98 35 101 102 37 38 104 41 60 62 63 9 64 10 11 145 81 82 83 84 85 86 87 88 109 45 111 43 48 4 46 6 65 130 131 67 68 133 71 92 94 95 28 96 29 30 32 113 114 115 116 117 118 119 76 137 74 79 17 77 19 99 100 152 103 124 125 57 126 58 59 61 141 142 143 144 110 42 108 44 132 148 90 91 93 157 75 123 
128 154 136 15 149 97 151 158 54 139 138 160 23 153 107 106 37 39 3 41 127 159 129 64 147 146 145 85 26 25 88 112 156 155 48 49 7 6 135 134 73 67 69 13 71 14 72 16 150 96 34 33 32 122 121 120 116 52 51 119 8 56 55 140 79 80 20 19 22 21 1 105 99 101 35 103 36 104 38 40 126 63 62 61 12 11 10 89 141 83 82 144 24 87 86 27 110 111 45 44 47 46 4 5 130 65 132 66 133 68 70 148 95 94 93 31 30 29 2 114 113 157 50 118 117 53 137 76 75 78 77 17 18 98 152 100 102 125 124 123 60 59 58 9 81 143 142 84 109 108 42 43 131 92 91 90 28 115 74 57 
129 155 73 16 150 151 97 120 55 140 160 138 1 105 106 107 38 40 41 3 159 127 128 10 89 145 146 86 27 88 25 156 112 154 4 5 6 7 134 135 136 68 70 71 13 72 14 15 149 29 2 32 33 121 122 158 117 53 119 51 56 8 54 139 17 18 19 20 21 22 23 153 100 102 103 35 104 36 37 39 58 9 61 62 11 12 64 147 142 84 144 82 87 24 85 26 42 43 44 45 46 47 48 49 131 132 65 133 66 67 69 90 28 93 94 30 31 96 34 115 157 113 118 50 116 52 74 75 76 77 78 79 80 152 98 99 101 57 123 124 59 60 126 63 143 81 141 83 108 109 110 111 130 91 92 148 95 114 137 125 
130 114 137 149 99 98 152 125 139 141 81 143 153 110 109 108 39 128 127 159 65 132 131 147 148 92 91 26 154 112 156 113 157 115 49 136 135 134 76 75 74 69 15 14 72 97 151 150 100 34 158 122 121 124 123 57 52 54 8 56 138 160 140 142 80 23 22 21 107 106 105 42 101 37 36 104 3 41 40 129 63 64 12 11 146 145 89 90 83 85 24 87 25 88 27 155 111 48 47 46 7 6 5 73 67 66 133 13 71 70 16 95 96 31 30 33 32 2 120 116 50 118 51 119 53 55 79 78 77 20 19 18 1 35 103 102 38 126 60 59 62 61 9 10 82 144 84 86 45 44 43 4 68 94 93 28 29 117 17 58 
131 115 74 150 100 152 98 57 140 142 143 81 105 42 108 109 40 129 159 127 132 65 130 89 90 91 92 27 155 156 112 157 113 114 5 73 134 135 75 76 137 70 16 72 14 151 97 149 99 2 120 121 122 123 124 125 53 55 56 8 160 138 139 141 18 1 21 22 106 107 153 110 102 38 104 36 41 3 39 128 9 10 11 12 145 146 147 148 84 86 87 24 88 25 26 154 43 4 46 47 6 7 49 136 68 133 66 71 13 69 15 28 29 30 31 32 33 34 158 117 118 50 119 51 52 54 17 77 78 19 20 80 23 103 35 101 37 58 59 60 61 62 63 64 144 82 83 85 44 45 111 48 67 93 94 95 96 116 79 126 
132 157 75 151 152 100 99 123 160 143 142 141 106 108 42 110 41 159 129 128 131 130 65 145 91 90 148 88 156 155 154 115 114 113 6 134 73 136 74 137 76 71 72 16 15 150 149 97 98 32 121 120 158 57 125 124 119 56 55 54 140 139 138 81 19 21 1 23 105 153 107 109 103 104 38 37 40 39 3 127 61 11 10 64 89 147 146 92 144 87 86 85 27 26 25 112 44 46 4 48 5 49 7 135 133 68 67 70 69 13 14 93 30 29 96 2 34 33 122 118 117 116 53 52 51 8 77 17 79 18 80 20 22 102 101 35 36 59 58 126 9 63 62 12 84 83 82 24 43 111 45 47 66 28 95 94 31 50 78 60 
133 118 77 152 103 102 101 59 143 144 84 83 108 44 43 111 159 132 131 130 68 67 66 91 93 28 95 156 157 115 114 117 116 50 134 75 74 137 17 79 78 72 151 150 149 100 99 98 35 121 123 57 125 58 126 60 56 160 140 139 142 141 81 82 21 106 105 153 42 110 109 45 104 41 40 39 129 128 127 65 11 145 89 147 90 148 92 94 87 88 27 26 155 154 112 113 46 6 5 49 73 136 135 76 71 70 69 16 15 14 97 30 32 2 34 120 158 122 124 119 53 52 55 54 8 138 19 18 80 1 23 22 107 38 37 36 3 61 9 63 10 64 12 146 86 85 24 25 4 48 47 7 13 29 96 31 33 51 20 62 
134 145 149 21 106 105 153 154 32 121 120 158 39 128 127 159 46 6 5 49 73 136 135 54 139 138 160 61 11 10 64 89 147 146 69 15 14 72 97 151 150 77 19 18 80 1 23 22 107 85 26 25 88 112 156 155 93 30 29 96 2 34 33 122 101 37 36 104 3 41 40 129 108 44 43 111 4 48 47 7 116 52 51 119 8 56 55 140 123 59 58 126 9 63 62 12 130 67 66 133 13 71 70 16 75 74 137 17 79 78 20 141 83 82 144 24 87 86 27 91 90 148 28 95 94 31 99 98 152 35 103 102 38 42 110 109 45 114 113 157 50 118 117 53 57 125 124 60 65 132 131 68 76 81 143 142 84 92 100 115 
135 146 150 22 107 153 105 155 33 122 158 120 40 129 159 127 47 7 49 5 136 73 134 55 140 160 138 62 12 64 10 147 89 145 70 16 72 14 151 97 149 78 20 80 18 23 1 21 106 86 27 88 25 156 112 154 94 31 96 29 34 2 32 121 102 38 104 36 41 3 39 128 109 45 111 43 48 4 46 6 117 53 119 51 56 8 54 139 124 60 126 58 63 9 61 11 131 68 133 66 71 13 69 15 76 137 74 79 17 77 19 142 84 144 82 87 24 85 26 92 148 90 95 28 93 30 100 152 98 103 35 101 37 110 42 108 44 115 157 113 118 50 116 52 125 57 123 59 132 65 130 67 75 143 81 141 83 91 99 114 
136 147 151 23 153 107 106 156 34 158 122 121 41 159 129 128 48 49 7 6 135 134 73 56 160 140 139 63 64 12 11 146 145 89 71 72 16 15 150 149 97 79 80 20 19 22 21 1 105 87 88 27 26 155 154 112 95 96 31 30 33 32 2 120 103 104 38 37 40 39 3 127 110 111 45 44 47 46 4 5 118 119 53 52 55 54 8 138 125 126 60 59 62 61 9 10 132 133 68 67 70 69 13 14 137 76 75 78 77 17 18 143 144 84 83 86 85 24 25 148 92 91 94 93 28 29 152 100 99 102 101 35 36 109 108 42 43 157 115 114 117 116 50 51 124 123 57 58 131 130 65 66 74 142 141 81 82 90 98 113 
137 148 152 153 110 109 108 157 158 125 124 123 159 132 131 130 49 136 135 134 76 75 74 160 143 142 141 64 147 146 145 92 91 90 72 151 150 149 100 99 98 80 23 22 21 107 106 105 42 88 156 155 154 115 114 113 96 34 33 32 122 121 120 57 104 41 40 39 129 128 127 65 111 48 47 46 7 6 5 73 119 56 55 54 140 139 138 81 126 63 62 61 12 11 10 89 133 71 70 69 16 15 14 97 79 78 77 20 19 18 1 144 87 86 85 27 26 25 112 95 94 93 31 30 29 2 103 102 101 38 37 36 3 45 44 43 4 118 117 116 53 52 51 8 60 59 58 9 68 67 66 13 17 84 83 82 24 28 35 50 
138 128 146 25 112 154 155 136 15 149 97 151 33 122 158 120 51 8 54 55 139 140 160 23 153 107 106 37 39 3 41 127 159 129 62 12 64 10 147 89 145 82 24 85 86 26 27 88 156 48 49 7 6 135 134 73 67 69 13 71 14 72 16 150 94 31 96 29 34 2 32 121 113 50 116 117 52 53 119 56 79 80 20 19 22 21 1 105 99 101 35 103 36 104 38 40 124 60 126 58 63 9 61 11 81 141 142 83 84 144 87 110 111 45 44 47 46 4 5 130 65 132 66 133 68 70 92 148 90 95 28 93 30 114 115 157 118 137 76 75 78 77 17 18 98 152 100 102 125 57 123 59 143 109 108 42 43 131 91 74 
139 127 147 26 154 112 156 135 14 97 149 150 34 158 122 121 52 54 8 56 138 160 140 22 107 153 105 36 3 39 40 128 129 159 63 64 12 11 146 145 89 83 85 24 87 25 88 27 155 47 7 49 5 136 73 134 66 13 69 70 15 16 72 151 95 96 31 30 33 32 2 120 114 116 50 118 51 119 53 55 78 20 80 18 23 1 21 106 98 35 101 102 37 38 104 41 125 126 60 59 62 61 9 10 141 81 143 82 144 84 86 109 45 111 43 48 4 46 6 65 130 131 67 68 133 71 148 92 91 94 93 28 29 113 157 115 117 76 137 74 79 17 77 19 99 100 152 103 124 123 57 58 142 110 42 108 44 132 90 75 
140 159 89 27 155 156 112 134 72 151 150 149 2 120 121 122 53 55 56 8 160 138 139 21 106 105 153 104 41 40 39 129 128 127 9 10 11 12 145 146 147 84 86 87 24 88 25 26 154 46 6 5 49 73 136 135 133 71 70 69 16 15 14 97 28 29 30 31 32 33 34 158 115 117 118 50 119 51 52 54 77 19 18 80 1 23 22 107 152 103 102 101 38 37 36 3 57 58 59 60 61 62 63 64 142 143 81 144 82 83 85 108 44 43 111 4 48 47 7 132 131 130 68 67 66 13 90 91 92 93 94 95 96 157 113 114 116 75 74 137 17 79 78 20 100 99 98 35 123 124 125 126 141 42 110 109 45 65 148 76 
141 65 148 154 114 113 157 76 97 98 99 100 158 125 124 123 54 139 138 160 81 143 142 107 109 110 42 3 127 128 129 130 131 132 64 147 146 145 92 91 90 85 26 25 88 112 156 155 115 7 135 136 73 137 74 75 13 14 15 16 149 150 151 152 96 34 33 32 122 121 120 57 116 52 51 119 8 56 55 140 20 22 23 1 153 105 106 108 35 36 37 38 39 40 41 159 126 63 62 61 12 11 10 89 83 82 144 24 87 86 27 45 47 48 4 49 5 6 134 66 67 68 69 70 71 72 95 94 93 31 30 29 2 50 118 117 53 78 79 17 80 18 19 21 101 102 103 104 60 59 58 9 84 111 43 44 46 133 28 77 
142 132 90 155 115 157 113 75 151 152 100 99 120 57 123 124 55 140 160 138 143 81 141 106 108 42 110 41 159 129 128 131 130 65 10 89 145 146 91 92 148 86 27 88 25 156 112 154 114 6 134 73 136 74 137 76 71 72 16 15 150 149 97 98 29 2 32 33 121 122 158 125 117 53 119 51 56 8 54 139 19 21 1 23 105 153 107 109 103 104 38 37 40 39 3 127 58 9 61 62 11 12 64 147 84 144 82 87 24 85 26 44 46 4 48 5 49 7 135 133 68 67 70 69 13 14 28 93 94 30 31 96 34 118 50 116 52 77 17 79 18 80 20 22 102 101 35 36 59 60 126 63 83 43 111 45 47 66 95 78 
143 131 91 156 157 115 114 74 150 100 152 98 121 123 57 125 56 160 140 139 142 141 81 105 42 108 109 40 129 159 127 132 65 130 11 145 89 147 90 148 92 87 88 27 26 155 154 112 113 5 73 134 135 75 76 137 70 16 72 14 151 97 149 99 30 32 2 34 120 158 122 124 118 119 53 52 55 54 8 138 18 1 21 22 106 107 153 110 102 38 104 36 41 3 39 128 59 61 9 63 10 64 12 146 144 84 83 86 85 24 25 43 4 46 47 6 7 49 136 68 133 66 71 13 69 15 93 28 95 29 96 31 33 117 116 50 51 17 77 78 19 20 80 23 103 35 101 37 58 126 60 62 82 44 45 111 48 67 94 79 
144 68 93 157 118 117 116 17 100 102 103 35 123 59 58 126 160 143 142 141 84 83 82 42 43 44 45 129 131 132 65 133 66 67 145 91 90 148 28 95 94 88 156 155 154 115 114 113 50 73 74 75 76 77 78 79 16 150 151 97 152 98 99 101 32 121 120 158 57 125 124 60 119 56 55 54 140 139 138 81 1 105 106 107 108 109 110 111 38 40 41 3 159 127 128 130 61 11 10 64 89 147 146 92 87 86 85 27 26 25 112 4 5 6 7 134 135 136 137 70 71 13 72 14 15 149 30 29 96 2 34 33 122 53 52 51 8 18 19 20 21 22 23 153 104 36 37 39 9 63 62 12 24 46 47 48 49 69 31 80 
145 105 154 32 121 120 158 127 5 73 134 135 54 139 138 160 61 11 10 64 89 147 146 14 97 149 150 18 1 21 22 106 107 153 85 26 25 88 112 156 155 93 30 29 96 2 34 33 122 36 3 39 40 128 129 159 43 4 46 47 6 7 49 136 116 52 51 119 8 56 55 140 123 59 58 126 9 63 62 12 66 13 69 70 15 16 72 151 74 17 77 78 19 20 80 23 141 83 82 144 24 87 86 27 91 90 148 28 95 94 31 98 35 101 102 37 38 104 41 42 108 109 44 45 111 48 114 113 157 50 118 117 53 57 125 124 60 65 130 131 67 68 133 71 75 76 137 79 81 143 142 84 92 99 100 152 103 110 115 132 
146 153 155 33 122 158 120 159 49 136 135 134 55 140 160 138 62 12 64 10 147 89 145 72 151 150 149 80 23 22 21 107 106 105 86 27 88 25 156 112 154 94 31 96 29 34 2 32 121 104 41 40 39 129 128 127 111 48 47 46 7 6 5 73 117 53 119 51 56 8 54 139 124 60 126 58 63 9 61 11 133 71 70 69 16 15 14 97 137 79 78 77 20 19 18 1 142 84 144 82 87 24 85 26 92 148 90 95 28 93 30 152 103 102 101 38 37 36 3 110 109 108 45 44 43 4 115 157 113 118 50 116 52 125 57 123 59 132 131 130 68 67 66 13 76 75 74 17 143 81 141 83 91 100 99 98 35 42 114 65 
147 107 156 34 158 122 121 129 7 135 136 73 56 160 140 139 63 64 12 11 146 145 89 16 150 151 97 20 22 23 1 153 105 106 87 88 27 26 155 154 112 95 96 31 30 33 32 2 120 38 40 41 3 159 127 128 45 47 48 4 49 5 6 134 118 119 53 52 55 54 8 138 125 126 60 59 62 61 9 10 68 70 71 13 72 14 15 149 76 78 79 17 80 18 19 21 143 144 84 83 86 85 24 25 148 92 91 94 93 28 29 100 102 103 35 104 36 37 39 109 110 42 111 43 44 46 157 115 114 117 116 50 51 124 123 57 58 131 132 65 133 66 67 69 137 74 75 77 142 141 81 82 90 152 98 99 101 108 113 130 
148 109 157 158 125 124 123 131 135 76 137 74 160 143 142 141 64 147 146 145 92 91 90 150 100 152 98 22 107 153 105 110 42 108 88 156 155 154 115 114 113 96 34 33 32 122 121 120 57 40 129 159 127 132 65 130 47 7 49 5 136 73 134 75 119 56 55 54 140 139 138 81 126 63 62 61 12 11 10 89 70 16 72 14 151 97 149 99 78 20 80 18 23 1 21 106 144 87 86 85 27 26 25 112 95 94 93 31 30 29 2 102 38 104 36 41 3 39 128 45 111 43 48 4 46 6 118 117 116 53 52 51 8 60 59 58 9 68 133 66 71 13 69 15 79 17 77 19 84 83 82 24 28 103 35 101 37 44 50 67 
149 139 153 39 128 127 159 147 26 154 112 156 49 136 135 134 69 15 14 72 97 151 150 34 158 122 121 52 54 8 56 138 160 140 80 23 22 21 107 106 105 101 37 36 104 3 41 40 129 63 64 12 11 146 145 89 83 85 24 87 25 88 27 155 111 48 47 46 7 6 5 73 130 67 66 133 13 71 70 16 95 96 31 30 33 32 2 120 114 116 50 118 51 119 53 55 137 79 78 77 20 19 18 1 99 98 152 35 103 102 38 125 126 60 59 62 61 9 10 141 81 143 82 144 84 86 110 109 108 45 44 43 4 65 132 131 68 148 92 91 94 93 28 29 113 157 115 117 76 75 74 17 100 124 123 57 58 142 42 90 
150 140 105 40 129 159 127 89 27 155 156 112 5 73 134 135 70 16 72 14 151 97 149 2 120 121 122 53 55 56 8 160 138 139 18 1 21 22 106 107 153 102 38 104 36 41 3 39 128 9 10 11 12 145 146 147 84 86 87 24 88 25 26 154 43 4 46 47 6 7 49 136 131 68 133 66 71 13 69 15 28 29 30 31 32 33 34 158 115 117 118 50 119 51 52 54 74 17 77 78 19 20 80 23 100 152 98 103 35 101 37 57 58 59 60 61 62 63 64 142 143 81 144 82 83 85 42 108 109 44 45 111 48 132 65 130 67 90 91 92 93 94 95 96 157 113 114 116 75 76 137 79 99 123 124 125 126 141 110 148 
151 160 106 41 159 129 128 145 88 156 155 154 6 134 73 136 71 72 16 15 150 149 97 32 121 120 158 119 56 55 54 140 139 138 19 21 1 23 105 153 107 103 104 38 37 40 39 3 127 61 11 10 64 89 147 146 144 87 86 85 27 26 25 112 44 46 4 48 5 49 7 135 132 133 68 67 70 69 13 14 93 30 29 96 2 34 33 122 157 118 117 116 53 52 51 8 75 77 17 79 18 80 20 22 152 100 99 102 101 35 36 123 59 58 126 9 63 62 12 143 142 141 84 83 82 24 108 42 110 43 111 45 47 131 130 65 66 91 90 148 28 95 94 31 115 114 113 50 74 137 76 78 98 57 125 124 60 81 109 92 
152 143 108 159 132 131 130 91 156 157 115 114 134 75 74 137 72 151 150 149 100 99 98 121 123 57 125 56 160 140 139 142 141 81 21 106 105 153 42 110 109 104 41 40 39 129 128 127 65 11 145 89 147 90 148 92 87 88 27 26 155 154 112 113 46 6 5 49 73 136 135 76 133 71 70 69 16 15 14 97 30 32 2 34 120 158 122 124 118 119 53 52 55 54 8 138 77 19 18 80 1 23 22 107 103 102 101 38 37 36 3 59 61 9 63 10 64 12 146 144 84 83 86 85 24 25 44 43 111 4 48 47 7 68 67 66 13 93 28 95 29 96 31 33 117 116 50 51 17 79 78 20 35 58 126 60 62 82 45 94 
153 158 159 49 136 135 134 160 64 147 146 145 72 151 150 149 80 23 22 21 107 106 105 88 156 155 154 96 34 33 32 122 121 120 104 41 40 39 129 128 127 111 48 47 46 7 6 5 73 119 56 55 54 140 139 138 126 63 62 61 12 11 10 89 133 71 70 69 16 15 14 97 137 79 78 77 20 19 18 1 144 87 86 85 27 26 25 112 148 95 94 93 31 30 29 2 152 103 102 101 38 37 36 3 110 109 108 45 44 43 4 157 118 117 116 53 52 51 8 125 124 123 60 59 58 9 132 131 130 68 67 66 13 76 75 74 17 143 142 141 84 83 82 24 92 91 90 28 100 99 98 35 42 115 114 113 50 57 65 81 
154 97 158 54 139 138 160 107 3 127 128 129 64 147 146 145 85 26 25 88 112 156 155 7 135 136 73 13 14 15 16 149 150 151 96 34 33 32 122 121 120 116 52 51 119 8 56 55 140 20 22 23 1 153 105 106 35 36 37 38 39 40 41 159 126 63 62 61 12 11 10 89 141 83 82 144 24 87 86 27 45 47 48 4 49 5 6 134 65 66 67 68 69 70 71 72 148 95 94 93 31 30 29 2 114 113 157 50 118 117 53 76 78 79 17 80 18 19 21 98 99 100 101 102 103 104 125 124 123 60 59 58 9 81 143 142 84 109 110 42 111 43 44 46 130 131 132 133 92 91 90 28 115 137 74 75 77 152 57 108 
155 151 120 55 140 160 138 106 41 159 129 128 10 89 145 146 86 27 88 25 156 112 154 6 134 73 136 71 72 16 15 150 149 97 29 2 32 33 121 122 158 117 53 119 51 56 8 54 139 19 21 1 23 105 153 107 103 104 38 37 40 39 3 127 58 9 61 62 11 12 64 147 142 84 144 82 87 24 85 26 44 46 4 48 5 49 7 135 132 133 68 67 70 69 13 14 90 28 93 94 30 31 96 34 115 157 113 118 50 116 52 75 77 17 79 18 80 20 22 152 100 99 102 101 35 36 57 123 124 59 60 126 63 143 81 141 83 108 42 110 43 111 45 47 131 130 65 66 91 92 148 95 114 74 137 76 78 98 125 109 
156 150 121 56 160 140 139 105 40 129 159 127 11 145 89 147 87 88 27 26 155 154 112 5 73 134 135 70 16 72 14 151 97 149 30 32 2 34 120 158 122 118 119 53 52 55 54 8 138 18 1 21 22 106 107 153 102 38 104 36 41 3 39 128 59 61 9 63 10 64 12 146 143 144 84 83 86 85 24 25 43 4 46 47 6 7 49 136 131 68 133 66 71 13 69 15 91 93 28 95 29 96 31 33 157 115 114 117 116 50 51 74 17 77 78 19 20 80 23 100 152 98 103 35 101 37 123 57 125 58 126 60 62 142 141 81 82 42 108 109 44 45 111 48 132 65 130 67 90 148 92 94 113 75 76 137 79 99 124 110 
157 100 123 160 143 142 141 42 129 131 132 65 145 91 90 148 88 156 155 154 115 114 113 73 74 75 76 16 150 151 97 152 98 99 32 121 120 158 57 125 124 119 56 55 54 140 139 138 81 1 105 106 107 108 109 110 38 40 41 3 159 127 128 130 61 11 10 64 89 147 146 92 144 87 86 85 27 26 25 112 4 5 6 7 134 135 136 137 68 70 71 13 72 14 15 149 93 30 29 96 2 34 33 122 118 117 116 53 52 51 8 17 18 19 20 21 22 23 153 102 103 35 104 36 37 39 59 58 126 9 63 62 12 84 83 82 24 43 44 45 46 47 48 49 133 66 67 69 28 95 94 31 50 77 78 79 80 101 60 111 
158 135 160 64 147 146 145 150 22 107 153 105 88 156 155 154 96 34 33 32 122 121 120 40 129 159 127 47 7 49 5 136 73 134 119 56 55 54 140 139 138 126 63 62 61 12 11 10 89 70 16 72 14 151 97 149 78 20 80 18 23 1 21 106 144 87 86 85 27 26 25 112 148 95 94 93 31 30 29 2 102 38 104 36 41 3 39 128 109 45 111 43 48 4 46 6 157 118 117 116 53 52 51 8 125 124 123 60 59 58 9 131 68 133 66 71 13 69 15 76 137 74 79 17 77 19 143 142 141 84 83 82 24 92 91 90 28 100 152 98 103 35 101 37 110 42 108 44 115 114 113 50 57 132 65 130 67 75 81 99 
159 156 134 72 151 150 149 121 56 160 140 139 21 106 105 153 104 41 40 39 129 128 127 11 145 89 147 87 88 27 26 155 154 112 46 6 5 49 73 136 135 133 71 70 69 16 15 14 97 30 32 2 34 120 158 122 118 119 53 52 55 54 8 138 77 19 18 80 1 23 22 107 152 103 102 101 38 37 36 3 59 61 9 63 10 64 12 146 143 144 84 83 86 85 24 25 108 44 43 111 4 48 47 7 132 131 130 68 67 66 13 91 93 28 95 29 96 31 33 157 115 114 117 116 50 51 75 74 137 17 79 78 20 100 99 98 35 123 57 125 58 126 60 62 142 141 81 82 42 110 109 45 65 90 148 92 94 113 76 124 
160 129 145 88 156 155 154 73 16 150 151 97 32 121 120 158 119 56 55 54 140 139 138 1 105 106 107 38 40 41 3 159 127 128 61 11 10 64 89 147 146 144 87 86 85 27 26 25 112 4 5 6 7 134 135 136 68 70 71 13 72 14 15 149 93 30 29 96 2 34 33 122 157 118 117 116 53 52 51 8 17 18 19 20 21 22 23 153 100 102 103 35 104 36 37 39 123 59 58 126 9 63 62 12 143 142 141 84 83 82 24 42 43 44 45 46 47 48 49 131 132 65 133 66 67 69 91 90 148 28 95 94 31 115 114 113 50 74 75 76 77 78 79 80 152 98 99 101 57 125 124 60 81 108 109 110 111 130 92 137 
